{
  "_meta": {
    "generated": "2026-06-02T11:17:42",
    "portfolio_generated": "2026-06-02T11:13:43.714793",
    "n_assets": 44,
    "n_with_returns": 34,
    "covariance_method": "hybrid_shrunk",
    "condition_number": 328.8,
    "pca_factors": 6
  },
  "profiles": {
    "Agressif": {
      "n_assets": 16,
      "weighted_avg_correlation": 0.2443,
      "most_correlated": [
        {
          "t1": "PICK",
          "t2": "COPX",
          "corr": 0.7776,
          "w1": 7.8,
          "w2": 6.6,
          "combined_weight": 14.4
        },
        {
          "t1": "000660",
          "t2": "2059",
          "corr": 0.6631,
          "w1": 5.8,
          "w2": 6.8,
          "combined_weight": 12.5
        },
        {
          "t1": "ICLN",
          "t2": "FSLR",
          "corr": 0.6338,
          "w1": 5.2,
          "w2": 5.2,
          "combined_weight": 10.4
        },
        {
          "t1": "COPX",
          "t2": "FLKR",
          "corr": 0.6227,
          "w1": 6.6,
          "w2": 7.4,
          "combined_weight": 14.1
        },
        {
          "t1": "PICK",
          "t2": "FLKR",
          "corr": 0.6207,
          "w1": 7.8,
          "w2": 7.4,
          "combined_weight": 15.2
        },
        {
          "t1": "XLK",
          "t2": "FLKR",
          "corr": 0.6005,
          "w1": 4.6,
          "w2": 7.4,
          "combined_weight": 12.1
        },
        {
          "t1": "FIX",
          "t2": "XLK",
          "corr": 0.5997,
          "w1": 8.9,
          "w2": 4.6,
          "combined_weight": 13.5
        },
        {
          "t1": "COPX",
          "t2": "XLK",
          "corr": 0.5671,
          "w1": 6.6,
          "w2": 4.6,
          "combined_weight": 11.3
        },
        {
          "t1": "PICK",
          "t2": "XLK",
          "corr": 0.5567,
          "w1": 7.8,
          "w2": 4.6,
          "combined_weight": 12.4
        },
        {
          "t1": "FIX",
          "t2": "NVDA",
          "corr": 0.548,
          "w1": 8.9,
          "w2": 5.6,
          "combined_weight": 14.4
        }
      ],
      "least_correlated": [
        {
          "t1": "FSLR",
          "t2": "FLRN",
          "corr": 0.031,
          "w1": 5.2,
          "w2": 6.2,
          "combined_weight": 11.4
        },
        {
          "t1": "FLTR",
          "t2": "FLRN",
          "corr": 0.0188,
          "w1": 6.2,
          "w2": 6.2,
          "combined_weight": 12.4
        },
        {
          "t1": "NVDA",
          "t2": "LLY",
          "corr": -0.0035,
          "w1": 5.6,
          "w2": 6.6,
          "combined_weight": 12.2
        },
        {
          "t1": "PLTR",
          "t2": "LLY",
          "corr": -0.02,
          "w1": 6.6,
          "w2": 6.6,
          "combined_weight": 13.3
        },
        {
          "t1": "FIX",
          "t2": "LLY",
          "corr": -0.0245,
          "w1": 8.9,
          "w2": 6.6,
          "combined_weight": 15.5
        }
      ],
      "high_corr_high_weight": [
        {
          "t1": "PICK",
          "t2": "COPX",
          "corr": 0.7776,
          "w1": 7.8,
          "w2": 6.6,
          "combined_weight": 14.4
        }
      ]
    },
    "Mod\u00e9r\u00e9": {
      "n_assets": 15,
      "weighted_avg_correlation": 0.1209,
      "most_correlated": [
        {
          "t1": "EEMV",
          "t2": "FNDF",
          "corr": 0.6445,
          "w1": 9.0,
          "w2": 8.8,
          "combined_weight": 17.8
        },
        {
          "t1": "EEMV",
          "t2": "GPIQ",
          "corr": 0.5743,
          "w1": 9.0,
          "w2": 6.1,
          "combined_weight": 15.1
        },
        {
          "t1": "GPIQ",
          "t2": "FNDF",
          "corr": 0.538,
          "w1": 6.1,
          "w2": 8.8,
          "combined_weight": 14.9
        },
        {
          "t1": "BMED",
          "t2": "XLV",
          "corr": 0.5169,
          "w1": 5.4,
          "w2": 3.1,
          "combined_weight": 8.4
        },
        {
          "t1": "BMED",
          "t2": "FNDF",
          "corr": 0.5161,
          "w1": 5.4,
          "w2": 8.8,
          "combined_weight": 14.1
        },
        {
          "t1": "EEMV",
          "t2": "BMED",
          "corr": 0.501,
          "w1": 9.0,
          "w2": 5.4,
          "combined_weight": 14.4
        },
        {
          "t1": "FNDF",
          "t2": "XLV",
          "corr": 0.4394,
          "w1": 8.8,
          "w2": 3.1,
          "combined_weight": 11.8
        },
        {
          "t1": "EEMV",
          "t2": "XLV",
          "corr": 0.4163,
          "w1": 9.0,
          "w2": 3.1,
          "combined_weight": 12.1
        },
        {
          "t1": "GPIQ",
          "t2": "BMED",
          "corr": 0.4106,
          "w1": 6.1,
          "w2": 5.4,
          "combined_weight": 11.5
        },
        {
          "t1": "SCHD",
          "t2": "BMED",
          "corr": 0.38,
          "w1": 9.0,
          "w2": 5.4,
          "combined_weight": 14.4
        }
      ],
      "least_correlated": [
        {
          "t1": "CF",
          "t2": "BMED",
          "corr": -0.1766,
          "w1": 9.0,
          "w2": 5.4,
          "combined_weight": 14.4
        },
        {
          "t1": "CF",
          "t2": "XLV",
          "corr": -0.2198,
          "w1": 9.0,
          "w2": 3.1,
          "combined_weight": 12.1
        },
        {
          "t1": "CF",
          "t2": "GPIQ",
          "corr": -0.245,
          "w1": 9.0,
          "w2": 6.1,
          "combined_weight": 15.1
        },
        {
          "t1": "CF",
          "t2": "FNDF",
          "corr": -0.2723,
          "w1": 9.0,
          "w2": 8.8,
          "combined_weight": 17.8
        },
        {
          "t1": "EEMV",
          "t2": "CF",
          "corr": -0.3559,
          "w1": 9.0,
          "w2": 9.0,
          "combined_weight": 18.0
        }
      ],
      "high_corr_high_weight": []
    },
    "Stable": {
      "n_assets": 17,
      "weighted_avg_correlation": 0.0992,
      "most_correlated": [
        {
          "t1": "CS",
          "t2": "GLD",
          "corr": 0.4577,
          "w1": 3.7,
          "w2": 4.0,
          "combined_weight": 7.8
        },
        {
          "t1": "ACWV",
          "t2": "XLV",
          "corr": 0.4411,
          "w1": 4.1,
          "w2": 3.0,
          "combined_weight": 7.1
        },
        {
          "t1": "SPYV",
          "t2": "XLV",
          "corr": 0.405,
          "w1": 4.7,
          "w2": 3.0,
          "combined_weight": 7.7
        },
        {
          "t1": "PG",
          "t2": "XLV",
          "corr": 0.3978,
          "w1": 4.5,
          "w2": 3.0,
          "combined_weight": 7.5
        },
        {
          "t1": "ACWV",
          "t2": "SPYV",
          "corr": 0.3902,
          "w1": 4.1,
          "w2": 4.7,
          "combined_weight": 8.8
        },
        {
          "t1": "SPLV",
          "t2": "XLV",
          "corr": 0.3537,
          "w1": 4.1,
          "w2": 3.0,
          "combined_weight": 7.1
        },
        {
          "t1": "SPYV",
          "t2": "CS",
          "corr": 0.3469,
          "w1": 4.7,
          "w2": 3.7,
          "combined_weight": 8.4
        },
        {
          "t1": "PG",
          "t2": "SPLV",
          "corr": 0.3243,
          "w1": 4.5,
          "w2": 4.1,
          "combined_weight": 8.6
        },
        {
          "t1": "PG",
          "t2": "ACWV",
          "corr": 0.3194,
          "w1": 4.5,
          "w2": 4.1,
          "combined_weight": 8.6
        },
        {
          "t1": "ACWV",
          "t2": "CS",
          "corr": 0.3182,
          "w1": 4.1,
          "w2": 3.7,
          "combined_weight": 7.8
        }
      ],
      "least_correlated": [
        {
          "t1": "VGSH",
          "t2": "BSV",
          "corr": 0.0188,
          "w1": 9.8,
          "w2": 7.8,
          "combined_weight": 17.6
        },
        {
          "t1": "VGSH",
          "t2": "STIP",
          "corr": 0.0188,
          "w1": 9.8,
          "w2": 13.0,
          "combined_weight": 22.8
        },
        {
          "t1": "BSV",
          "t2": "STIP",
          "corr": 0.0188,
          "w1": 7.8,
          "w2": 13.0,
          "combined_weight": 20.8
        },
        {
          "t1": "NOVN",
          "t2": "CS",
          "corr": 0.0113,
          "w1": 5.6,
          "w2": 3.7,
          "combined_weight": 9.3
        },
        {
          "t1": "NOVN",
          "t2": "GLD",
          "corr": 0.0027,
          "w1": 5.6,
          "w2": 4.0,
          "combined_weight": 9.6
        }
      ],
      "high_corr_high_weight": []
    }
  },
  "all_pairs_top_30": [
    {
      "t1": "COPX",
      "t2": "PICK",
      "corr_hybrid": 0.7776,
      "corr_structured": 0.2,
      "cat1": "ETF",
      "cat2": "ETF",
      "exp1": "copper",
      "exp2": "metals_mining",
      "fam1": "commodities",
      "fam2": null
    },
    {
      "t1": "COPX",
      "t2": "CS",
      "corr_hybrid": 0.7302,
      "corr_structured": null,
      "cat1": "ETF",
      "cat2": "Act",
      "exp1": "copper",
      "exp2": null,
      "fam1": "commodities",
      "fam2": null
    },
    {
      "t1": "CS",
      "t2": "PICK",
      "corr_hybrid": 0.7002,
      "corr_structured": null,
      "cat1": "Act",
      "cat2": "ETF",
      "exp1": null,
      "exp2": "metals_mining",
      "fam1": null,
      "fam2": null
    },
    {
      "t1": "FNDF",
      "t2": "PICK",
      "corr_hybrid": 0.6743,
      "corr_structured": 0.2,
      "cat1": "ETF",
      "cat2": "ETF",
      "exp1": "international",
      "exp2": "metals_mining",
      "fam1": "intl_equity",
      "fam2": null
    },
    {
      "t1": "000660",
      "t2": "2059",
      "corr_hybrid": 0.6631,
      "corr_structured": null,
      "cat1": "Act",
      "cat2": "Act",
      "exp1": null,
      "exp2": null,
      "fam1": null,
      "fam2": null
    },
    {
      "t1": "COPX",
      "t2": "FNDF",
      "corr_hybrid": 0.6606,
      "corr_structured": 0.2,
      "cat1": "ETF",
      "cat2": "ETF",
      "exp1": "copper",
      "exp2": "international",
      "fam1": "commodities",
      "fam2": "intl_equity"
    },
    {
      "t1": "EEMV",
      "t2": "PICK",
      "corr_hybrid": 0.6546,
      "corr_structured": 0.2,
      "cat1": "ETF",
      "cat2": "ETF",
      "exp1": "emerging_markets",
      "exp2": "metals_mining",
      "fam1": "em_equity",
      "fam2": null
    },
    {
      "t1": "EEMV",
      "t2": "FNDF",
      "corr_hybrid": 0.6445,
      "corr_structured": 0.62,
      "cat1": "ETF",
      "cat2": "ETF",
      "exp1": "emerging_markets",
      "exp2": "international",
      "fam1": "em_equity",
      "fam2": "intl_equity"
    },
    {
      "t1": "COPX",
      "t2": "EEMV",
      "corr_hybrid": 0.6411,
      "corr_structured": 0.2,
      "cat1": "ETF",
      "cat2": "ETF",
      "exp1": "copper",
      "exp2": "emerging_markets",
      "fam1": "commodities",
      "fam2": "em_equity"
    },
    {
      "t1": "FSLR",
      "t2": "ICLN",
      "corr_hybrid": 0.6338,
      "corr_structured": null,
      "cat1": "Act",
      "cat2": "ETF",
      "exp1": null,
      "exp2": "clean_energy",
      "fam1": null,
      "fam2": null
    },
    {
      "t1": "GPIQ",
      "t2": "XLK",
      "corr_hybrid": 0.6331,
      "corr_structured": 0.9,
      "cat1": "ETF",
      "cat2": "ETF",
      "exp1": "nasdaq100",
      "exp2": "tech",
      "fam1": "sector_tech",
      "fam2": "sector_tech"
    },
    {
      "t1": "EEMV",
      "t2": "FLKR",
      "corr_hybrid": 0.6238,
      "corr_structured": 0.9,
      "cat1": "ETF",
      "cat2": "ETF",
      "exp1": "emerging_markets",
      "exp2": "south_korea",
      "fam1": "em_equity",
      "fam2": "em_equity"
    },
    {
      "t1": "COPX",
      "t2": "FLKR",
      "corr_hybrid": 0.6227,
      "corr_structured": 0.2,
      "cat1": "ETF",
      "cat2": "ETF",
      "exp1": "copper",
      "exp2": "south_korea",
      "fam1": "commodities",
      "fam2": "em_equity"
    },
    {
      "t1": "FLKR",
      "t2": "PICK",
      "corr_hybrid": 0.6207,
      "corr_structured": 0.2,
      "cat1": "ETF",
      "cat2": "ETF",
      "exp1": "south_korea",
      "exp2": "metals_mining",
      "fam1": "em_equity",
      "fam2": null
    },
    {
      "t1": "FLKR",
      "t2": "XLK",
      "corr_hybrid": 0.6005,
      "corr_structured": 0.2,
      "cat1": "ETF",
      "cat2": "ETF",
      "exp1": "south_korea",
      "exp2": "tech",
      "fam1": "em_equity",
      "fam2": "sector_tech"
    },
    {
      "t1": "FIX",
      "t2": "XLK",
      "corr_hybrid": 0.5997,
      "corr_structured": null,
      "cat1": "Act",
      "cat2": "ETF",
      "exp1": null,
      "exp2": "tech",
      "fam1": null,
      "fam2": "sector_tech"
    },
    {
      "t1": "FLKR",
      "t2": "FNDF",
      "corr_hybrid": 0.5858,
      "corr_structured": 0.62,
      "cat1": "ETF",
      "cat2": "ETF",
      "exp1": "south_korea",
      "exp2": "international",
      "fam1": "em_equity",
      "fam2": "intl_equity"
    },
    {
      "t1": "FLKR",
      "t2": "GPIQ",
      "corr_hybrid": 0.5769,
      "corr_structured": 0.2,
      "cat1": "ETF",
      "cat2": "ETF",
      "exp1": "south_korea",
      "exp2": "nasdaq100",
      "fam1": "em_equity",
      "fam2": "sector_tech"
    },
    {
      "t1": "EEMV",
      "t2": "GPIQ",
      "corr_hybrid": 0.5743,
      "corr_structured": 0.2,
      "cat1": "ETF",
      "cat2": "ETF",
      "exp1": "emerging_markets",
      "exp2": "nasdaq100",
      "fam1": "em_equity",
      "fam2": "sector_tech"
    },
    {
      "t1": "EEMV",
      "t2": "XLK",
      "corr_hybrid": 0.5698,
      "corr_structured": 0.2,
      "cat1": "ETF",
      "cat2": "ETF",
      "exp1": "emerging_markets",
      "exp2": "tech",
      "fam1": "em_equity",
      "fam2": "sector_tech"
    },
    {
      "t1": "COPX",
      "t2": "XLK",
      "corr_hybrid": 0.5671,
      "corr_structured": 0.2,
      "cat1": "ETF",
      "cat2": "ETF",
      "exp1": "copper",
      "exp2": "tech",
      "fam1": "commodities",
      "fam2": "sector_tech"
    },
    {
      "t1": "CS",
      "t2": "FNDF",
      "corr_hybrid": 0.5639,
      "corr_structured": null,
      "cat1": "Act",
      "cat2": "ETF",
      "exp1": null,
      "exp2": "international",
      "fam1": null,
      "fam2": "intl_equity"
    },
    {
      "t1": "PICK",
      "t2": "XLK",
      "corr_hybrid": 0.5567,
      "corr_structured": 0.2,
      "cat1": "ETF",
      "cat2": "ETF",
      "exp1": "metals_mining",
      "exp2": "tech",
      "fam1": null,
      "fam2": "sector_tech"
    },
    {
      "t1": "GPIQ",
      "t2": "PICK",
      "corr_hybrid": 0.5518,
      "corr_structured": 0.2,
      "cat1": "ETF",
      "cat2": "ETF",
      "exp1": "nasdaq100",
      "exp2": "metals_mining",
      "fam1": "sector_tech",
      "fam2": null
    },
    {
      "t1": "COPX",
      "t2": "GPIQ",
      "corr_hybrid": 0.5511,
      "corr_structured": 0.2,
      "cat1": "ETF",
      "cat2": "ETF",
      "exp1": "copper",
      "exp2": "nasdaq100",
      "fam1": "commodities",
      "fam2": "sector_tech"
    },
    {
      "t1": "FIX",
      "t2": "NVDA",
      "corr_hybrid": 0.548,
      "corr_structured": null,
      "cat1": "Act",
      "cat2": "Act",
      "exp1": null,
      "exp2": null,
      "fam1": null,
      "fam2": null
    },
    {
      "t1": "NVDA",
      "t2": "XLK",
      "corr_hybrid": 0.5463,
      "corr_structured": null,
      "cat1": "Act",
      "cat2": "ETF",
      "exp1": null,
      "exp2": "tech",
      "fam1": null,
      "fam2": "sector_tech"
    },
    {
      "t1": "PLTR",
      "t2": "XLK",
      "corr_hybrid": 0.5445,
      "corr_structured": null,
      "cat1": "Act",
      "cat2": "ETF",
      "exp1": null,
      "exp2": "tech",
      "fam1": null,
      "fam2": "sector_tech"
    },
    {
      "t1": "FNDF",
      "t2": "GPIQ",
      "corr_hybrid": 0.538,
      "corr_structured": 0.2,
      "cat1": "ETF",
      "cat2": "ETF",
      "exp1": "international",
      "exp2": "nasdaq100",
      "fam1": "intl_equity",
      "fam2": "sector_tech"
    },
    {
      "t1": "FIX",
      "t2": "ICLN",
      "corr_hybrid": 0.5372,
      "corr_structured": null,
      "cat1": "Act",
      "cat2": "ETF",
      "exp1": null,
      "exp2": "clean_energy",
      "fam1": null,
      "fam2": null
    }
  ],
  "all_pairs_bottom_10": [
    {
      "t1": "LLY",
      "t2": "NVDA",
      "corr_hybrid": -0.0035,
      "corr_structured": null,
      "cat1": "Act",
      "cat2": "Act",
      "exp1": null,
      "exp2": null,
      "fam1": null,
      "fam2": null
    },
    {
      "t1": "LUPIN",
      "t2": "PLTR",
      "corr_hybrid": 0.0035,
      "corr_structured": null,
      "cat1": "Act",
      "cat2": "Act",
      "exp1": null,
      "exp2": null,
      "fam1": null,
      "fam2": null
    },
    {
      "t1": "GLD",
      "t2": "NOVN",
      "corr_hybrid": 0.0027,
      "corr_structured": null,
      "cat1": "ETF",
      "cat2": "Act",
      "exp1": "gold_physical",
      "exp2": null,
      "fam1": "gold",
      "fam2": null
    },
    {
      "t1": "NOVN",
      "t2": "NVDA",
      "corr_hybrid": 0.0016,
      "corr_structured": null,
      "cat1": "Act",
      "cat2": "Act",
      "exp1": null,
      "exp2": null,
      "fam1": null,
      "fam2": null
    },
    {
      "t1": "LUPIN",
      "t2": "XLK",
      "corr_hybrid": -0.0014,
      "corr_structured": null,
      "cat1": "Act",
      "cat2": "ETF",
      "exp1": null,
      "exp2": "tech",
      "fam1": null,
      "fam2": "sector_tech"
    },
    {
      "t1": "GPIQ",
      "t2": "NOVN",
      "corr_hybrid": 0.0011,
      "corr_structured": null,
      "cat1": "ETF",
      "cat2": "Act",
      "exp1": "nasdaq100",
      "exp2": null,
      "fam1": "sector_tech",
      "fam2": null
    },
    {
      "t1": "FSLR",
      "t2": "LUPIN",
      "corr_hybrid": -0.001,
      "corr_structured": null,
      "cat1": "Act",
      "cat2": "Act",
      "exp1": null,
      "exp2": null,
      "fam1": null,
      "fam2": null
    },
    {
      "t1": "EXPD",
      "t2": "PLTR",
      "corr_hybrid": -0.0006,
      "corr_structured": null,
      "cat1": "Act",
      "cat2": "Act",
      "exp1": null,
      "exp2": null,
      "fam1": null,
      "fam2": null
    },
    {
      "t1": "FNDF",
      "t2": "GALP",
      "corr_hybrid": 0.0006,
      "corr_structured": null,
      "cat1": "ETF",
      "cat2": "Act",
      "exp1": "international",
      "exp2": null,
      "fam1": "intl_equity",
      "fam2": null
    },
    {
      "t1": "LUPIN",
      "t2": "PICK",
      "corr_hybrid": 0.0,
      "corr_structured": null,
      "cat1": "Act",
      "cat2": "ETF",
      "exp1": null,
      "exp2": "metals_mining",
      "fam1": null,
      "fam2": null
    }
  ],
  "correlation_matrix": {
    "tickers": [
      "000660",
      "2059",
      "ACWV",
      "BMED",
      "BSV",
      "CF",
      "CLTL",
      "COPX",
      "CS",
      "EEMV",
      "EXPD",
      "FIX",
      "FLKR",
      "FLRN",
      "FLTR",
      "FNDF",
      "FSLR",
      "GALP",
      "GD",
      "GLD",
      "GPIQ",
      "ICLN",
      "ITX",
      "KO",
      "LLY",
      "LUPIN",
      "NOVN",
      "NVDA",
      "PAAA",
      "PG",
      "PICK",
      "PLTR",
      "SCHD",
      "SCHP",
      "SHEL",
      "SPLV",
      "SPYV",
      "STIP",
      "TDTT",
      "VGSH",
      "VICI",
      "XBI",
      "XLK",
      "XLV"
    ],
    "matrix": [
      [
        1.0,
        0.6631,
        0.3557,
        0.4465,
        0.0954,
        0.2951,
        0.0954,
        0.131,
        0.1468,
        0.2135,
        0.3533,
        0.2142,
        0.0787,
        0.0954,
        0.0954,
        0.2688,
        0.1589,
        0.2943,
        0.4257,
        0.1097,
        0.2216,
        0.2258,
        0.3438,
        0.2948,
        0.3571,
        0.2978,
        0.2322,
        0.1596,
        0.0954,
        0.2794,
        0.1768,
        0.1954,
        0.3686,
        0.454,
        0.3837,
        0.319,
        0.3573,
        0.0954,
        0.0954,
        0.0954,
        0.3941,
        0.2314,
        0.1751,
        0.3597
      ],
      [
        0.6631,
        1.0,
        0.3557,
        0.4465,
        0.0954,
        0.2951,
        0.0954,
        0.131,
        0.1468,
        0.2135,
        0.3533,
        0.2142,
        0.0787,
        0.0954,
        0.0954,
        0.2688,
        0.1589,
        0.2943,
        0.4257,
        0.1097,
        0.2216,
        0.2258,
        0.3438,
        0.2948,
        0.3571,
        0.2978,
        0.2322,
        0.1596,
        0.0954,
        0.2794,
        0.1768,
        0.1954,
        0.3686,
        0.454,
        0.3837,
        0.319,
        0.3573,
        0.0954,
        0.0954,
        0.0954,
        0.3941,
        0.2314,
        0.1751,
        0.3597
      ],
      [
        0.3557,
        0.3557,
        1.0,
        0.4682,
        0.0823,
        -0.1258,
        0.0823,
        0.3582,
        0.3182,
        0.4095,
        0.1844,
        0.1304,
        0.3026,
        0.0823,
        0.0823,
        0.4406,
        0.1321,
        0.1025,
        0.2457,
        0.23,
        0.3007,
        0.2769,
        0.1998,
        0.2323,
        0.3739,
        0.1609,
        0.0815,
        0.142,
        0.0823,
        0.3194,
        0.3946,
        0.0901,
        0.3364,
        0.2644,
        0.1563,
        0.3054,
        0.3902,
        0.0823,
        0.0823,
        0.0823,
        0.2826,
        0.3801,
        0.2501,
        0.4411
      ],
      [
        0.4465,
        0.4465,
        0.4682,
        1.0,
        0.1009,
        -0.1766,
        0.1009,
        0.3945,
        0.2852,
        0.501,
        0.2157,
        0.2298,
        0.3848,
        0.1009,
        0.1009,
        0.5161,
        0.1987,
        0.1419,
        0.3103,
        0.2426,
        0.4106,
        0.3665,
        0.2223,
        0.2483,
        0.452,
        0.2009,
        0.1002,
        0.2307,
        0.1009,
        0.345,
        0.4418,
        0.1994,
        0.38,
        0.327,
        0.1682,
        0.332,
        0.4762,
        0.1009,
        0.1009,
        0.1009,
        0.3217,
        0.4729,
        0.3593,
        0.5169
      ],
      [
        0.0954,
        0.0954,
        0.0823,
        0.1009,
        1.0,
        -0.005,
        0.0188,
        0.0614,
        0.0472,
        0.0775,
        0.0468,
        0.0344,
        0.054,
        0.0188,
        0.0188,
        0.0832,
        0.031,
        0.0352,
        0.0654,
        0.0409,
        0.0665,
        0.0579,
        0.0468,
        0.0479,
        0.0795,
        0.0426,
        0.026,
        0.0386,
        0.0188,
        0.06,
        0.0697,
        0.0438,
        0.0711,
        0.0681,
        0.0457,
        0.0617,
        0.0826,
        0.0188,
        0.0188,
        0.0188,
        0.0646,
        0.0767,
        0.0569,
        0.0885
      ],
      [
        0.2951,
        0.2951,
        -0.1258,
        -0.1766,
        -0.005,
        1.0,
        -0.005,
        -0.1874,
        0.0312,
        -0.3559,
        0.2011,
        -0.1168,
        -0.3933,
        -0.005,
        -0.005,
        -0.2723,
        0.0045,
        0.1862,
        0.1883,
        -0.0382,
        -0.245,
        -0.1434,
        0.1067,
        0.0456,
        -0.1718,
        0.0966,
        0.1856,
        -0.1128,
        -0.005,
        -0.1076,
        -0.2155,
        0.0657,
        0.0344,
        0.1608,
        0.3973,
        0.004,
        -0.1363,
        -0.005,
        -0.005,
        -0.005,
        0.1119,
        -0.3136,
        -0.2355,
        -0.2198
      ],
      [
        0.0954,
        0.0954,
        0.0823,
        0.1009,
        0.0188,
        -0.005,
        1.0,
        0.0614,
        0.0472,
        0.0775,
        0.0468,
        0.0344,
        0.054,
        0.0188,
        0.0188,
        0.0832,
        0.031,
        0.0352,
        0.0654,
        0.0409,
        0.0665,
        0.0579,
        0.0468,
        0.0479,
        0.0795,
        0.0426,
        0.026,
        0.0386,
        0.0188,
        0.06,
        0.0697,
        0.0438,
        0.0711,
        0.0681,
        0.0457,
        0.0617,
        0.0826,
        0.0188,
        0.0188,
        0.0188,
        0.0646,
        0.0767,
        0.0569,
        0.0885
      ],
      [
        0.131,
        0.131,
        0.3582,
        0.3945,
        0.0614,
        -0.1874,
        0.0614,
        1.0,
        0.7302,
        0.6411,
        0.0837,
        0.3748,
        0.6227,
        0.0614,
        0.0614,
        0.6606,
        0.2579,
        -0.0841,
        0.1757,
        0.4818,
        0.5511,
        0.5257,
        -0.0248,
        0.0163,
        0.1248,
        -0.0336,
        -0.0278,
        0.3812,
        0.0614,
        0.1137,
        0.7776,
        0.3102,
        0.2672,
        0.0803,
        0.1349,
        0.1562,
        0.4406,
        0.0614,
        0.0614,
        0.0614,
        0.0957,
        0.4736,
        0.5671,
        0.3043
      ],
      [
        0.1468,
        0.1468,
        0.3182,
        0.2852,
        0.0472,
        0.0312,
        0.0472,
        0.7302,
        1.0,
        0.4777,
        0.1477,
        0.2483,
        0.4346,
        0.0472,
        0.0472,
        0.5639,
        0.0995,
        -0.0786,
        0.1547,
        0.4577,
        0.3318,
        0.3579,
        0.0966,
        0.114,
        0.0582,
        -0.0134,
        0.0113,
        0.2069,
        0.0472,
        0.1807,
        0.7002,
        0.0076,
        0.2903,
        0.0954,
        0.2294,
        0.2189,
        0.3469,
        0.0472,
        0.0472,
        0.0472,
        0.1492,
        0.3029,
        0.3292,
        0.2466
      ],
      [
        0.2135,
        0.2135,
        0.4095,
        0.501,
        0.0775,
        -0.3559,
        0.0775,
        0.6411,
        0.4777,
        1.0,
        0.1022,
        0.44,
        0.6238,
        0.0775,
        0.0775,
        0.6445,
        0.2854,
        -0.0193,
        0.1975,
        0.3547,
        0.5743,
        0.5309,
        0.0511,
        0.0854,
        0.2848,
        0.0476,
        -0.0105,
        0.388,
        0.0775,
        0.2047,
        0.6546,
        0.2713,
        0.2847,
        0.154,
        0.0466,
        0.1992,
        0.4844,
        0.0775,
        0.0775,
        0.0775,
        0.1489,
        0.5324,
        0.5698,
        0.4163
      ],
      [
        0.3533,
        0.3533,
        0.1844,
        0.2157,
        0.0468,
        0.2011,
        0.0468,
        0.0837,
        0.1477,
        0.1022,
        1.0,
        0.1391,
        0.0293,
        0.0468,
        0.0468,
        0.1443,
        0.1167,
        0.1475,
        0.2194,
        0.0659,
        0.083,
        0.1345,
        0.2013,
        0.1816,
        0.1707,
        0.1553,
        0.1299,
        0.0535,
        0.0468,
        0.1695,
        0.1062,
        -0.0006,
        0.2086,
        0.2402,
        0.2206,
        0.1861,
        0.1822,
        0.0468,
        0.0468,
        0.0468,
        0.2191,
        0.0869,
        0.0566,
        0.1809
      ],
      [
        0.2142,
        0.2142,
        0.1304,
        0.2298,
        0.0344,
        -0.1168,
        0.0344,
        0.3748,
        0.2483,
        0.44,
        0.1391,
        1.0,
        0.5087,
        0.0344,
        0.0344,
        0.393,
        0.3223,
        0.0064,
        0.1686,
        0.1156,
        0.5329,
        0.5372,
        0.0755,
        -0.0443,
        -0.0245,
        0.0264,
        0.0204,
        0.548,
        0.0344,
        -0.055,
        0.3773,
        0.24,
        0.0702,
        0.12,
        0.0376,
        -0.0348,
        0.3034,
        0.0344,
        0.0344,
        0.0344,
        -0.0049,
        0.2483,
        0.5997,
        0.0604
      ],
      [
        0.0787,
        0.0787,
        0.3026,
        0.3848,
        0.054,
        -0.3933,
        0.054,
        0.6227,
        0.4346,
        0.6238,
        0.0293,
        0.5087,
        1.0,
        0.054,
        0.054,
        0.5858,
        0.2769,
        -0.0817,
        0.1175,
        0.3231,
        0.5769,
        0.5247,
        -0.0366,
        -0.0195,
        0.1555,
        -0.0263,
        -0.0591,
        0.4301,
        0.054,
        0.0843,
        0.6207,
        0.2998,
        0.1761,
        0.0529,
        -0.0293,
        0.0841,
        0.4068,
        0.054,
        0.054,
        0.054,
        0.0329,
        0.4744,
        0.6005,
        0.2882
      ],
      [
        0.0954,
        0.0954,
        0.0823,
        0.1009,
        0.0188,
        -0.005,
        0.0188,
        0.0614,
        0.0472,
        0.0775,
        0.0468,
        0.0344,
        0.054,
        1.0,
        0.0188,
        0.0832,
        0.031,
        0.0352,
        0.0654,
        0.0409,
        0.0665,
        0.0579,
        0.0468,
        0.0479,
        0.0795,
        0.0426,
        0.026,
        0.0386,
        0.0188,
        0.06,
        0.0697,
        0.0438,
        0.0711,
        0.0681,
        0.0457,
        0.0617,
        0.0826,
        0.0188,
        0.0188,
        0.0188,
        0.0646,
        0.0767,
        0.0569,
        0.0885
      ],
      [
        0.0954,
        0.0954,
        0.0823,
        0.1009,
        0.0188,
        -0.005,
        0.0188,
        0.0614,
        0.0472,
        0.0775,
        0.0468,
        0.0344,
        0.054,
        0.0188,
        1.0,
        0.0832,
        0.031,
        0.0352,
        0.0654,
        0.0409,
        0.0665,
        0.0579,
        0.0468,
        0.0479,
        0.0795,
        0.0426,
        0.026,
        0.0386,
        0.0188,
        0.06,
        0.0697,
        0.0438,
        0.0711,
        0.0681,
        0.0457,
        0.0617,
        0.0826,
        0.0188,
        0.0188,
        0.0188,
        0.0646,
        0.0767,
        0.0569,
        0.0885
      ],
      [
        0.2688,
        0.2688,
        0.4406,
        0.5161,
        0.0832,
        -0.2723,
        0.0832,
        0.6606,
        0.5639,
        0.6445,
        0.1443,
        0.393,
        0.5858,
        0.0832,
        0.0832,
        1.0,
        0.2134,
        0.0006,
        0.2289,
        0.3799,
        0.538,
        0.4873,
        0.1172,
        0.1377,
        0.2964,
        0.0749,
        0.0164,
        0.3544,
        0.0832,
        0.2511,
        0.6743,
        0.2211,
        0.3302,
        0.1947,
        0.1153,
        0.2515,
        0.4954,
        0.0832,
        0.0832,
        0.0832,
        0.2007,
        0.519,
        0.523,
        0.4394
      ],
      [
        0.1589,
        0.1589,
        0.1321,
        0.1987,
        0.031,
        0.0045,
        0.031,
        0.2579,
        0.0995,
        0.2854,
        0.1167,
        0.3223,
        0.2769,
        0.031,
        0.031,
        0.2134,
        1.0,
        0.0436,
        0.1396,
        0.1643,
        0.2509,
        0.6338,
        -0.225,
        -0.0036,
        0.1602,
        -0.001,
        0.0406,
        0.1002,
        0.031,
        0.0342,
        0.2551,
        0.1131,
        0.1522,
        0.0689,
        0.0395,
        0.0498,
        0.2292,
        0.031,
        0.031,
        0.031,
        0.0592,
        0.1702,
        0.2599,
        0.1547
      ],
      [
        0.2943,
        0.2943,
        0.1025,
        0.1419,
        0.0352,
        0.1862,
        0.0352,
        -0.0841,
        -0.0786,
        -0.0193,
        0.1475,
        0.0064,
        -0.0817,
        0.0352,
        0.0352,
        0.0006,
        0.0436,
        1.0,
        0.1776,
        -0.0288,
        0.0087,
        0.0135,
        0.1485,
        0.1258,
        0.1495,
        0.1462,
        0.1172,
        0.0062,
        0.0352,
        0.0996,
        -0.0597,
        0.0802,
        0.1259,
        0.2012,
        0.1657,
        0.1176,
        0.089,
        0.0352,
        0.0352,
        0.0352,
        0.1686,
        0.0288,
        -0.0157,
        0.1138
      ],
      [
        0.4257,
        0.4257,
        0.2457,
        0.3103,
        0.0654,
        0.1883,
        0.0654,
        0.1757,
        0.1547,
        0.1975,
        0.2194,
        0.1686,
        0.1175,
        0.0654,
        0.0654,
        0.2289,
        0.1396,
        0.1776,
        1.0,
        0.1297,
        0.2157,
        0.2051,
        0.1809,
        0.1542,
        0.2149,
        0.1727,
        0.1417,
        0.1638,
        0.0654,
        0.1472,
        0.1954,
        0.2347,
        0.245,
        0.2853,
        0.266,
        0.1909,
        0.265,
        0.0654,
        0.0654,
        0.0654,
        0.2402,
        0.1968,
        0.1957,
        0.2333
      ],
      [
        0.1097,
        0.1097,
        0.23,
        0.2426,
        0.0409,
        -0.0382,
        0.0409,
        0.4818,
        0.4577,
        0.3547,
        0.0659,
        0.1156,
        0.3231,
        0.0409,
        0.0409,
        0.3799,
        0.1643,
        -0.0288,
        0.1297,
        1.0,
        0.2901,
        0.2902,
        -0.0186,
        0.0295,
        0.0958,
        -0.0076,
        0.0027,
        0.1751,
        0.0409,
        0.0857,
        0.4632,
        0.2016,
        0.1905,
        0.0682,
        0.1319,
        0.1232,
        0.2617,
        0.0409,
        0.0409,
        0.0409,
        0.0905,
        0.2745,
        0.2901,
        0.1986
      ],
      [
        0.2216,
        0.2216,
        0.3007,
        0.4106,
        0.0665,
        -0.245,
        0.0665,
        0.5511,
        0.3318,
        0.5743,
        0.083,
        0.5329,
        0.5769,
        0.0665,
        0.0665,
        0.538,
        0.2509,
        0.0087,
        0.2157,
        0.2901,
        1.0,
        0.5038,
        0.0083,
        -0.0209,
        0.163,
        0.0344,
        0.0011,
        0.4925,
        0.0665,
        0.0425,
        0.5518,
        0.482,
        0.1884,
        0.142,
        0.0711,
        0.0773,
        0.4181,
        0.0665,
        0.0665,
        0.0665,
        0.0757,
        0.4644,
        0.6331,
        0.2687
      ],
      [
        0.2258,
        0.2258,
        0.2769,
        0.3665,
        0.0579,
        -0.1434,
        0.0579,
        0.5257,
        0.3579,
        0.5309,
        0.1345,
        0.5372,
        0.5247,
        0.0579,
        0.0579,
        0.4873,
        0.6338,
        0.0135,
        0.2051,
        0.2902,
        0.5038,
        1.0,
        -0.0704,
        0.0166,
        0.1788,
        0.0221,
        0.023,
        0.3557,
        0.0579,
        0.0799,
        0.5245,
        0.2727,
        0.2204,
        0.1304,
        0.0795,
        0.1031,
        0.3961,
        0.0579,
        0.0579,
        0.0579,
        0.0946,
        0.3769,
        0.5241,
        0.2624
      ],
      [
        0.3438,
        0.3438,
        0.1998,
        0.2223,
        0.0468,
        0.1067,
        0.0468,
        -0.0248,
        0.0966,
        0.0511,
        0.2013,
        0.0755,
        -0.0366,
        0.0468,
        0.0468,
        0.1172,
        -0.225,
        0.1485,
        0.1809,
        -0.0186,
        0.0083,
        -0.0704,
        1.0,
        0.2555,
        0.2068,
        0.1981,
        0.1235,
        0.0104,
        0.0468,
        0.2528,
        0.0191,
        -0.1458,
        0.1998,
        0.2604,
        0.1755,
        0.2312,
        0.1513,
        0.0468,
        0.0468,
        0.0468,
        0.2493,
        0.0721,
        -0.0381,
        0.2174
      ],
      [
        0.2948,
        0.2948,
        0.2323,
        0.2483,
        0.0479,
        0.0456,
        0.0479,
        0.0163,
        0.114,
        0.0854,
        0.1816,
        -0.0443,
        -0.0195,
        0.0479,
        0.0479,
        0.1377,
        -0.0036,
        0.1258,
        0.1542,
        0.0295,
        -0.0209,
        0.0166,
        0.2555,
        1.0,
        0.2798,
        0.1727,
        0.1051,
        -0.0918,
        0.0479,
        0.303,
        0.0598,
        -0.2108,
        0.2362,
        0.2266,
        0.1357,
        0.2665,
        0.1688,
        0.0479,
        0.0479,
        0.0479,
        0.259,
        0.1027,
        -0.084,
        0.2835
      ],
      [
        0.3571,
        0.3571,
        0.3739,
        0.452,
        0.0795,
        -0.1718,
        0.0795,
        0.1248,
        0.0582,
        0.2848,
        0.1707,
        -0.0245,
        0.1555,
        0.0795,
        0.0795,
        0.2964,
        0.1602,
        0.1495,
        0.2149,
        0.0958,
        0.163,
        0.1788,
        0.2068,
        0.2798,
        1.0,
        0.2034,
        0.0942,
        -0.0035,
        0.0795,
        0.3736,
        0.1854,
        -0.02,
        0.3166,
        0.2771,
        0.0867,
        0.3241,
        0.3238,
        0.0795,
        0.0795,
        0.0795,
        0.3078,
        0.3201,
        0.0864,
        0.47
      ],
      [
        0.2978,
        0.2978,
        0.1609,
        0.2009,
        0.0426,
        0.0966,
        0.0426,
        -0.0336,
        -0.0134,
        0.0476,
        0.1553,
        0.0264,
        -0.0263,
        0.0426,
        0.0426,
        0.0749,
        -0.001,
        0.1462,
        0.1727,
        -0.0076,
        0.0344,
        0.0221,
        0.1981,
        0.1727,
        0.2034,
        1.0,
        0.1076,
        0.0082,
        0.0426,
        0.1723,
        0.0,
        0.0035,
        0.1643,
        0.2147,
        0.1428,
        0.1683,
        0.1356,
        0.0426,
        0.0426,
        0.0426,
        0.198,
        0.0828,
        -0.0014,
        0.1865
      ],
      [
        0.2322,
        0.2322,
        0.0815,
        0.1002,
        0.026,
        0.1856,
        0.026,
        -0.0278,
        0.0113,
        -0.0105,
        0.1299,
        0.0204,
        -0.0591,
        0.026,
        0.026,
        0.0164,
        0.0406,
        0.1172,
        0.1417,
        0.0027,
        0.0011,
        0.023,
        0.1235,
        0.1051,
        0.0942,
        0.1076,
        1.0,
        0.0016,
        0.026,
        0.0808,
        -0.0139,
        0.03,
        0.1095,
        0.1561,
        0.1546,
        0.0998,
        0.0719,
        0.026,
        0.026,
        0.026,
        0.1359,
        0.0096,
        -0.0163,
        0.079
      ],
      [
        0.1596,
        0.1596,
        0.142,
        0.2307,
        0.0386,
        -0.1128,
        0.0386,
        0.3812,
        0.2069,
        0.388,
        0.0535,
        0.548,
        0.4301,
        0.0386,
        0.0386,
        0.3544,
        0.1002,
        0.0062,
        0.1638,
        0.1751,
        0.4925,
        0.3557,
        0.0104,
        -0.0918,
        -0.0035,
        0.0082,
        0.0016,
        1.0,
        0.0386,
        -0.0886,
        0.3706,
        0.4717,
        0.0632,
        0.0904,
        0.068,
        -0.0367,
        0.2687,
        0.0386,
        0.0386,
        0.0386,
        -0.0084,
        0.2936,
        0.5463,
        0.0761
      ],
      [
        0.0954,
        0.0954,
        0.0823,
        0.1009,
        0.0188,
        -0.005,
        0.0188,
        0.0614,
        0.0472,
        0.0775,
        0.0468,
        0.0344,
        0.054,
        0.0188,
        0.0188,
        0.0832,
        0.031,
        0.0352,
        0.0654,
        0.0409,
        0.0665,
        0.0579,
        0.0468,
        0.0479,
        0.0795,
        0.0426,
