{
  "_meta": {
    "generated": "2026-06-24T10:47:09",
    "portfolio_generated": "2026-06-24T10:44:08.701579",
    "n_assets": 16,
    "n_with_returns": 11,
    "covariance_method": "hybrid_shrunk",
    "condition_number": 93.32,
    "pca_factors": 3
  },
  "profiles": {
    "Agressif": {
      "n_assets": 9,
      "weighted_avg_correlation": 0.2021,
      "most_correlated": [
        {
          "t1": "EXPD",
          "t2": "NTAP",
          "corr": 0.4811,
          "w1": 5.0,
          "w2": 5.0,
          "combined_weight": 10.0
        },
        {
          "t1": "VWCE.DE",
          "t2": "SGLN.AS",
          "corr": 0.4128,
          "w1": 50.0,
          "w2": 5.0,
          "combined_weight": 55.0
        },
        {
          "t1": "IEMG",
          "t2": "NTAP",
          "corr": 0.3654,
          "w1": 15.0,
          "w2": 5.0,
          "combined_weight": 20.0
        },
        {
          "t1": "VWCE.DE",
          "t2": "CBOE",
          "corr": 0.2899,
          "w1": 50.0,
          "w2": 5.0,
          "combined_weight": 55.0
        },
        {
          "t1": "CBOE",
          "t2": "SGLN.AS",
          "corr": 0.2899,
          "w1": 5.0,
          "w2": 5.0,
          "combined_weight": 10.0
        },
        {
          "t1": "VWCE.DE",
          "t2": "EXPD",
          "corr": 0.2673,
          "w1": 50.0,
          "w2": 5.0,
          "combined_weight": 55.0
        },
        {
          "t1": "EXPD",
          "t2": "SGLN.AS",
          "corr": 0.2673,
          "w1": 5.0,
          "w2": 5.0,
          "combined_weight": 10.0
        },
        {
          "t1": "IEMG",
          "t2": "EXPD",
          "corr": 0.2632,
          "w1": 15.0,
          "w2": 5.0,
          "combined_weight": 20.0
        },
        {
          "t1": "ITX",
          "t2": "NTAP",
          "corr": 0.2487,
          "w1": 5.0,
          "w2": 5.0,
          "combined_weight": 10.0
        },
        {
          "t1": "VWCE.DE",
          "t2": "IEMG",
          "corr": 0.2376,
          "w1": 50.0,
          "w2": 15.0,
          "combined_weight": 65.0
        }
      ],
      "least_correlated": [
        {
          "t1": "NTAP",
          "t2": "IBGS.AS",
          "corr": 0.0434,
          "w1": 5.0,
          "w2": 5.0,
          "combined_weight": 10.0
        },
        {
          "t1": "LOGN",
          "t2": "IBGS.AS",
          "corr": 0.0422,
          "w1": 5.0,
          "w2": 5.0,
          "combined_weight": 10.0
        },
        {
          "t1": "ITX",
          "t2": "IBGS.AS",
          "corr": 0.0316,
          "w1": 5.0,
          "w2": 5.0,
          "combined_weight": 10.0
        },
        {
          "t1": "IEMG",
          "t2": "ITX",
          "corr": -0.0314,
          "w1": 15.0,
          "w2": 5.0,
          "combined_weight": 20.0
        },
        {
          "t1": "CBOE",
          "t2": "NTAP",
          "corr": -0.1628,
          "w1": 5.0,
          "w2": 5.0,
          "combined_weight": 10.0
        }
      ],
      "high_corr_high_weight": []
    },
    "Mod\u00e9r\u00e9": {
      "n_assets": 9,
      "weighted_avg_correlation": 0.1396,
      "most_correlated": [
        {
          "t1": "VWCE.DE",
          "t2": "SGLN.AS",
          "corr": 0.4128,
          "w1": 50.0,
          "w2": 5.0,
          "combined_weight": 55.0
        },
        {
          "t1": "VWCE.DE",
          "t2": "EXPD",
          "corr": 0.2673,
          "w1": 50.0,
          "w2": 5.0,
          "combined_weight": 55.0
        },
        {
          "t1": "EXPD",
          "t2": "SGLN.AS",
          "corr": 0.2673,
          "w1": 5.0,
          "w2": 5.0,
          "combined_weight": 10.0
        },
        {
          "t1": "VWCE.DE",
          "t2": "NOVN",
          "corr": 0.2155,
          "w1": 50.0,
          "w2": 5.0,
          "combined_weight": 55.0
        },
        {
          "t1": "NOVN",
          "t2": "SGLN.AS",
          "corr": 0.2155,
          "w1": 5.0,
          "w2": 5.0,
          "combined_weight": 10.0
        },
        {
          "t1": "EXPD",
          "t2": "ITX",
          "corr": 0.2027,
          "w1": 5.0,
          "w2": 5.0,
          "combined_weight": 10.0
        },
        {
          "t1": "VWCE.DE",
          "t2": "LOGN",
          "corr": 0.1905,
          "w1": 50.0,
          "w2": 5.0,
          "combined_weight": 55.0
        },
        {
          "t1": "LOGN",
          "t2": "SGLN.AS",
          "corr": 0.1905,
          "w1": 5.0,
          "w2": 5.0,
          "combined_weight": 10.0
        },
        {
          "t1": "ITX",
          "t2": "NOVN",
          "corr": 0.1874,
          "w1": 5.0,
          "w2": 5.0,
          "combined_weight": 10.0
        },
        {
          "t1": "ITX",
          "t2": "LOGN",
          "corr": 0.1601,
          "w1": 5.0,
          "w2": 5.0,
          "combined_weight": 10.0
        }
      ],
      "least_correlated": [
        {
          "t1": "ITX",
          "t2": "IBCI.AS",
          "corr": 0.0316,
          "w1": 5.0,
          "w2": 5.0,
          "combined_weight": 10.0
        },
        {
          "t1": "ITX",
          "t2": "IBGS.AS",
          "corr": 0.0316,
          "w1": 5.0,
          "w2": 5.0,
          "combined_weight": 10.0
        },
        {
          "t1": "AGGH.AS",
          "t2": "IBCI.AS",
          "corr": 0.0198,
          "w1": 15.0,
          "w2": 5.0,
          "combined_weight": 20.0
        },
        {
          "t1": "AGGH.AS",
          "t2": "IBGS.AS",
          "corr": 0.0198,
          "w1": 15.0,
          "w2": 5.0,
          "combined_weight": 20.0
        },
        {
          "t1": "IBCI.AS",
          "t2": "IBGS.AS",
          "corr": 0.0198,
          "w1": 5.0,
          "w2": 5.0,
          "combined_weight": 10.0
        }
      ],
      "high_corr_high_weight": []
    },
    "Stable": {
      "n_assets": 9,
      "weighted_avg_correlation": 0.0981,
      "most_correlated": [
        {
          "t1": "VWCE.DE",
          "t2": "SGLN.AS",
          "corr": 0.4128,
          "w1": 20.0,
          "w2": 10.0,
          "combined_weight": 30.0
        },
        {
          "t1": "VWCE.DE",
          "t2": "PUB",
          "corr": 0.3309,
          "w1": 20.0,
          "w2": 2.5,
          "combined_weight": 22.5
        },
        {
          "t1": "SGLN.AS",
          "t2": "PUB",
          "corr": 0.3309,
          "w1": 10.0,
          "w2": 2.5,
          "combined_weight": 12.5
        },
        {
          "t1": "VWCE.DE",
          "t2": "ADM",
          "corr": 0.307,
          "w1": 20.0,
          "w2": 2.5,
          "combined_weight": 22.5
        },
        {
          "t1": "SGLN.AS",
          "t2": "ADM",
          "corr": 0.307,
          "w1": 10.0,
          "w2": 2.5,
          "combined_weight": 12.5
        },
        {
          "t1": "BVI",
          "t2": "PUB",
          "corr": 0.3038,
          "w1": 2.5,
          "w2": 2.5,
          "combined_weight": 5.0
        },
        {
          "t1": "VWCE.DE",
          "t2": "BVI",
          "corr": 0.2803,
          "w1": 20.0,
          "w2": 2.5,
          "combined_weight": 22.5
        },
        {
          "t1": "SGLN.AS",
          "t2": "BVI",
          "corr": 0.2803,
          "w1": 10.0,
          "w2": 2.5,
          "combined_weight": 12.5
        },
        {
          "t1": "VWCE.DE",
          "t2": "SHEL",
          "corr": 0.2613,
          "w1": 20.0,
          "w2": 2.5,
          "combined_weight": 22.5
        },
        {
          "t1": "SGLN.AS",
          "t2": "SHEL",
          "corr": 0.2613,
          "w1": 10.0,
          "w2": 2.5,
          "combined_weight": 12.5
        }
      ],
      "least_correlated": [
        {
          "t1": "IBCI.AS",
          "t2": "SHEL",
          "corr": 0.0572,
          "w1": 20.0,
          "w2": 2.5,
          "combined_weight": 22.5
        },
        {
          "t1": "IBGS.AS",
          "t2": "SHEL",
          "corr": 0.0572,
          "w1": 15.0,
          "w2": 2.5,
          "combined_weight": 17.5
        },
        {
          "t1": "AGGH.AS",
          "t2": "IBCI.AS",
          "corr": 0.0198,
          "w1": 25.0,
          "w2": 20.0,
          "combined_weight": 45.0
        },
        {
          "t1": "AGGH.AS",
          "t2": "IBGS.AS",
          "corr": 0.0198,
          "w1": 25.0,
          "w2": 15.0,
          "combined_weight": 40.0
        },
        {
          "t1": "IBCI.AS",
          "t2": "IBGS.AS",
          "corr": 0.0198,
          "w1": 20.0,
          "w2": 15.0,
          "combined_weight": 35.0
        }
      ],
      "high_corr_high_weight": []
    }
  },
  "all_pairs_top_30": [
    {
      "t1": "EXPD",
      "t2": "NTAP",
      "corr_hybrid": 0.4811,
      "corr_structured": null,
      "cat1": "Act",
      "cat2": "Act",
      "exp1": null,
      "exp2": null,
      "fam1": null,
      "fam2": null
    },
    {
      "t1": "SGLN.AS",
      "t2": "VWCE.DE",
      "corr_hybrid": 0.4128,
      "corr_structured": null,
      "cat1": "ETF",
      "cat2": "ETF",
      "exp1": null,
      "exp2": null,
      "fam1": null,
      "fam2": null
    },
    {
      "t1": "IEMG",
      "t2": "NTAP",
      "corr_hybrid": 0.3654,
      "corr_structured": null,
      "cat1": "ETF",
      "cat2": "Act",
      "exp1": "emerging_markets",
      "exp2": null,
      "fam1": "em_equity",
      "fam2": null
    },
    {
      "t1": "PUB",
      "t2": "SGLN.AS",
      "corr_hybrid": 0.3309,
      "corr_structured": null,
      "cat1": "Act",
      "cat2": "ETF",
      "exp1": null,
      "exp2": null,
      "fam1": null,
      "fam2": null
    },
    {
      "t1": "PUB",
      "t2": "VWCE.DE",
      "corr_hybrid": 0.3309,
      "corr_structured": null,
      "cat1": "Act",
      "cat2": "ETF",
      "exp1": null,
      "exp2": null,
      "fam1": null,
      "fam2": null
    },
    {
      "t1": "CBOE",
      "t2": "PUB",
      "corr_hybrid": 0.3099,
      "corr_structured": null,
      "cat1": "Act",
      "cat2": "Act",
      "exp1": null,
      "exp2": null,
      "fam1": null,
      "fam2": null
    },
    {
      "t1": "ADM",
      "t2": "SGLN.AS",
      "corr_hybrid": 0.307,
      "corr_structured": null,
      "cat1": "Act",
      "cat2": "ETF",
      "exp1": null,
      "exp2": null,
      "fam1": null,
      "fam2": null
    },
    {
      "t1": "ADM",
      "t2": "VWCE.DE",
      "corr_hybrid": 0.307,
      "corr_structured": null,
      "cat1": "Act",
      "cat2": "ETF",
      "exp1": null,
      "exp2": null,
      "fam1": null,
      "fam2": null
    },
    {
      "t1": "BVI",
      "t2": "PUB",
      "corr_hybrid": 0.3038,
      "corr_structured": null,
      "cat1": "Act",
      "cat2": "Act",
      "exp1": null,
      "exp2": null,
      "fam1": null,
      "fam2": null
    },
    {
      "t1": "BVI",
      "t2": "CBOE",
      "corr_hybrid": 0.2917,
      "corr_structured": null,
      "cat1": "Act",
      "cat2": "Act",
      "exp1": null,
      "exp2": null,
      "fam1": null,
      "fam2": null
    },
    {
      "t1": "CBOE",
      "t2": "SGLN.AS",
      "corr_hybrid": 0.2899,
      "corr_structured": null,
      "cat1": "Act",
      "cat2": "ETF",
      "exp1": null,
      "exp2": null,
      "fam1": null,
      "fam2": null
    },
    {
      "t1": "CBOE",
      "t2": "VWCE.DE",
      "corr_hybrid": 0.2899,
      "corr_structured": null,
      "cat1": "Act",
      "cat2": "ETF",
      "exp1": null,
      "exp2": null,
      "fam1": null,
      "fam2": null
    },
    {
      "t1": "BVI",
      "t2": "SGLN.AS",
      "corr_hybrid": 0.2803,
      "corr_structured": null,
      "cat1": "Act",
      "cat2": "ETF",
      "exp1": null,
      "exp2": null,
      "fam1": null,
      "fam2": null
    },
    {
      "t1": "BVI",
      "t2": "VWCE.DE",
      "corr_hybrid": 0.2803,
      "corr_structured": null,
      "cat1": "Act",
      "cat2": "ETF",
      "exp1": null,
      "exp2": null,
      "fam1": null,
      "fam2": null
    },
    {
      "t1": "EXPD",
      "t2": "SGLN.AS",
      "corr_hybrid": 0.2673,
      "corr_structured": null,
      "cat1": "Act",
      "cat2": "ETF",
      "exp1": null,
      "exp2": null,
      "fam1": null,
      "fam2": null
    },
    {
      "t1": "EXPD",
      "t2": "VWCE.DE",
      "corr_hybrid": 0.2673,
      "corr_structured": null,
      "cat1": "Act",
      "cat2": "ETF",
      "exp1": null,
      "exp2": null,
      "fam1": null,
      "fam2": null
    },
    {
      "t1": "EXPD",
      "t2": "IEMG",
      "corr_hybrid": 0.2632,
      "corr_structured": null,
      "cat1": "Act",
      "cat2": "ETF",
      "exp1": null,
      "exp2": "emerging_markets",
      "fam1": null,
      "fam2": "em_equity"
    },
    {
      "t1": "SGLN.AS",
      "t2": "SHEL",
      "corr_hybrid": 0.2613,
      "corr_structured": null,
      "cat1": "ETF",
      "cat2": "Act",
      "exp1": null,
      "exp2": null,
      "fam1": null,
      "fam2": null
    },
    {
      "t1": "SHEL",
      "t2": "VWCE.DE",
      "corr_hybrid": 0.2613,
      "corr_structured": null,
      "cat1": "Act",
      "cat2": "ETF",
      "exp1": null,
      "exp2": null,
      "fam1": null,
      "fam2": null
    },
    {
      "t1": "ITX",
      "t2": "NTAP",
      "corr_hybrid": 0.2487,
      "corr_structured": null,
      "cat1": "Act",
      "cat2": "Act",
      "exp1": null,
      "exp2": null,
      "fam1": null,
      "fam2": null
    },
    {
      "t1": "IEMG",
      "t2": "SGLN.AS",
      "corr_hybrid": 0.2376,
      "corr_structured": null,
      "cat1": "ETF",
      "cat2": "ETF",
      "exp1": "emerging_markets",
      "exp2": null,
      "fam1": "em_equity",
      "fam2": null
    },
    {
      "t1": "IEMG",
      "t2": "VWCE.DE",
      "corr_hybrid": 0.2376,
      "corr_structured": null,
      "cat1": "ETF",
      "cat2": "ETF",
      "exp1": "emerging_markets",
      "exp2": null,
      "fam1": "em_equity",
      "fam2": null
    },
    {
      "t1": "ADM",
      "t2": "PUB",
      "corr_hybrid": 0.2373,
      "corr_structured": null,
      "cat1": "Act",
      "cat2": "Act",
      "exp1": null,
      "exp2": null,
      "fam1": null,
      "fam2": null
    },
    {
      "t1": "NTAP",
      "t2": "SHEL",
      "corr_hybrid": 0.2239,
      "corr_structured": null,
      "cat1": "Act",
      "cat2": "Act",
      "exp1": null,
      "exp2": null,
      "fam1": null,
      "fam2": null
    },
    {
      "t1": "ADM",
      "t2": "EXPD",
      "corr_hybrid": 0.2183,
      "corr_structured": null,
      "cat1": "Act",
      "cat2": "Act",
      "exp1": null,
      "exp2": null,
      "fam1": null,
      "fam2": null
    },
    {
      "t1": "NOVN",
      "t2": "SGLN.AS",
      "corr_hybrid": 0.2155,
      "corr_structured": null,
      "cat1": "Act",
      "cat2": "ETF",
      "exp1": null,
      "exp2": null,
      "fam1": null,
      "fam2": null
    },
    {
      "t1": "NOVN",
      "t2": "VWCE.DE",
      "corr_hybrid": 0.2155,
      "corr_structured": null,
      "cat1": "Act",
      "cat2": "ETF",
      "exp1": null,
      "exp2": null,
      "fam1": null,
      "fam2": null
    },
    {
      "t1": "EXPD",
      "t2": "SHEL",
      "corr_hybrid": 0.214,
      "corr_structured": null,
      "cat1": "Act",
      "cat2": "Act",
      "exp1": null,
      "exp2": null,
      "fam1": null,
      "fam2": null
    },
    {
      "t1": "ADM",
      "t2": "IEMG",
      "corr_hybrid": 0.2103,
      "corr_structured": null,
      "cat1": "Act",
      "cat2": "ETF",
      "exp1": null,
      "exp2": "emerging_markets",
      "fam1": null,
      "fam2": "em_equity"
    },
    {
      "t1": "ADM",
      "t2": "SHEL",
      "corr_hybrid": 0.2071,
      "corr_structured": null,
      "cat1": "Act",
      "cat2": "Act",
      "exp1": null,
      "exp2": null,
      "fam1": null,
      "fam2": null
    }
  ],
  "all_pairs_bottom_10": [
    {
      "t1": "AGGH.AS",
      "t2": "ITX",
      "corr_hybrid": 0.0316,
      "corr_structured": null,
      "cat1": "Obl",
      "cat2": "Act",
      "exp1": null,
      "exp2": null,
      "fam1": null,
      "fam2": null
    },
    {
      "t1": "IBCI.AS",
      "t2": "ITX",
      "corr_hybrid": 0.0316,
      "corr_structured": null,
      "cat1": "Obl",
      "cat2": "Act",
      "exp1": null,
      "exp2": null,
      "fam1": null,
      "fam2": null
    },
    {
      "t1": "IBGS.AS",
      "t2": "ITX",
      "corr_hybrid": 0.0316,
      "corr_structured": null,
      "cat1": "Obl",
      "cat2": "Act",
      "exp1": null,
      "exp2": null,
      "fam1": null,
      "fam2": null
    },
    {
      "t1": "IEMG",
      "t2": "ITX",
      "corr_hybrid": -0.0314,
      "corr_structured": null,
      "cat1": "ETF",
      "cat2": "Act",
      "exp1": "emerging_markets",
      "exp2": null,
      "fam1": "em_equity",
      "fam2": null
    },
    {
      "t1": "BVI",
      "t2": "ITX",
      "corr_hybrid": -0.0233,
      "corr_structured": null,
      "cat1": "Act",
      "cat2": "Act",
      "exp1": null,
      "exp2": null,
      "fam1": null,
      "fam2": null
    },
    {
      "t1": "AGGH.AS",
      "t2": "IBCI.AS",
      "corr_hybrid": 0.0198,
      "corr_structured": null,
      "cat1": "Obl",
      "cat2": "Obl",
      "exp1": null,
      "exp2": null,
      "fam1": null,
      "fam2": null
    },
    {
      "t1": "AGGH.AS",
      "t2": "IBGS.AS",
      "corr_hybrid": 0.0198,
      "corr_structured": null,
      "cat1": "Obl",
      "cat2": "Obl",
      "exp1": null,
      "exp2": null,
      "fam1": null,
      "fam2": null
    },
    {
      "t1": "IBCI.AS",
      "t2": "IBGS.AS",
      "corr_hybrid": 0.0198,
      "corr_structured": null,
      "cat1": "Obl",
      "cat2": "Obl",
      "exp1": null,
      "exp2": null,
      "fam1": null,
      "fam2": null
    },
    {
      "t1": "ITX",
      "t2": "PUB",
      "corr_hybrid": -0.0135,
      "corr_structured": null,
      "cat1": "Act",
      "cat2": "Act",
      "exp1": null,
      "exp2": null,
      "fam1": null,
      "fam2": null
    },
    {
      "t1": "ADM",
      "t2": "ITX",
      "corr_hybrid": 0.0103,
      "corr_structured": null,
      "cat1": "Act",
      "cat2": "Act",
      "exp1": null,
      "exp2": null,
      "fam1": null,
      "fam2": null
    }
  ],
  "correlation_matrix": {
    "tickers": [
      "ADM",
      "AGGH.AS",
      "BVI",
      "CBOE",
      "EXPD",
      "IBCI.AS",
      "IBGS.AS",
      "IEMG",
      "ITX",
      "LOGN",
      "NOVN",
      "NTAP",
      "PUB",
      "SGLN.AS",
      "SHEL",
      "VWCE.DE"
    ],
    "matrix": [
      [
        1.0,
        0.0669,
        0.1954,
        0.1851,
        0.2183,
        0.0669,
        0.0669,
        0.2103,
        0.0103,
        0.1305,
        0.1457,
        0.1921,
        0.2373,
        0.307,
        0.2071,
        0.307
      ],
      [
        0.0669,
        1.0,
        0.0605,
        0.0633,
        0.0596,
        0.0198,
        0.0198,
        0.0519,
        0.0316,
        0.0422,
        0.0477,
        0.0434,
        0.0716,
        0.0904,
        0.0572,
        0.0904
      ],
      [
        0.1954,
        0.0605,
        1.0,
        0.2917,
        0.0586,
        0.0605,
        0.0605,
        0.0821,
        -0.0233,
        0.1261,
        0.1471,
        -0.1394,
        0.3038,
        0.2803,
        0.1449,
        0.2803
      ],
      [
        0.1851,
        0.0633,
        0.2917,
        1.0,
        0.0584,
        0.0633,
        0.0633,
        0.0511,
        0.1241,
        0.1483,
        0.1744,
        -0.1628,
        0.3099,
        0.2899,
        0.1376,
        0.2899
      ],
      [
        0.2183,
        0.0596,
        0.0586,
        0.0584,
        1.0,
        0.0596,
        0.0596,
        0.2632,
        0.2027,
        0.1255,
        0.1357,
        0.4811,
        0.1096,
        0.2673,
        0.214,
        0.2673
      ],
      [
        0.0669,
        0.0198,
        0.0605,
        0.0633,
        0.0596,
        1.0,
        0.0198,
        0.0519,
        0.0316,
        0.0422,
        0.0477,
        0.0434,
        0.0716,
        0.0904,
        0.0572,
        0.0904
      ],
      [
        0.0669,
        0.0198,
        0.0605,
        0.0633,
        0.0596,
        0.0198,
        1.0,
        0.0519,
        0.0316,
        0.0422,
        0.0477,
        0.0434,
        0.0716,
        0.0904,
        0.0572,
        0.0904
      ],
      [
        0.2103,
        0.0519,
        0.0821,
        0.0511,
        0.2632,
        0.0519,
        0.0519,
        1.0,
        -0.0314,
        0.0891,
        0.0942,
        0.3654,
        0.1276,
        0.2376,
        0.1947,
        0.2376
      ],
      [
        0.0103,
        0.0316,
        -0.0233,
        0.1241,
        0.2027,
        0.0316,
        0.0316,
        -0.0314,
        1.0,
        0.1601,
        0.1874,
        0.2487,
        -0.0135,
        0.1225,
        0.0446,
        0.1225
      ],
      [
        0.1305,
        0.0422,
        0.1261,
        0.1483,
        0.1255,
        0.0422,
        0.0422,
        0.0891,
        0.1601,
        1.0,
        0.1145,
        0.0827,
        0.1474,
        0.1905,
        0.1132,
        0.1905
      ],
      [
        0.1457,
        0.0477,
        0.1471,
        0.1744,
        0.1357,
        0.0477,
        0.0477,
        0.0942,
        0.1874,
        0.1145,
        1.0,
        0.0789,
        0.1703,
        0.2155,
        0.1255,
        0.2155
      ],
      [
        0.1921,
        0.0434,
        -0.1394,
        -0.1628,
        0.4811,
        0.0434,
        0.0434,
        0.3654,
        0.2487,
        0.0827,
        0.0789,
        1.0,
        -0.0746,
        0.1893,
        0.2239,
        0.1893
      ],
      [
        0.2373,
        0.0716,
        0.3038,
        0.3099,
        0.1096,
        0.0716,
        0.0716,
        0.1276,
        -0.0135,
        0.1474,
        0.1703,
        -0.0746,
        1.0,
        0.3309,
        0.1835,
        0.3309
      ],
      [
        0.307,
        0.0904,
        0.2803,
        0.2899,
        0.2673,
        0.0904,
        0.0904,
        0.2376,
        0.1225,
        0.1905,
        0.2155,
        0.1893,
        0.3309,
        1.0,
        0.2613,
        0.4128
      ],
      [
        0.2071,
        0.0572,
        0.1449,
        0.1376,
        0.214,
        0.0572,
        0.0572,
        0.1947,
        0.0446,
        0.1132,
        0.1255,
        0.2239,
        0.1835,
        0.2613,
        1.0,
        0.2613
      ],
      [
        0.307,
        0.0904,
        0.2803,
        0.2899,
        0.2673,
        0.0904,
        0.0904,
        0.2376,
        0.1225,
        0.1905,
        0.2155,
        0.1893,
        0.3309,
        0.4128,
        0.2613,
        1.0
      ]
    ]
  }
}