{
  "_meta": {
    "generated": "2026-06-07T10:26:23",
    "portfolio_generated": "2026-06-07T10:23:10.603538",
    "n_assets": 16,
    "n_with_returns": 9,
    "covariance_method": "hybrid_shrunk",
    "condition_number": 94.24,
    "pca_factors": 3
  },
  "profiles": {
    "Agressif": {
      "n_assets": 9,
      "weighted_avg_correlation": 0.2352,
      "most_correlated": [
        {
          "t1": "VWCE.DE",
          "t2": "HEROMOTOCO",
          "corr": 0.4444,
          "w1": 50.0,
          "w2": 5.0,
          "combined_weight": 55.0
        },
        {
          "t1": "IWDA.AS",
          "t2": "HEROMOTOCO",
          "corr": 0.4444,
          "w1": 15.0,
          "w2": 5.0,
          "combined_weight": 20.0
        },
        {
          "t1": "HEROMOTOCO",
          "t2": "SGLN.AS",
          "corr": 0.4444,
          "w1": 5.0,
          "w2": 5.0,
          "combined_weight": 10.0
        },
        {
          "t1": "HEROMOTOCO",
          "t2": "LOGN",
          "corr": 0.3718,
          "w1": 5.0,
          "w2": 5.0,
          "combined_weight": 10.0
        },
        {
          "t1": "HEROMOTOCO",
          "t2": "LUPIN",
          "corr": 0.3606,
          "w1": 5.0,
          "w2": 5.0,
          "combined_weight": 10.0
        },
        {
          "t1": "HEROMOTOCO",
          "t2": "EXPD",
          "corr": 0.3263,
          "w1": 5.0,
          "w2": 5.0,
          "combined_weight": 10.0
        },
        {
          "t1": "VWCE.DE",
          "t2": "IWDA.AS",
          "corr": 0.3004,
          "w1": 50.0,
          "w2": 15.0,
          "combined_weight": 65.0
        },
        {
          "t1": "VWCE.DE",
          "t2": "SGLN.AS",
          "corr": 0.3004,
          "w1": 50.0,
          "w2": 5.0,
          "combined_weight": 55.0
        },
        {
          "t1": "IWDA.AS",
          "t2": "SGLN.AS",
          "corr": 0.3004,
          "w1": 15.0,
          "w2": 5.0,
          "combined_weight": 20.0
        },
        {
          "t1": "VWCE.DE",
          "t2": "LOGN",
          "corr": 0.2596,
          "w1": 50.0,
          "w2": 5.0,
          "combined_weight": 55.0
        }
      ],
      "least_correlated": [
        {
          "t1": "LUPIN",
          "t2": "IBGS.AS",
          "corr": 0.0545,
          "w1": 5.0,
          "w2": 5.0,
          "combined_weight": 10.0
        },
        {
          "t1": "EXPD",
          "t2": "IBGS.AS",
          "corr": 0.0376,
          "w1": 5.0,
          "w2": 5.0,
          "combined_weight": 10.0
        },
        {
          "t1": "CF",
          "t2": "IBGS.AS",
          "corr": 0.0338,
          "w1": 5.0,
          "w2": 5.0,
          "combined_weight": 10.0
        },
        {
          "t1": "CF",
          "t2": "LUPIN",
          "corr": 0.0315,
          "w1": 5.0,
          "w2": 5.0,
          "combined_weight": 10.0
        },
        {
          "t1": "EXPD",
          "t2": "LOGN",
          "corr": 0.0131,
          "w1": 5.0,
          "w2": 5.0,
          "combined_weight": 10.0
        }
      ],
      "high_corr_high_weight": []
    },
    "Mod\u00e9r\u00e9": {
      "n_assets": 9,
      "weighted_avg_correlation": 0.1385,
      "most_correlated": [
        {
          "t1": "VWCE.DE",
          "t2": "HEROMOTOCO",
          "corr": 0.4444,
          "w1": 50.0,
          "w2": 5.0,
          "combined_weight": 55.0
        },
        {
          "t1": "HEROMOTOCO",
          "t2": "SGLN.AS",
          "corr": 0.4444,
          "w1": 5.0,
          "w2": 5.0,
          "combined_weight": 10.0
        },
        {
          "t1": "HEROMOTOCO",
          "t2": "NOVN",
          "corr": 0.3352,
          "w1": 5.0,
          "w2": 5.0,
          "combined_weight": 10.0
        },
        {
          "t1": "HEROMOTOCO",
          "t2": "EXPD",
          "corr": 0.3263,
          "w1": 5.0,
          "w2": 5.0,
          "combined_weight": 10.0
        },
        {
          "t1": "VWCE.DE",
          "t2": "SGLN.AS",
          "corr": 0.3004,
          "w1": 50.0,
          "w2": 5.0,
          "combined_weight": 55.0
        },
        {
          "t1": "HEROMOTOCO",
          "t2": "CF",
          "corr": 0.2585,
          "w1": 5.0,
          "w2": 5.0,
          "combined_weight": 10.0
        },
        {
          "t1": "VWCE.DE",
          "t2": "NOVN",
          "corr": 0.2327,
          "w1": 50.0,
          "w2": 5.0,
          "combined_weight": 55.0
        },
        {
          "t1": "NOVN",
          "t2": "SGLN.AS",
          "corr": 0.2327,
          "w1": 5.0,
          "w2": 5.0,
          "combined_weight": 10.0
        },
        {
          "t1": "VWCE.DE",
          "t2": "EXPD",
          "corr": 0.1482,
          "w1": 50.0,
          "w2": 5.0,
          "combined_weight": 55.0
        },
        {
          "t1": "EXPD",
          "t2": "SGLN.AS",
          "corr": 0.1482,
          "w1": 5.0,
          "w2": 5.0,
          "combined_weight": 10.0
        }
      ],
      "least_correlated": [
        {
          "t1": "CF",
          "t2": "IBCI.AS",
          "corr": 0.0338,
          "w1": 5.0,
          "w2": 5.0,
          "combined_weight": 10.0
        },
        {
          "t1": "CF",
          "t2": "IBGS.AS",
          "corr": 0.0338,
          "w1": 5.0,
          "w2": 5.0,
          "combined_weight": 10.0
        },
        {
          "t1": "AGGH.AS",
          "t2": "IBCI.AS",
          "corr": 0.0149,
          "w1": 15.0,
          "w2": 5.0,
          "combined_weight": 20.0
        },
        {
          "t1": "AGGH.AS",
          "t2": "IBGS.AS",
          "corr": 0.0149,
          "w1": 15.0,
          "w2": 5.0,
          "combined_weight": 20.0
        },
        {
          "t1": "IBCI.AS",
          "t2": "IBGS.AS",
          "corr": 0.0149,
          "w1": 5.0,
          "w2": 5.0,
          "combined_weight": 10.0
        }
      ],
      "high_corr_high_weight": []
    },
    "Stable": {
      "n_assets": 9,
      "weighted_avg_correlation": 0.0774,
      "most_correlated": [
        {
          "t1": "BVI",
          "t2": "PUB",
          "corr": 0.3745,
          "w1": 2.5,
          "w2": 2.5,
          "combined_weight": 5.0
        },
        {
          "t1": "VWCE.DE",
          "t2": "PUB",
          "corr": 0.3415,
          "w1": 20.0,
          "w2": 2.5,
          "combined_weight": 22.5
        },
        {
          "t1": "SGLN.AS",
          "t2": "PUB",
          "corr": 0.3415,
          "w1": 10.0,
          "w2": 2.5,
          "combined_weight": 12.5
        },
        {
          "t1": "VWCE.DE",
          "t2": "BVI",
          "corr": 0.3123,
          "w1": 20.0,
          "w2": 2.5,
          "combined_weight": 22.5
        },
        {
          "t1": "SGLN.AS",
          "t2": "BVI",
          "corr": 0.3123,
          "w1": 10.0,
          "w2": 2.5,
          "combined_weight": 12.5
        },
        {
          "t1": "VWCE.DE",
          "t2": "SGLN.AS",
          "corr": 0.3004,
          "w1": 20.0,
          "w2": 10.0,
          "combined_weight": 30.0
        },
        {
          "t1": "PUB",
          "t2": "NTGY",
          "corr": 0.223,
          "w1": 2.5,
          "w2": 2.5,
          "combined_weight": 5.0
        },
        {
          "t1": "VWCE.DE",
          "t2": "ADM",
          "corr": 0.2061,
          "w1": 20.0,
          "w2": 2.5,
          "combined_weight": 22.5
        },
        {
          "t1": "SGLN.AS",
          "t2": "ADM",
          "corr": 0.2061,
          "w1": 10.0,
          "w2": 2.5,
          "combined_weight": 12.5
        },
        {
          "t1": "BVI",
          "t2": "NTGY",
          "corr": 0.1956,
          "w1": 2.5,
          "w2": 2.5,
          "combined_weight": 5.0
        }
      ],
      "least_correlated": [
        {
          "t1": "IBCI.AS",
          "t2": "NTGY",
          "corr": 0.0406,
          "w1": 20.0,
          "w2": 2.5,
          "combined_weight": 22.5
        },
        {
          "t1": "IBGS.AS",
          "t2": "NTGY",
          "corr": 0.0406,
          "w1": 15.0,
          "w2": 2.5,
          "combined_weight": 17.5
        },
        {
          "t1": "AGGH.AS",
          "t2": "IBCI.AS",
          "corr": 0.0149,
          "w1": 25.0,
          "w2": 20.0,
          "combined_weight": 45.0
        },
        {
          "t1": "AGGH.AS",
          "t2": "IBGS.AS",
          "corr": 0.0149,
          "w1": 25.0,
          "w2": 15.0,
          "combined_weight": 40.0
        },
        {
          "t1": "IBCI.AS",
          "t2": "IBGS.AS",
          "corr": 0.0149,
          "w1": 20.0,
          "w2": 15.0,
          "combined_weight": 35.0
        }
      ],
      "high_corr_high_weight": []
    }
  },
  "all_pairs_top_30": [
    {
      "t1": "ADM",
      "t2": "CF",
      "corr_hybrid": 0.492,
      "corr_structured": null,
      "cat1": "Act",
      "cat2": "Act",
      "exp1": null,
      "exp2": null,
      "fam1": null,
      "fam2": null
    },
    {
      "t1": "HEROMOTOCO",
      "t2": "PUB",
      "corr_hybrid": 0.489,
      "corr_structured": null,
      "cat1": "Act",
      "cat2": "Act",
      "exp1": null,
      "exp2": null,
      "fam1": null,
      "fam2": null
    },
    {
      "t1": "BVI",
      "t2": "HEROMOTOCO",
      "corr_hybrid": 0.4695,
      "corr_structured": null,
      "cat1": "Act",
      "cat2": "Act",
      "exp1": null,
      "exp2": null,
      "fam1": null,
      "fam2": null
    },
    {
      "t1": "HEROMOTOCO",
      "t2": "IWDA.AS",
      "corr_hybrid": 0.4444,
      "corr_structured": null,
      "cat1": "Act",
      "cat2": "ETF",
      "exp1": null,
      "exp2": null,
      "fam1": null,
      "fam2": null
    },
    {
      "t1": "HEROMOTOCO",
      "t2": "SGLN.AS",
      "corr_hybrid": 0.4444,
      "corr_structured": null,
      "cat1": "Act",
      "cat2": "ETF",
      "exp1": null,
      "exp2": null,
      "fam1": null,
      "fam2": null
    },
    {
      "t1": "HEROMOTOCO",
      "t2": "VWCE.DE",
      "corr_hybrid": 0.4444,
      "corr_structured": null,
      "cat1": "Act",
      "cat2": "ETF",
      "exp1": null,
      "exp2": null,
      "fam1": null,
      "fam2": null
    },
    {
      "t1": "BVI",
      "t2": "PUB",
      "corr_hybrid": 0.3745,
      "corr_structured": null,
      "cat1": "Act",
      "cat2": "Act",
      "exp1": null,
      "exp2": null,
      "fam1": null,
      "fam2": null
    },
    {
      "t1": "HEROMOTOCO",
      "t2": "LOGN",
      "corr_hybrid": 0.3718,
      "corr_structured": null,
      "cat1": "Act",
      "cat2": "Act",
      "exp1": null,
      "exp2": null,
      "fam1": null,
      "fam2": null
    },
    {
      "t1": "HEROMOTOCO",
      "t2": "LUPIN",
      "corr_hybrid": 0.3606,
      "corr_structured": null,
      "cat1": "Act",
      "cat2": "Act",
      "exp1": null,
      "exp2": null,
      "fam1": null,
      "fam2": null
    },
    {
      "t1": "IWDA.AS",
      "t2": "PUB",
      "corr_hybrid": 0.3415,
      "corr_structured": null,
      "cat1": "ETF",
      "cat2": "Act",
      "exp1": null,
      "exp2": null,
      "fam1": null,
      "fam2": null
    },
    {
      "t1": "PUB",
      "t2": "SGLN.AS",
      "corr_hybrid": 0.3415,
      "corr_structured": null,
      "cat1": "Act",
      "cat2": "ETF",
      "exp1": null,
      "exp2": null,
      "fam1": null,
      "fam2": null
    },
    {
      "t1": "PUB",
      "t2": "VWCE.DE",
      "corr_hybrid": 0.3415,
      "corr_structured": null,
      "cat1": "Act",
      "cat2": "ETF",
      "exp1": null,
      "exp2": null,
      "fam1": null,
      "fam2": null
    },
    {
      "t1": "HEROMOTOCO",
      "t2": "NOVN",
      "corr_hybrid": 0.3352,
      "corr_structured": null,
      "cat1": "Act",
      "cat2": "Act",
      "exp1": null,
      "exp2": null,
      "fam1": null,
      "fam2": null
    },
    {
      "t1": "EXPD",
      "t2": "HEROMOTOCO",
      "corr_hybrid": 0.3263,
      "corr_structured": null,
      "cat1": "Act",
      "cat2": "Act",
      "exp1": null,
      "exp2": null,
      "fam1": null,
      "fam2": null
    },
    {
      "t1": "ADM",
      "t2": "HEROMOTOCO",
      "corr_hybrid": 0.3244,
      "corr_structured": null,
      "cat1": "Act",
      "cat2": "Act",
      "exp1": null,
      "exp2": null,
      "fam1": null,
      "fam2": null
    },
    {
      "t1": "BVI",
      "t2": "IWDA.AS",
      "corr_hybrid": 0.3123,
      "corr_structured": null,
      "cat1": "Act",
      "cat2": "ETF",
      "exp1": null,
      "exp2": null,
      "fam1": null,
      "fam2": null
    },
    {
      "t1": "BVI",
      "t2": "SGLN.AS",
      "corr_hybrid": 0.3123,
      "corr_structured": null,
      "cat1": "Act",
      "cat2": "ETF",
      "exp1": null,
      "exp2": null,
      "fam1": null,
      "fam2": null
    },
    {
      "t1": "BVI",
      "t2": "VWCE.DE",
      "corr_hybrid": 0.3123,
      "corr_structured": null,
      "cat1": "Act",
      "cat2": "ETF",
      "exp1": null,
      "exp2": null,
      "fam1": null,
      "fam2": null
    },
    {
      "t1": "IWDA.AS",
      "t2": "SGLN.AS",
      "corr_hybrid": 0.3004,
      "corr_structured": null,
      "cat1": "ETF",
      "cat2": "ETF",
      "exp1": null,
      "exp2": null,
      "fam1": null,
      "fam2": null
    },
    {
      "t1": "IWDA.AS",
      "t2": "VWCE.DE",
      "corr_hybrid": 0.3004,
      "corr_structured": null,
      "cat1": "ETF",
      "cat2": "ETF",
      "exp1": null,
      "exp2": null,
      "fam1": null,
      "fam2": null
    },
    {
      "t1": "SGLN.AS",
      "t2": "VWCE.DE",
      "corr_hybrid": 0.3004,
      "corr_structured": null,
      "cat1": "ETF",
      "cat2": "ETF",
      "exp1": null,
      "exp2": null,
      "fam1": null,
      "fam2": null
    },
    {
      "t1": "LUPIN",
      "t2": "PUB",
      "corr_hybrid": 0.297,
      "corr_structured": null,
      "cat1": "Act",
      "cat2": "Act",
      "exp1": null,
      "exp2": null,
      "fam1": null,
      "fam2": null
    },
    {
      "t1": "LOGN",
      "t2": "PUB",
      "corr_hybrid": 0.2963,
      "corr_structured": null,
      "cat1": "Act",
      "cat2": "Act",
      "exp1": null,
      "exp2": null,
      "fam1": null,
      "fam2": null
    },
    {
      "t1": "BVI",
      "t2": "EXPD",
      "corr_hybrid": 0.2755,
      "corr_structured": null,
      "cat1": "Act",
      "cat2": "Act",
      "exp1": null,
      "exp2": null,
      "fam1": null,
      "fam2": null
    },
    {
      "t1": "NOVN",
      "t2": "PUB",
      "corr_hybrid": 0.2697,
      "corr_structured": null,
      "cat1": "Act",
      "cat2": "Act",
      "exp1": null,
      "exp2": null,
      "fam1": null,
      "fam2": null
    },
    {
      "t1": "BVI",
      "t2": "LUPIN",
      "corr_hybrid": 0.2679,
      "corr_structured": null,
      "cat1": "Act",
      "cat2": "Act",
      "exp1": null,
      "exp2": null,
      "fam1": null,
      "fam2": null
    },
    {
      "t1": "HEROMOTOCO",
      "t2": "NTGY",
      "corr_hybrid": 0.2662,
      "corr_structured": null,
      "cat1": "Act",
      "cat2": "Act",
      "exp1": null,
      "exp2": null,
      "fam1": null,
      "fam2": null
    },
    {
      "t1": "IWDA.AS",
      "t2": "LOGN",
      "corr_hybrid": 0.2596,
      "corr_structured": null,
      "cat1": "ETF",
      "cat2": "Act",
      "exp1": null,
      "exp2": null,
      "fam1": null,
      "fam2": null
    },
    {
      "t1": "LOGN",
      "t2": "SGLN.AS",
      "corr_hybrid": 0.2596,
      "corr_structured": null,
      "cat1": "Act",
      "cat2": "ETF",
      "exp1": null,
      "exp2": null,
      "fam1": null,
      "fam2": null
    },
    {
      "t1": "LOGN",
      "t2": "VWCE.DE",
      "corr_hybrid": 0.2596,
      "corr_structured": null,
      "cat1": "Act",
      "cat2": "ETF",
      "exp1": null,
      "exp2": null,
      "fam1": null,
      "fam2": null
    }
  ],
  "all_pairs_bottom_10": [
    {
      "t1": "AGGH.AS",
      "t2": "CF",
      "corr_hybrid": 0.0338,
      "corr_structured": null,
      "cat1": "Obl",
      "cat2": "Act",
      "exp1": null,
      "exp2": null,
      "fam1": null,
      "fam2": null
    },
    {
      "t1": "CF",
      "t2": "IBCI.AS",
      "corr_hybrid": 0.0338,
      "corr_structured": null,
      "cat1": "Act",
      "cat2": "Obl",
      "exp1": null,
      "exp2": null,
      "fam1": null,
      "fam2": null
    },
    {
      "t1": "CF",
      "t2": "IBGS.AS",
      "corr_hybrid": 0.0338,
      "corr_structured": null,
      "cat1": "Act",
      "cat2": "Obl",
      "exp1": null,
      "exp2": null,
      "fam1": null,
      "fam2": null
    },
    {
      "t1": "CF",
      "t2": "LUPIN",
      "corr_hybrid": 0.0315,
      "corr_structured": null,
      "cat1": "Act",
      "cat2": "Act",
      "exp1": null,
      "exp2": null,
      "fam1": null,
      "fam2": null
    },
    {
      "t1": "BVI",
      "t2": "CF",
      "corr_hybrid": 0.0284,
      "corr_structured": null,
      "cat1": "Act",
      "cat2": "Act",
      "exp1": null,
      "exp2": null,
      "fam1": null,
      "fam2": null
    },
    {
      "t1": "CF",
      "t2": "NTGY",
      "corr_hybrid": 0.0255,
      "corr_structured": null,
      "cat1": "Act",
      "cat2": "Act",
      "exp1": null,
      "exp2": null,
      "fam1": null,
      "fam2": null
    },
    {
      "t1": "AGGH.AS",
      "t2": "IBCI.AS",
      "corr_hybrid": 0.0149,
      "corr_structured": null,
      "cat1": "Obl",
      "cat2": "Obl",
      "exp1": null,
      "exp2": null,
      "fam1": null,
      "fam2": null
    },
    {
      "t1": "AGGH.AS",
      "t2": "IBGS.AS",
      "corr_hybrid": 0.0149,
      "corr_structured": null,
      "cat1": "Obl",
      "cat2": "Obl",
      "exp1": null,
      "exp2": null,
      "fam1": null,
      "fam2": null
    },
    {
      "t1": "IBCI.AS",
      "t2": "IBGS.AS",
      "corr_hybrid": 0.0149,
      "corr_structured": null,
      "cat1": "Obl",
      "cat2": "Obl",
      "exp1": null,
      "exp2": null,
      "fam1": null,
      "fam2": null
    },
    {
      "t1": "EXPD",
      "t2": "LOGN",
      "corr_hybrid": 0.0131,
      "corr_structured": null,
      "cat1": "Act",
      "cat2": "Act",
      "exp1": null,
      "exp2": null,
      "fam1": null,
      "fam2": null
    }
  ],
  "correlation_matrix": {
    "tickers": [
      "ADM",
      "AGGH.AS",
      "BVI",
      "CF",
      "EXPD",
      "HEROMOTOCO",
      "IBCI.AS",
      "IBGS.AS",
      "IWDA.AS",
      "LOGN",
      "LUPIN",
      "NOVN",
      "NTGY",
      "PUB",
      "SGLN.AS",
      "VWCE.DE"
    ],
    "matrix": [
      [
        1.0,
        0.0471,
        0.1569,
        0.492,
        0.0814,
        0.3244,
        0.0471,
        0.0471,
        0.2061,
        0.1911,
        0.1326,
        0.1589,
        0.1018,
        0.1503,
        0.2061,
        0.2061
      ],
      [
        0.0471,
        1.0,
        0.0696,
        0.0338,
        0.0376,
        0.0995,
        0.0149,
        0.0149,
        0.0668,
        0.0572,
        0.0545,
        0.0513,
        0.0406,
        0.075,
        0.0668,
        0.0668
      ],
      [
        0.1569,
        0.0696,
        1.0,
        0.0284,
        0.2755,
        0.4695,
        0.0696,
        0.0696,
        0.3123,
        0.2514,
        0.2679,
        0.2328,
        0.1956,
        0.3745,
        0.3123,
        0.3123
      ],
      [
        0.492,
        0.0338,
        0.0284,
        1.0,
        0.1301,
        0.2585,
        0.0338,
        0.0338,
        0.1369,
        0.1336,
        0.0315,
        0.0954,
        0.0255,
        -0.0377,
        0.1369,
        0.1369
      ],
      [
        0.0814,
        0.0376,
        0.2755,
        0.1301,
        1.0,
        0.3263,
        0.0376,
        0.0376,
        0.1482,
        0.0131,
        0.1267,
        0.04,
        0.0628,
        0.1194,
        0.1482,
        0.1482
      ],
      [
        0.3244,
        0.0995,
        0.4695,
        0.2585,
        0.3263,
        1.0,
        0.0995,
        0.0995,
        0.4444,
        0.3718,
        0.3606,
        0.3352,
        0.2662,
        0.489,
        0.4444,
        0.4444
      ],
      [
        0.0471,
        0.0149,
        0.0696,
        0.0338,
        0.0376,
        0.0995,
        1.0,
        0.0149,
        0.0668,
        0.0572,
        0.0545,
        0.0513,
        0.0406,
        0.075,
        0.0668,
        0.0668
      ],
      [
        0.0471,
        0.0149,
        0.0696,
        0.0338,
        0.0376,
        0.0995,
        0.0149,
        1.0,
        0.0668,
        0.0572,
        0.0545,
        0.0513,
        0.0406,
        0.075,
        0.0668,
        0.0668
      ],
      [
        0.2061,
        0.0668,
        0.3123,
        0.1369,
        0.1482,
        0.4444,
        0.0668,
        0.0668,
        1.0,
        0.2596,
        0.2464,
        0.2327,
        0.1843,
        0.3415,
        0.3004,
        0.3004
      ],
      [
        0.1911,
        0.0572,
        0.2514,
        0.1336,
        0.0131,
        0.3718,
        0.0572,
        0.0572,
        0.2596,
        1.0,
        0.2101,
        0.2103,
        0.1613,
        0.2963,
        0.2596,
        0.2596
      ],
      [
        0.1326,
        0.0545,
        0.2679,
        0.0315,
        0.1267,
        0.3606,
        0.0545,
        0.0545,
        0.2464,
        0.2101,
        1.0,
        0.1909,
        0.1561,
        0.297,
        0.2464,
        0.2464
      ],
      [
        0.1589,
        0.0513,
        0.2328,
        0.0954,
        0.04,
        0.3352,
        0.0513,
        0.0513,
        0.2327,
        0.2103,
        0.1909,
        1.0,
        0.1454,
        0.2697,
        0.2327,
        0.2327
      ],
      [
        0.1018,
        0.0406,
        0.1956,
        0.0255,
        0.0628,
        0.2662,
        0.0406,
        0.0406,
        0.1843,
        0.1613,
        0.1561,
        0.1454,
        1.0,
        0.223,
        0.1843,
        0.1843
      ],
      [
        0.1503,
        0.075,
        0.3745,
        -0.0377,
        0.1194,
        0.489,
        0.075,
        0.075,
        0.3415,
        0.2963,
        0.297,
        0.2697,
        0.223,
        1.0,
        0.3415,
        0.3415
      ],
      [
        0.2061,
        0.0668,
        0.3123,
        0.1369,
        0.1482,
        0.4444,
        0.0668,
        0.0668,
        0.3004,
        0.2596,
        0.2464,
        0.2327,
        0.1843,
        0.3415,
        1.0,
        0.3004
      ],
      [
        0.2061,
        0.0668,
        0.3123,
        0.1369,
        0.1482,
        0.4444,
        0.0668,
        0.0668,
        0.3004,
        0.2596,
        0.2464,
        0.2327,
        0.1843,
        0.3415,
        0.3004,
        1.0
      ]
    ]
  }
}