{
  "_meta": {
    "generated": "2026-04-03T14:07:21",
    "portfolio_generated": "2026-04-03T14:03:27.843850",
    "n_assets": 40,
    "n_with_returns": 32,
    "covariance_method": "hybrid_shrunk",
    "condition_number": 501.96,
    "pca_factors": 4
  },
  "profiles": {
    "Agressif": {
      "n_assets": 16,
      "weighted_avg_correlation": 0.2653,
      "most_correlated": [
        {
          "t1": "MU",
          "t2": "SOXX",
          "corr": 0.8169,
          "w1": 6.7,
          "w2": 6.6,
          "combined_weight": 13.3
        },
        {
          "t1": "VRT",
          "t2": "MU",
          "corr": 0.7834,
          "w1": 4.6,
          "w2": 6.7,
          "combined_weight": 11.2
        },
        {
          "t1": "VRT",
          "t2": "SOXX",
          "corr": 0.7724,
          "w1": 4.6,
          "w2": 6.6,
          "combined_weight": 11.2
        },
        {
          "t1": "NVDA",
          "t2": "SOXX",
          "corr": 0.7166,
          "w1": 3.3,
          "w2": 6.6,
          "combined_weight": 9.9
        },
        {
          "t1": "SLV",
          "t2": "GLD",
          "corr": 0.7083,
          "w1": 7.0,
          "w2": 10.3,
          "combined_weight": 17.3
        },
        {
          "t1": "NVDA",
          "t2": "MU",
          "corr": 0.7046,
          "w1": 3.3,
          "w2": 6.7,
          "combined_weight": 9.9
        },
        {
          "t1": "SLVP",
          "t2": "SLV",
          "corr": 0.6858,
          "w1": 4.6,
          "w2": 7.0,
          "combined_weight": 11.6
        },
        {
          "t1": "VRT",
          "t2": "NVDA",
          "corr": 0.6799,
          "w1": 4.6,
          "w2": 3.3,
          "combined_weight": 7.9
        },
        {
          "t1": "BKR",
          "t2": "XLE",
          "corr": 0.6425,
          "w1": 6.7,
          "w2": 8.6,
          "combined_weight": 15.2
        },
        {
          "t1": "FLKR",
          "t2": "SOXX",
          "corr": 0.642,
          "w1": 5.9,
          "w2": 6.6,
          "combined_weight": 12.5
        }
      ],
      "least_correlated": [
        {
          "t1": "VRT",
          "t2": "PAAA",
          "corr": 0.012,
          "w1": 4.6,
          "w2": 8.9,
          "combined_weight": 13.4
        },
        {
          "t1": "VRT",
          "t2": "SGOV",
          "corr": 0.012,
          "w1": 4.6,
          "w2": 5.9,
          "combined_weight": 10.5
        },
        {
          "t1": "INCY",
          "t2": "SLV",
          "corr": -0.0121,
          "w1": 3.0,
          "w2": 7.0,
          "combined_weight": 10.0
        },
        {
          "t1": "INCY",
          "t2": "GLD",
          "corr": -0.0124,
          "w1": 3.0,
          "w2": 10.3,
          "combined_weight": 13.3
        },
        {
          "t1": "XLE",
          "t2": "SLVP",
          "corr": -0.0161,
          "w1": 8.6,
          "w2": 4.6,
          "combined_weight": 13.2
        }
      ],
      "high_corr_high_weight": [
        {
          "t1": "MU",
          "t2": "SOXX",
          "corr": 0.8169,
          "w1": 6.7,
          "w2": 6.6,
          "combined_weight": 13.3
        },
        {
          "t1": "VRT",
          "t2": "MU",
          "corr": 0.7834,
          "w1": 4.6,
          "w2": 6.7,
          "combined_weight": 11.2
        },
        {
          "t1": "VRT",
          "t2": "SOXX",
          "corr": 0.7724,
          "w1": 4.6,
          "w2": 6.6,
          "combined_weight": 11.2
        },
        {
          "t1": "SLV",
          "t2": "GLD",
          "corr": 0.7083,
          "w1": 7.0,
          "w2": 10.3,
          "combined_weight": 17.3
        }
      ]
    },
    "Mod\u00e9r\u00e9": {
      "n_assets": 15,
      "weighted_avg_correlation": 0.2318,
      "most_correlated": [
        {
          "t1": "SCHD",
          "t2": "HDV",
          "corr": 0.6445,
          "w1": 6.4,
          "w2": 7.8,
          "combined_weight": 14.2
        },
        {
          "t1": "EOG",
          "t2": "CF",
          "corr": 0.5992,
          "w1": 6.3,
          "w2": 4.9,
          "combined_weight": 11.2
        },
        {
          "t1": "SCHY",
          "t2": "VSS",
          "corr": 0.5757,
          "w1": 6.1,
          "w2": 7.7,
          "combined_weight": 13.7
        },
        {
          "t1": "RIO",
          "t2": "VSS",
          "corr": 0.5713,
          "w1": 7.4,
          "w2": 7.7,
          "combined_weight": 15.1
        },
        {
          "t1": "SCHD",
          "t2": "VSS",
          "corr": 0.5708,
          "w1": 6.4,
          "w2": 7.7,
          "combined_weight": 14.0
        },
        {
          "t1": "SCHD",
          "t2": "XLV",
          "corr": 0.567,
          "w1": 6.4,
          "w2": 3.1,
          "combined_weight": 9.4
        },
        {
          "t1": "SCHY",
          "t2": "SCHD",
          "corr": 0.5546,
          "w1": 6.1,
          "w2": 6.4,
          "combined_weight": 12.4
        },
        {
          "t1": "SCHD",
          "t2": "EOG",
          "corr": 0.5328,
          "w1": 6.4,
          "w2": 6.3,
          "combined_weight": 12.6
        },
        {
          "t1": "SCHY",
          "t2": "HDV",
          "corr": 0.5314,
          "w1": 6.1,
          "w2": 7.8,
          "combined_weight": 13.9
        },
        {
          "t1": "HDV",
          "t2": "XLV",
          "corr": 0.5312,
          "w1": 7.8,
          "w2": 3.1,
          "combined_weight": 10.9
        }
      ],
      "least_correlated": [
        {
          "t1": "VGSH",
          "t2": "CF",
          "corr": 0.0192,
          "w1": 9.2,
          "w2": 4.9,
          "combined_weight": 14.1
        },
        {
          "t1": "STIP",
          "t2": "CF",
          "corr": 0.0192,
          "w1": 9.0,
          "w2": 4.9,
          "combined_weight": 13.9
        },
        {
          "t1": "CF",
          "t2": "XLV",
          "corr": -0.0028,
          "w1": 4.9,
          "w2": 3.1,
          "combined_weight": 8.0
        },
        {
          "t1": "ITX",
          "t2": "GLD",
          "corr": -0.0078,
          "w1": 5.0,
          "w2": 8.1,
          "combined_weight": 13.2
        },
        {
          "t1": "CF",
          "t2": "ITX",
          "corr": -0.0171,
          "w1": 4.9,
          "w2": 5.0,
          "combined_weight": 9.9
        }
      ],
      "high_corr_high_weight": []
    },
    "Stable": {
      "n_assets": 16,
      "weighted_avg_correlation": 0.121,
      "most_correlated": [
        {
          "t1": "SPYV",
          "t2": "XLV",
          "corr": 0.5804,
          "w1": 4.3,
          "w2": 4.4,
          "combined_weight": 8.7
        },
        {
          "t1": "ACWV",
          "t2": "SPYV",
          "corr": 0.5736,
          "w1": 4.7,
          "w2": 4.3,
          "combined_weight": 8.9
        },
        {
          "t1": "ACWV",
          "t2": "XLV",
          "corr": 0.5459,
          "w1": 4.7,
          "w2": 4.4,
          "combined_weight": 9.1
        },
        {
          "t1": "ACWV",
          "t2": "SPLV",
          "corr": 0.5321,
          "w1": 4.7,
          "w2": 4.7,
          "combined_weight": 9.3
        },
        {
          "t1": "SPLV",
          "t2": "SPYV",
          "corr": 0.5252,
          "w1": 4.7,
          "w2": 4.3,
          "combined_weight": 8.9
        },
        {
          "t1": "SPLV",
          "t2": "XLV",
          "corr": 0.5168,
          "w1": 4.7,
          "w2": 4.4,
          "combined_weight": 9.1
        },
        {
          "t1": "SPYV",
          "t2": "GD",
          "corr": 0.4917,
          "w1": 4.3,
          "w2": 3.8,
          "combined_weight": 8.1
        },
        {
          "t1": "EOG",
          "t2": "SPYV",
          "corr": 0.4601,
          "w1": 4.5,
          "w2": 4.3,
          "combined_weight": 8.8
        },
        {
          "t1": "ACWV",
          "t2": "GD",
          "corr": 0.4435,
          "w1": 4.7,
          "w2": 3.8,
          "combined_weight": 8.5
        },
        {
          "t1": "SPLV",
          "t2": "VICI",
          "corr": 0.4433,
          "w1": 4.7,
          "w2": 4.5,
          "combined_weight": 9.2
        }
      ],
      "least_correlated": [
        {
          "t1": "BSV",
          "t2": "STIP",
          "corr": 0.0193,
          "w1": 10.3,
          "w2": 13.0,
          "combined_weight": 23.3
        },
        {
          "t1": "CLTL",
          "t2": "VGSH",
          "corr": 0.0193,
          "w1": 10.8,
          "w2": 13.0,
          "combined_weight": 23.8
        },
        {
          "t1": "CLTL",
          "t2": "STIP",
          "corr": 0.0193,
          "w1": 10.8,
          "w2": 13.0,
          "combined_weight": 23.8
        },
        {
          "t1": "VGSH",
          "t2": "STIP",
          "corr": 0.0193,
          "w1": 13.0,
          "w2": 13.0,
          "combined_weight": 26.0
        },
        {
          "t1": "SCHP",
          "t2": "GLD",
          "corr": 0.0178,
          "w1": 4.5,
          "w2": 5.0,
          "combined_weight": 9.4
        }
      ],
      "high_corr_high_weight": []
    }
  },
  "all_pairs_top_30": [
    {
      "t1": "MU",
      "t2": "SOXX",
      "corr_hybrid": 0.8169,
      "corr_structured": null,
      "cat1": "Act",
      "cat2": "ETF",
      "exp1": null,
      "exp2": "semiconductor",
      "fam1": null,
      "fam2": "sector_tech"
    },
    {
      "t1": "MU",
      "t2": "VRT",
      "corr_hybrid": 0.7834,
      "corr_structured": null,
      "cat1": "Act",
      "cat2": "Act",
      "exp1": null,
      "exp2": null,
      "fam1": null,
      "fam2": null
    },
    {
      "t1": "SOXX",
      "t2": "VRT",
      "corr_hybrid": 0.7724,
      "corr_structured": null,
      "cat1": "ETF",
      "cat2": "Act",
      "exp1": "semiconductor",
      "exp2": null,
      "fam1": "sector_tech",
      "fam2": null
    },
    {
      "t1": "NVDA",
      "t2": "SOXX",
      "corr_hybrid": 0.7166,
      "corr_structured": null,
      "cat1": "Act",
      "cat2": "ETF",
      "exp1": null,
      "exp2": "semiconductor",
      "fam1": null,
      "fam2": "sector_tech"
    },
    {
      "t1": "GLD",
      "t2": "SLV",
      "corr_hybrid": 0.7083,
      "corr_structured": 0.85,
      "cat1": "ETF",
      "cat2": "ETF",
      "exp1": "gold_physical",
      "exp2": "silver_physical",
      "fam1": "gold",
      "fam2": "precious_metals"
    },
    {
      "t1": "MU",
      "t2": "NVDA",
      "corr_hybrid": 0.7046,
      "corr_structured": null,
      "cat1": "Act",
      "cat2": "Act",
      "exp1": null,
      "exp2": null,
      "fam1": null,
      "fam2": null
    },
    {
      "t1": "EOG",
      "t2": "XLE",
      "corr_hybrid": 0.6953,
      "corr_structured": null,
      "cat1": "Act",
      "cat2": "ETF",
      "exp1": null,
      "exp2": "energy",
      "fam1": null,
      "fam2": "sector_energy"
    },
    {
      "t1": "SLV",
      "t2": "SLVP",
      "corr_hybrid": 0.6858,
      "corr_structured": 0.9,
      "cat1": "ETF",
      "cat2": "ETF",
      "exp1": "silver_physical",
      "exp2": "silver_miners",
      "fam1": "precious_metals",
      "fam2": "precious_metals"
    },
    {
      "t1": "NVDA",
      "t2": "VRT",
      "corr_hybrid": 0.6799,
      "corr_structured": null,
      "cat1": "Act",
      "cat2": "Act",
      "exp1": null,
      "exp2": null,
      "fam1": null,
      "fam2": null
    },
    {
      "t1": "SCHD",
      "t2": "SPYV",
      "corr_hybrid": 0.6726,
      "corr_structured": 0.8,
      "cat1": "ETF",
      "cat2": "ETF",
      "exp1": "dividend",
      "exp2": "sp500_value",
      "fam1": "factor_dividend",
      "fam2": "factor_value"
    },
    {
      "t1": "HDV",
      "t2": "SCHD",
      "corr_hybrid": 0.6445,
      "corr_structured": 0.95,
      "cat1": "ETF",
      "cat2": "ETF",
      "exp1": "dividend",
      "exp2": "dividend",
      "fam1": "factor_dividend",
      "fam2": "factor_dividend"
    },
    {
      "t1": "BKR",
      "t2": "XLE",
      "corr_hybrid": 0.6425,
      "corr_structured": null,
      "cat1": "Act",
      "cat2": "ETF",
      "exp1": null,
      "exp2": "energy",
      "fam1": null,
      "fam2": "sector_energy"
    },
    {
      "t1": "FLKR",
      "t2": "SOXX",
      "corr_hybrid": 0.642,
      "corr_structured": 0.2,
      "cat1": "ETF",
      "cat2": "ETF",
      "exp1": "south_korea",
      "exp2": "semiconductor",
      "fam1": "em_equity",
      "fam2": "sector_tech"
    },
    {
      "t1": "SPYV",
      "t2": "VSS",
      "corr_hybrid": 0.6364,
      "corr_structured": 0.2,
      "cat1": "ETF",
      "cat2": "ETF",
      "exp1": "sp500_value",
      "exp2": "intl_small_cap",
      "fam1": "factor_value",
      "fam2": null
    },
    {
      "t1": "SOXX",
      "t2": "SPYV",
      "corr_hybrid": 0.6358,
      "corr_structured": 0.2,
      "cat1": "ETF",
      "cat2": "ETF",
      "exp1": "semiconductor",
      "exp2": "sp500_value",
      "fam1": "sector_tech",
      "fam2": "factor_value"
    },
    {
      "t1": "SOXX",
      "t2": "VSS",
      "corr_hybrid": 0.6101,
      "corr_structured": 0.2,
      "cat1": "ETF",
      "cat2": "ETF",
      "exp1": "semiconductor",
      "exp2": "intl_small_cap",
      "fam1": "sector_tech",
      "fam2": null
    },
    {
      "t1": "SCHD",
      "t2": "XLE",
      "corr_hybrid": 0.6017,
      "corr_structured": 0.2,
      "cat1": "ETF",
      "cat2": "ETF",
      "exp1": "dividend",
      "exp2": "energy",
      "fam1": "factor_dividend",
      "fam2": "sector_energy"
    },
    {
      "t1": "BKR",
      "t2": "EOG",
      "corr_hybrid": 0.6015,
      "corr_structured": null,
      "cat1": "Act",
      "cat2": "Act",
      "exp1": null,
      "exp2": null,
      "fam1": null,
      "fam2": null
    },
    {
      "t1": "CF",
      "t2": "EOG",
      "corr_hybrid": 0.5992,
      "corr_structured": null,
      "cat1": "Act",
      "cat2": "Act",
      "exp1": null,
      "exp2": null,
      "fam1": null,
      "fam2": null
    },
    {
      "t1": "HDV",
      "t2": "SPYV",
      "corr_hybrid": 0.5969,
      "corr_structured": 0.8,
      "cat1": "ETF",
      "cat2": "ETF",
      "exp1": "dividend",
      "exp2": "sp500_value",
      "fam1": "factor_dividend",
      "fam2": "factor_value"
    },
    {
      "t1": "FLKR",
      "t2": "MU",
      "corr_hybrid": 0.5929,
      "corr_structured": null,
      "cat1": "ETF",
      "cat2": "Act",
      "exp1": "south_korea",
      "exp2": null,
      "fam1": "em_equity",
      "fam2": null
    },
    {
      "t1": "BKR",
      "t2": "SCHD",
      "corr_hybrid": 0.5917,
      "corr_structured": null,
      "cat1": "Act",
      "cat2": "ETF",
      "exp1": null,
      "exp2": "dividend",
      "fam1": null,
      "fam2": "factor_dividend"
    },
    {
      "t1": "ACWV",
      "t2": "SCHD",
      "corr_hybrid": 0.5815,
      "corr_structured": 0.72,
      "cat1": "ETF",
      "cat2": "ETF",
      "exp1": "min_vol",
      "exp2": "dividend",
      "fam1": "factor_min_vol",
      "fam2": "factor_dividend"
    },
    {
      "t1": "SPYV",
      "t2": "XLV",
      "corr_hybrid": 0.5804,
      "corr_structured": 0.2,
      "cat1": "ETF",
      "cat2": "ETF",
      "exp1": "sp500_value",
      "exp2": "healthcare",
      "fam1": "factor_value",
      "fam2": "sector_healthcare"
    },
    {
      "t1": "SPYV",
      "t2": "XBI",
      "corr_hybrid": 0.5774,
      "corr_structured": 0.2,
      "cat1": "ETF",
      "cat2": "ETF",
      "exp1": "sp500_value",
      "exp2": "biotech",
      "fam1": "factor_value",
      "fam2": "sector_healthcare"
    },
    {
      "t1": "SCHY",
      "t2": "VSS",
      "corr_hybrid": 0.5757,
      "corr_structured": 0.2,
      "cat1": "ETF",
      "cat2": "ETF",
      "exp1": "international",
      "exp2": "intl_small_cap",
      "fam1": "intl_equity",
      "fam2": null
    },
    {
      "t1": "BKR",
      "t2": "SPYV",
      "corr_hybrid": 0.5753,
      "corr_structured": null,
      "cat1": "Act",
      "cat2": "ETF",
      "exp1": null,
      "exp2": "sp500_value",
      "fam1": null,
      "fam2": "factor_value"
    },
    {
      "t1": "REMX",
      "t2": "VSS",
      "corr_hybrid": 0.5743,
      "corr_structured": 0.2,
      "cat1": "ETF",
      "cat2": "ETF",
      "exp1": "rare_earth",
      "exp2": "intl_small_cap",
      "fam1": null,
      "fam2": null
    },
    {
      "t1": "ACWV",
      "t2": "SPYV",
      "corr_hybrid": 0.5736,
      "corr_structured": 0.2,
      "cat1": "ETF",
      "cat2": "ETF",
      "exp1": "min_vol",
      "exp2": "sp500_value",
      "fam1": "factor_min_vol",
      "fam2": "factor_value"
    },
    {
      "t1": "SCHY",
      "t2": "SPYV",
      "corr_hybrid": 0.5715,
      "corr_structured": 0.2,
      "cat1": "ETF",
      "cat2": "ETF",
      "exp1": "international",
      "exp2": "sp500_value",
      "fam1": "intl_equity",
      "fam2": "factor_value"
    }
  ],
  "all_pairs_bottom_10": [
    {
      "t1": "SCHO",
      "t2": "VRT",
      "corr_hybrid": 0.012,
      "corr_structured": null,
      "cat1": "Obl",
      "cat2": "Act",
      "exp1": "bonds_short_treasury",
      "exp2": null,
      "fam1": "bonds_short",
      "fam2": null
    },
    {
      "t1": "SGOV",
      "t2": "VRT",
      "corr_hybrid": 0.012,
      "corr_structured": null,
      "cat1": "Obl",
      "cat2": "Act",
      "exp1": "bonds_tbill",
      "exp2": null,
      "fam1": "bonds_short",
      "fam2": null
    },
    {
      "t1": "STIP",
      "t2": "VRT",
      "corr_hybrid": 0.012,
      "corr_structured": null,
      "cat1": "Obl",
      "cat2": "Act",
      "exp1": "bonds_tips",
      "exp2": null,
      "fam1": "bonds_gov",
      "fam2": null
    },
    {
      "t1": "VGSH",
      "t2": "VRT",
      "corr_hybrid": 0.012,
      "corr_structured": null,
      "cat1": "Obl",
      "cat2": "Act",
      "exp1": "bonds_short_treasury",
      "exp2": null,
      "fam1": "bonds_short",
      "fam2": null
    },
    {
      "t1": "ITX",
      "t2": "SLV",
      "corr_hybrid": -0.0111,
      "corr_structured": null,
      "cat1": "Act",
      "cat2": "ETF",
      "exp1": null,
      "exp2": "silver_physical",
      "fam1": null,
      "fam2": "precious_metals"
    },
    {
      "t1": "GLD",
      "t2": "ITX",
      "corr_hybrid": -0.0078,
      "corr_structured": null,
      "cat1": "ETF",
      "cat2": "Act",
      "exp1": "gold_physical",
      "exp2": null,
      "fam1": "gold",
      "fam2": null
    },
    {
      "t1": "CF",
      "t2": "SOXX",
      "corr_hybrid": 0.0052,
      "corr_structured": null,
      "cat1": "Act",
      "cat2": "ETF",
      "exp1": null,
      "exp2": "semiconductor",
      "fam1": null,
      "fam2": "sector_tech"
    },
    {
      "t1": "SCHP",
      "t2": "SLV",
      "corr_hybrid": 0.0045,
      "corr_structured": 0.2,
      "cat1": "Act",
      "cat2": "ETF",
      "exp1": "bonds_tips",
      "exp2": "silver_physical",
      "fam1": "bonds_gov",
      "fam2": "precious_metals"
    },
    {
      "t1": "JNJ",
      "t2": "NVDA",
      "corr_hybrid": 0.0033,
      "corr_structured": null,
      "cat1": "Act",
      "cat2": "Act",
      "exp1": null,
      "exp2": null,
      "fam1": null,
      "fam2": null
    },
    {
      "t1": "CF",
      "t2": "XLV",
      "corr_hybrid": -0.0028,
      "corr_structured": null,
      "cat1": "Act",
      "cat2": "ETF",
      "exp1": null,
      "exp2": "healthcare",
      "fam1": null,
      "fam2": "sector_healthcare"
    }
  ],
  "correlation_matrix": {
    "tickers": [
      "ACWV",
      "AGS",
      "BKR",
      "BSV",
      "CF",
      "CLTL",
      "EOG",
      "FLKR",
      "GD",
      "GLD",
      "GOOGL",
      "HDV",
      "INCY",
      "ITX",
      "JNJ",
      "MU",
      "NVDA",
      "PAAA",
      "PG",
      "REMX",
      "RIO",
      "SCHD",
      "SCHO",
      "SCHP",
      "SCHY",
      "SGOV",
      "SLV",
      "SLVP",
      "SOXX",
      "SPLV",
      "SPYV",
      "STIP",
      "ULVR",
      "VGSH",
      "VICI",
      "VRT",
      "VSS",
      "XBI",
      "XLE",
      "XLV"
    ],
    "matrix": [
      [
        1.0,
        0.3814,
        0.4268,
        0.102,
        0.0859,
        0.102,
        0.3289,
        0.3702,
        0.4435,
        0.1749,
        0.3341,
        0.5599,
        0.428,
        0.1513,
        0.3938,
        0.2477,
        0.2558,
        0.102,
        0.3843,
        0.4028,
        0.4379,
        0.5815,
        0.102,
        0.2499,
        0.5386,
        0.102,
        0.203,
        0.214,
        0.3752,
        0.5321,
        0.5736,
        0.102,
        0.1192,
        0.102,
        0.4314,
        0.1635,
        0.532,
        0.4994,
        0.4066,
        0.5459
      ],
      [
        0.3814,
        1.0,
        0.352,
        0.0709,
        0.1852,
        0.0709,
        0.3297,
        0.1897,
        0.3347,
        0.0482,
        0.192,
        0.4272,
        0.284,
        0.1052,
        0.2795,
        0.1252,
        0.1588,
        0.0709,
        0.2777,
        0.2177,
        0.2693,
        0.4431,
        0.0709,
        0.1933,
        0.3469,
        0.0709,
        0.0466,
        0.0224,
        0.2187,
        0.3912,
        0.4018,
        0.0709,
        0.0733,
        0.0709,
        0.3282,
        0.0808,
        0.322,
        0.3106,
        0.3702,
        0.3692
      ],
      [
        0.4268,
        0.352,
        1.0,
        0.0732,
        0.4134,
        0.0732,
        0.6015,
        0.3465,
        0.4367,
        0.1624,
        0.2862,
        0.5302,
        0.2779,
        0.1008,
        0.2133,
        0.4043,
        0.4217,
        0.0732,
        0.2008,
        0.3858,
        0.4457,
        0.5917,
        0.0732,
        0.1829,
        0.4216,
        0.0732,
        0.2239,
        0.0478,
        0.5021,
        0.413,
        0.5753,
        0.0732,
        0.0665,
        0.0732,
        0.3544,
        0.4174,
        0.4847,
        0.3816,
        0.6425,
        0.3953
      ],
      [
        0.102,
        0.0709,
        0.0732,
        1.0,
        0.0192,
        0.0193,
        0.0581,
        0.0576,
        0.081,
        0.0364,
        0.0522,
        0.1039,
        0.0752,
        0.0271,
        0.0778,
        0.0268,
        0.0312,
        0.0193,
        0.0768,
        0.0708,
        0.0782,
        0.1041,
        0.0193,
        0.0479,
        0.0983,
        0.0193,
        0.0399,
        0.0423,
        0.0521,
        0.1003,
        0.0982,
        0.0193,
        0.0221,
        0.0193,
        0.0827,
        0.012,
        0.0925,
        0.0865,
        0.0717,
        0.0985
      ],
      [
        0.0859,
        0.1852,
        0.4134,
        0.0192,
        1.0,
        0.0192,
        0.5992,
        -0.1103,
        0.219,
        0.1168,
        -0.1239,
        0.2807,
        -0.0976,
        -0.0171,
        0.038,
        -0.0557,
        0.0415,
        0.0192,
        0.0456,
        0.0728,
        0.1661,
        0.274,
        0.0192,
        0.0766,
        0.0612,
        0.0192,
        0.1341,
        -0.1602,
        0.0052,
        0.1501,
        0.1436,
        0.0192,
        -0.0221,
        0.0192,
        0.1889,
        0.0763,
        0.0555,
        -0.063,
        0.5612,
        -0.0028
      ],
      [
        0.102,
        0.0709,
        0.0732,
        0.0193,
        0.0192,
        1.0,
        0.0581,
        0.0576,
        0.081,
        0.0364,
        0.0522,
        0.1039,
        0.0752,
        0.0271,
        0.0778,
        0.0268,
        0.0312,
        0.0193,
        0.0768,
        0.0708,
        0.0782,
        0.1041,
        0.0193,
        0.0479,
        0.0983,
        0.0193,
        0.0399,
        0.0423,
        0.0521,
        0.1003,
        0.0982,
        0.0193,
        0.0221,
        0.0193,
        0.0827,
        0.012,
        0.0925,
        0.0865,
        0.0717,
        0.0985
      ],
      [
        0.3289,
        0.3297,
        0.6015,
        0.0581,
        0.5992,
        0.0581,
        1.0,
        0.1782,
        0.3979,
        0.1257,
        0.1415,
        0.4902,
        0.1538,
        0.0643,
        0.1632,
        0.251,
        0.3095,
        0.0581,
        0.1589,
        0.2731,
        0.3604,
        0.5328,
        0.0581,
        0.1634,
        0.3067,
        0.0581,
        0.1674,
        -0.0787,
        0.3432,
        0.3522,
        0.4601,
        0.0581,
        0.0343,
        0.0581,
        0.3282,
        0.3148,
        0.3425,
        0.2307,
        0.6953,
        0.2718
      ],
      [
        0.3702,
        0.1897,
        0.3465,
        0.0576,
        -0.1103,
        0.0576,
        0.1782,
        1.0,
        0.2828,
        0.2164,
        0.4375,
        0.3179,
        0.3372,
        0.1037,
        0.1409,
        0.5929,
        0.5065,
        0.0576,
        0.1137,
        0.4642,
        0.4319,
        0.3986,
        0.0576,
        0.0947,
        0.4229,
        0.0576,
        0.3161,
        0.3112,
        0.642,
        0.2762,
        0.5204,
        0.0576,
        0.0851,
        0.0576,
        0.1896,
        0.5288,
        0.5485,
        0.4738,
        0.2575,
        0.3971
      ],
      [
        0.4435,
        0.3347,
        0.4367,
        0.081,
        0.219,
        0.081,
        0.3979,
        0.2828,
        1.0,
        0.1411,
        0.2514,
        0.492,
        0.3163,
        0.1147,
        0.2969,
        0.2247,
        0.2466,
        0.081,
        0.2899,
        0.3282,
        0.3752,
        0.5175,
        0.081,
        0.2052,
        0.4266,
        0.081,
        0.1691,
        0.11,
        0.3312,
        0.4369,
        0.4917,
        0.081,
        0.0854,
        0.081,
        0.3658,
        0.1877,
        0.431,
        0.3813,
        0.4498,
        0.4233
      ],
      [
        0.1749,
        0.0482,
        0.1624,
        0.0364,
        0.1168,
        0.0364,
        0.1257,
        0.2164,
        0.1411,
        1.0,
        0.0555,
        0.169,
        -0.0124,
        -0.0078,
        0.091,
        0.0918,
        0.067,
        0.0364,
        0.0768,
        0.4438,
        0.4084,
        0.1324,
        0.0364,
        0.0178,
        0.2723,
        0.0364,
        0.7083,
        0.562,
        0.1593,
        0.1237,
        0.153,
        0.0364,
        0.0423,
        0.0364,
        0.1237,
        0.1565,
        0.3446,
        0.1477,
        0.1621,
        0.099
      ],
      [
        0.3341,
        0.192,
        0.2862,
        0.0522,
        -0.1239,
        0.0522,
        0.1415,
        0.4375,
        0.2514,
        0.0555,
        1.0,
        0.289,
        0.3385,
        0.1078,
        0.1513,
        0.4815,
        0.4182,
        0.0522,
        0.1317,
        0.3195,
        0.3052,
        0.3641,
        0.0522,
        0.1077,
        0.3505,
        0.0522,
        0.1071,
        0.1501,
        0.5225,
        0.2674,
        0.4572,
        0.0522,
        0.0765,
        0.0522,
        0.1822,
        0.398,
        0.4302,
        0.4174,
        0.2086,
        0.3748
      ],
      [
        0.5599,
        0.4272,
        0.5302,
        0.1039,
        0.2807,
        0.1039,
        0.4902,
        0.3179,
        0.492,
        0.169,
        0.289,
        1.0,
        0.3944,
        0.1448,
        0.3943,
        0.2202,
        0.2584,
        0.1039,
        0.3881,
        0.3893,
        0.4535,
        0.6445,
        0.1039,
        0.2679,
        0.5314,
        0.1039,
        0.1933,
        0.1282,
        0.3595,
        0.5609,
        0.5969,
        0.1039,
        0.1084,
        0.1039,
        0.4729,
        0.1714,
        0.5181,
        0.4642,
        0.5534,
        0.5312
      ],
      [
        0.428,
        0.284,
        0.2779,
        0.0752,
        -0.0976,
        0.0752,
        0.1538,
        0.3372,
        0.3163,
        -0.0124,
        0.3385,
        0.3944,
        1.0,
        0.1398,
        0.2959,
        0.2785,
        0.2611,
        0.0752,
        0.2867,
        0.2535,
        0.2702,
        0.4369,
        0.0752,
        0.1919,
        0.4017,
        0.0752,
        -0.0121,
        0.084,
        0.3562,
        0.3992,
        0.4672,
        0.0752,
        0.0982,
        0.0752,
        0.3002,
        0.1628,
        0.3992,
        0.436,
        0.2233,
        0.4626
      ],
      [
        0.1513,
        0.1052,
        0.1008,
        0.0271,
        -0.0171,
        0.0271,
        0.0643,
        0.1037,
        0.1147,
        -0.0078,
        0.1078,
        0.1448,
        0.1398,
        1.0,
        0.1096,
        0.0785,
        0.0778,
        0.0271,
        0.1074,
        0.0811,
        0.0907,
        0.1568,
        0.0271,
        0.0716,
        0.1389,
        0.0271,
        -0.0111,
        0.0191,
        0.1081,
        0.1456,
        0.16,
        0.0271,
        0.0339,
        0.0271,
        0.1123,
        0.04,
        0.1322,
        0.146,
        0.087,
        0.1609
      ],
      [
        0.3938,
        0.2795,
        0.2133,
        0.0778,
        0.038,
        0.0778,
        0.1632,
        0.1409,
        0.2969,
        0.091,
        0.1513,
        0.3943,
        0.2959,
        0.1096,
        1.0,
        -0.0328,
        0.0033,
        0.0778,
        0.3486,
        0.2024,
        0.2388,
        0.3734,
        0.0778,
        0.2055,
        0.3604,
        0.0778,
        0.0737,
        0.129,
        0.0717,
        0.406,
        0.3243,
        0.0778,
        0.0892,
        0.0778,
        0.3373,
        -0.1075,
        0.2927,
        0.3047,
        0.2133,
        0.3814
      ],
      [
        0.2477,
        0.1252,
        0.4043,
        0.0268,
        -0.0557,
        0.0268,
        0.251,
        0.5929,
        0.2247,
        0.0918,
        0.4815,
        0.2202,
        0.2785,
        0.0785,
        -0.0328,
        1.0,
        0.7046,
        0.0268,
        -0.0662,
        0.4092,
        0.3739,
        0.3576,
        0.0268,
        0.0205,
        0.3061,
        0.0268,
        0.2073,
        0.1455,
        0.8169,
        0.1382,
        0.5236,
        0.0268,
        0.0475,
        0.0268,
        0.0664,
        0.7834,
        0.5013,
        0.4236,
        0.3123,
        0.2974
      ],
      [
        0.2558,
        0.1588,
        0.4217,
        0.0312,
        0.0415,
        0.0312,
        0.3095,
        0.5065,
        0.2466,
        0.067,
        0.4182,
        0.2584,
        0.2611,
        0.0778,
        0.0033,
        0.7046,
        1.0,
        0.0312,
        -0.024,
        0.3604,
        0.3477,
        0.379,
        0.0312,
        0.0469,
        0.2943,
        0.0312,
        0.1611,
        0.0817,
        0.7166,
        0.1726,
        0.5015,
        0.0312,
        0.0446,
        0.0312,
        0.1081,
        0.6799,
        0.4542,
        0.3839,
        0.3608,
        0.2914
      ],
      [
        0.102,
        0.0709,
        0.0732,
        0.0193,
        0.0192,
        0.0193,
        0.0581,
        0.0576,
        0.081,
        0.0364,
        0.0522,
        0.1039,
        0.0752,
        0.0271,
        0.0778,
        0.0268,
        0.0312,
        1.0,
        0.0768,
        0.0708,
        0.0782,
        0.1041,
        0.0193,
        0.0479,
        0.0983,
        0.0193,
        0.0399,
        0.0423,
        0.0521,
        0.1003,
        0.0982,
        0.0193,
        0.0221,
        0.0193,
        0.0827,
        0.012,
        0.0925,
        0.0865,
        0.0717,
        0.0985
      ],
      [
        0.3843,
        0.2777,
        0.2008,
        0.0768,
        0.0456,
        0.0768,
        0.1589,
        0.1137,
        0.2899,
        0.0768,
        0.1317,
        0.3881,
        0.2867,
        0.1074,
        0.3486,
        -0.0662,
        -0.024,
        0.0768,
        1.0,
        0.1795,
        0.2193,
        0.3628,
        0.0768,
        0.2066,
        0.3461,
        0.0768,
        0.0524,
        0.1103,
        0.0383,
        0.4025,
        0.3052,
        0.0768,
        0.0868,
        0.0768,
        0.3365,
        -0.14,
        0.269,
        0.287,
        0.2059,
        0.3707
      ],
      [
        0.4028,
        0.2177,
        0.3858,
        0.0708,
        0.0728,
        0.0708,
        0.2731,
        0.4642,
        0.3282,
        0.4438,
        0.3195,
        0.3893,
        0.2535,
        0.0811,
        0.2024,
        0.4092,
        0.3604,
        0.0708,
        0.1795,
        1.0,
        0.5327,
        0.4187,
        0.0708,
        0.1163,
        0.4734,
        0.0708,
        0.566,
        0.47,
        0.4991,
        0.3283,
        0.4819,
        0.0708,
        0.0885,
        0.0708,
        0.2646,
        0.4002,
        0.5743,
        0.4221,
        0.3459,
        0.3715
      ],
      [
        0.4379,
        0.2693,
        0.4457,
        0.0782,
        0.1661,
        0.0782,
        0.3604,
        0.4319,
        0.3752,
        0.4084,
        0.3052,
        0.4535,
        0.2702,
        0.0907,
        0.2388,
        0.3739,
        0.3477,
        0.0782,
        0.2193,
        0.5327,
        1.0,
        0.4811,
        0.0782,
        0.1487,
        0.4899,
        0.0782,
        0.5158,
        0.4004,
        0.4775,
        0.3813,
        0.5149,
        0.0782,
        0.0903,
        0.0782,
        0.3165,
        0.369,
        0.5713,
        0.4255,
        0.4287,
        0.3996
      ],
      [
        0.5815,
        0.4431,
        0.5917,
        0.1041,
        0.274,
        0.1041,
        0.5328,
        0.3986,
        0.5175,
        0.1324,
        0.3641,
        0.6445,
        0.4369,
        0.1568,
        0.3734,
        0.3576,
        0.379,
        0.1041,
        0.3628,
        0.4187,
        0.4811,
        1.0,
        0.1041,
        0.2672,
        0.5546,
        0.1041,
        0.1664,
        0.0962,
        0.4894,
        0.5687,
        0.6726,
        0.1041,
        0.1107,
        0.1041,
        0.4702,
        0.3009,
        0.5708,
        0.5185,
        0.6017,
        0.567
      ],
      [
        0.102,
        0.0709,
        0.0732,
        0.0193,
        0.0192,
        0.0193,
        0.0581,
        0.0576,
        0.081,
        0.0364,
        0.0522,
        0.1039,
        0.0752,
        0.0271,
        0.0778,
        0.0268,
        0.0312,
        0.0193,
        0.0768,
        0.0708,
        0.0782,
        0.1041,
        1.0,
        0.0479,
        0.0983,
        0.0193,
        0.0399,
        0.0423,
        0.0521,
        0.1003,
        0.0982,
        0.0193,
        0.0221,
        0.0193,
        0.0827,
        0.012,
        0.0925,
        0.0865,
        0.0717,
        0.0985
      ],
      [
        0.2499,
        0.1933,
        0.1829,
        0.0479,
        0.0766,
        0.0479,
        0.1634,
        0.0947,
        0.2052,
        0.0178,
        0.1077,
        0.2679,
        0.1919,
        0.0716,
        0.2055,
        0.0205,
        0.0469,
        0.0479,
        0.2066,
        0.1163,
        0.1487,
        0.2672,
        0.0479,
        1.0,
        0.2216,
        0.0479,
        0.0045,
        0.0195,
        0.084,
        0.2612,
        0.2335,
        0.0479,
        0.0517,
        0.0479,
        0.218,
        -0.021,
        0.1856,
        0.1951,
        0.1912,
        0.2442
      ],
      [
        0.5386,
        0.3469,
        0.4216,
        0.0983,
        0.0612,
        0.0983,
        0.3067,
        0.4229,
        0.4266,
        0.2723,
        0.3505,
        0.5314,
        0.4017,
        0.1389,
        0.3604,
        0.3061,
        0.2943,
        0.0983,
        0.3461,
        0.4734,
        0.4899,
        0.5546,
        0.0983,
        0.2216,
        1.0,
        0.0983,
        0.331,
        0.3203,
        0.4287,
        0.4973,
        0.5715,
        0.0983,
        0.1183,
        0.0983,
        0.4009,
        0.2357,
        0.5757,
        0.5068,
        0.3892,
        0.5248
      ],
      [
        0.102,
        0.0709,
        0.0732,
        0.0193,
        0.0192,
        0.0193,
        0.0581,
        0.0576,
        0.081,
        0.0364,
        0.0522,
        0.1039,
        0.0752,
        0.0271,
        0.0778,
        0.0268,
        0.0312,
        0.0193,
        0.0768,
        0.0708,
        0.0782,
        0.1041,
        0.0193,
        0.0479,
        0.0983,
        1.0,
        0.0399,
        0.0423,
        0.0521,
        0.1003,
        0.0982,
        0.0193,
        0.0221,
        0.0193,
        0.0827,
        0.012,
        0.0925,
        0.0865,
        0.0717,
        0.0985
      ],
      [
        0.203,
        0.0466,
        0.2239,
        0.0399,
        0.1341,
        0.0399,
        0.1674,
        0.3161,
        0.1691,
        0.7083,
        0.1071,
        0.1933,
        -0.0121,
        -0.0111,
        0.0737,
        0.2073,
        0.1611,
        0.0399,
        0.0524,
        0.566,
        0.5158,
        0.1664,
        0.0399,
        0.0045,
        0.331,
        0.0399,
        1.0,
        0.6858,
        0.2792,
        0.1275,
        0.2145,
        0.0399,
        0.0481,
        0.0399,
        0.126,
        0.2894,
        0.4473,
        0.198,
        0.2136,
        0.1174
      ],
      [
        0.214,
        0.0224,
        0.0478,
        0.0423,
        -0.1602,
        0.0423,
        -0.0787,
        0.3112,
        0.11,
        0.562,
        0.1501,
        0.1282,
        0.084,
        0.0191,
        0.129,
        0.1455,
        0.0817,
        0.0423,
        0.1103,
        0.47,
        0.4004,
        0.0962,
        0.0423,
        0.0195,
        0.3203,
        0.0423,
        0.6858,
        1.0,
        0.2054,
        0.1333,
        0.1694,
        0.0423,
        0.0676,
        0.0423,
        0.1039,
        0.1449,
        0.3939,
        0.2403,
        -0.0161,
        0.1728
      ],
      [
        0.3752,
        0.2187,
        0.5021,
        0.0521,
        0.0052,
        0.0521,
        0.3432,
        0.642,
        0.3312,
        0.1593,
        0.5225,
        0.3595,
        0.3562,
        0.1081,
        0.0717,
        0.8169,
        0.7166,
        0.0521,
        0.0383,
        0.4991,
        0.4775,
        0.4894,
        0.0521,
        0.084,
        0.4287,
        0.0521,
        0.2792,
        0.2054,
        1.0,
        0.2694,
        0.6358,
        0.0521,
        0.0738,
        0.0521,
        0.1804,
        0.7724,
        0.6101,
        0.5163,
        0.4188,
        0.4117
      ],
      [
        0.5321,
        0.3912,
        0.413,
        0.1003,
        0.1501,
        0.1003,
        0.3522,
        0.2762,
        0.4369,
        0.1237,
        0.2674,
        0.5609,
        0.3992,
        0.1456,
        0.406,
        0.1382,
        0.1726,
        0.1003,
        0.4025,
        0.3283,
        0.3813,
        0.5687,
        0.1003,
        0.2612,
        0.4973,
        0.1003,
        0.1275,
        0.1333,
        0.2694,
        1.0,
        0.5252,
        0.1003,
        0.111,
        0.1003,
        0.4433,
        0.0618,
        0.4583,
        0.4424,
        0.4177,
        0.5168
      ],
      [
        0.5736,
        0.4018,
        0.5753,
        0.0982,
        0.1436,
        0.0982,
        0.4601,
        0.5204,
        0.4917,
        0.153,
        0.4572,
        0.5969,
        0.4672,
        0.16,
        0.3243,
        0.5236,
        0.5015,
        0.0982,
        0.3052,
        0.4819,
        0.5149,
        0.6726,
        0.0982,
