{
  "_meta": {
    "generated": "2026-05-15T10:20:26",
    "portfolio_generated": "2026-05-15T10:16:39.932267",
    "n_assets": 41,
    "n_with_returns": 32,
    "covariance_method": "hybrid_shrunk",
    "condition_number": 355.81,
    "pca_factors": 4
  },
  "profiles": {
    "Agressif": {
      "n_assets": 17,
      "weighted_avg_correlation": 0.2427,
      "most_correlated": [
        {
          "t1": "GDXJ",
          "t2": "SLV",
          "corr": 0.832,
          "w1": 6.0,
          "w2": 3.8,
          "combined_weight": 9.8
        },
        {
          "t1": "SLV",
          "t2": "GLD",
          "corr": 0.7696,
          "w1": 3.8,
          "w2": 8.7,
          "combined_weight": 12.5
        },
        {
          "t1": "GDXJ",
          "t2": "GLD",
          "corr": 0.729,
          "w1": 6.0,
          "w2": 8.7,
          "combined_weight": 14.7
        },
        {
          "t1": "XLK",
          "t2": "SOXX",
          "corr": 0.7268,
          "w1": 3.9,
          "w2": 3.6,
          "combined_weight": 7.5
        },
        {
          "t1": "GDXJ",
          "t2": "SLVP",
          "corr": 0.7045,
          "w1": 6.0,
          "w2": 2.5,
          "combined_weight": 8.5
        },
        {
          "t1": "FLKR",
          "t2": "SOXX",
          "corr": 0.701,
          "w1": 4.2,
          "w2": 3.6,
          "combined_weight": 7.9
        },
        {
          "t1": "SLVP",
          "t2": "SLV",
          "corr": 0.698,
          "w1": 2.5,
          "w2": 3.8,
          "combined_weight": 6.3
        },
        {
          "t1": "FLTW",
          "t2": "SOXX",
          "corr": 0.6899,
          "w1": 6.2,
          "w2": 3.6,
          "combined_weight": 9.9
        },
        {
          "t1": "BKR",
          "t2": "OIH",
          "corr": 0.6839,
          "w1": 9.1,
          "w2": 6.7,
          "combined_weight": 15.8
        },
        {
          "t1": "FIX",
          "t2": "SOXX",
          "corr": 0.6679,
          "w1": 8.7,
          "w2": 3.6,
          "combined_weight": 12.4
        }
      ],
      "least_correlated": [
        {
          "t1": "FLTR",
          "t2": "SLVP",
          "corr": 0.0401,
          "w1": 5.4,
          "w2": 2.5,
          "combined_weight": 7.9
        },
        {
          "t1": "MTBA",
          "t2": "SLVP",
          "corr": 0.0401,
          "w1": 5.4,
          "w2": 2.5,
          "combined_weight": 7.9
        },
        {
          "t1": "FLTR",
          "t2": "MTBA",
          "corr": 0.017,
          "w1": 5.4,
          "w2": 5.4,
          "combined_weight": 10.7
        },
        {
          "t1": "BKR",
          "t2": "SLVP",
          "corr": -0.0452,
          "w1": 9.1,
          "w2": 2.5,
          "combined_weight": 11.6
        },
        {
          "t1": "OIH",
          "t2": "SLVP",
          "corr": -0.054,
          "w1": 6.7,
          "w2": 2.5,
          "combined_weight": 9.2
        }
      ],
      "high_corr_high_weight": [
        {
          "t1": "SLV",
          "t2": "GLD",
          "corr": 0.7696,
          "w1": 3.8,
          "w2": 8.7,
          "combined_weight": 12.5
        },
        {
          "t1": "GDXJ",
          "t2": "GLD",
          "corr": 0.729,
          "w1": 6.0,
          "w2": 8.7,
          "combined_weight": 14.7
        }
      ]
    },
    "Mod\u00e9r\u00e9": {
      "n_assets": 15,
      "weighted_avg_correlation": 0.1507,
      "most_correlated": [
        {
          "t1": "VSS",
          "t2": "FNDF",
          "corr": 0.5892,
          "w1": 9.0,
          "w2": 6.3,
          "combined_weight": 15.3
        },
        {
          "t1": "FNDF",
          "t2": "FDVV",
          "corr": 0.5027,
          "w1": 6.3,
          "w2": 5.6,
          "combined_weight": 11.9
        },
        {
          "t1": "VSS",
          "t2": "FDVV",
          "corr": 0.4986,
          "w1": 9.0,
          "w2": 5.6,
          "combined_weight": 14.6
        },
        {
          "t1": "VSS",
          "t2": "GLD",
          "corr": 0.45,
          "w1": 9.0,
          "w2": 7.2,
          "combined_weight": 16.2
        },
        {
          "t1": "FNDF",
          "t2": "GLD",
          "corr": 0.3896,
          "w1": 6.3,
          "w2": 7.2,
          "combined_weight": 13.5
        },
        {
          "t1": "SCHD",
          "t2": "EOG",
          "corr": 0.3706,
          "w1": 9.0,
          "w2": 3.8,
          "combined_weight": 12.8
        },
        {
          "t1": "SCHD",
          "t2": "FNDF",
          "corr": 0.3245,
          "w1": 9.0,
          "w2": 6.3,
          "combined_weight": 15.3
        },
        {
          "t1": "ITX",
          "t2": "VICI",
          "corr": 0.3199,
          "w1": 6.5,
          "w2": 8.0,
          "combined_weight": 14.5
        },
        {
          "t1": "SCHD",
          "t2": "FDVV",
          "corr": 0.3151,
          "w1": 9.0,
          "w2": 5.6,
          "combined_weight": 14.6
        },
        {
          "t1": "VSS",
          "t2": "LI",
          "corr": 0.3082,
          "w1": 9.0,
          "w2": 4.5,
          "combined_weight": 13.5
        }
      ],
      "least_correlated": [
        {
          "t1": "STIP",
          "t2": "VGSH",
          "corr": 0.017,
          "w1": 5.6,
          "w2": 8.3,
          "combined_weight": 13.9
        },
        {
          "t1": "STIP",
          "t2": "GBIL",
          "corr": 0.017,
          "w1": 5.6,
          "w2": 6.4,
          "combined_weight": 12.0
        },
        {
          "t1": "VGSH",
          "t2": "GBIL",
          "corr": 0.017,
          "w1": 8.3,
          "w2": 6.4,
          "combined_weight": 14.8
        },
        {
          "t1": "LI",
          "t2": "EOG",
          "corr": -0.0059,
          "w1": 4.5,
          "w2": 3.8,
          "combined_weight": 8.3
        },
        {
          "t1": "EOG",
          "t2": "GLD",
          "corr": -0.013,
          "w1": 3.8,
          "w2": 7.2,
          "combined_weight": 11.0
        }
      ],
      "high_corr_high_weight": []
    },
    "Stable": {
      "n_assets": 14,
      "weighted_avg_correlation": 0.1401,
      "most_correlated": [
        {
          "t1": "VICI",
          "t2": "SUNPHARMA",
          "corr": 0.4327,
          "w1": 7.4,
          "w2": 5.3,
          "combined_weight": 12.6
        },
        {
          "t1": "GD",
          "t2": "SUNPHARMA",
          "corr": 0.3987,
          "w1": 7.4,
          "w2": 5.3,
          "combined_weight": 12.6
        },
        {
          "t1": "SUNPHARMA",
          "t2": "KO",
          "corr": 0.3968,
          "w1": 5.3,
          "w2": 5.3,
          "combined_weight": 10.6
        },
        {
          "t1": "IBE",
          "t2": "SUNPHARMA",
          "corr": 0.3926,
          "w1": 7.4,
          "w2": 5.3,
          "combined_weight": 12.6
        },
        {
          "t1": "SHEL",
          "t2": "SUNPHARMA",
          "corr": 0.3794,
          "w1": 7.4,
          "w2": 5.3,
          "combined_weight": 12.6
        },
        {
          "t1": "ACWV",
          "t2": "SUNPHARMA",
          "corr": 0.356,
          "w1": 6.7,
          "w2": 5.3,
          "combined_weight": 11.9
        },
        {
          "t1": "SPLV",
          "t2": "SUNPHARMA",
          "corr": 0.3463,
          "w1": 6.7,
          "w2": 5.3,
          "combined_weight": 11.9
        },
        {
          "t1": "SUNPHARMA",
          "t2": "SPYV",
          "corr": 0.3427,
          "w1": 5.3,
          "w2": 4.8,
          "combined_weight": 10.1
        },
        {
          "t1": "VICI",
          "t2": "KO",
          "corr": 0.3186,
          "w1": 7.4,
          "w2": 5.3,
          "combined_weight": 12.7
        },
        {
          "t1": "ACWV",
          "t2": "SPYV",
          "corr": 0.3065,
          "w1": 6.7,
          "w2": 4.8,
          "combined_weight": 11.5
        }
      ],
      "least_correlated": [
        {
          "t1": "VGSH",
          "t2": "BSV",
          "corr": 0.017,
          "w1": 6.0,
          "w2": 13.0,
          "combined_weight": 19.0
        },
        {
          "t1": "VGSH",
          "t2": "STIP",
          "corr": 0.017,
          "w1": 6.0,
          "w2": 13.0,
          "combined_weight": 19.0
        },
        {
          "t1": "BSV",
          "t2": "STIP",
          "corr": 0.017,
          "w1": 13.0,
          "w2": 13.0,
          "combined_weight": 26.0
        },
        {
          "t1": "KO",
          "t2": "GLD",
          "corr": 0.0159,
          "w1": 5.3,
          "w2": 5.1,
          "combined_weight": 10.4
        },
        {
          "t1": "IBE",
          "t2": "GLD",
          "corr": -0.013,
          "w1": 7.4,
          "w2": 5.1,
          "combined_weight": 12.4
        }
      ],
      "high_corr_high_weight": []
    }
  },
  "all_pairs_top_30": [
    {
      "t1": "GDXJ",
      "t2": "SLV",
      "corr_hybrid": 0.832,
      "corr_structured": 0.85,
      "cat1": "ETF",
      "cat2": "ETF",
      "exp1": "gold_miners",
      "exp2": "silver_physical",
      "fam1": "gold",
      "fam2": "precious_metals"
    },
    {
      "t1": "GLD",
      "t2": "SLV",
      "corr_hybrid": 0.7696,
      "corr_structured": 0.85,
      "cat1": "ETF",
      "cat2": "ETF",
      "exp1": "gold_physical",
      "exp2": "silver_physical",
      "fam1": "gold",
      "fam2": "precious_metals"
    },
    {
      "t1": "GDXJ",
      "t2": "GLD",
      "corr_hybrid": 0.729,
      "corr_structured": 0.9,
      "cat1": "ETF",
      "cat2": "ETF",
      "exp1": "gold_miners",
      "exp2": "gold_physical",
      "fam1": "gold",
      "fam2": "gold"
    },
    {
      "t1": "SOXX",
      "t2": "XLK",
      "corr_hybrid": 0.7268,
      "corr_structured": 0.9,
      "cat1": "ETF",
      "cat2": "ETF",
      "exp1": "semiconductor",
      "exp2": "tech",
      "fam1": "sector_tech",
      "fam2": "sector_tech"
    },
    {
      "t1": "GDXJ",
      "t2": "SLVP",
      "corr_hybrid": 0.7045,
      "corr_structured": 0.85,
      "cat1": "ETF",
      "cat2": "ETF",
      "exp1": "gold_miners",
      "exp2": "silver_miners",
      "fam1": "gold",
      "fam2": "precious_metals"
    },
    {
      "t1": "FLKR",
      "t2": "SOXX",
      "corr_hybrid": 0.701,
      "corr_structured": 0.2,
      "cat1": "ETF",
      "cat2": "ETF",
      "exp1": "south_korea",
      "exp2": "semiconductor",
      "fam1": "em_equity",
      "fam2": "sector_tech"
    },
    {
      "t1": "SLV",
      "t2": "SLVP",
      "corr_hybrid": 0.698,
      "corr_structured": 0.9,
      "cat1": "ETF",
      "cat2": "ETF",
      "exp1": "silver_physical",
      "exp2": "silver_miners",
      "fam1": "precious_metals",
      "fam2": "precious_metals"
    },
    {
      "t1": "FLTW",
      "t2": "SOXX",
      "corr_hybrid": 0.6899,
      "corr_structured": 0.2,
      "cat1": "ETF",
      "cat2": "ETF",
      "exp1": "taiwan",
      "exp2": "semiconductor",
      "fam1": "em_equity",
      "fam2": "sector_tech"
    },
    {
      "t1": "BKR",
      "t2": "OIH",
      "corr_hybrid": 0.6839,
      "corr_structured": null,
      "cat1": "Act",
      "cat2": "ETF",
      "exp1": null,
      "exp2": "energy",
      "fam1": null,
      "fam2": "sector_energy"
    },
    {
      "t1": "FIX",
      "t2": "SOXX",
      "corr_hybrid": 0.6679,
      "corr_structured": null,
      "cat1": "Act",
      "cat2": "ETF",
      "exp1": null,
      "exp2": "semiconductor",
      "fam1": null,
      "fam2": "sector_tech"
    },
    {
      "t1": "FIX",
      "t2": "XLK",
      "corr_hybrid": 0.6625,
      "corr_structured": null,
      "cat1": "Act",
      "cat2": "ETF",
      "exp1": null,
      "exp2": "tech",
      "fam1": null,
      "fam2": "sector_tech"
    },
    {
      "t1": "FLKR",
      "t2": "XLK",
      "corr_hybrid": 0.6596,
      "corr_structured": 0.2,
      "cat1": "ETF",
      "cat2": "ETF",
      "exp1": "south_korea",
      "exp2": "tech",
      "fam1": "em_equity",
      "fam2": "sector_tech"
    },
    {
      "t1": "FLTW",
      "t2": "XLK",
      "corr_hybrid": 0.6526,
      "corr_structured": 0.2,
      "cat1": "ETF",
      "cat2": "ETF",
      "exp1": "taiwan",
      "exp2": "tech",
      "fam1": "em_equity",
      "fam2": "sector_tech"
    },
    {
      "t1": "FLKR",
      "t2": "FLTW",
      "corr_hybrid": 0.639,
      "corr_structured": 0.9,
      "cat1": "ETF",
      "cat2": "ETF",
      "exp1": "south_korea",
      "exp2": "taiwan",
      "fam1": "em_equity",
      "fam2": "em_equity"
    },
    {
      "t1": "GLD",
      "t2": "SLVP",
      "corr_hybrid": 0.6325,
      "corr_structured": 0.85,
      "cat1": "ETF",
      "cat2": "ETF",
      "exp1": "gold_physical",
      "exp2": "silver_miners",
      "fam1": "gold",
      "fam2": "precious_metals"
    },
    {
      "t1": "SOXX",
      "t2": "VSS",
      "corr_hybrid": 0.6043,
      "corr_structured": 0.2,
      "cat1": "ETF",
      "cat2": "ETF",
      "exp1": "semiconductor",
      "exp2": "intl_small_cap",
      "fam1": "sector_tech",
      "fam2": null
    },
    {
      "t1": "000660",
      "t2": "2059",
      "corr_hybrid": 0.5965,
      "corr_structured": null,
      "cat1": "Act",
      "cat2": "Act",
      "exp1": null,
      "exp2": null,
      "fam1": null,
      "fam2": null
    },
    {
      "t1": "000660",
      "t2": "SUNPHARMA",
      "corr_hybrid": 0.5965,
      "corr_structured": null,
      "cat1": "Act",
      "cat2": "Act",
      "exp1": null,
      "exp2": null,
      "fam1": null,
      "fam2": null
    },
    {
      "t1": "2059",
      "t2": "SUNPHARMA",
      "corr_hybrid": 0.5965,
      "corr_structured": null,
      "cat1": "Act",
      "cat2": "Act",
      "exp1": null,
      "exp2": null,
      "fam1": null,
      "fam2": null
    },
    {
      "t1": "FNDF",
      "t2": "VSS",
      "corr_hybrid": 0.5892,
      "corr_structured": 0.2,
      "cat1": "ETF",
      "cat2": "ETF",
      "exp1": "international",
      "exp2": "intl_small_cap",
      "fam1": "intl_equity",
      "fam2": null
    },
    {
      "t1": "FNDF",
      "t2": "SOXX",
      "corr_hybrid": 0.5861,
      "corr_structured": 0.2,
      "cat1": "ETF",
      "cat2": "ETF",
      "exp1": "international",
      "exp2": "semiconductor",
      "fam1": "intl_equity",
      "fam2": "sector_tech"
    },
    {
      "t1": "FLTW",
      "t2": "VSS",
      "corr_hybrid": 0.5845,
      "corr_structured": 0.2,
      "cat1": "ETF",
      "cat2": "ETF",
      "exp1": "taiwan",
      "exp2": "intl_small_cap",
      "fam1": "em_equity",
      "fam2": null
    },
    {
      "t1": "VSS",
      "t2": "XLK",
      "corr_hybrid": 0.5812,
      "corr_structured": 0.2,
      "cat1": "ETF",
      "cat2": "ETF",
      "exp1": "intl_small_cap",
      "exp2": "tech",
      "fam1": null,
      "fam2": "sector_tech"
    },
    {
      "t1": "FIX",
      "t2": "FLKR",
      "corr_hybrid": 0.5811,
      "corr_structured": null,
      "cat1": "Act",
      "cat2": "ETF",
      "exp1": null,
      "exp2": "south_korea",
      "fam1": null,
      "fam2": "em_equity"
    },
    {
      "t1": "FIX",
      "t2": "FLTW",
      "corr_hybrid": 0.5809,
      "corr_structured": null,
      "cat1": "Act",
      "cat2": "ETF",
      "exp1": null,
      "exp2": "taiwan",
      "fam1": null,
      "fam2": "em_equity"
    },
    {
      "t1": "FLKR",
      "t2": "VSS",
      "corr_hybrid": 0.5797,
      "corr_structured": 0.2,
      "cat1": "ETF",
      "cat2": "ETF",
      "exp1": "south_korea",
      "exp2": "intl_small_cap",
      "fam1": "em_equity",
      "fam2": null
    },
    {
      "t1": "FLTW",
      "t2": "FNDF",
      "corr_hybrid": 0.5679,
      "corr_structured": 0.62,
      "cat1": "ETF",
      "cat2": "ETF",
      "exp1": "taiwan",
      "exp2": "international",
      "fam1": "em_equity",
      "fam2": "intl_equity"
    },
    {
      "t1": "FIX",
      "t2": "NVDA",
      "corr_hybrid": 0.5667,
      "corr_structured": null,
      "cat1": "Act",
      "cat2": "Act",
      "exp1": null,
      "exp2": null,
      "fam1": null,
      "fam2": null
    },
    {
      "t1": "FNDF",
      "t2": "XLK",
      "corr_hybrid": 0.5608,
      "corr_structured": 0.2,
      "cat1": "ETF",
      "cat2": "ETF",
      "exp1": "international",
      "exp2": "tech",
      "fam1": "intl_equity",
      "fam2": "sector_tech"
    },
    {
      "t1": "FLKR",
      "t2": "FNDF",
      "corr_hybrid": 0.5595,
      "corr_structured": 0.62,
      "cat1": "ETF",
      "cat2": "ETF",
      "exp1": "south_korea",
      "exp2": "international",
      "fam1": "em_equity",
      "fam2": "intl_equity"
    }
  ],
  "all_pairs_bottom_10": [
    {
      "t1": "EOG",
      "t2": "LI",
      "corr_hybrid": -0.0059,
      "corr_structured": null,
      "cat1": "Act",
      "cat2": "Act",
      "exp1": null,
      "exp2": null,
      "fam1": null,
      "fam2": null
    },
    {
      "t1": "KO",
      "t2": "NVDA",
      "corr_hybrid": 0.0054,
      "corr_structured": null,
      "cat1": "Act",
      "cat2": "Act",
      "exp1": null,
      "exp2": null,
      "fam1": null,
      "fam2": null
    },
    {
      "t1": "GDXJ",
      "t2": "ITX",
      "corr_hybrid": 0.005,
      "corr_structured": null,
      "cat1": "ETF",
      "cat2": "Act",
      "exp1": "gold_miners",
      "exp2": null,
      "fam1": "gold",
      "fam2": null
    },
    {
      "t1": "NOVN",
      "t2": "NVDA",
      "corr_hybrid": 0.0046,
      "corr_structured": null,
      "cat1": "Act",
      "cat2": "Act",
      "exp1": null,
      "exp2": null,
      "fam1": null,
      "fam2": null
    },
    {
      "t1": "SOXX",
      "t2": "VICI",
      "corr_hybrid": -0.0042,
      "corr_structured": null,
      "cat1": "ETF",
      "cat2": "Act",
      "exp1": "semiconductor",
      "exp2": null,
      "fam1": "sector_tech",
      "fam2": null
    },
    {
      "t1": "BKR",
      "t2": "ITX",
      "corr_hybrid": 0.004,
      "corr_structured": null,
      "cat1": "Act",
      "cat2": "Act",
      "exp1": null,
      "exp2": null,
      "fam1": null,
      "fam2": null
    },
    {
      "t1": "GDXJ",
      "t2": "KO",
      "corr_hybrid": -0.0022,
      "corr_structured": null,
      "cat1": "ETF",
      "cat2": "Act",
      "exp1": "gold_miners",
      "exp2": null,
      "fam1": "gold",
      "fam2": null
    },
    {
      "t1": "FIX",
      "t2": "NOVN",
      "corr_hybrid": -0.0013,
      "corr_structured": null,
      "cat1": "Act",
      "cat2": "Act",
      "exp1": null,
      "exp2": null,
      "fam1": null,
      "fam2": null
    },
    {
      "t1": "FIX",
      "t2": "ITX",
      "corr_hybrid": -0.001,
      "corr_structured": null,
      "cat1": "Act",
      "cat2": "Act",
      "exp1": null,
      "exp2": null,
      "fam1": null,
      "fam2": null
    },
    {
      "t1": "SCHP",
      "t2": "SLV",
      "corr_hybrid": 0.0005,
      "corr_structured": 0.2,
      "cat1": "Act",
      "cat2": "ETF",
      "exp1": "bonds_tips",
      "exp2": "silver_physical",
      "fam1": "bonds_gov",
      "fam2": "precious_metals"
    }
  ],
  "correlation_matrix": {
    "tickers": [
      "000660",
      "2059",
      "ACWV",
      "BKR",
      "BSV",
      "EOG",
      "FDVV",
      "FIX",
      "FLKR",
      "FLTR",
      "FLTW",
      "FNDF",
      "GBIL",
      "GD",
      "GDXJ",
      "GLD",
      "IBE",
      "ITX",
      "KO",
      "LI",
      "MTBA",
      "NOVN",
      "NVDA",
      "OIH",
      "PEG",
      "SCHD",
      "SCHP",
      "SHEL",
      "SLV",
      "SLVP",
      "SOXX",
      "SPLV",
      "SPYV",
      "STIP",
      "SUNPHARMA",
      "VGSH",
      "VICI",
      "VSS",
      "XBI",
      "XLK",
      "XLV"
    ],
    "matrix": [
      [
        1.0,
        0.5965,
        0.356,
        0.3097,
        0.084,
        0.3252,
        0.3329,
        0.1995,
        0.1114,
        0.084,
        0.1591,
        0.2893,
        0.084,
        0.3987,
        0.0674,
        0.062,
        0.3926,
        0.3845,
        0.3968,
        0.2768,
        0.084,
        0.2865,
        0.1861,
        0.2408,
        0.3985,
        0.3571,
        0.5319,
        0.3794,
        0.0424,
        0.1154,
        0.1253,
        0.3463,
        0.3427,
        0.084,
        0.5965,
        0.084,
        0.4327,
        0.2467,
        0.1791,
        0.1548,
        0.2827
      ],
      [
        0.5965,
        1.0,
        0.356,
        0.3097,
        0.084,
        0.3252,
        0.3329,
        0.1995,
        0.1114,
        0.084,
        0.1591,
        0.2893,
        0.084,
        0.3987,
        0.0674,
        0.062,
        0.3926,
        0.3845,
        0.3968,
        0.2768,
        0.084,
        0.2865,
        0.1861,
        0.2408,
        0.3985,
        0.3571,
        0.5319,
        0.3794,
        0.0424,
        0.1154,
        0.1253,
        0.3463,
        0.3427,
        0.084,
        0.5965,
        0.084,
        0.4327,
        0.2467,
        0.1791,
        0.1548,
        0.2827
      ],
      [
        0.356,
        0.356,
        1.0,
        0.251,
        0.0668,
        0.1665,
        0.3221,
        0.2497,
        0.2453,
        0.0668,
        0.2691,
        0.3402,
        0.0668,
        0.2578,
        0.2604,
        0.2227,
        0.2184,
        0.1886,
        0.2009,
        0.2337,
        0.0668,
        0.1509,
        0.2186,
        0.2264,
        0.2574,
        0.2595,
        0.2985,
        0.26,
        0.2426,
        0.2344,
        0.2541,
        0.2163,
        0.3065,
        0.0668,
        0.356,
        0.0668,
        0.2585,
        0.334,
        0.2244,
        0.2606,
        0.2273
      ],
      [
        0.3097,
        0.3097,
        0.251,
        1.0,
        0.0825,
        0.5342,
        0.3706,
        0.1165,
        0.3406,
        0.0825,
        0.3541,
        0.4002,
        0.0825,
        0.2807,
        0.1249,
        0.132,
        0.1732,
        0.004,
        0.0844,
        0.1032,
        0.0825,
        0.0875,
        0.2022,
        0.6839,
        0.1661,
        0.4363,
        0.1969,
        0.515,
        0.1935,
        -0.0452,
        0.3457,
        0.1677,
        0.3901,
        0.0825,
        0.3097,
        0.0825,
        0.1785,
        0.3373,
        0.2127,
        0.2986,
        0.2283
      ],
      [
        0.084,
        0.084,
        0.0668,
        0.0825,
        1.0,
        0.0599,
        0.081,
        0.0547,
        0.0651,
        0.017,
        0.0704,
        0.0857,
        0.017,
        0.0638,
        0.0541,
        0.0472,
        0.0508,
        0.0355,
        0.0423,
        0.0499,
        0.017,
        0.033,
        0.0532,
        0.0795,
        0.0576,
        0.0724,
        0.067,
        0.0763,
        0.054,
        0.0401,
        0.0675,
        0.0495,
        0.0791,
        0.017,
        0.084,
        0.017,
        0.058,
        0.081,
        0.0539,
        0.0661,
        0.0551
      ],
      [
        0.3252,
        0.3252,
        0.1665,
        0.5342,
        0.0599,
        1.0,
        0.1616,
        -0.184,
        0.0109,
        0.0599,
        0.0357,
        0.1439,
        0.0599,
        0.259,
        -0.0837,
        -0.013,
        0.1975,
        0.1153,
        0.1793,
        -0.0059,
        0.0599,
        0.1502,
        -0.0438,
        0.536,
        0.1523,
        0.3706,
        0.2489,
        0.5048,
        0.0161,
        -0.1583,
        -0.0123,
        0.1957,
        0.2126,
        0.0599,
        0.3252,
        0.0599,
        0.2303,
        0.0624,
        0.0261,
        -0.0365,
        0.1506
      ],
      [
        0.3329,
        0.3329,
        0.3221,
        0.3706,
        0.081,
        0.1616,
        1.0,
        0.4516,
        0.476,
        0.081,
        0.4901,
        0.5027,
        0.081,
        0.2685,
        0.3324,
        0.2569,
        0.1962,
        0.0821,
        0.1147,
        0.2865,
        0.081,
        0.0934,
        0.3935,
        0.3723,
        0.2484,
        0.3151,
        0.2448,
        0.2781,
        0.2962,
        0.228,
        0.5108,
        0.1779,
        0.4297,
        0.081,
        0.3329,
        0.081,
        0.1985,
        0.4986,
        0.3391,
        0.4952,
        0.2698
      ],
      [
        0.1995,
        0.1995,
        0.2497,
        0.1165,
        0.0547,
        -0.184,
        0.4516,
        1.0,
        0.5811,
        0.0547,
        0.5809,
        0.478,
        0.0547,
        0.1584,
        0.2581,
        0.1196,
        0.1296,
        -0.001,
        0.006,
        0.3451,
        0.0547,
        -0.0013,
        0.5667,
        0.1151,
        0.1943,
        0.1378,
        0.1367,
        -0.0267,
        0.1219,
        0.1842,
        0.6679,
        0.0541,
        0.3895,
        0.0547,
        0.1995,
        0.0547,
        0.0524,
        0.5067,
        0.3733,
        0.6625,
        0.2107
      ],
      [
        0.1114,
        0.1114,
        0.2453,
        0.3406,
        0.0651,
        0.0109,
        0.476,
        0.5811,
        1.0,
        0.0651,
        0.639,
        0.5595,
        0.0651,
        0.1409,
        0.4162,
        0.3021,
        0.0433,
        -0.1303,
        -0.09,
        0.2562,
        0.0651,
        -0.0511,
        0.4922,
        0.3859,
        0.1139,
        0.2309,
        0.0219,
        0.147,
        0.3661,
        0.2332,
        0.701,
        0.0323,
        0.4228,
        0.0651,
        0.1114,
        0.0651,
        0.0062,
        0.5797,
        0.3921,
        0.6596,
        0.2167
      ],
      [
        0.084,
        0.084,
        0.0668,
        0.0825,
        0.017,
        0.0599,
        0.081,
        0.0547,
        0.0651,
        1.0,
        0.0704,
        0.0857,
        0.017,
        0.0638,
        0.0541,
        0.0472,
        0.0508,
        0.0355,
        0.0423,
        0.0499,
        0.017,
        0.033,
        0.0532,
        0.0795,
        0.0576,
        0.0724,
        0.067,
        0.0763,
        0.054,
        0.0401,
        0.0675,
        0.0495,
        0.0791,
        0.017,
        0.084,
        0.017,
        0.058,
        0.081,
        0.0539,
        0.0661,
        0.0551
      ],
      [
        0.1591,
        0.1591,
        0.2691,
        0.3541,
        0.0704,
        0.0357,
        0.4901,
        0.5809,
        0.639,
        0.0704,
        1.0,
        0.5679,
        0.0704,
        0.1706,
        0.4135,
        0.302,
        0.0754,
        -0.0922,
        -0.0525,
        0.2732,
        0.0704,
        -0.0246,
        0.4929,
        0.392,
        0.1452,
        0.2535,
        0.0671,
        0.1738,
        0.3626,
        0.2408,
        0.6899,
        0.0616,
        0.4389,
        0.0704,
        0.1591,
        0.0704,
        0.0439,
        0.5845,
        0.3963,
        0.6526,
        0.2347
      ],
      [
        0.2893,
        0.2893,
        0.3402,
        0.4002,
        0.0857,
        0.1439,
        0.5027,
        0.478,
        0.5595,
        0.0857,
        0.5679,
        1.0,
        0.0857,
        0.2529,
        0.4793,
        0.3896,
        0.1551,
        0.0332,
        0.0687,
        0.297,
        0.0857,
        0.0655,
        0.4185,
        0.4181,
        0.229,
        0.3245,
        0.1946,
        0.2918,
        0.4546,
        0.3361,
        0.5861,
        0.1658,
        0.4602,
        0.0857,
        0.2893,
        0.0857,
        0.1755,
        0.5892,
        0.3901,
        0.5608,
        0.2847
      ],
      [
        0.084,
        0.084,
        0.0668,
        0.0825,
        0.017,
        0.0599,
        0.081,
        0.0547,
        0.0651,
        0.017,
        0.0704,
        0.0857,
        1.0,
        0.0638,
        0.0541,
        0.0472,
        0.0508,
        0.0355,
        0.0423,
        0.0499,
        0.017,
        0.033,
        0.0532,
        0.0795,
        0.0576,
        0.0724,
        0.067,
        0.0763,
        0.054,
        0.0401,
        0.0675,
        0.0495,
        0.0791,
        0.017,
        0.084,
        0.017,
        0.058,
        0.081,
        0.0539,
        0.0661,
        0.0551
      ],
      [
        0.3987,
        0.3987,
        0.2578,
        0.2807,
        0.0638,
        0.259,
        0.2685,
        0.1584,
        0.1409,
        0.0638,
        0.1706,
        0.2529,
        0.0638,
        1.0,
        0.0906,
        0.0824,
        0.2561,
        0.2247,
        0.2434,
        0.1914,
        0.0638,
        0.18,
        0.1571,
        0.246,
        0.2643,
        0.2782,
        0.3422,
        0.2989,
        0.0833,
        0.0888,
        0.1505,
        0.2309,
        0.2734,
        0.0638,
        0.3987,
        0.0638,
        0.2827,
        0.2222,
        0.1545,
        0.1604,
        0.2089
      ],
      [
        0.0674,
        0.0674,
        0.2604,
        0.1249,
        0.0541,
        -0.0837,
        0.3324,
        0.2581,
        0.4162,
        0.0541,
        0.4135,
        0.4793,
        0.0541,
        0.0906,
        1.0,
        0.729,
        -0.012,
        0.005,
        -0.0022,
        0.2227,
        0.0541,
        0.0165,
        0.2022,
        0.152,
        0.1166,
        0.1355,
        0.0286,
        0.1398,
        0.832,
        0.7045,
        0.3807,
        0.116,
        0.2661,
        0.0541,
        0.0674,
        0.0541,
        0.1134,
        0.5532,
        0.3329,
        0.3672,
        0.1985
      ],
      [
        0.062,
        0.062,
        0.2227,
        0.132,
        0.0472,
        -0.013,
        0.2569,
        0.1196,
        0.3021,
        0.0472,
        0.302,
        0.3896,
        0.0472,
        0.0824,
        0.729,
        1.0,
        -0.013,
        0.0206,
        0.0159,
        0.1614,
        0.0472,
        0.0304,
        0.1014,
        0.1561,
        0.0962,
        0.1323,
        0.0304,
        0.1702,
        0.7696,
        0.6325,
        0.2536,
        0.1192,
        0.207,
        0.0472,
        0.062,
        0.0472,
        0.121,
        0.45,
        0.2599,
        0.2414,
        0.1678
      ],
      [
        0.3926,
        0.3926,
        0.2184,
        0.1732,
        0.0508,
        0.1975,
        0.1962,
        0.1296,
        0.0433,
        0.0508,
        0.0754,
        0.1551,
        0.0508,
        0.2561,
        -0.012,
        -0.013,
        1.0,
        0.2625,
        0.2676,
        0.1765,
        0.0508,
        0.1905,
        0.1161,
        0.1226,
        0.2606,
        0.2162,
        0.3553,
        0.2235,
        -0.0367,
        0.0356,
        0.057,
        0.2216,
        0.2053,
        0.0508,
        0.3926,
        0.0508,
        0.2804,
        0.1245,
        0.097,
        0.0804,
        0.1729
      ],
      [
        0.3845,
        0.3845,
        0.1886,
        0.004,
        0.0355,
        0.1153,
        0.0821,
        -0.001,
        -0.1303,
        0.0355,
        -0.0922,
        0.0332,
        0.0355,
        0.2247,
        0.005,
        0.0206,
        0.2625,
        1.0,
        0.3279,
        0.154,
        0.0355,
        0.2282,
        -0.0154,
        -0.0699,
        0.2648,
        0.1307,
        0.3813,
        0.1533,
        -0.0167,
        0.1262,
        -0.1394,
        0.245,
        0.0922,
        0.0355,
        0.3845,
        0.0355,
        0.3199,
        0.0179,
        0.0209,
        -0.093,
        0.1351
      ],
      [
        0.3968,
        0.3968,
        0.2009,
        0.0844,
        0.0423,
        0.1793,
        0.1147,
        0.006,
        -0.09,
        0.0423,
        -0.0525,
        0.0687,
        0.0423,
        0.2434,
        -0.0022,
        0.0159,
        0.2676,
        0.3279,
        1.0,
        0.1505,
        0.0423,
        0.2239,
        0.0054,
        0.0187,
        0.2652,
        0.1745,
        0.3805,
        0.2059,
        -0.0139,
        0.0922,
        -0.0969,
        0.2471,
        0.1286,
        0.0423,
        0.3968,
        0.0423,
        0.3186,
        0.0442,
        0.0373,
        -0.0594,
        0.1499
      ],
      [
        0.2768,
        0.2768,
        0.2337,
        0.1032,
        0.0499,
        -0.0059,
        0.2865,
        0.3451,
        0.2562,
        0.0499,
        0.2732,
        0.297,
        0.0499,
        0.1914,
        0.2227,
        0.1614,
        0.1765,
        0.154,
        0.1505,
        1.0,
        0.0499,
        0.1065,
        0.2646,
        0.0756,
        0.2207,
        0.1565,
        0.2381,
        0.1037,
        0.1629,
        0.2209,
        0.2836,
        0.1542,
        0.2578,
        0.0499,
        0.2768,
        0.0499,
        0.1866,
        0.3082,
        0.2186,
        0.2972,
        0.1849
      ],
      [
        0.084,
        0.084,
        0.0668,
        0.0825,
        0.017,
        0.0599,
        0.081,
        0.0547,
        0.0651,
        0.017,
        0.0704,
        0.0857,
        0.017,
        0.0638,
        0.0541,
        0.0472,
        0.0508,
        0.0355,
        0.0423,
        0.0499,
        1.0,
        0.033,
        0.0532,
        0.0795,
        0.0576,
        0.0724,
        0.067,
        0.0763,
        0.054,
        0.0401,
        0.0675,
        0.0495,
        0.0791,
        0.017,
        0.084,
        0.017,
        0.058,
        0.081,
        0.0539,
        0.0661,
        0.0551
      ],
      [
        0.2865,
        0.2865,
        0.1509,
        0.0875,
        0.033,
        0.1502,
        0.0934,
        -0.0013,
        -0.0511,
        0.033,
        -0.0246,
        0.0655,
        0.033,
        0.18,
        0.0165,
        0.0304,
        0.1905,
        0.2282,
        0.2239,
        0.1065,
        0.033,
        1.0,
        0.0046,
        0.0438,
        0.1899,
        0.1403,
        0.2707,
        0.1693,
        0.0147,
        0.0738,
        -0.0584,
        0.1805,
        0.1038,
        0.033,
        0.2865,
        0.033,
        0.2306,
        0.0467,
        0.0344,
        -0.0346,
        0.1139
      ],
      [
        0.1861,
        0.1861,
        0.2186,
        0.2022,
        0.0532,
        -0.0438,
        0.3935,
        0.5667,
        0.4922,
        0.0532,
        0.4929,
        0.4185,
        0.0532,
        0.1571,
        0.2022,
        0.1014,
        0.1161,
        -0.0154,
        0.0054,
        0.2646,
        0.0532,
        0.0046,
        1.0,
        0.2097,
        0.1609,
        0.1733,
        0.1199,
        0.0645,
        0.1144,
        0.1131,
        0.5583,
        0.0581,
        0.3515,
        0.0532,
        0.1861,
        0.0532,
        0.0555,
        0.428,
        0.3096,
        0.544,
        0.1888
      ],
      [
        0.2408,
        0.2408,
        0.2264,
        0.6839,
        0.0795,
        0.536,
        0.3723,
        0.1151,
        0.3859,
        0.0795,
        0.392,
        0.4181,
        0.0795,
        0.246,
        0.152,
        0.1561,
        0.1226,
        -0.0699,
        0.0187,
        0.0756,
        0.0795,
        0.0438,
        0.2097,
        1.0,
        0.1176,
        0.4308,
        0.1234,
        0.512,
        0.2319,
        -0.054,
        0.3902,
        0.1265,
        0.3896,
        0.0795,
        0.2408,
        0.0795,
        0.1219,
        0.3574,
        0.2216,
        0.3308,
        0.2127
      ],
      [
        0.3985,
        0.3985,
        0.2574,
        0.1661,
        0.0576,
        0.1523,
        0.2484,
        0.1943,
        0.1139,
        0.0576,
        0.1452,
        0.229,
        0.0576,
        0.2643,
        0.1166,
        0.0962,
        0.2606,
        0.2648,
        0.2652,
        0.2207,
        0.0576,
        0.1899,
        0.1609,
        0.1176,
        1.0,
        0.2224,
        0.3579,
        0.2198,
        0.0851,
        0.1528,
        0.1257,
        0.2347,
        0.2439,
        0.0576,
        0.3985,
        0.0576,
        0.2929,
        0.2137,
        0.1532,
        0.1492,
        0.2017
      ],
      [
        0.3571,
        0.3571,
        0.2595,
        0.4363,
        0.0724,
        0.3706,
        0.3151,
        0.1378,
        0.2309,
        0.0724,
        0.2535,
        0.3245,
        0.0724,
        0.2782,
        0.1355,
        0.1323,
        0.2162,
        0.1307,
        0.1745,
        0.1565,
        0.0724,
        0.1403,
        0.1733,
        0.4308,
        0.2224,
        1.0,
        0.277,
        0.3926,
        0.163,
        0.0599,
        0.2355,
        0.2064,
        0.3242,
        0.0724,
        0.3571,
        0.0724,
        0.2405,
        0.2835,
        0.1854,
        0.221,
        0.22
      ],
      [
        0.5319,
        0.5319,
        0.2985,
        0.1969,
        0.067,
        0.2489,
        0.2448,
        0.1367,
        0.0219,
        0.067,
        0.0671,
        0.1946,
        0.067,
        0.3422,
        0.0286,
        0.0304,
        0.3553,
        0.3813,
        0.3805,
        0.2381,
        0.067,
        0.2707,
        0.1199,
        0.1234,
        0.3579,
        0.277,
        1.0,
        0.296,
        0.0005,
        0.108,
        0.0301,
        0.3138,
        0.2553,
        0.067,
        0.5319,
        0.067,
        0.398,
        0.1603,
        0.1215,
        0.0673,
        0.2318
      ],
      [
        0.3794,
        0.3794,
        0.26,
        0.515,
        0.0763,
        0.5048,
        0.2781,
        -0.0267,
        0.147,
        0.0763,
        0.1738,
        0.2918,
        0.0763,
        0.2989,
        0.1398,
        0.1702,
        0.2235,
        0.1533,
        0.2059,
        0.1037,
        0.0763,
        0.1693,
        0.0645,
        0.512,
        0.2198,
        0.3926,
        0.296,
        1.0,
        0.2144,
        0.0576,
        0.1261,
        0.2406,
        0.3032,
        0.0763,
        0.3794,
        0.0763,
        0.2812,
        0.2372,
        0.1412,
        0.1077,
        0.2201
      ],
      [
        0.0424,
        0.0424,
        0.2426,
        0.1935,
        0.054,
        0.0161,
        0.2962,
        0.1219,
        0.3661,
        0.054,
        0.3626,
        0.4546,
        0.054,
        0.0833,
        0.832,
        0.7696,
        -0.0367,
        -0.0167,
        -0.0139,
        0.1629,
        0.054,
        0.0147,
        0.1144,
        0.2319,
        0.0851,
        0.163,
        0.0005,
        0.2144,
        1.0,
        0.698,
        0.3095,
        0.1181,
        0.2414,
        0.054,
        0.0424,
        0.054,
        0.1123,
        0.5198,
        0.2977,
        0.287,
        0.1858
      ],
      [
        0.1154,
        0.1154,
        0.2344,
        -0.0452,
        0.0401,
        -0.1583,
        0.228,
        0.1842,
        0.2332,
        0.0401,
        0.2408,
        0.3361,
        0.0401,
        0.0888,
        0.7045,
        0.6325,
        0.0356,
        0.1262,
        0.0922,
        0.2209,
        0.0401,
        0.0738,
        0.1131,
        -0.054,
        0.1528,
        0.0599,
        0.108,
        0.0576,
        0.698,
        1.0,
        0.1941,
        0.1489,
        0.1686,
        0.0401,
        0.1154,
        0.0401,
        0.1702,
        0.4119,
        0.2472,
        0.2095,
        0.1662
      ],
      [
        0.1253,
        0.1253,
        0.2541,
        0.3457,
        0.0675,
        -0.0123,
        0.5108,
        0.6679,
        0.701,
        0.0675,
        0.6899,
        0.5861,
        0.0675,
        0.1505,
        0.3807,
        0.2536,
        0.057,
        -0.1394,
        -0.0969,
        0.2836,
        0.0675,
