{
  "_meta": {
    "generated": "2026-06-02T12:06:56",
    "portfolio_generated": "2026-06-02T12:02:57.808039",
    "n_assets": 44,
    "n_with_returns": 33,
    "covariance_method": "hybrid_shrunk",
    "condition_number": 301.66,
    "pca_factors": 7
  },
  "profiles": {
    "Agressif": {
      "n_assets": 19,
      "weighted_avg_correlation": 0.244,
      "most_correlated": [
        {
          "t1": "PICK",
          "t2": "COPX",
          "corr": 0.8702,
          "w1": 7.3,
          "w2": 6.8,
          "combined_weight": 14.1
        },
        {
          "t1": "PICK",
          "t2": "XCEM",
          "corr": 0.7732,
          "w1": 7.3,
          "w2": 3.4,
          "combined_weight": 10.7
        },
        {
          "t1": "COPX",
          "t2": "XCEM",
          "corr": 0.7549,
          "w1": 6.8,
          "w2": 3.4,
          "combined_weight": 10.3
        },
        {
          "t1": "FLKR",
          "t2": "XCEM",
          "corr": 0.7434,
          "w1": 6.1,
          "w2": 3.4,
          "combined_weight": 9.5
        },
        {
          "t1": "PICK",
          "t2": "FLKR",
          "corr": 0.7253,
          "w1": 7.3,
          "w2": 6.1,
          "combined_weight": 13.3
        },
        {
          "t1": "FLKR",
          "t2": "COPX",
          "corr": 0.7181,
          "w1": 6.1,
          "w2": 6.8,
          "combined_weight": 12.9
        },
        {
          "t1": "XLK",
          "t2": "XCEM",
          "corr": 0.6528,
          "w1": 3.8,
          "w2": 3.4,
          "combined_weight": 7.2
        },
        {
          "t1": "FLKR",
          "t2": "XLK",
          "corr": 0.6244,
          "w1": 6.1,
          "w2": 3.8,
          "combined_weight": 9.8
        },
        {
          "t1": "ICLN",
          "t2": "FSLR",
          "corr": 0.62,
          "w1": 4.8,
          "w2": 4.6,
          "combined_weight": 9.5
        },
        {
          "t1": "ICLN",
          "t2": "XCEM",
          "corr": 0.5991,
          "w1": 4.8,
          "w2": 3.4,
          "combined_weight": 8.3
        }
      ],
      "least_correlated": [
        {
          "t1": "FSLR",
          "t2": "FLRN",
          "corr": 0.026,
          "w1": 4.6,
          "w2": 6.6,
          "combined_weight": 11.2
        },
        {
          "t1": "LLY",
          "t2": "XLK",
          "corr": 0.0223,
          "w1": 5.3,
          "w2": 3.8,
          "combined_weight": 9.1
        },
        {
          "t1": "FLTR",
          "t2": "FLRN",
          "corr": 0.0203,
          "w1": 6.6,
          "w2": 6.6,
          "combined_weight": 13.3
        },
        {
          "t1": "PLTR",
          "t2": "LLY",
          "corr": -0.0152,
          "w1": 6.5,
          "w2": 5.3,
          "combined_weight": 11.8
        },
        {
          "t1": "NVDA",
          "t2": "LLY",
          "corr": -0.0361,
          "w1": 4.2,
          "w2": 5.3,
          "combined_weight": 9.6
        }
      ],
      "high_corr_high_weight": [
        {
          "t1": "PICK",
          "t2": "COPX",
          "corr": 0.8702,
          "w1": 7.3,
          "w2": 6.8,
          "combined_weight": 14.1
        },
        {
          "t1": "PICK",
          "t2": "XCEM",
          "corr": 0.7732,
          "w1": 7.3,
          "w2": 3.4,
          "combined_weight": 10.7
        },
        {
          "t1": "COPX",
          "t2": "XCEM",
          "corr": 0.7549,
          "w1": 6.8,
          "w2": 3.4,
          "combined_weight": 10.3
        },
        {
          "t1": "PICK",
          "t2": "FLKR",
          "corr": 0.7253,
          "w1": 7.3,
          "w2": 6.1,
          "combined_weight": 13.3
        },
        {
          "t1": "FLKR",
          "t2": "COPX",
          "corr": 0.7181,
          "w1": 6.1,
          "w2": 6.8,
          "combined_weight": 12.9
        }
      ]
    },
    "Mod\u00e9r\u00e9": {
      "n_assets": 14,
      "weighted_avg_correlation": 0.1181,
      "most_correlated": [
        {
          "t1": "EEMV",
          "t2": "FNDF",
          "corr": 0.7135,
          "w1": 9.0,
          "w2": 9.0,
          "combined_weight": 18.0
        },
        {
          "t1": "EEMV",
          "t2": "GPIQ",
          "corr": 0.6068,
          "w1": 9.0,
          "w2": 5.8,
          "combined_weight": 14.8
        },
        {
          "t1": "GPIQ",
          "t2": "FNDF",
          "corr": 0.5681,
          "w1": 5.8,
          "w2": 9.0,
          "combined_weight": 14.8
        },
        {
          "t1": "FNDF",
          "t2": "GLD",
          "corr": 0.4796,
          "w1": 9.0,
          "w2": 5.1,
          "combined_weight": 14.1
        },
        {
          "t1": "EEMV",
          "t2": "GLD",
          "corr": 0.4326,
          "w1": 9.0,
          "w2": 5.1,
          "combined_weight": 14.1
        },
        {
          "t1": "FNDF",
          "t2": "XLV",
          "corr": 0.4191,
          "w1": 9.0,
          "w2": 3.1,
          "combined_weight": 12.1
        },
        {
          "t1": "EEMV",
          "t2": "XLV",
          "corr": 0.3849,
          "w1": 9.0,
          "w2": 3.1,
          "combined_weight": 12.1
        },
        {
          "t1": "SCHD",
          "t2": "FNDF",
          "corr": 0.3745,
          "w1": 9.0,
          "w2": 9.0,
          "combined_weight": 18.0
        },
        {
          "t1": "SCHD",
          "t2": "XLV",
          "corr": 0.3532,
          "w1": 9.0,
          "w2": 3.1,
          "combined_weight": 12.1
        },
        {
          "t1": "EEMV",
          "t2": "SCHD",
          "corr": 0.3234,
          "w1": 9.0,
          "w2": 9.0,
          "combined_weight": 18.0
        }
      ],
      "least_correlated": [
        {
          "t1": "GALP",
          "t2": "GLD",
          "corr": -0.0766,
          "w1": 5.4,
          "w2": 5.1,
          "combined_weight": 10.5
        },
        {
          "t1": "CF",
          "t2": "XLV",
          "corr": -0.1357,
          "w1": 7.5,
          "w2": 3.1,
          "combined_weight": 10.5
        },
        {
          "t1": "CF",
          "t2": "FNDF",
          "corr": -0.2078,
          "w1": 7.5,
          "w2": 9.0,
          "combined_weight": 16.5
        },
        {
          "t1": "CF",
          "t2": "GPIQ",
          "corr": -0.2409,
          "w1": 7.5,
          "w2": 5.8,
          "combined_weight": 13.3
        },
        {
          "t1": "EEMV",
          "t2": "CF",
          "corr": -0.3256,
          "w1": 9.0,
          "w2": 7.5,
          "combined_weight": 16.5
        }
      ],
      "high_corr_high_weight": [
        {
          "t1": "EEMV",
          "t2": "FNDF",
          "corr": 0.7135,
          "w1": 9.0,
          "w2": 9.0,
          "combined_weight": 18.0
        }
      ]
    },
    "Stable": {
      "n_assets": 16,
      "weighted_avg_correlation": 0.118,
      "most_correlated": [
        {
          "t1": "ACWV",
          "t2": "XLV",
          "corr": 0.4143,
          "w1": 4.3,
          "w2": 4.2,
          "combined_weight": 8.5
        },
        {
          "t1": "ACWV",
          "t2": "SPYV",
          "corr": 0.4085,
          "w1": 4.3,
          "w2": 4.6,
          "combined_weight": 8.9
        },
        {
          "t1": "SCHP",
          "t2": "VICI",
          "corr": 0.4002,
          "w1": 6.0,
          "w2": 6.0,
          "combined_weight": 12.0
        },
        {
          "t1": "PG",
          "t2": "KO",
          "corr": 0.3977,
          "w1": 5.3,
          "w2": 4.2,
          "combined_weight": 9.6
        },
        {
          "t1": "SPYV",
          "t2": "XLV",
          "corr": 0.3776,
          "w1": 4.6,
          "w2": 4.2,
          "combined_weight": 8.7
        },
        {
          "t1": "SCHP",
          "t2": "KO",
          "corr": 0.3699,
          "w1": 6.0,
          "w2": 4.2,
          "combined_weight": 10.2
        },
        {
          "t1": "PG",
          "t2": "SCHP",
          "corr": 0.3646,
          "w1": 5.3,
          "w2": 6.0,
          "combined_weight": 11.3
        },
        {
          "t1": "PG",
          "t2": "VICI",
          "corr": 0.3635,
          "w1": 5.3,
          "w2": 6.0,
          "combined_weight": 11.3
        },
        {
          "t1": "SPLV",
          "t2": "PG",
          "corr": 0.355,
          "w1": 4.3,
          "w2": 5.3,
          "combined_weight": 9.7
        },
        {
          "t1": "ACWV",
          "t2": "PG",
          "corr": 0.3499,
          "w1": 4.3,
          "w2": 5.3,
          "combined_weight": 9.7
        }
      ],
      "least_correlated": [
        {
          "t1": "CLTL",
          "t2": "BSV",
          "corr": 0.0203,
          "w1": 11.3,
          "w2": 11.1,
          "combined_weight": 22.4
        },
        {
          "t1": "CLTL",
          "t2": "STIP",
          "corr": 0.0203,
          "w1": 11.3,
          "w2": 13.0,
          "combined_weight": 24.3
        },
        {
          "t1": "BSV",
          "t2": "STIP",
          "corr": 0.0203,
          "w1": 11.1,
          "w2": 13.0,
          "combined_weight": 24.1
        },
        {
          "t1": "NOVN",
          "t2": "GLD",
          "corr": 0.0141,
          "w1": 5.4,
          "w2": 4.0,
          "combined_weight": 9.5
        },
        {
          "t1": "KO",
          "t2": "GLD",
          "corr": -0.0026,
          "w1": 4.2,
          "w2": 4.0,
          "combined_weight": 8.3
        }
      ],
      "high_corr_high_weight": []
    }
  },
  "all_pairs_top_30": [
    {
      "t1": "COPX",
      "t2": "PICK",
      "corr_hybrid": 0.8702,
      "corr_structured": 0.2,
      "cat1": "ETF",
      "cat2": "ETF",
      "exp1": "copper",
      "exp2": "metals_mining",
      "fam1": "commodities",
      "fam2": null
    },
    {
      "t1": "PICK",
      "t2": "XCEM",
      "corr_hybrid": 0.7732,
      "corr_structured": 0.2,
      "cat1": "ETF",
      "cat2": "ETF",
      "exp1": "metals_mining",
      "exp2": "emerging_markets",
      "fam1": null,
      "fam2": "em_equity"
    },
    {
      "t1": "FNDF",
      "t2": "PICK",
      "corr_hybrid": 0.7713,
      "corr_structured": 0.2,
      "cat1": "ETF",
      "cat2": "ETF",
      "exp1": "international",
      "exp2": "metals_mining",
      "fam1": "intl_equity",
      "fam2": null
    },
    {
      "t1": "COPX",
      "t2": "XCEM",
      "corr_hybrid": 0.7549,
      "corr_structured": 0.2,
      "cat1": "ETF",
      "cat2": "ETF",
      "exp1": "copper",
      "exp2": "emerging_markets",
      "fam1": "commodities",
      "fam2": "em_equity"
    },
    {
      "t1": "EEMV",
      "t2": "XCEM",
      "corr_hybrid": 0.7535,
      "corr_structured": 0.95,
      "cat1": "ETF",
      "cat2": "ETF",
      "exp1": "emerging_markets",
      "exp2": "emerging_markets",
      "fam1": "em_equity",
      "fam2": "em_equity"
    },
    {
      "t1": "FLKR",
      "t2": "XCEM",
      "corr_hybrid": 0.7434,
      "corr_structured": 0.9,
      "cat1": "ETF",
      "cat2": "ETF",
      "exp1": "south_korea",
      "exp2": "emerging_markets",
      "fam1": "em_equity",
      "fam2": "em_equity"
    },
    {
      "t1": "COPX",
      "t2": "FNDF",
      "corr_hybrid": 0.742,
      "corr_structured": 0.2,
      "cat1": "ETF",
      "cat2": "ETF",
      "exp1": "copper",
      "exp2": "international",
      "fam1": "commodities",
      "fam2": "intl_equity"
    },
    {
      "t1": "EEMV",
      "t2": "PICK",
      "corr_hybrid": 0.7406,
      "corr_structured": 0.2,
      "cat1": "ETF",
      "cat2": "ETF",
      "exp1": "emerging_markets",
      "exp2": "metals_mining",
      "fam1": "em_equity",
      "fam2": null
    },
    {
      "t1": "FNDF",
      "t2": "XCEM",
      "corr_hybrid": 0.7276,
      "corr_structured": 0.62,
      "cat1": "ETF",
      "cat2": "ETF",
      "exp1": "international",
      "exp2": "emerging_markets",
      "fam1": "intl_equity",
      "fam2": "em_equity"
    },
    {
      "t1": "FLKR",
      "t2": "PICK",
      "corr_hybrid": 0.7253,
      "corr_structured": 0.2,
      "cat1": "ETF",
      "cat2": "ETF",
      "exp1": "south_korea",
      "exp2": "metals_mining",
      "fam1": "em_equity",
      "fam2": null
    },
    {
      "t1": "COPX",
      "t2": "FLKR",
      "corr_hybrid": 0.7181,
      "corr_structured": 0.2,
      "cat1": "ETF",
      "cat2": "ETF",
      "exp1": "copper",
      "exp2": "south_korea",
      "fam1": "commodities",
      "fam2": "em_equity"
    },
    {
      "t1": "COPX",
      "t2": "EEMV",
      "corr_hybrid": 0.7156,
      "corr_structured": 0.2,
      "cat1": "ETF",
      "cat2": "ETF",
      "exp1": "copper",
      "exp2": "emerging_markets",
      "fam1": "commodities",
      "fam2": "em_equity"
    },
    {
      "t1": "EEMV",
      "t2": "FNDF",
      "corr_hybrid": 0.7135,
      "corr_structured": 0.62,
      "cat1": "ETF",
      "cat2": "ETF",
      "exp1": "emerging_markets",
      "exp2": "international",
      "fam1": "em_equity",
      "fam2": "intl_equity"
    },
    {
      "t1": "EEMV",
      "t2": "FLKR",
      "corr_hybrid": 0.6885,
      "corr_structured": 0.9,
      "cat1": "ETF",
      "cat2": "ETF",
      "exp1": "emerging_markets",
      "exp2": "south_korea",
      "fam1": "em_equity",
      "fam2": "em_equity"
    },
    {
      "t1": "FLKR",
      "t2": "FNDF",
      "corr_hybrid": 0.6644,
      "corr_structured": 0.62,
      "cat1": "ETF",
      "cat2": "ETF",
      "exp1": "south_korea",
      "exp2": "international",
      "fam1": "em_equity",
      "fam2": "intl_equity"
    },
    {
      "t1": "XCEM",
      "t2": "XLK",
      "corr_hybrid": 0.6528,
      "corr_structured": 0.2,
      "cat1": "ETF",
      "cat2": "ETF",
      "exp1": "emerging_markets",
      "exp2": "tech",
      "fam1": "em_equity",
      "fam2": "sector_tech"
    },
    {
      "t1": "LLY",
      "t2": "XLV",
      "corr_hybrid": 0.6497,
      "corr_structured": null,
      "cat1": "Act",
      "cat2": "ETF",
      "exp1": null,
      "exp2": "healthcare",
      "fam1": null,
      "fam2": "sector_healthcare"
    },
    {
      "t1": "GPIQ",
      "t2": "XLK",
      "corr_hybrid": 0.6472,
      "corr_structured": 0.9,
      "cat1": "ETF",
      "cat2": "ETF",
      "exp1": "nasdaq100",
      "exp2": "tech",
      "fam1": "sector_tech",
      "fam2": "sector_tech"
    },
    {
      "t1": "GPIQ",
      "t2": "XCEM",
      "corr_hybrid": 0.6442,
      "corr_structured": 0.2,
      "cat1": "ETF",
      "cat2": "ETF",
      "exp1": "nasdaq100",
      "exp2": "emerging_markets",
      "fam1": "sector_tech",
      "fam2": "em_equity"
    },
    {
      "t1": "FLKR",
      "t2": "XLK",
      "corr_hybrid": 0.6244,
      "corr_structured": 0.2,
      "cat1": "ETF",
      "cat2": "ETF",
      "exp1": "south_korea",
      "exp2": "tech",
      "fam1": "em_equity",
      "fam2": "sector_tech"
    },
    {
      "t1": "FSLR",
      "t2": "ICLN",
      "corr_hybrid": 0.62,
      "corr_structured": null,
      "cat1": "Act",
      "cat2": "ETF",
      "exp1": null,
      "exp2": "clean_energy",
      "fam1": null,
      "fam2": null
    },
    {
      "t1": "EEMV",
      "t2": "GPIQ",
      "corr_hybrid": 0.6068,
      "corr_structured": 0.2,
      "cat1": "ETF",
      "cat2": "ETF",
      "exp1": "emerging_markets",
      "exp2": "nasdaq100",
      "fam1": "em_equity",
      "fam2": "sector_tech"
    },
    {
      "t1": "FLKR",
      "t2": "GPIQ",
      "corr_hybrid": 0.6036,
      "corr_structured": 0.2,
      "cat1": "ETF",
      "cat2": "ETF",
      "exp1": "south_korea",
      "exp2": "nasdaq100",
      "fam1": "em_equity",
      "fam2": "sector_tech"
    },
    {
      "t1": "ICLN",
      "t2": "XCEM",
      "corr_hybrid": 0.5991,
      "corr_structured": 0.2,
      "cat1": "ETF",
      "cat2": "ETF",
      "exp1": "clean_energy",
      "exp2": "emerging_markets",
      "fam1": null,
      "fam2": "em_equity"
    },
    {
      "t1": "EEMV",
      "t2": "XLK",
      "corr_hybrid": 0.5981,
      "corr_structured": 0.2,
      "cat1": "ETF",
      "cat2": "ETF",
      "exp1": "emerging_markets",
      "exp2": "tech",
      "fam1": "em_equity",
      "fam2": "sector_tech"
    },
    {
      "t1": "COPX",
      "t2": "XLK",
      "corr_hybrid": 0.5971,
      "corr_structured": 0.2,
      "cat1": "ETF",
      "cat2": "ETF",
      "exp1": "copper",
      "exp2": "tech",
      "fam1": "commodities",
      "fam2": "sector_tech"
    },
    {
      "t1": "ICLN",
      "t2": "PICK",
      "corr_hybrid": 0.5945,
      "corr_structured": 0.2,
      "cat1": "ETF",
      "cat2": "ETF",
      "exp1": "clean_energy",
      "exp2": "metals_mining",
      "fam1": null,
      "fam2": null
    },
    {
      "t1": "GLD",
      "t2": "PICK",
      "corr_hybrid": 0.5926,
      "corr_structured": 0.2,
      "cat1": "ETF",
      "cat2": "ETF",
      "exp1": "gold_physical",
      "exp2": "metals_mining",
      "fam1": "gold",
      "fam2": null
    },
    {
      "t1": "COPX",
      "t2": "ICLN",
      "corr_hybrid": 0.5919,
      "corr_structured": 0.2,
      "cat1": "ETF",
      "cat2": "ETF",
      "exp1": "copper",
      "exp2": "clean_energy",
      "fam1": "commodities",
      "fam2": null
    },
    {
      "t1": "GPIQ",
      "t2": "PICK",
      "corr_hybrid": 0.5917,
      "corr_structured": 0.2,
      "cat1": "ETF",
      "cat2": "ETF",
      "exp1": "nasdaq100",
      "exp2": "metals_mining",
      "fam1": "sector_tech",
      "fam2": null
    }
  ],
  "all_pairs_bottom_10": [
    {
      "t1": "GALP",
      "t2": "XLK",
      "corr_hybrid": 0.0029,
      "corr_structured": null,
      "cat1": "Act",
      "cat2": "ETF",
      "exp1": null,
      "exp2": "tech",
      "fam1": null,
      "fam2": "sector_tech"
    },
    {
      "t1": "GLD",
      "t2": "KO",
      "corr_hybrid": -0.0026,
      "corr_structured": null,
      "cat1": "ETF",
      "cat2": "Act",
      "exp1": "gold_physical",
      "exp2": null,
      "fam1": "gold",
      "fam2": null
    },
    {
      "t1": "PLTR",
      "t2": "XLV",
      "corr_hybrid": -0.0026,
      "corr_structured": null,
      "cat1": "Act",
      "cat2": "ETF",
      "exp1": null,
      "exp2": "healthcare",
      "fam1": null,
      "fam2": "sector_healthcare"
    },
    {
      "t1": "LUPIN",
      "t2": "XCEM",
      "corr_hybrid": 0.0022,
      "corr_structured": null,
      "cat1": "Act",
      "cat2": "ETF",
      "exp1": null,
      "exp2": "emerging_markets",
      "fam1": null,
      "fam2": "em_equity"
    },
    {
      "t1": "NOVN",
      "t2": "XLK",
      "corr_hybrid": -0.0021,
      "corr_structured": null,
      "cat1": "Act",
      "cat2": "ETF",
      "exp1": null,
      "exp2": "tech",
      "fam1": null,
      "fam2": "sector_tech"
    },
    {
      "t1": "FLKR",
      "t2": "ITX",
      "corr_hybrid": -0.0018,
      "corr_structured": null,
      "cat1": "ETF",
      "cat2": "Act",
      "exp1": "south_korea",
      "exp2": null,
      "fam1": "em_equity",
      "fam2": null
    },
    {
      "t1": "ITX",
      "t2": "XLK",
      "corr_hybrid": -0.0016,
      "corr_structured": null,
      "cat1": "Act",
      "cat2": "ETF",
      "exp1": null,
      "exp2": "tech",
      "fam1": null,
      "fam2": "sector_tech"
    },
    {
      "t1": "NOVN",
      "t2": "PICK",
      "corr_hybrid": 0.0014,
      "corr_structured": null,
      "cat1": "Act",
      "cat2": "ETF",
      "exp1": null,
      "exp2": "metals_mining",
      "fam1": null,
      "fam2": null
    },
    {
      "t1": "FSLR",
      "t2": "LUPIN",
      "corr_hybrid": -0.0012,
      "corr_structured": null,
      "cat1": "Act",
      "cat2": "Act",
      "exp1": null,
      "exp2": null,
      "fam1": null,
      "fam2": null
    },
    {
      "t1": "LUPIN",
      "t2": "PICK",
      "corr_hybrid": -0.0009,
      "corr_structured": null,
      "cat1": "Act",
      "cat2": "ETF",
      "exp1": null,
      "exp2": "metals_mining",
      "fam1": null,
      "fam2": null
    }
  ],
  "correlation_matrix": {
    "tickers": [
      "000660",
      "2059",
      "ACWV",
      "BSV",
      "CF",
      "CLTL",
      "COPX",
      "CUMMINSIND",
      "EEMV",
      "EXPD",
      "FIX",
      "FLKR",
      "FLRN",
      "FLTR",
      "FNDF",
      "FSLR",
      "GALP",
      "GD",
      "GLD",
      "GPIQ",
      "GVT&D",
      "ICLN",
      "ITX",
      "KO",
      "LLY",
      "LUPIN",
      "NOVN",
      "NVDA",
      "PG",
      "PICK",
      "PLTR",
      "SCHD",
      "SCHP",
      "SHEL",
      "SPLV",
      "SPYV",
      "STIP",
      "TDTT",
      "VGSH",
      "VICI",
      "XBI",
      "XCEM",
      "XLK",
      "XLV"
    ],
    "matrix": [
      [
        1.0,
        0.5843,
        0.3347,
        0.0804,
        0.2291,
        0.0804,
        0.1096,
        0.5843,
        0.216,
        0.331,
        0.1914,
        0.0787,
        0.0804,
        0.0804,
        0.2404,
        0.1708,
        0.3136,
        0.3999,
        0.0902,
        0.2231,
        0.5843,
        0.1955,
        0.3335,
        0.3478,
        0.2677,
        0.314,
        0.2827,
        0.1974,
        0.328,
        0.1512,
        0.1976,
        0.3204,
        0.5405,
        0.3516,
        0.2995,
        0.3259,
        0.0804,
        0.0804,
        0.0804,
        0.407,
        0.1788,
        0.1532,
        0.1761,
        0.2847
      ],
      [
        0.5843,
        1.0,
        0.3347,
        0.0804,
        0.2291,
        0.0804,
        0.1096,
        0.5843,
        0.216,
        0.331,
        0.1914,
        0.0787,
        0.0804,
        0.0804,
        0.2404,
        0.1708,
        0.3136,
        0.3999,
        0.0902,
        0.2231,
        0.5843,
        0.1955,
        0.3335,
        0.3478,
        0.2677,
        0.314,
        0.2827,
        0.1974,
        0.328,
        0.1512,
        0.1976,
        0.3204,
        0.5405,
        0.3516,
        0.2995,
        0.3259,
        0.0804,
        0.0804,
        0.0804,
        0.407,
        0.1788,
        0.1532,
        0.1761,
        0.2847
      ],
      [
        0.3347,
        0.3347,
        1.0,
        0.0894,
        -0.1006,
        0.0894,
        0.3984,
        0.3347,
        0.4507,
        0.202,
        0.1165,
        0.3418,
        0.0894,
        0.0894,
        0.4775,
        0.1287,
        0.1061,
        0.2559,
        0.2779,
        0.3202,
        0.3347,
        0.2932,
        0.2148,
        0.2633,
        0.3296,
        0.1803,
        0.1226,
        0.1576,
        0.3499,
        0.4413,
        0.0674,
        0.3537,
        0.3186,
        0.2055,
        0.3274,
        0.4085,
        0.0894,
        0.0894,
        0.0894,
        0.3217,
        0.3578,
        0.4146,
        0.2649,
        0.4143
      ],
      [
        0.0804,
        0.0804,
        0.0894,
        1.0,
        0.0088,
        0.0203,
        0.0937,
        0.0804,
        0.0943,
        0.0513,
        0.028,
        0.0719,
        0.0203,
        0.0203,
        0.1033,
        0.026,
        0.0258,
        0.0645,
        0.0697,
        0.0714,
        0.0804,
        0.0659,
        0.0465,
        0.0524,
        0.0577,
        0.04,
        0.0327,
        0.0392,
        0.0654,
        0.1015,
        0.0277,
        0.0792,
        0.0732,
        0.0647,
        0.0691,
        0.0887,
        0.0203,
        0.0203,
        0.0203,
        0.0721,
        0.0709,
        0.0867,
        0.0612,
        0.0789
      ],
      [
        0.2291,
        0.2291,
        -0.1006,
        0.0088,
        1.0,
        0.0088,
        -0.1116,
        0.2291,
        -0.3256,
        0.186,
        -0.0745,
        -0.3398,
        0.0088,
        0.0088,
        -0.2078,
        -0.0502,
        0.0569,
        0.2111,
        0.0715,
        -0.2409,
        0.2291,
        -0.1026,
        -0.0346,
        -0.0043,
        -0.0262,
        0.1219,
        0.1867,
        -0.1521,
        -0.1678,
        -0.1297,
        0.0054,
        0.0965,
        0.1323,
        0.5228,
        0.0263,
        -0.102,
        0.0088,
        0.0088,
        0.0088,
        0.1141,
        -0.2451,
        -0.3807,
        -0.2438,
        -0.1357
      ],
      [
        0.0804,
        0.0804,
        0.0894,
        0.0203,
        0.0088,
        1.0,
        0.0937,
        0.0804,
        0.0943,
        0.0513,
        0.028,
        0.0719,
        0.0203,
        0.0203,
        0.1033,
        0.026,
        0.0258,
        0.0645,
        0.0697,
        0.0714,
        0.0804,
        0.0659,
        0.0465,
        0.0524,
        0.0577,
        0.04,
        0.0327,
        0.0392,
        0.0654,
        0.1015,
        0.0277,
        0.0792,
        0.0732,
        0.0647,
        0.0691,
        0.0887,
        0.0203,
        0.0203,
        0.0203,
        0.0721,
        0.0709,
        0.0867,
        0.0612,
        0.0789
      ],
      [
        0.1096,
        0.1096,
        0.3984,
        0.0937,
        -0.1116,
        0.0937,
        1.0,
        0.1096,
        0.7156,
        0.1218,
        0.3517,
        0.7181,
        0.0937,
        0.0937,
        0.742,
        0.234,
        -0.1189,
        0.1923,
        0.5907,
        0.5885,
        0.1096,
        0.5919,
        -0.0205,
        -0.0281,
        0.0773,
        -0.0319,
        -0.0189,
        0.3554,
        0.0776,
        0.8702,
        0.2547,
        0.323,
        0.0501,
        0.2338,
        0.191,
        0.4923,
        0.0937,
        0.0937,
        0.0937,
        0.1291,
        0.4676,
        0.7549,
        0.5971,
        0.2898
      ],
      [
        0.5843,
        0.5843,
        0.3347,
        0.0804,
        0.2291,
        0.0804,
        0.1096,
        1.0,
        0.216,
        0.331,
        0.1914,
        0.0787,
        0.0804,
        0.0804,
        0.2404,
        0.1708,
        0.3136,
        0.3999,
        0.0902,
        0.2231,
        0.5843,
        0.1955,
        0.3335,
        0.3478,
        0.2677,
        0.314,
        0.2827,
        0.1974,
        0.328,
        0.1512,
        0.1976,
        0.3204,
        0.5405,
        0.3516,
        0.2995,
        0.3259,
        0.0804,
        0.0804,
        0.0804,
        0.407,
        0.1788,
        0.1532,
        0.1761,
        0.2847
      ],
      [
        0.216,
        0.216,
        0.4507,
        0.0943,
        -0.3256,
        0.0943,
        0.7156,
        0.216,
        1.0,
        0.1441,
        0.4123,
        0.6885,
        0.0943,
        0.0943,
        0.7135,
        0.2811,
        -0.007,
        0.2138,
        0.4326,
        0.6068,
        0.216,
        0.5691,
        0.1037,
        0.1066,
        0.2008,
        0.0526,
        0.0197,
        0.3952,
        0.2334,
        0.7406,
        0.2359,
        0.3234,
        0.1845,
        0.1099,
        0.2382,
        0.5239,
        0.0943,
        0.0943,
        0.0943,
        0.1968,
        0.5094,
        0.7535,
        0.5981,
        0.3849
      ],
      [
        0.331,
        0.331,
        0.202,
        0.0513,
        0.186,
        0.0513,
        0.1218,
        0.331,
        0.1441,
        1.0,
        0.0991,
        0.0667,
        0.0513,
        0.0513,
        0.1727,
        0.1269,
        0.1834,
        0.2245,
        0.1104,
        0.1048,
        0.331,
        0.1455,
        0.251,
        0.2269,
        0.0329,
        0.1653,
        0.1789,
        0.0751,
        0.2176,
        0.1504,
        -0.0208,
        0.2126,
        0.3093,
        0.2478,
        0.2072,
        0.1948,
        0.0513,
        0.0513,
        0.0513,
        0.2652,
        0.0352,
        0.1197,
        0.0749,
        0.109
      ],
      [
        0.1914,
        0.1914,
        0.1165,
        0.028,
        -0.0745,
        0.028,
        0.3517,
        0.1914,
        0.4123,
        0.0991,
        1.0,
        0.4853,
        0.028,
        0.028,
        0.3729,
        0.3057,
        -0.046,
        0.1666,
        0.0958,
        0.5146,
        0.1914,
        0.523,
        -0.0127,
        -0.0616,
        0.0953,
        0.0395,
        0.0115,
        0.5367,
        -0.0837,
        0.3493,
        0.2429,
        0.0679,
        0.1069,
        0.0451,
        -0.0501,
        0.29,
        0.028,
        0.028,
        0.028,
        -0.0312,
        0.2869,
        0.4781,
        0.5795,
        0.1133
      ],
      [
        0.0787,
        0.0787,
        0.3418,
        0.0719,
        -0.3398,
        0.0719,
        0.7181,
        0.0787,
        0.6885,
        0.0667,
        0.4853,
        1.0,
        0.0719,
        0.0719,
        0.6644,
        0.2629,
        -0.0947,
        0.1298,
        0.4172,
        0.6036,
        0.0787,
        0.5698,
        -0.0018,
        -0.0238,
        0.0899,
        -0.0371,
        -0.0514,
        0.4207,
        0.0885,
        0.7253,
        0.2528,
        0.2233,
        0.0423,
        0.0417,
        0.1216,
        0.4479,
        0.0719,
        0.0719,
        0.0719,
        0.0643,
        0.4651,
        0.7434,
        0.6244,
        0.2722
      ],
      [
        0.0804,
        0.0804,
        0.0894,
        0.0203,
        0.0088,
        0.0203,
        0.0937,
        0.0804,
        0.0943,
        0.0513,
        0.028,
        0.0719,
        1.0,
        0.0203,
        0.1033,
        0.026,
        0.0258,
        0.0645,
        0.0697,
        0.0714,
        0.0804,
        0.0659,
        0.0465,
        0.0524,
        0.0577,
        0.04,
        0.0327,
        0.0392,
        0.0654,
        0.1015,
        0.0277,
        0.0792,
        0.0732,
        0.0647,
        0.0691,
        0.0887,
        0.0203,
        0.0203,
        0.0203,
        0.0721,
        0.0709,
        0.0867,
        0.0612,
        0.0789
      ],
      [
        0.0804,
        0.0804,
        0.0894,
        0.0203,
        0.0088,
        0.0203,
        0.0937,
        0.0804,
        0.0943,
        0.0513,
        0.028,
        0.0719,
        0.0203,
        1.0,
        0.1033,
        0.026,
        0.0258,
        0.0645,
        0.0697,
        0.0714,
        0.0804,
        0.0659,
        0.0465,
        0.0524,
        0.0577,
        0.04,
        0.0327,
        0.0392,
        0.0654,
        0.1015,
        0.0277,
        0.0792,
        0.0732,
        0.0647,
        0.0691,
        0.0887,
        0.0203,
        0.0203,
        0.0203,
        0.0721,
        0.0709,
        0.0867,
        0.0612,
        0.0789
      ],
      [
        0.2404,
        0.2404,
        0.4775,
        0.1033,
        -0.2078,
        0.1033,
        0.742,
        0.2404,
        0.7135,
        0.1727,
        0.3729,
        0.6644,
        0.1033,
        0.1033,
        1.0,
        0.1946,
        -0.0266,
        0.2406,
        0.4796,
        0.5681,
        0.2404,
        0.5345,
        0.1237,
        0.131,
        0.2446,
        0.0793,
        0.0398,
        0.3475,
        0.2493,
        0.7713,
        0.1697,
        0.3745,
        0.2009,
        0.202,
        0.2851,
        0.5349,
        0.1033,
        0.1033,
        0.1033,
        0.2374,
        0.5063,
        0.7276,
        0.5475,
        0.4191
      ],
      [
        0.1708,
        0.1708,
        0.1287,
        0.026,
        -0.0502,
        0.026,
        0.234,
        0.1708,
        0.2811,
        0.1269,
        0.3057,
        0.2629,
        0.026,
        0.026,
        0.1946,
        1.0,
        0.0891,
        0.1371,
        0.1334,
        0.2539,
        0.1708,
        0.62,
        -0.1784,
        0.0247,
        0.1033,
        -0.0012,
        0.0523,
        0.1174,
        0.0658,
        0.2294,
        0.1328,
        0.1332,
        0.1018,
        0.0032,
        0.0474,
        0.2215,
        0.026,
        0.026,
        0.026,
        0.0694,
        0.1467,
        0.2843,
        0.2646,
        0.1237
      ],
      [
        0.3136,
        0.3136,
        0.1061,
        0.0258,
        0.0569,
        0.0258,
        -0.1189,
        0.3136,
        -0.007,
        0.1834,
        -0.046,
        -0.0947,
        0.0258,
        0.0258,
        -0.0266,
        0.0891,
        1.0,
        0.1769,
        -0.0766,
        0.0269,
        0.3136,
        -0.0154,
        0.2695,
        0.2247,
        -0.0342,
        0.1633,
        0.179,
        0.0629,
        0.2047,
        -0.096,
        0.1138,
        0.0866,
        0.3251,
        0.1028,
        0.1254,
        0.0784,
        0.0258,
        0.0258,
        0.0258,
        0.2206,
        -0.0474,
        -0.0382,
        0.0029,
        0.0137
      ],
      [
        0.3999,
        0.3999,
        0.2559,
        0.0645,
        0.2111,
        0.0645,
        0.1923,
        0.3999,
        0.2138,
        0.2245,
        0.1666,
        0.1298,
        0.0645,
        0.0645,
        0.2406,
        0.1371,
        0.1769,
        1.0,
        0.1529,
        0.2224,
        0.3999,
        0.2039,
        0.1707,
        0.1907,
        0.2001,
        0.1995,
        0.1841,
        0.1802,
        0.1774,
        0.213,
        0.2235,
        0.2505,
        0.3499,
        0.3014,
        0.2027,
        0.2693,
        0.0645,
        0.0645,
        0.0645,
        0.27,
        0.1823,
        0.1733,
        0.1975,
        0.2176
      ],
      [
        0.0902,
        0.0902,
        0.2779,
        0.0697,
        0.0715,
        0.0697,
        0.5907,
        0.0902,
        0.4326,
        0.1104,
        0.0958,
        0.4172,
        0.0697,
        0.0697,
        0.4796,
        0.1334,
        -0.0766,
        0.1529,
        1.0,
        0.3217,
        0.0902,
        0.3572,
        -0.0179,
        -0.0026,
        0.0537,
        -0.0086,
        0.0141,
        0.1469,
        0.0597,
        0.5926,
        0.1314,
        0.2608,
        0.0435,
        0.2551,
        0.1695,
        0.3179,
        0.0697,
        0.0697,
        0.0697,
        0.1295,
        0.2746,
        0.4413,
        0.3139,
        0.1948
      ],
      [
        0.2231,
        0.2231,
        0.3202,
        0.0714,
        -0.2409,
        0.0714,
        0.5885,
        0.2231,
        0.6068,
        0.1048,
        0.5146,
        0.6036,
        0.0714,
        0.0714,
        0.5681,
        0.2539,
        0.0269,
        0.2224,
        0.3217,
        1.0,
        0.2231,
        0.5158,
        0.0456,
        0.0054,
        0.1021,
        0.0381,
        0.024,
        0.5039,
        0.072,
        0.5917,
        0.4677,
        0.2016,
        0.1743,
        0.0948,
        0.0966,
        0.4336,
        0.0714,
        0.0714,
        0.0714,
        0.1036,
        0.4436,
        0.6442,
        0.6472,
        0.2416
      ],
      [
        0.5843,
        0.5843,
        0.3347,
        0.0804,
        0.2291,
        0.0804,
        0.1096,
        0.5843,
        0.216,
        0.331,
        0.1914,
        0.0787,
        0.0804,
        0.0804,
        0.2404,
        0.1708,
        0.3136,
        0.3999,
        0.0902,
        0.2231,
        1.0,
        0.1955,
        0.3335,
        0.3478,
        0.2677,
        0.314,
        0.2827,
        0.1974,
        0.328,
        0.1512,
        0.1976,
        0.3204,
        0.5405,
        0.3516,
        0.2995,
        0.3259,
        0.0804,
        0.0804,
        0.0804,
        0.407,
        0.1788,
        0.1532,
        0.1761,
        0.2847
      ],
      [
        0.1955,
        0.1955,
        0.2932,
        0.0659,
        -0.1026,
        0.0659,
        0.5919,
        0.1955,
        0.5691,
        0.1455,
        0.523,
        0.5698,
        0.0659,
        0.0659,
        0.5345,
        0.62,
        -0.0154,
        0.2039,
        0.3572,
        0.5158,
        0.1955,
        1.0,
        -0.0762,
        0.006,
        0.1394,
        0.0111,
        0.0263,
        0.3459,
        0.0728,
        0.5945,
        0.2351,
        0.2437,
        0.118,
        0.1263,
        0.1187,
        0.4139,
        0.0659,
        0.0659,
        0.0659,
        0.1048,
        0.3701,
        0.5991,
        0.5346,
        0.2476
      ],
      [
        0.3335,
        0.3335,
        0.2148,
        0.0465,
        -0.0346,
        0.0465,
        -0.0205,
        0.3335,
        0.1037,
        0.251,
        -0.0127,
        -0.0018,
        0.0465,
        0.0465,
        0.1237,
        -0.1784,
        0.2695,
        0.1707,
        -0.0179,
        0.0456,
        0.3335,
        -0.0762,
        1.0,
        0.3484,
        -0.0681,
        0.2022,
        0.1934,
        0.0652,
        0.3606,
        0.0306,
        -0.1365,
        0.1674,
        0.3794,
        0.1292,
        0.2487,
        0.154,
        0.0465,
        0.0465,
        0.0465,
        0.3147,
        -0.03,
        0.0855,
        -0.0016,
        0.073
      ],
      [
        0.3478,
        0.3478,
        0.2633,
        0.0524,
        -0.0043,
        0.0524,
        -0.0281,
        0.3478,
        0.1066,
        0.2269,
        -0.0616,
        -0.0238,
        0.0524,
        0.0524,
        0.131,
        0.0247,
        0.2247,
        0.1907,
        -0.0026,
        0.0054,
        0.3478,
        0.006,
        0.3484,
        1.0,
        0.2158,
        0.2309,
        0.1839,
        -0.0418,
        0.3977,
        0.0259,
        -0.1796,
        0.2385,
        0.3699,
        0.1393,
        0.2981,
        0.1876,
        0.0524,
        0.0524,
        0.0524,
        0.3366,
        0.0661,
        0.0521,
        -0.0655,
        0.2493
      ],
      [
        0.2677,
        0.2677,
        0.3296,
        0.0577,
        -0.0262,
        0.0577,
        0.0773,
        0.2677,
        0.2008,
        0.0329,
        0.0953,
        0.0899,
        0.0577,
        0.0577,
        0.2446,
        0.1033,
        -0.0342,
        0.2001,
        0.0537,
        0.1021,
        0.2677,
        0.1394,
        -0.0681,
        0.2158,
        1.0,
        0.2395,
        0.0577,
        -0.0361,
        0.278,
        0.1174,
        -0.0152,
        0.3081,
        0.2219,
        0.1209,
        0.2718,
        0.2776,
        0.0577,
        0.0577,
        0.0577,
        0.2224,
        0.4438,
        0.1002,
        0.0223,
        0.6497
      ],
      [
        0.314,
        0.314,
        0.1803,
        0.04,
        0.1219,
        0.04,
        -0.0319,
        0.314,
        0.0526,
        0.1653,
        0.0395,
        -0.0371,
        0.04,
        0.04,
        0.0793,
        -0.0012,
        0.1633,
        0.1995,
        -0.0086,
        0.0381,
        0.314,
        0.0111,
        0.2022,
        0.2309,
        0.2395,
        1.0,
        0.1549,
        0.0321,
        0.2214,
        -0.0009,
        0.0109,
        0.1779,
        0.3012,
        0.1756,
        0.1893,
        0.145,
        0.04,
        0.04,
        0.04,
        0.2377,
        0.0866,
        0.0022,
        -0.004,
        0.2038
      ],
      [
        0.2827,
        0.2827,
        0.1226,
        0.0327,
        0.1867,
        0.0327,
        -0.0189,
        0.2827,
        0.0197,
        0.1789,
        0.0115,
        -0.0514,
        0.0327,
        0.0327,
        0.0398,
        0.0523,
        0.179,
        0.1841,
        0.0141,
        0.024,
        0.2827,
        0.0263,
        0.1934,
        0.1839,
        0.0577,
        0.1549,
        1.0,
        0.0329,
        0.1578,
        0.0014,
        0.0374,
        0.1375,
        0.2677,
        0.1929,
        0.1431,
        0.1032,
        0.0327,
        0.0327,
        0.0327,
        0.2075,
        -0.0038,
        -0.0145,
        -0.0021,
        0.0728
      ],
      [
