{
  "_meta": {
    "generated": "2026-04-24T09:27:53",
    "portfolio_generated": "2026-04-24T09:24:16.050472",
    "n_assets": 42,
    "n_with_returns": 30,
    "covariance_method": "hybrid_shrunk",
    "condition_number": 361.15,
    "pca_factors": 6
  },
  "profiles": {
    "Agressif": {
      "n_assets": 15,
      "weighted_avg_correlation": 0.2863,
      "most_correlated": [
        {
          "t1": "COPX",
          "t2": "PICK",
          "corr": 0.8317,
          "w1": 8.7,
          "w2": 7.6,
          "combined_weight": 16.3
        },
        {
          "t1": "SOXX",
          "t2": "MU",
          "corr": 0.7639,
          "w1": 8.9,
          "w2": 4.3,
          "combined_weight": 13.2
        },
        {
          "t1": "GDE",
          "t2": "COPX",
          "corr": 0.763,
          "w1": 12.0,
          "w2": 8.7,
          "combined_weight": 20.7
        },
        {
          "t1": "GDE",
          "t2": "PICK",
          "corr": 0.7546,
          "w1": 12.0,
          "w2": 7.6,
          "combined_weight": 19.6
        },
        {
          "t1": "SOXX",
          "t2": "VRT",
          "corr": 0.685,
          "w1": 8.9,
          "w2": 3.4,
          "combined_weight": 12.4
        },
        {
          "t1": "VRT",
          "t2": "NVDA",
          "corr": 0.6781,
          "w1": 3.4,
          "w2": 5.7,
          "combined_weight": 9.1
        },
        {
          "t1": "FLKR",
          "t2": "SOXX",
          "corr": 0.6776,
          "w1": 5.1,
          "w2": 8.9,
          "combined_weight": 14.1
        },
        {
          "t1": "FLKR",
          "t2": "PICK",
          "corr": 0.6703,
          "w1": 5.1,
          "w2": 7.6,
          "combined_weight": 12.8
        },
        {
          "t1": "FLKR",
          "t2": "COPX",
          "corr": 0.66,
          "w1": 5.1,
          "w2": 8.7,
          "combined_weight": 13.9
        },
        {
          "t1": "2059",
          "t2": "2345",
          "corr": 0.618,
          "w1": 7.5,
          "w2": 7.7,
          "combined_weight": 15.2
        }
      ],
      "least_correlated": [
        {
          "t1": "FLTR",
          "t2": "PAAA",
          "corr": 0.0241,
          "w1": 6.8,
          "w2": 6.8,
          "combined_weight": 13.5
        },
        {
          "t1": "FLTR",
          "t2": "NVDA",
          "corr": 0.0241,
          "w1": 6.8,
          "w2": 5.7,
          "combined_weight": 12.5
        },
        {
          "t1": "PAAA",
          "t2": "NVDA",
          "corr": 0.0241,
          "w1": 6.8,
          "w2": 5.7,
          "combined_weight": 12.5
        },
        {
          "t1": "VRT",
          "t2": "FLTR",
          "corr": 0.0162,
          "w1": 3.4,
          "w2": 6.8,
          "combined_weight": 10.2
        },
        {
          "t1": "VRT",
          "t2": "PAAA",
          "corr": 0.0162,
          "w1": 3.4,
          "w2": 6.8,
          "combined_weight": 10.2
        }
      ],
      "high_corr_high_weight": [
        {
          "t1": "COPX",
          "t2": "PICK",
          "corr": 0.8317,
          "w1": 8.7,
          "w2": 7.6,
          "combined_weight": 16.3
        },
        {
          "t1": "SOXX",
          "t2": "MU",
          "corr": 0.7639,
          "w1": 8.9,
          "w2": 4.3,
          "combined_weight": 13.2
        },
        {
          "t1": "GDE",
          "t2": "COPX",
          "corr": 0.763,
          "w1": 12.0,
          "w2": 8.7,
          "combined_weight": 20.7
        },
        {
          "t1": "GDE",
          "t2": "PICK",
          "corr": 0.7546,
          "w1": 12.0,
          "w2": 7.6,
          "combined_weight": 19.6
        }
      ]
    },
    "Mod\u00e9r\u00e9": {
      "n_assets": 19,
      "weighted_avg_correlation": 0.1648,
      "most_correlated": [
        {
          "t1": "FNDF",
          "t2": "VSS",
          "corr": 0.6944,
          "w1": 5.9,
          "w2": 9.0,
          "combined_weight": 14.9
        },
        {
          "t1": "ELE",
          "t2": "GLD",
          "corr": 0.5929,
          "w1": 5.0,
          "w2": 5.0,
          "combined_weight": 10.0
        },
        {
          "t1": "FNDF",
          "t2": "FDVV",
          "corr": 0.5744,
          "w1": 5.9,
          "w2": 5.1,
          "combined_weight": 11.0
        },
        {
          "t1": "FDVV",
          "t2": "VSS",
          "corr": 0.573,
          "w1": 5.1,
          "w2": 9.0,
          "combined_weight": 14.1
        },
        {
          "t1": "BMED",
          "t2": "XLV",
          "corr": 0.5201,
          "w1": 6.3,
          "w2": 3.0,
          "combined_weight": 9.3
        },
        {
          "t1": "BMED",
          "t2": "FNDF",
          "corr": 0.5135,
          "w1": 6.3,
          "w2": 5.9,
          "combined_weight": 12.1
        },
        {
          "t1": "BMED",
          "t2": "FDVV",
          "corr": 0.5133,
          "w1": 6.3,
          "w2": 5.1,
          "combined_weight": 11.4
        },
        {
          "t1": "SCHD",
          "t2": "BMED",
          "corr": 0.4911,
          "w1": 6.0,
          "w2": 6.3,
          "combined_weight": 12.3
        },
        {
          "t1": "BMED",
          "t2": "VSS",
          "corr": 0.4856,
          "w1": 6.3,
          "w2": 9.0,
          "combined_weight": 15.3
        },
        {
          "t1": "VSS",
          "t2": "GLD",
          "corr": 0.4837,
          "w1": 9.0,
          "w2": 5.0,
          "combined_weight": 14.0
        }
      ],
      "least_correlated": [
        {
          "t1": "EOG",
          "t2": "VSS",
          "corr": 0.0048,
          "w1": 4.8,
          "w2": 9.0,
          "combined_weight": 13.8
        },
        {
          "t1": "ELE",
          "t2": "EOG",
          "corr": -0.0113,
          "w1": 5.0,
          "w2": 4.8,
          "combined_weight": 9.8
        },
        {
          "t1": "ITX",
          "t2": "XLV",
          "corr": -0.0235,
          "w1": 8.0,
          "w2": 3.0,
          "combined_weight": 11.0
        },
        {
          "t1": "ITX",
          "t2": "GLD",
          "corr": -0.0317,
          "w1": 8.0,
          "w2": 5.0,
          "combined_weight": 13.0
        },
        {
          "t1": "EOG",
          "t2": "GLD",
          "corr": -0.0825,
          "w1": 4.8,
          "w2": 5.0,
          "combined_weight": 9.8
        }
      ],
      "high_corr_high_weight": []
    },
    "Stable": {
      "n_assets": 15,
      "weighted_avg_correlation": 0.1412,
      "most_correlated": [
        {
          "t1": "IG",
          "t2": "SUNPHARMA",
          "corr": 0.5671,
          "w1": 5.3,
          "w2": 5.4,
          "combined_weight": 10.7
        },
        {
          "t1": "ACWV",
          "t2": "XLV",
          "corr": 0.487,
          "w1": 4.8,
          "w2": 4.4,
          "combined_weight": 9.2
        },
        {
          "t1": "SPYV",
          "t2": "XLV",
          "corr": 0.4839,
          "w1": 4.4,
          "w2": 4.4,
          "combined_weight": 8.8
        },
        {
          "t1": "ACWV",
          "t2": "SPYV",
          "corr": 0.4759,
          "w1": 4.8,
          "w2": 4.4,
          "combined_weight": 9.2
        },
        {
          "t1": "VICI",
          "t2": "SUNPHARMA",
          "corr": 0.4385,
          "w1": 5.3,
          "w2": 5.4,
          "combined_weight": 10.7
        },
        {
          "t1": "ACWV",
          "t2": "SPLV",
          "corr": 0.4304,
          "w1": 4.8,
          "w2": 5.9,
          "combined_weight": 10.7
        },
        {
          "t1": "VICI",
          "t2": "IG",
          "corr": 0.4264,
          "w1": 5.3,
          "w2": 5.3,
          "combined_weight": 10.6
        },
        {
          "t1": "GD",
          "t2": "SUNPHARMA",
          "corr": 0.4167,
          "w1": 5.3,
          "w2": 5.4,
          "combined_weight": 10.7
        },
        {
          "t1": "SPLV",
          "t2": "XLV",
          "corr": 0.4149,
          "w1": 5.9,
          "w2": 4.4,
          "combined_weight": 10.2
        },
        {
          "t1": "JNJ",
          "t2": "SUNPHARMA",
          "corr": 0.4096,
          "w1": 5.3,
          "w2": 5.4,
          "combined_weight": 10.7
        }
      ],
      "least_correlated": [
        {
          "t1": "BSV",
          "t2": "VGSH",
          "corr": 0.0241,
          "w1": 11.8,
          "w2": 13.0,
          "combined_weight": 24.8
        },
        {
          "t1": "BSV",
          "t2": "STIP",
          "corr": 0.0241,
          "w1": 11.8,
          "w2": 13.0,
          "combined_weight": 24.8
        },
        {
          "t1": "CLTL",
          "t2": "VGSH",
          "corr": 0.0241,
          "w1": 7.6,
          "w2": 13.0,
          "combined_weight": 20.6
        },
        {
          "t1": "CLTL",
          "t2": "STIP",
          "corr": 0.0241,
          "w1": 7.6,
          "w2": 13.0,
          "combined_weight": 20.6
        },
        {
          "t1": "VGSH",
          "t2": "STIP",
          "corr": 0.0241,
          "w1": 13.0,
          "w2": 13.0,
          "combined_weight": 26.0
        }
      ],
      "high_corr_high_weight": []
    }
  },
  "all_pairs_top_30": [
    {
      "t1": "COPX",
      "t2": "PICK",
      "corr_hybrid": 0.8317,
      "corr_structured": 0.2,
      "cat1": "ETF",
      "cat2": "ETF",
      "exp1": "copper",
      "exp2": "metals_mining",
      "fam1": "commodities",
      "fam2": null
    },
    {
      "t1": "MU",
      "t2": "SOXX",
      "corr_hybrid": 0.7639,
      "corr_structured": null,
      "cat1": "Act",
      "cat2": "ETF",
      "exp1": null,
      "exp2": "semiconductor",
      "fam1": null,
      "fam2": "sector_tech"
    },
    {
      "t1": "COPX",
      "t2": "GDE",
      "corr_hybrid": 0.763,
      "corr_structured": 0.2,
      "cat1": "ETF",
      "cat2": "ETF",
      "exp1": "copper",
      "exp2": "gold_leveraged",
      "fam1": "commodities",
      "fam2": null
    },
    {
      "t1": "PICK",
      "t2": "VSS",
      "corr_hybrid": 0.7566,
      "corr_structured": 0.2,
      "cat1": "ETF",
      "cat2": "ETF",
      "exp1": "metals_mining",
      "exp2": "intl_small_cap",
      "fam1": null,
      "fam2": null
    },
    {
      "t1": "GDE",
      "t2": "PICK",
      "corr_hybrid": 0.7546,
      "corr_structured": 0.2,
      "cat1": "ETF",
      "cat2": "ETF",
      "exp1": "gold_leveraged",
      "exp2": "metals_mining",
      "fam1": null,
      "fam2": null
    },
    {
      "t1": "COPX",
      "t2": "VSS",
      "corr_hybrid": 0.7401,
      "corr_structured": 0.2,
      "cat1": "ETF",
      "cat2": "ETF",
      "exp1": "copper",
      "exp2": "intl_small_cap",
      "fam1": "commodities",
      "fam2": null
    },
    {
      "t1": "FNDF",
      "t2": "PICK",
      "corr_hybrid": 0.7169,
      "corr_structured": 0.2,
      "cat1": "ETF",
      "cat2": "ETF",
      "exp1": "international",
      "exp2": "metals_mining",
      "fam1": "intl_equity",
      "fam2": null
    },
    {
      "t1": "FNDF",
      "t2": "VSS",
      "corr_hybrid": 0.6944,
      "corr_structured": 0.2,
      "cat1": "ETF",
      "cat2": "ETF",
      "exp1": "international",
      "exp2": "intl_small_cap",
      "fam1": "intl_equity",
      "fam2": null
    },
    {
      "t1": "COPX",
      "t2": "FNDF",
      "corr_hybrid": 0.6918,
      "corr_structured": 0.2,
      "cat1": "ETF",
      "cat2": "ETF",
      "exp1": "copper",
      "exp2": "international",
      "fam1": "commodities",
      "fam2": "intl_equity"
    },
    {
      "t1": "SOXX",
      "t2": "VRT",
      "corr_hybrid": 0.685,
      "corr_structured": null,
      "cat1": "ETF",
      "cat2": "Act",
      "exp1": "semiconductor",
      "exp2": null,
      "fam1": "sector_tech",
      "fam2": null
    },
    {
      "t1": "NVDA",
      "t2": "VRT",
      "corr_hybrid": 0.6781,
      "corr_structured": null,
      "cat1": "Act",
      "cat2": "Act",
      "exp1": null,
      "exp2": null,
      "fam1": null,
      "fam2": null
    },
    {
      "t1": "FLKR",
      "t2": "SOXX",
      "corr_hybrid": 0.6776,
      "corr_structured": 0.2,
      "cat1": "ETF",
      "cat2": "ETF",
      "exp1": "south_korea",
      "exp2": "semiconductor",
      "fam1": "em_equity",
      "fam2": "sector_tech"
    },
    {
      "t1": "GDE",
      "t2": "VSS",
      "corr_hybrid": 0.6738,
      "corr_structured": 0.2,
      "cat1": "ETF",
      "cat2": "ETF",
      "exp1": "gold_leveraged",
      "exp2": "intl_small_cap",
      "fam1": null,
      "fam2": null
    },
    {
      "t1": "FLKR",
      "t2": "PICK",
      "corr_hybrid": 0.6703,
      "corr_structured": 0.2,
      "cat1": "ETF",
      "cat2": "ETF",
      "exp1": "south_korea",
      "exp2": "metals_mining",
      "fam1": "em_equity",
      "fam2": null
    },
    {
      "t1": "COPX",
      "t2": "FLKR",
      "corr_hybrid": 0.66,
      "corr_structured": 0.2,
      "cat1": "ETF",
      "cat2": "ETF",
      "exp1": "copper",
      "exp2": "south_korea",
      "fam1": "commodities",
      "fam2": "em_equity"
    },
    {
      "t1": "FLKR",
      "t2": "VSS",
      "corr_hybrid": 0.642,
      "corr_structured": 0.2,
      "cat1": "ETF",
      "cat2": "ETF",
      "exp1": "south_korea",
      "exp2": "intl_small_cap",
      "fam1": "em_equity",
      "fam2": null
    },
    {
      "t1": "FNDF",
      "t2": "GDE",
      "corr_hybrid": 0.6315,
      "corr_structured": 0.2,
      "cat1": "ETF",
      "cat2": "ETF",
      "exp1": "international",
      "exp2": "gold_leveraged",
      "fam1": "intl_equity",
      "fam2": null
    },
    {
      "t1": "2059",
      "t2": "2345",
      "corr_hybrid": 0.618,
      "corr_structured": null,
      "cat1": "Act",
      "cat2": "Act",
      "exp1": null,
      "exp2": null,
      "fam1": null,
      "fam2": null
    },
    {
      "t1": "2059",
      "t2": "SUNPHARMA",
      "corr_hybrid": 0.618,
      "corr_structured": null,
      "cat1": "Act",
      "cat2": "Act",
      "exp1": null,
      "exp2": null,
      "fam1": null,
      "fam2": null
    },
    {
      "t1": "2345",
      "t2": "SUNPHARMA",
      "corr_hybrid": 0.618,
      "corr_structured": null,
      "cat1": "Act",
      "cat2": "Act",
      "exp1": null,
      "exp2": null,
      "fam1": null,
      "fam2": null
    },
    {
      "t1": "FLKR",
      "t2": "FNDF",
      "corr_hybrid": 0.617,
      "corr_structured": 0.62,
      "cat1": "ETF",
      "cat2": "ETF",
      "exp1": "south_korea",
      "exp2": "international",
      "fam1": "em_equity",
      "fam2": "intl_equity"
    },
    {
      "t1": "MU",
      "t2": "VRT",
      "corr_hybrid": 0.6029,
      "corr_structured": null,
      "cat1": "Act",
      "cat2": "Act",
      "exp1": null,
      "exp2": null,
      "fam1": null,
      "fam2": null
    },
    {
      "t1": "COPX",
      "t2": "GLD",
      "corr_hybrid": 0.6003,
      "corr_structured": 0.45,
      "cat1": "ETF",
      "cat2": "ETF",
      "exp1": "copper",
      "exp2": "gold_physical",
      "fam1": "commodities",
      "fam2": "gold"
    },
    {
      "t1": "FLKR",
      "t2": "MU",
      "corr_hybrid": 0.5954,
      "corr_structured": null,
      "cat1": "ETF",
      "cat2": "Act",
      "exp1": "south_korea",
      "exp2": null,
      "fam1": "em_equity",
      "fam2": null
    },
    {
      "t1": "ELE",
      "t2": "GLD",
      "corr_hybrid": 0.5929,
      "corr_structured": null,
      "cat1": "Act",
      "cat2": "ETF",
      "exp1": null,
      "exp2": "gold_physical",
      "fam1": null,
      "fam2": "gold"
    },
    {
      "t1": "PICK",
      "t2": "SOXX",
      "corr_hybrid": 0.5927,
      "corr_structured": 0.2,
      "cat1": "ETF",
      "cat2": "ETF",
      "exp1": "metals_mining",
      "exp2": "semiconductor",
      "fam1": null,
      "fam2": "sector_tech"
    },
    {
      "t1": "GDE",
      "t2": "GLD",
      "corr_hybrid": 0.5874,
      "corr_structured": 0.2,
      "cat1": "ETF",
      "cat2": "ETF",
      "exp1": "gold_leveraged",
      "exp2": "gold_physical",
      "fam1": null,
      "fam2": "gold"
    },
    {
      "t1": "SOXX",
      "t2": "VSS",
      "corr_hybrid": 0.5814,
      "corr_structured": 0.2,
      "cat1": "ETF",
      "cat2": "ETF",
      "exp1": "semiconductor",
      "exp2": "intl_small_cap",
      "fam1": "sector_tech",
      "fam2": null
    },
    {
      "t1": "COPX",
      "t2": "SOXX",
      "corr_hybrid": 0.5809,
      "corr_structured": 0.2,
      "cat1": "ETF",
      "cat2": "ETF",
      "exp1": "copper",
      "exp2": "semiconductor",
      "fam1": "commodities",
      "fam2": "sector_tech"
    },
    {
      "t1": "GLD",
      "t2": "PICK",
      "corr_hybrid": 0.5766,
      "corr_structured": 0.2,
      "cat1": "ETF",
      "cat2": "ETF",
      "exp1": "gold_physical",
      "exp2": "metals_mining",
      "fam1": "gold",
      "fam2": null
    }
  ],
  "all_pairs_bottom_10": [
    {
      "t1": "FLKR",
      "t2": "VICI",
      "corr_hybrid": 0.0102,
      "corr_structured": null,
      "cat1": "ETF",
      "cat2": "Act",
      "exp1": "south_korea",
      "exp2": null,
      "fam1": "em_equity",
      "fam2": null
    },
    {
      "t1": "INCY",
      "t2": "ITX",
      "corr_hybrid": 0.0096,
      "corr_structured": null,
      "cat1": "Act",
      "cat2": "Act",
      "exp1": null,
      "exp2": null,
      "fam1": null,
      "fam2": null
    },
    {
      "t1": "ITX",
      "t2": "JNJ",
      "corr_hybrid": 0.0079,
      "corr_structured": null,
      "cat1": "Act",
      "cat2": "Act",
      "exp1": null,
      "exp2": null,
      "fam1": null,
      "fam2": null
    },
    {
      "t1": "EOG",
      "t2": "MU",
      "corr_hybrid": -0.0063,
      "corr_structured": null,
      "cat1": "Act",
      "cat2": "Act",
      "exp1": null,
      "exp2": null,
      "fam1": null,
      "fam2": null
    },
    {
      "t1": "EOG",
      "t2": "SOXX",
      "corr_hybrid": -0.0054,
      "corr_structured": null,
      "cat1": "Act",
      "cat2": "ETF",
      "exp1": null,
      "exp2": "semiconductor",
      "fam1": null,
      "fam2": "sector_tech"
    },
    {
      "t1": "ITX",
      "t2": "SPLV",
      "corr_hybrid": -0.0053,
      "corr_structured": null,
      "cat1": "Act",
      "cat2": "ETF",
      "exp1": null,
      "exp2": "sp500",
      "fam1": null,
      "fam2": "us_equity_large"
    },
    {
      "t1": "EOG",
      "t2": "VSS",
      "corr_hybrid": 0.0048,
      "corr_structured": null,
      "cat1": "Act",
      "cat2": "ETF",
      "exp1": null,
      "exp2": "intl_small_cap",
      "fam1": null,
      "fam2": null
    },
    {
      "t1": "JNJ",
      "t2": "SOXX",
      "corr_hybrid": 0.0042,
      "corr_structured": null,
      "cat1": "Act",
      "cat2": "ETF",
      "exp1": null,
      "exp2": "semiconductor",
      "fam1": null,
      "fam2": "sector_tech"
    },
    {
      "t1": "JNJ",
      "t2": "NVDA",
      "corr_hybrid": 0.0016,
      "corr_structured": null,
      "cat1": "Act",
      "cat2": "Act",
      "exp1": null,
      "exp2": null,
      "fam1": null,
      "fam2": null
    },
    {
      "t1": "GDE",
      "t2": "ITX",
      "corr_hybrid": 0.0009,
      "corr_structured": null,
      "cat1": "ETF",
      "cat2": "Act",
      "exp1": "gold_leveraged",
      "exp2": null,
      "fam1": null,
      "fam2": null
    }
  ],
  "correlation_matrix": {
    "tickers": [
      "2059",
      "2345",
      "ACWV",
      "BMED",
      "BSV",
      "CLTL",
      "COPX",
      "ELE",
      "EOG",
      "FDVV",
      "FLKR",
      "FLTR",
      "FNDF",
      "GBIL",
      "GD",
      "GDE",
      "GLD",
      "GTIP",
      "IG",
      "INCY",
      "ITX",
      "JAAA",
      "JNJ",
      "LI",
      "MU",
      "NOVN",
      "NVDA",
      "PAAA",
      "PICK",
      "SCHD",
      "SHEL",
      "SOXX",
      "SPLV",
      "SPYV",
      "STIP",
      "SUNPHARMA",
      "VGSH",
      "VICI",
      "VRT",
      "VSS",
      "XBI",
      "XLV"
    ],
    "matrix": [
      [
        1.0,
        0.618,
        0.3236,
        0.4802,
        0.0709,
        0.0709,
        0.0942,
        0.1722,
        0.3419,
        0.321,
        0.0916,
        0.0709,
        0.2555,
        0.0709,
        0.4167,
        0.1124,
        0.0341,
        0.0709,
        0.5671,
        0.356,
        0.2542,
        0.0709,
        0.4096,
        0.2248,
        0.1444,
        0.4105,
        0.2559,
        0.0709,
        0.1489,
        0.3393,
        0.3984,
        0.1574,
        0.306,
        0.3304,
        0.0709,
        0.618,
        0.0709,
        0.4385,
        0.1954,
        0.2168,
        0.2309,
        0.3015
      ],
      [
        0.618,
        1.0,
        0.3236,
        0.4802,
        0.0709,
        0.0709,
        0.0942,
        0.1722,
        0.3419,
        0.321,
        0.0916,
        0.0709,
        0.2555,
        0.0709,
        0.4167,
        0.1124,
        0.0341,
        0.0709,
        0.5671,
        0.356,
        0.2542,
        0.0709,
        0.4096,
        0.2248,
        0.1444,
        0.4105,
        0.2559,
        0.0709,
        0.1489,
        0.3393,
        0.3984,
        0.1574,
        0.306,
        0.3304,
        0.0709,
        0.618,
        0.0709,
        0.4385,
        0.1954,
        0.2168,
        0.2309,
        0.3015
      ],
      [
        0.3236,
        0.3236,
        1.0,
        0.509,
        0.1065,
        0.1065,
        0.3881,
        0.1331,
        0.1274,
        0.4501,
        0.3353,
        0.1065,
        0.4842,
        0.1065,
        0.3731,
        0.3868,
        0.2642,
        0.1065,
        0.3198,
        0.4,
        0.0182,
        0.1065,
        0.3844,
        0.2516,
        0.117,
        0.2527,
        0.079,
        0.1065,
        0.4391,
        0.4558,
        0.2147,
        0.2361,
        0.4304,
        0.4759,
        0.1065,
        0.3236,
        0.1065,
        0.3355,
        0.0302,
        0.4682,
        0.4374,
        0.487
      ],
      [
        0.4802,
        0.4802,
        0.509,
        1.0,
        0.1092,
        0.1092,
        0.3605,
        0.1325,
        0.2178,
        0.5133,
        0.3864,
        0.1092,
        0.5135,
        0.1092,
        0.4442,
        0.3601,
        0.1967,
        0.1092,
        0.4534,
        0.4951,
        0.0748,
        0.1092,
        0.4264,
        0.2669,
        0.3207,
        0.3423,
        0.2431,
        0.1092,
        0.4255,
        0.4911,
        0.311,
        0.3739,
        0.4196,
        0.5386,
        0.1092,
        0.4802,
        0.1092,
        0.3842,
        0.2029,
        0.4856,
        0.4668,
        0.5201
      ],
      [
        0.0709,
        0.0709,
        0.1065,
        0.1092,
        1.0,
        0.0241,
        0.0894,
        0.0155,
        0.0274,
        0.1019,
        0.08,
        0.0241,
        0.1093,
        0.0241,
        0.0758,
        0.0821,
        0.0516,
        0.0241,
        0.0682,
        0.0843,
        0.0349,
        0.0241,
        0.0769,
        0.0607,
        0.0281,
        0.057,
        0.0241,
        0.0241,
        0.1001,
        0.1002,
        0.0455,
        0.0609,
        0.0887,
        0.1063,
        0.0241,
        0.0709,
        0.0241,
        0.0651,
        0.0162,
        0.106,
        0.0944,
        0.1031
      ],
      [
        0.0709,
        0.0709,
        0.1065,
        0.1092,
        0.0241,
        1.0,
        0.0894,
        0.0155,
        0.0274,
        0.1019,
        0.08,
        0.0241,
        0.1093,
        0.0241,
        0.0758,
        0.0821,
        0.0516,
        0.0241,
        0.0682,
        0.0843,
        0.0349,
        0.0241,
        0.0769,
        0.0607,
        0.0281,
        0.057,
        0.0241,
        0.0241,
        0.1001,
        0.1002,
        0.0455,
        0.0609,
        0.0887,
        0.1063,
        0.0241,
        0.0709,
        0.0241,
        0.0651,
        0.0162,
        0.106,
        0.0944,
        0.1031
      ],
      [
        0.0942,
        0.0942,
        0.3881,
        0.3605,
        0.0894,
        0.0894,
        1.0,
        0.5179,
        -0.0826,
        0.5225,
        0.66,
        0.0894,
        0.6918,
        0.0894,
        0.1951,
        0.763,
        0.6003,
        0.0894,
        0.0682,
        0.1869,
        0.1394,
        0.0894,
        0.1027,
        0.3599,
        0.3749,
        0.0964,
        0.3347,
        0.0894,
        0.8317,
        0.299,
        0.1548,
        0.5809,
        0.2061,
        0.4577,
        0.0894,
        0.0942,
        0.0894,
        0.092,
        0.3842,
        0.7401,
        0.4495,
        0.3185
      ],
      [
        0.1722,
        0.1722,
        0.1331,
        0.1325,
        0.0155,
        0.0155,
        0.5179,
        1.0,
        -0.0113,
        0.1593,
        0.221,
        0.0155,
        0.3145,
        0.0155,
        0.1733,
        0.5527,
        0.5929,
        0.0155,
        0.1521,
        -0.0148,
        0.0297,
        0.0155,
        0.1083,
        0.0558,
        0.1561,
        0.1318,
        0.1947,
        0.0155,
        0.4732,
        0.0149,
        0.2598,
        0.1544,
        0.0794,
        0.0813,
        0.0155,
        0.1722,
        0.0155,
        0.2296,
        0.1187,
        0.3628,
        0.1083,
        0.0218
      ],
      [
        0.3419,
        0.3419,
        0.1274,
        0.2178,
        0.0274,
        0.0274,
        -0.0826,
        -0.0113,
        1.0,
        0.1087,
        -0.0627,
        0.0274,
        0.0344,
        0.0274,
        0.2104,
        -0.0594,
        -0.0825,
        0.0274,
        0.3152,
        0.1655,
        0.0974,
        0.0274,
        0.221,
        0.1196,
        -0.0063,
        0.2122,
        0.1038,
        0.0274,
        -0.048,
        0.1512,
        0.2025,
        -0.0054,
        0.1456,
        0.1213,
        0.0274,
        0.3419,
        0.0274,
        0.2377,
        0.08,
        0.0048,
        0.0649,
        0.1193
      ],
      [
        0.321,
        0.321,
        0.4501,
        0.5133,
        0.1019,
        0.1019,
        0.5225,
        0.1593,
        0.1087,
        1.0,
        0.5024,
        0.1019,
        0.5744,
        0.1019,
        0.3296,
        0.4771,
        0.2905,
        0.1019,
        0.2899,
        0.3776,
        0.0981,
        0.1019,
        0.2775,
        0.3525,
        0.3594,
        0.229,
        0.3137,
        0.1019,
        0.562,
        0.4214,
        0.2283,
        0.4932,
        0.3158,
        0.5215,
        0.1019,
        0.321,
        0.1019,
        0.2321,
        0.3436,
        0.573,
        0.4661,
        0.4395
      ],
      [
        0.0916,
        0.0916,
        0.3353,
        0.3864,
        0.08,
        0.08,
        0.66,
        0.221,
        -0.0627,
        0.5024,
        1.0,
        0.08,
        0.617,
        0.08,
        0.1659,
        0.5756,
        0.3657,
        0.08,
        0.0651,
        0.2892,
        0.1069,
        0.08,
        0.0663,
        0.2417,
        0.5954,
        0.0891,
        0.3776,
        0.08,
        0.6703,
        0.301,
        0.1047,
        0.6776,
        0.1481,
        0.4728,
        0.08,
        0.0916,
        0.08,
        0.0102,
        0.4382,
        0.642,
        0.4456,
        0.3515
      ],
      [
        0.0709,
        0.0709,
        0.1065,
        0.1092,
        0.0241,
        0.0241,
        0.0894,
        0.0155,
        0.0274,
        0.1019,
        0.08,
        1.0,
        0.1093,
        0.0241,
        0.0758,
        0.0821,
        0.0516,
        0.0241,
        0.0682,
        0.0843,
        0.0349,
        0.0241,
        0.0769,
        0.0607,
        0.0281,
        0.057,
        0.0241,
        0.0241,
        0.1001,
        0.1002,
        0.0455,
        0.0609,
        0.0887,
        0.1063,
        0.0241,
        0.0709,
        0.0241,
        0.0651,
        0.0162,
        0.106,
        0.0944,
        0.1031
      ],
      [
        0.2555,
        0.2555,
        0.4842,
        0.5135,
        0.1093,
        0.1093,
        0.6918,
        0.3145,
        0.0344,
        0.5744,
        0.617,
        0.1093,
        1.0,
        0.1093,
        0.3142,
        0.6315,
        0.4401,
        0.1093,
        0.2295,
        0.363,
        0.1269,
        0.1093,
        0.2493,
        0.339,
        0.408,
        0.2059,
        0.3137,
        0.1093,
        0.7169,
        0.4273,
        0.2143,
        0.5603,
        0.3228,
        0.5524,
        0.1093,
        0.2555,
        0.1093,
        0.2072,
        0.3308,
        0.6944,
        0.5128,
        0.4593
      ],
      [
        0.0709,
        0.0709,
        0.1065,
        0.1092,
        0.0241,
        0.0241,
        0.0894,
        0.0155,
        0.0274,
        0.1019,
        0.08,
        0.0241,
        0.1093,
        1.0,
        0.0758,
        0.0821,
        0.0516,
        0.0241,
        0.0682,
        0.0843,
        0.0349,
        0.0241,
        0.0769,
        0.0607,
        0.0281,
        0.057,
        0.0241,
        0.0241,
        0.1001,
        0.1002,
        0.0455,
        0.0609,
        0.0887,
        0.1063,
        0.0241,
        0.0709,
        0.0241,
        0.0651,
        0.0162,
        0.106,
        0.0944,
        0.1031
      ],
      [
        0.4167,
        0.4167,
        0.3731,
        0.4442,
        0.0758,
        0.0758,
        0.1951,
        0.1733,
        0.2104,
        0.3296,
        0.1659,
        0.0758,
        0.3142,
        0.0758,
        1.0,
        0.225,
        0.1475,
        0.0758,
        0.3986,
        0.3453,
        0.0209,
        0.0758,
        0.374,
        0.1926,
        0.1084,
        0.2879,
        0.1269,
        0.0758,
        0.2438,
        0.35,
        0.2755,
        0.1446,
        0.3424,
        0.3492,
        0.0758,
        0.4167,
        0.0758,
        0.3684,
        0.0705,
        0.289,
        0.2988,
        0.3594
      ],
      [
        0.1124,
        0.1124,
        0.3868,
        0.3601,
        0.0821,
        0.0821,
        0.763,
        0.5527,
        -0.0594,
        0.4771,
        0.5756,
        0.0821,
        0.6315,
        0.0821,
        0.225,
        1.0,
        0.5874,
        0.0821,
        0.0957,
        0.1986,
        0.0009,
        0.0821,
        0.148,
        0.3153,
        0.3261,
        0.0995,
        0.2799,
        0.0821,
        0.7546,
        0.2881,
        0.167,
        0.4893,
        0.2318,
        0.4231,
        0.0821,
        0.1124,
        0.0821,
        0.1458,
        0.3077,
        0.6738,
        0.4277,
        0.3212
      ],
      [
        0.0341,
        0.0341,
        0.2642,
        0.1967,
        0.0516,
        0.0516,
        0.6003,
        0.5929,
        -0.0825,
        0.2905,
        0.3657,
        0.0516,
        0.4401,
        0.0516,
        0.1475,
        0.5874,
        1.0,
        0.0516,
        0.0318,
        0.0659,
        -0.0317,
        0.0516,
        0.1019,
        0.1931,
        0.1184,
        0.0493,
        0.125,
        0.0516,
        0.5766,
        0.1584,
        0.1203,
        0.2487,
        0.1706,
        0.2389,
        0.0516,
        0.0341,
        0.0516,
        0.1302,
        0.1142,
        0.4837,
        0.2672,
        0.1817
      ],
      [
        0.0709,
        0.0709,
        0.1065,
        0.1092,
        0.0241,
        0.0241,
        0.0894,
        0.0155,
        0.0274,
        0.1019,
        0.08,
        0.0241,
        0.1093,
        0.0241,
        0.0758,
        0.0821,
        0.0516,
        1.0,
        0.0682,
        0.0843,
        0.0349,
        0.0241,
        0.0769,
        0.0607,
        0.0281,
        0.057,
        0.0241,
        0.0241,
        0.1001,
        0.1002,
        0.0455,
        0.0609,
        0.0887,
        0.1063,
        0.0241,
        0.0709,
        0.0241,
        0.0651,
        0.0162,
        0.106,
        0.0944,
        0.1031
      ],
      [
        0.5671,
        0.5671,
        0.3198,
        0.4534,
        0.0682,
        0.0682,
        0.0682,
        0.1521,
        0.3152,
        0.2899,
        0.0651,
        0.0682,
        0.2295,
        0.0682,
        0.3986,
        0.0957,
        0.0318,
        0.0682,
        1.0,
        0.3464,
        0.1987,
        0.0682,
        0.4045,
        0.1837,
        0.1007,
        0.3819,
        0.1882,
        0.0682,
        0.1225,
        0.3294,
        0.3623,
        0.105,
        0.3135,
        0.3077,
        0.0682,
        0.5671,
        0.0682,
        0.4264,
        0.1158,
        0.1905,
        0.2211,
        0.303
      ],
      [
        0.356,
        0.356,
        0.4,
        0.4951,
        0.0843,
        0.0843,
        0.1869,
        -0.0148,
        0.1655,
        0.3776,
        0.2892,
        0.0843,
        0.363,
        0.0843,
        0.3453,
        0.1986,
        0.0659,
        0.0843,
        0.3464,
        1.0,
        0.0096,
        0.0843,
        0.3454,
        0.1057,
        0.3036,
        0.2648,
        0.1322,
        0.0843,
        0.2509,
        0.4004,
        0.2083,
        0.2766,
        0.3411,
        0.4247,
        0.0843,
        0.356,
        0.0843,
        0.2875,
        0.0756,
        0.3285,
        0.37,
        0.4502
      ],
      [
        0.2542,
        0.2542,
        0.0182,
        0.0748,
        0.0349,
        0.0349,
        0.1394,
        0.0297,
        0.0974,
        0.0981,
        0.1069,
        0.0349,
        0.1269,
        0.0349,
        0.0209,
        0.0009,
        -0.0317,
        0.0349,
        0.1987,
        0.0096,
        1.0,
        0.0349,
        0.0079,
        0.0196,
        0.0283,
        0.2511,
        0.1314,
        0.0349,
        0.1299,
        0.0789,
        0.162,
        0.1177,
        -0.0053,
        0.0734,
        0.0349,
        0.2542,
        0.0349,
        0.0413,
        0.0591,
        0.1218,
        -0.0331,
        -0.0235
      ],
      [
        0.0709,
        0.0709,
        0.1065,
        0.1092,
        0.0241,
        0.0241,
        0.0894,
        0.0155,
        0.0274,
        0.1019,
        0.08,
        0.0241,
        0.1093,
        0.0241,
        0.0758,
        0.0821,
        0.0516,
        0.0241,
        0.0682,
        0.0843,
        0.0349,
        1.0,
        0.0769,
        0.0607,
        0.0281,
        0.057,
        0.0241,
        0.0241,
        0.1001,
        0.1002,
        0.0455,
        0.0609,
        0.0887,
        0.1063,
        0.0241,
        0.0709,
        0.0241,
        0.0651,
        0.0162,
        0.106,
        0.0944,
        0.1031
      ],
      [
        0.4096,
        0.4096,
        0.3844,
        0.4264,
        0.0769,
        0.0769,
        0.1027,
        0.1083,
        0.221,
        0.2775,
        0.0663,
        0.0769,
        0.2493,
        0.0769,
        0.374,
        0.148,
        0.1019,
        0.0769,
        0.4045,
        0.3454,
        0.0079,
        0.0769,
        1.0,
        0.1462,
        -0.0338,
        0.2941,
        0.0016,
        0.0769,
        0.1578,
        0.3611,
        0.2559,
        0.0042,
        0.389,
        0.316,
        0.0769,
        0.4096,
        0.0769,
        0.4038,
        -0.0885,
        0.2152,
        0.2703,
        0.3708
      ],
      [
        0.2248,
        0.2248,
        0.2516,
        0.2669,
        0.0607,
        0.0607,
        0.3599,
        0.0558,
        0.1196,
        0.3525,
        0.2417,
        0.0607,
        0.339,
        0.0607,
        0.1926,
        0.3153,
        0.1931,
        0.0607,
        0.1837,
        0.1057,
        0.0196,
        0.0607,
        0.1462,
        1.0,
        0.0248,
        0.1024,
        0.301,
        0.0607,
        0.3745,
        0.2326,
        0.1618,
        0.2871,
        0.1615,
        0.3051,
        0.0607,
        0.2248,
        0.0607,
        0.1391,
        0.434,
        0.3502,
        0.2625,
        0.1763
      ],
      [
        0.1444,
        0.1444,
        0.117,
        0.3207,
        0.0281,
        0.0281,
        0.3749,
        0.1561,
        -0.0063,
        0.3594,
        0.5954,
        0.0281,
        0.408,
        0.0281,
        0.1084,
        0.3261,
        0.1184,
        0.0281,
        0.1007,
        0.3036,
        0.0283,
        0.0281,
        -0.0338,
        0.0248,
        1.0,
        0.0887,
        0.5374,
        0.0281,
        0.3909,
        0.1395,
        0.1247,
        0.7639,
        -0.0572,
        0.3391,
        0.0281,
        0.1444,
        0.0281,
        -0.0698,
        0.6029,
        0.4156,
        0.2973,
        0.2147
      ],
      [
        0.4105,
        0.4105,
        0.2527,
        0.3423,
        0.057,
        0.057,
        0.0964,
        0.1318,
        0.2122,
        0.229,
        0.0891,
        0.057,
        0.2059,
        0.057,
        0.2879,
        0.0995,
        0.0493,
        0.057,
        0.3819,
        0.2648,
        0.2511,
        0.057,
        0.2941,
        0.1024,
        0.0887,
        1.0,
        0.1209,
        0.057,
        0.1338,
        0.2593,
        0.2648,
        0.0945,
        0.2418,
        0.2436,
        0.057,
        0.4105,
        0.057,
        0.3072,
        0.0454,
        0.179,
        0.1755,
        0.2407
      ],
      [
        0.2559,
        0.2559,
        0.079,
        0.2431,
        0.0241,
        0.0241,
        0.3347,
        0.1947,
        0.1038,
        0.3137,
        0.3776,
        0.0241,
        0.3137,
        0.0241,
        0.1269,
        0.2799,
        0.125,
        0.0241,
        0.1882,
        0.1322,
        0.1314,
        0.0241,
        0.0016,
        0.301,
        0.5374,
        0.1209,
        1.0,
        0.0241,
        0.3375,
        0.0974,
        0.2046,
        0.5641,
        -0.0545,
        0.2518,
        0.0241,
        0.2559,
        0.0241,
        0.0214,
        0.6781,
        0.3276,
        0.1913,
        0.0731
      ],
      [
        0.0709,
        0.0709,
        0.1065,
        0.1092,
        0.0241,
        0.0241,
        0.0894,
        0.0155,
        0.0274,
        0.1019,
        0.08,
        0.0241,
        0.1093,
        0.0241,
        0.0758,
        0.0821,
        0.0516,
        0.0241,
        0.0682,
        0.0843,
        0.0349,
        0.0241,
        0.0769,
        0.0607,
        0.0281,
        0.057,
        0.0241,
        1.0,
        0.1001,
        0.1002,
        0.0455,
        0.0609,
        0.0887,
        0.1063,
        0.0241,
        0.0709,
        0.0241,
        0.0651,
        0.0162,
        0.106,
        0.0944,
        0.1031
      ],
      [
        0.1489,
        0.1489,
        0.4391,
        0.4255,
        0.1001,
        0.1001,
        0.8317,
        0.4732,
        -0.048,
        0.562,
        0.6703,
        0.1001,
        0.7169,
        0.1001,
        0.2438,
        0.7546,
        0.5766,
        0.1001,
        0.1225,
        0.2509,
        0.1299,
        0.1001,
        0.1578,
        0.3745,
        0.3909,
        0.1338,
        0.3375,
        0.1001,
        1.0,
        0.3551,
        0.1795,
        0.5927,
        0.257,
        0.5083,
        0.1001,
        0.1489,
        0.1001,
        0.1362,
        0.3799,
        0.7566,
        0.4909,
        0.3795
      ],
      [
        0.3393,
        0.3393,
        0.4558,
        0.4911,
        0.1002,
        0.1002,
        0.299,
        0.0149,
        0.1512,
        0.4214,
        0.301,
        0.1002,
        0.4273,
        0.1002,
        0.35,
