{
  "_meta": {
    "generated": "2026-05-16T09:25:24",
    "portfolio_generated": "2026-05-16T09:21:51.210301",
    "n_assets": 41,
    "n_with_returns": 32,
    "covariance_method": "hybrid_shrunk",
    "condition_number": 348.53,
    "pca_factors": 6
  },
  "profiles": {
    "Agressif": {
      "n_assets": 16,
      "weighted_avg_correlation": 0.2474,
      "most_correlated": [
        {
          "t1": "GDXJ",
          "t2": "SLV",
          "corr": 0.8607,
          "w1": 7.2,
          "w2": 4.6,
          "combined_weight": 11.8
        },
        {
          "t1": "SLV",
          "t2": "GLD",
          "corr": 0.8216,
          "w1": 4.6,
          "w2": 8.8,
          "combined_weight": 13.4
        },
        {
          "t1": "SOXX",
          "t2": "XCEM",
          "corr": 0.7771,
          "w1": 6.4,
          "w2": 7.9,
          "combined_weight": 14.2
        },
        {
          "t1": "SOXX",
          "t2": "XLK",
          "corr": 0.7731,
          "w1": 6.4,
          "w2": 3.8,
          "combined_weight": 10.2
        },
        {
          "t1": "SOXX",
          "t2": "FLKR",
          "corr": 0.7676,
          "w1": 6.4,
          "w2": 2.4,
          "combined_weight": 8.8
        },
        {
          "t1": "GDXJ",
          "t2": "GLD",
          "corr": 0.7635,
          "w1": 7.2,
          "w2": 8.8,
          "combined_weight": 16.0
        },
        {
          "t1": "XCEM",
          "t2": "FLKR",
          "corr": 0.7598,
          "w1": 7.9,
          "w2": 2.4,
          "combined_weight": 10.2
        },
        {
          "t1": "XCEM",
          "t2": "XLK",
          "corr": 0.7591,
          "w1": 7.9,
          "w2": 3.8,
          "combined_weight": 11.7
        },
        {
          "t1": "BKR",
          "t2": "OIH",
          "corr": 0.7451,
          "w1": 10.4,
          "w2": 8.0,
          "combined_weight": 18.4
        },
        {
          "t1": "XLK",
          "t2": "FLKR",
          "corr": 0.7436,
          "w1": 3.8,
          "w2": 2.4,
          "combined_weight": 6.2
        }
      ],
      "least_correlated": [
        {
          "t1": "NVDA",
          "t2": "SLVP",
          "corr": 0.0297,
          "w1": 7.1,
          "w2": 3.1,
          "combined_weight": 10.2
        },
        {
          "t1": "FLTR",
          "t2": "GLD",
          "corr": 0.0269,
          "w1": 6.2,
          "w2": 8.8,
          "combined_weight": 15.0
        },
        {
          "t1": "MTBA",
          "t2": "GLD",
          "corr": 0.0269,
          "w1": 6.2,
          "w2": 8.8,
          "combined_weight": 15.0
        },
        {
          "t1": "FLTR",
          "t2": "MTBA",
          "corr": 0.022,
          "w1": 6.2,
          "w2": 6.2,
          "combined_weight": 12.3
        },
        {
          "t1": "BKR",
          "t2": "SLVP",
          "corr": 0.0125,
          "w1": 10.4,
          "w2": 3.1,
          "combined_weight": 13.4
        }
      ],
      "high_corr_high_weight": [
        {
          "t1": "GDXJ",
          "t2": "SLV",
          "corr": 0.8607,
          "w1": 7.2,
          "w2": 4.6,
          "combined_weight": 11.8
        },
        {
          "t1": "SLV",
          "t2": "GLD",
          "corr": 0.8216,
          "w1": 4.6,
          "w2": 8.8,
          "combined_weight": 13.4
        },
        {
          "t1": "SOXX",
          "t2": "XCEM",
          "corr": 0.7771,
          "w1": 6.4,
          "w2": 7.9,
          "combined_weight": 14.2
        },
        {
          "t1": "SOXX",
          "t2": "XLK",
          "corr": 0.7731,
          "w1": 6.4,
          "w2": 3.8,
          "combined_weight": 10.2
        },
        {
          "t1": "GDXJ",
          "t2": "GLD",
          "corr": 0.7635,
          "w1": 7.2,
          "w2": 8.8,
          "combined_weight": 16.0
        }
      ]
    },
    "Mod\u00e9r\u00e9": {
      "n_assets": 16,
      "weighted_avg_correlation": 0.1584,
      "most_correlated": [
        {
          "t1": "VSS",
          "t2": "FNDF",
          "corr": 0.6713,
          "w1": 9.0,
          "w2": 6.3,
          "combined_weight": 15.4
        },
        {
          "t1": "FNDF",
          "t2": "FDVV",
          "corr": 0.5974,
          "w1": 6.3,
          "w2": 5.6,
          "combined_weight": 11.9
        },
        {
          "t1": "VSS",
          "t2": "FDVV",
          "corr": 0.5785,
          "w1": 9.0,
          "w2": 5.6,
          "combined_weight": 14.6
        },
        {
          "t1": "FNDF",
          "t2": "BMED",
          "corr": 0.4732,
          "w1": 6.3,
          "w2": 5.0,
          "combined_weight": 11.3
        },
        {
          "t1": "FDVV",
          "t2": "BMED",
          "corr": 0.4667,
          "w1": 5.6,
          "w2": 5.0,
          "combined_weight": 10.6
        },
        {
          "t1": "VSS",
          "t2": "BMED",
          "corr": 0.4537,
          "w1": 9.0,
          "w2": 5.0,
          "combined_weight": 14.1
        },
        {
          "t1": "VSS",
          "t2": "GOOG",
          "corr": 0.4238,
          "w1": 9.0,
          "w2": 5.9,
          "combined_weight": 15.0
        },
        {
          "t1": "VSS",
          "t2": "GLD",
          "corr": 0.4169,
          "w1": 9.0,
          "w2": 7.0,
          "combined_weight": 16.0
        },
        {
          "t1": "GOOG",
          "t2": "FNDF",
          "corr": 0.4052,
          "w1": 5.9,
          "w2": 6.3,
          "combined_weight": 12.2
        },
        {
          "t1": "SCHD",
          "t2": "FNDF",
          "corr": 0.4042,
          "w1": 9.0,
          "w2": 6.3,
          "combined_weight": 15.4
        }
      ],
      "least_correlated": [
        {
          "t1": "ITX",
          "t2": "XLV",
          "corr": -0.0093,
          "w1": 6.0,
          "w2": 3.0,
          "combined_weight": 9.0
        },
        {
          "t1": "EOG",
          "t2": "GLD",
          "corr": -0.0096,
          "w1": 3.9,
          "w2": 7.0,
          "combined_weight": 10.9
        },
        {
          "t1": "SCHD",
          "t2": "ITX",
          "corr": -0.042,
          "w1": 9.0,
          "w2": 6.0,
          "combined_weight": 15.1
        },
        {
          "t1": "VSS",
          "t2": "EOG",
          "corr": -0.0452,
          "w1": 9.0,
          "w2": 3.9,
          "combined_weight": 13.0
        },
        {
          "t1": "GOOG",
          "t2": "EOG",
          "corr": -0.098,
          "w1": 5.9,
          "w2": 3.9,
          "combined_weight": 9.9
        }
      ],
      "high_corr_high_weight": []
    },
    "Stable": {
      "n_assets": 14,
      "weighted_avg_correlation": 0.1464,
      "most_correlated": [
        {
          "t1": "VICI",
          "t2": "SUNPHARMA",
          "corr": 0.4475,
          "w1": 7.4,
          "w2": 5.3,
          "combined_weight": 12.6
        },
        {
          "t1": "SUNPHARMA",
          "t2": "KO",
          "corr": 0.432,
          "w1": 5.3,
          "w2": 5.3,
          "combined_weight": 10.6
        },
        {
          "t1": "ACWV",
          "t2": "SPYV",
          "corr": 0.4162,
          "w1": 6.7,
          "w2": 4.8,
          "combined_weight": 11.5
        },
        {
          "t1": "GD",
          "t2": "SUNPHARMA",
          "corr": 0.4073,
          "w1": 7.4,
          "w2": 5.3,
          "combined_weight": 12.6
        },
        {
          "t1": "SPYV",
          "t2": "XLV",
          "corr": 0.3842,
          "w1": 4.8,
          "w2": 4.8,
          "combined_weight": 9.6
        },
        {
          "t1": "IBE",
          "t2": "SUNPHARMA",
          "corr": 0.3704,
          "w1": 7.4,
          "w2": 5.3,
          "combined_weight": 12.6
        },
        {
          "t1": "VICI",
          "t2": "KO",
          "corr": 0.3575,
          "w1": 7.4,
          "w2": 5.3,
          "combined_weight": 12.7
        },
        {
          "t1": "SHEL",
          "t2": "SUNPHARMA",
          "corr": 0.3575,
          "w1": 7.4,
          "w2": 5.3,
          "combined_weight": 12.6
        },
        {
          "t1": "ACWV",
          "t2": "SUNPHARMA",
          "corr": 0.3542,
          "w1": 6.7,
          "w2": 5.3,
          "combined_weight": 11.9
        },
        {
          "t1": "ACWV",
          "t2": "XLV",
          "corr": 0.3522,
          "w1": 6.7,
          "w2": 4.8,
          "combined_weight": 11.5
        }
      ],
      "least_correlated": [
        {
          "t1": "VGSH",
          "t2": "BSV",
          "corr": 0.022,
          "w1": 6.0,
          "w2": 13.0,
          "combined_weight": 19.0
        },
        {
          "t1": "VGSH",
          "t2": "STIP",
          "corr": 0.022,
          "w1": 6.0,
          "w2": 13.0,
          "combined_weight": 19.0
        },
        {
          "t1": "BSV",
          "t2": "STIP",
          "corr": 0.022,
          "w1": 13.0,
          "w2": 13.0,
          "combined_weight": 26.0
        },
        {
          "t1": "IBE",
          "t2": "GLD",
          "corr": -0.0145,
          "w1": 7.4,
          "w2": 5.1,
          "combined_weight": 12.4
        },
        {
          "t1": "KO",
          "t2": "GLD",
          "corr": -0.0301,
          "w1": 5.3,
          "w2": 5.1,
          "combined_weight": 10.4
        }
      ],
      "high_corr_high_weight": []
    }
  },
  "all_pairs_top_30": [
    {
      "t1": "GDXJ",
      "t2": "SLV",
      "corr_hybrid": 0.8607,
      "corr_structured": 0.85,
      "cat1": "ETF",
      "cat2": "ETF",
      "exp1": "gold_miners",
      "exp2": "silver_physical",
      "fam1": "gold",
      "fam2": "precious_metals"
    },
    {
      "t1": "GLD",
      "t2": "SLV",
      "corr_hybrid": 0.8216,
      "corr_structured": 0.85,
      "cat1": "ETF",
      "cat2": "ETF",
      "exp1": "gold_physical",
      "exp2": "silver_physical",
      "fam1": "gold",
      "fam2": "precious_metals"
    },
    {
      "t1": "SOXX",
      "t2": "XCEM",
      "corr_hybrid": 0.7771,
      "corr_structured": 0.2,
      "cat1": "ETF",
      "cat2": "ETF",
      "exp1": "semiconductor",
      "exp2": "emerging_markets",
      "fam1": "sector_tech",
      "fam2": "em_equity"
    },
    {
      "t1": "SOXX",
      "t2": "XLK",
      "corr_hybrid": 0.7731,
      "corr_structured": 0.9,
      "cat1": "ETF",
      "cat2": "ETF",
      "exp1": "semiconductor",
      "exp2": "tech",
      "fam1": "sector_tech",
      "fam2": "sector_tech"
    },
    {
      "t1": "FLKR",
      "t2": "SOXX",
      "corr_hybrid": 0.7676,
      "corr_structured": 0.2,
      "cat1": "ETF",
      "cat2": "ETF",
      "exp1": "south_korea",
      "exp2": "semiconductor",
      "fam1": "em_equity",
      "fam2": "sector_tech"
    },
    {
      "t1": "GDXJ",
      "t2": "GLD",
      "corr_hybrid": 0.7635,
      "corr_structured": 0.9,
      "cat1": "ETF",
      "cat2": "ETF",
      "exp1": "gold_miners",
      "exp2": "gold_physical",
      "fam1": "gold",
      "fam2": "gold"
    },
    {
      "t1": "FLKR",
      "t2": "XCEM",
      "corr_hybrid": 0.7598,
      "corr_structured": 0.9,
      "cat1": "ETF",
      "cat2": "ETF",
      "exp1": "south_korea",
      "exp2": "emerging_markets",
      "fam1": "em_equity",
      "fam2": "em_equity"
    },
    {
      "t1": "XCEM",
      "t2": "XLK",
      "corr_hybrid": 0.7591,
      "corr_structured": 0.2,
      "cat1": "ETF",
      "cat2": "ETF",
      "exp1": "emerging_markets",
      "exp2": "tech",
      "fam1": "em_equity",
      "fam2": "sector_tech"
    },
    {
      "t1": "BKR",
      "t2": "OIH",
      "corr_hybrid": 0.7451,
      "corr_structured": null,
      "cat1": "Act",
      "cat2": "ETF",
      "exp1": null,
      "exp2": "energy",
      "fam1": null,
      "fam2": "sector_energy"
    },
    {
      "t1": "FLKR",
      "t2": "XLK",
      "corr_hybrid": 0.7436,
      "corr_structured": 0.2,
      "cat1": "ETF",
      "cat2": "ETF",
      "exp1": "south_korea",
      "exp2": "tech",
      "fam1": "em_equity",
      "fam2": "sector_tech"
    },
    {
      "t1": "VSS",
      "t2": "XCEM",
      "corr_hybrid": 0.7187,
      "corr_structured": 0.2,
      "cat1": "ETF",
      "cat2": "ETF",
      "exp1": "intl_small_cap",
      "exp2": "emerging_markets",
      "fam1": null,
      "fam2": "em_equity"
    },
    {
      "t1": "FNDF",
      "t2": "XCEM",
      "corr_hybrid": 0.6964,
      "corr_structured": 0.62,
      "cat1": "ETF",
      "cat2": "ETF",
      "exp1": "international",
      "exp2": "emerging_markets",
      "fam1": "intl_equity",
      "fam2": "em_equity"
    },
    {
      "t1": "FNDF",
      "t2": "VSS",
      "corr_hybrid": 0.6713,
      "corr_structured": 0.2,
      "cat1": "ETF",
      "cat2": "ETF",
      "exp1": "international",
      "exp2": "intl_small_cap",
      "fam1": "intl_equity",
      "fam2": null
    },
    {
      "t1": "FLKR",
      "t2": "VSS",
      "corr_hybrid": 0.6705,
      "corr_structured": 0.2,
      "cat1": "ETF",
      "cat2": "ETF",
      "exp1": "south_korea",
      "exp2": "intl_small_cap",
      "fam1": "em_equity",
      "fam2": null
    },
    {
      "t1": "SOXX",
      "t2": "VSS",
      "corr_hybrid": 0.6701,
      "corr_structured": 0.2,
      "cat1": "ETF",
      "cat2": "ETF",
      "exp1": "semiconductor",
      "exp2": "intl_small_cap",
      "fam1": "sector_tech",
      "fam2": null
    },
    {
      "t1": "VSS",
      "t2": "XLK",
      "corr_hybrid": 0.6593,
      "corr_structured": 0.2,
      "cat1": "ETF",
      "cat2": "ETF",
      "exp1": "intl_small_cap",
      "exp2": "tech",
      "fam1": null,
      "fam2": "sector_tech"
    },
    {
      "t1": "GDXJ",
      "t2": "SLVP",
      "corr_hybrid": 0.6533,
      "corr_structured": 0.85,
      "cat1": "ETF",
      "cat2": "ETF",
      "exp1": "gold_miners",
      "exp2": "silver_miners",
      "fam1": "gold",
      "fam2": "precious_metals"
    },
    {
      "t1": "FNDF",
      "t2": "SOXX",
      "corr_hybrid": 0.6522,
      "corr_structured": 0.2,
      "cat1": "ETF",
      "cat2": "ETF",
      "exp1": "international",
      "exp2": "semiconductor",
      "fam1": "intl_equity",
      "fam2": "sector_tech"
    },
    {
      "t1": "FLKR",
      "t2": "FNDF",
      "corr_hybrid": 0.6499,
      "corr_structured": 0.62,
      "cat1": "ETF",
      "cat2": "ETF",
      "exp1": "south_korea",
      "exp2": "international",
      "fam1": "em_equity",
      "fam2": "intl_equity"
    },
    {
      "t1": "000660",
      "t2": "2059",
      "corr_hybrid": 0.6365,
      "corr_structured": null,
      "cat1": "Act",
      "cat2": "Act",
      "exp1": null,
      "exp2": null,
      "fam1": null,
      "fam2": null
    },
    {
      "t1": "000660",
      "t2": "SUNPHARMA",
      "corr_hybrid": 0.6365,
      "corr_structured": null,
      "cat1": "Act",
      "cat2": "Act",
      "exp1": null,
      "exp2": null,
      "fam1": null,
      "fam2": null
    },
    {
      "t1": "2059",
      "t2": "SUNPHARMA",
      "corr_hybrid": 0.6365,
      "corr_structured": null,
      "cat1": "Act",
      "cat2": "Act",
      "exp1": null,
      "exp2": null,
      "fam1": null,
      "fam2": null
    },
    {
      "t1": "FNDF",
      "t2": "XLK",
      "corr_hybrid": 0.6319,
      "corr_structured": 0.2,
      "cat1": "ETF",
      "cat2": "ETF",
      "exp1": "international",
      "exp2": "tech",
      "fam1": "intl_equity",
      "fam2": "sector_tech"
    },
    {
      "t1": "SLV",
      "t2": "SLVP",
      "corr_hybrid": 0.6172,
      "corr_structured": 0.9,
      "cat1": "ETF",
      "cat2": "ETF",
      "exp1": "silver_physical",
      "exp2": "silver_miners",
      "fam1": "precious_metals",
      "fam2": "precious_metals"
    },
    {
      "t1": "FDVV",
      "t2": "XCEM",
      "corr_hybrid": 0.6042,
      "corr_structured": 0.2,
      "cat1": "ETF",
      "cat2": "ETF",
      "exp1": "dividend",
      "exp2": "emerging_markets",
      "fam1": "factor_dividend",
      "fam2": "em_equity"
    },
    {
      "t1": "NVDA",
      "t2": "XLK",
      "corr_hybrid": 0.6023,
      "corr_structured": null,
      "cat1": "Act",
      "cat2": "ETF",
      "exp1": null,
      "exp2": "tech",
      "fam1": null,
      "fam2": "sector_tech"
    },
    {
      "t1": "FDVV",
      "t2": "FNDF",
      "corr_hybrid": 0.5974,
      "corr_structured": 0.2,
      "cat1": "ETF",
      "cat2": "ETF",
      "exp1": "dividend",
      "exp2": "international",
      "fam1": "factor_dividend",
      "fam2": "intl_equity"
    },
    {
      "t1": "NVDA",
      "t2": "SOXX",
      "corr_hybrid": 0.5935,
      "corr_structured": null,
      "cat1": "Act",
      "cat2": "ETF",
      "exp1": null,
      "exp2": "semiconductor",
      "fam1": null,
      "fam2": "sector_tech"
    },
    {
      "t1": "FDVV",
      "t2": "VSS",
      "corr_hybrid": 0.5785,
      "corr_structured": 0.2,
      "cat1": "ETF",
      "cat2": "ETF",
      "exp1": "dividend",
      "exp2": "intl_small_cap",
      "fam1": "factor_dividend",
      "fam2": null
    },
    {
      "t1": "EOG",
      "t2": "OIH",
      "corr_hybrid": 0.575,
      "corr_structured": null,
      "cat1": "Act",
      "cat2": "ETF",
      "exp1": null,
      "exp2": "energy",
      "fam1": null,
      "fam2": "sector_energy"
    }
  ],
  "all_pairs_bottom_10": [
    {
      "t1": "SOXX",
      "t2": "VICI",
      "corr_hybrid": 0.0106,
      "corr_structured": null,
      "cat1": "ETF",
      "cat2": "Act",
      "exp1": "semiconductor",
      "exp2": null,
      "fam1": "sector_tech",
      "fam2": null
    },
    {
      "t1": "EOG",
      "t2": "GLD",
      "corr_hybrid": -0.0096,
      "corr_structured": null,
      "cat1": "Act",
      "cat2": "ETF",
      "exp1": null,
      "exp2": "gold_physical",
      "fam1": null,
      "fam2": "gold"
    },
    {
      "t1": "ITX",
      "t2": "SOXX",
      "corr_hybrid": -0.0096,
      "corr_structured": null,
      "cat1": "Act",
      "cat2": "ETF",
      "exp1": null,
      "exp2": "semiconductor",
      "fam1": null,
      "fam2": "sector_tech"
    },
    {
      "t1": "ITX",
      "t2": "XLV",
      "corr_hybrid": -0.0093,
      "corr_structured": null,
      "cat1": "Act",
      "cat2": "ETF",
      "exp1": null,
      "exp2": "healthcare",
      "fam1": null,
      "fam2": "sector_healthcare"
    },
    {
      "t1": "NVDA",
      "t2": "SHEL",
      "corr_hybrid": -0.0083,
      "corr_structured": null,
      "cat1": "Act",
      "cat2": "Act",
      "exp1": null,
      "exp2": null,
      "fam1": null,
      "fam2": null
    },
    {
      "t1": "FLKR",
      "t2": "ITX",
      "corr_hybrid": 0.0042,
      "corr_structured": null,
      "cat1": "ETF",
      "cat2": "Act",
      "exp1": "south_korea",
      "exp2": null,
      "fam1": "em_equity",
      "fam2": null
    },
    {
      "t1": "FNDF",
      "t2": "ITX",
      "corr_hybrid": 0.0041,
      "corr_structured": null,
      "cat1": "ETF",
      "cat2": "Act",
      "exp1": "international",
      "exp2": null,
      "fam1": "intl_equity",
      "fam2": null
    },
    {
      "t1": "IBE",
      "t2": "SOXX",
      "corr_hybrid": 0.0032,
      "corr_structured": null,
      "cat1": "Act",
      "cat2": "ETF",
      "exp1": null,
      "exp2": "semiconductor",
      "fam1": null,
      "fam2": "sector_tech"
    },
    {
      "t1": "KO",
      "t2": "OIH",
      "corr_hybrid": -0.0017,
      "corr_structured": null,
      "cat1": "Act",
      "cat2": "ETF",
      "exp1": null,
      "exp2": "energy",
      "fam1": null,
      "fam2": "sector_energy"
    },
    {
      "t1": "ITX",
      "t2": "SPYV",
      "corr_hybrid": 0.0011,
      "corr_structured": null,
      "cat1": "Act",
      "cat2": "ETF",
      "exp1": null,
      "exp2": "sp500_value",
      "fam1": null,
      "fam2": "factor_value"
    }
  ],
  "correlation_matrix": {
    "tickers": [
      "000660",
      "2059",
      "ACWV",
      "BKR",
      "BMED",
      "BSV",
      "EOG",
      "FDVV",
      "FLKR",
      "FLTR",
      "FNDF",
      "GD",
      "GDXJ",
      "GLD",
      "GOOG",
      "GTIP",
      "IBE",
      "ITX",
      "KO",
      "LI",
      "MTBA",
      "NOVN",
      "NVDA",
      "OIH",
      "PEG",
      "SCHD",
      "SHEL",
      "SLV",
      "SLVP",
      "SOXX",
      "SPLV",
      "SPYV",
      "STIP",
      "SUNPHARMA",
      "VGSH",
      "VICI",
      "VSS",
      "XBI",
      "XCEM",
      "XLK",
      "XLV"
    ],
    "matrix": [
      [
        1.0,
        0.6365,
        0.3542,
        0.288,
        0.4562,
        0.0815,
        0.3089,
        0.3287,
        0.1196,
        0.0815,
        0.2745,
        0.4073,
        0.0843,
        0.0881,
        0.2461,
        0.0815,
        0.3704,
        0.3299,
        0.432,
        0.2974,
        0.0815,
        0.3469,
        0.2043,
        0.1908,
        0.4137,
        0.34,
        0.3575,
        0.0497,
        0.0823,
        0.1145,
        0.3416,
        0.3264,
        0.0815,
        0.6365,
        0.0815,
        0.4475,
        0.2519,
        0.1913,
        0.1874,
        0.1505,
        0.2872
      ],
      [
        0.6365,
        1.0,
        0.3542,
        0.288,
        0.4562,
        0.0815,
        0.3089,
        0.3287,
        0.1196,
        0.0815,
        0.2745,
        0.4073,
        0.0843,
        0.0881,
        0.2461,
        0.0815,
        0.3704,
        0.3299,
        0.432,
        0.2974,
        0.0815,
        0.3469,
        0.2043,
        0.1908,
        0.4137,
        0.34,
        0.3575,
        0.0497,
        0.0823,
        0.1145,
        0.3416,
        0.3264,
        0.0815,
        0.6365,
        0.0815,
        0.4475,
        0.2519,
        0.1913,
        0.1874,
        0.1505,
        0.2872
      ],
      [
        0.3542,
        0.3542,
        1.0,
        0.2468,
        0.4285,
        0.0895,
        0.0862,
        0.4224,
        0.3302,
        0.0895,
        0.4405,
        0.2892,
        0.2351,
        0.1494,
        0.2814,
        0.0895,
        0.1891,
        0.0549,
        0.2655,
        0.2049,
        0.0895,
        0.1708,
        0.2246,
        0.2346,
        0.2553,
        0.3573,
        0.2119,
        0.1724,
        0.3677,
        0.315,
        0.3153,
        0.4162,
        0.0895,
        0.3542,
        0.0895,
        0.2834,
        0.4122,
        0.3482,
        0.3871,
        0.3256,
        0.3522
      ],
      [
        0.288,
        0.288,
        0.2468,
        1.0,
        0.2566,
        0.0808,
        0.5585,
        0.3685,
        0.3161,
        0.0808,
        0.3977,
        0.3027,
        0.1125,
        0.1082,
        0.1332,
        0.0808,
        0.088,
        0.0656,
        0.07,
        0.0446,
        0.0808,
        0.0508,
        0.1649,
        0.7451,
        0.1597,
        0.4655,
        0.5421,
        0.1861,
        0.0125,
        0.3394,
        0.1764,
        0.3991,
        0.0808,
        0.288,
        0.0808,
        0.163,
        0.3147,
        0.2111,
        0.3265,
        0.282,
        0.238
      ],
      [
        0.4562,
        0.4562,
        0.4285,
        0.2566,
        1.0,
        0.0969,
        0.0957,
        0.4667,
        0.3657,
        0.0969,
        0.4732,
        0.3342,
        0.2425,
        0.1591,
        0.3411,
        0.0969,
        0.2494,
        0.1237,
        0.3162,
        0.2988,
        0.0969,
        0.219,
        0.3023,
        0.2175,
        0.3214,
        0.3698,
        0.2292,
        0.165,
        0.3279,
        0.3563,
        0.3378,
        0.4517,
        0.0969,
        0.4562,
        0.0969,
        0.3403,
        0.4537,
        0.3708,
        0.4301,
        0.3764,
        0.3741
      ],
      [
        0.0815,
        0.0815,
        0.0895,
        0.0808,
        0.0969,
        1.0,
        0.0377,
        0.1037,
        0.0844,
        0.022,
        0.107,
        0.0715,
        0.0464,
        0.0269,
        0.0657,
        0.022,
        0.0432,
        0.0226,
        0.0544,
        0.0293,
        0.022,
        0.0328,
        0.057,
        0.0813,
        0.0552,
        0.0917,
        0.0622,
        0.0348,
        0.0705,
        0.0825,
        0.0698,
        0.1029,
        0.022,
        0.0815,
        0.022,
        0.061,
        0.0977,
        0.0807,
        0.0955,
        0.0829,
        0.0816
      ],
      [
        0.3089,
        0.3089,
        0.0862,
        0.5585,
        0.0957,
        0.0377,
        1.0,
        0.0739,
        -0.1016,
        0.0377,
        0.052,
        0.2657,
        -0.1061,
        -0.0096,
        -0.098,
        0.0377,
        0.1133,
        0.0598,
        0.1529,
        0.0247,
        0.0377,
        0.1445,
        -0.1311,
        0.575,
        0.1637,
        0.3541,
        0.5712,
        0.0241,
        -0.1744,
        -0.0869,
        0.1509,
        0.142,
        0.0377,
        0.3089,
        0.0377,
        0.2019,
        -0.0452,
        -0.0549,
        -0.0935,
        -0.1337,
        0.0894
      ],
      [
        0.3287,
        0.3287,
        0.4224,
        0.3685,
        0.4667,
        0.1037,
        0.0739,
        1.0,
        0.5594,
        0.1037,
        0.5974,
        0.2888,
        0.318,
        0.1996,
        0.3902,
        0.1037,
        0.155,
        0.076,
        0.1615,
        0.232,
        0.1037,
        0.0895,
        0.4115,
        0.3779,
        0.2329,
        0.392,
        0.2238,
        0.2454,
        0.3349,
        0.5635,
        0.2646,
        0.5263,
        0.1037,
        0.3287,
        0.1037,
        0.2222,
        0.5785,
        0.4476,
        0.6042,
        0.5582,
        0.3785
      ],
      [
        0.1196,
        0.1196,
        0.3302,
        0.3161,
        0.3657,
        0.0844,
        -0.1016,
        0.5594,
        1.0,
        0.0844,
        0.6499,
        0.1398,
        0.425,
        0.2777,
        0.4358,
        0.0844,
        0.0132,
        0.0042,
        -0.0716,
        0.2618,
        0.0844,
        -0.0768,
        0.5608,
        0.3559,
        0.1023,
        0.2598,
        0.0736,
        0.3449,
        0.2836,
        0.7676,
        0.0891,
        0.5002,
        0.0844,
        0.1196,
        0.0844,
        0.0313,
        0.6705,
        0.4782,
        0.7598,
        0.7436,
        0.2916
      ],
      [
        0.0815,
        0.0815,
        0.0895,
        0.0808,
        0.0969,
        0.022,
        0.0377,
        0.1037,
        0.0844,
        1.0,
        0.107,
        0.0715,
        0.0464,
        0.0269,
        0.0657,
        0.022,
        0.0432,
        0.0226,
        0.0544,
        0.0293,
        0.022,
        0.0328,
        0.057,
        0.0813,
        0.0552,
        0.0917,
        0.0622,
        0.0348,
        0.0705,
        0.0825,
        0.0698,
        0.1029,
        0.022,
        0.0815,
        0.022,
        0.061,
        0.0977,
        0.0807,
        0.0955,
        0.0829,
        0.0816
      ],
      [
        0.2745,
        0.2745,
        0.4405,
        0.3977,
        0.4732,
        0.107,
        0.052,
        0.5974,
        0.6499,
        0.107,
        1.0,
        0.2671,
        0.4626,
        0.3283,
        0.4052,
        0.107,
        0.0986,
        0.0041,
        0.1025,
        0.2834,
        0.107,
        0.0561,
        0.4402,
        0.4287,
        0.2134,
        0.4042,
        0.2353,
        0.4025,
        0.4463,
        0.6522,
        0.2507,
        0.5629,
        0.107,
        0.2745,
        0.107,
        0.1914,
        0.6713,
        0.503,
        0.6964,
        0.6319,
        0.3946
      ],
      [
        0.4073,
        0.4073,
        0.2892,
        0.3027,
        0.3342,
        0.0715,
        0.2657,
        0.2888,
        0.1398,
        0.0715,
        0.2671,
        1.0,
        0.0905,
        0.0724,
        0.1702,
        0.0715,
        0.2312,
        0.1945,
        0.284,
        0.1046,
        0.0715,
        0.2092,
        0.1216,
        0.2697,
        0.2621,
        0.3219,
        0.3088,
        0.0767,
        0.1495,
        0.1306,
        0.2729,
        0.2958,
        0.0715,
        0.4073,
        0.0715,
        0.2994,
        0.2302,
        0.1863,
        0.1865,
        0.1424,
        0.2527
      ],
      [
        0.0843,
        0.0843,
        0.2351,
        0.1125,
        0.2425,
        0.0464,
        -0.1061,
        0.318,
        0.425,
        0.0464,
        0.4626,
        0.0905,
        1.0,
        0.7635,
        0.2041,
        0.0464,
        -0.0125,
        0.0986,
        -0.0272,
        0.2521,
        0.0464,
        0.0679,
        0.2538,
        0.1211,
        0.133,
        0.0868,
        0.1209,
        0.8607,
        0.6533,
        0.3911,
        0.0863,
        0.2356,
        0.0464,
        0.0843,
        0.0464,
        0.1044,
        0.5546,
        0.3175,
        0.4813,
        0.3767,
        0.1659
      ],
      [
        0.0881,
        0.0881,
        0.1494,
        0.1082,
        0.1591,
        0.0269,
        -0.0096,
        0.1996,
        0.2777,
        0.0269,
        0.3283,
        0.0724,
        0.7635,
        1.0,
        0.1079,
        0.0269,
        -0.0145,
        0.1158,
        -0.0301,
        0.248,
        0.0269,
        0.0886,
        0.1579,
        0.1053,
        0.1266,
        0.0395,
        0.1642,
        0.8216,
        0.5268,
        0.2474,
        0.0445,
        0.1299,
        0.0269,
        0.0881,
        0.0269,
        0.1008,
        0.4169,
        0.1984,
        0.3272,
        0.2296,
        0.0842
      ],
      [
        0.2461,
        0.2461,
        0.2814,
        0.1332,
        0.3411,
        0.0657,
        -0.098,
        0.3902,
        0.4358,
        0.0657,
        0.4052,
        0.1702,
        0.2041,
        0.1079,
        1.0,
        0.0657,
        0.1392,
        0.1286,
        0.1078,
        0.2249,
        0.0657,
        0.0605,
        0.4015,
        0.1073,
        0.1737,
        0.1803,
        0.0257,
        0.1083,
        0.1638,
        0.4464,
        0.1438,
        0.3465,
        0.0657,
        0.2461,
        0.0657,
        0.1428,
        0.4238,
        0.3208,
        0.4655,
        0.4638,
        0.238
      ],
      [
        0.0815,
        0.0815,
        0.0895,
        0.0808,
        0.0969,
        0.022,
        0.0377,
        0.1037,
        0.0844,
        0.022,
        0.107,
        0.0715,
        0.0464,
        0.0269,
        0.0657,
        1.0,
        0.0432,
        0.0226,
        0.0544,
        0.0293,
        0.022,
        0.0328,
        0.057,
        0.0813,
        0.0552,
        0.0917,
        0.0622,
        0.0348,
        0.0705,
        0.0825,
        0.0698,
        0.1029,
        0.022,
        0.0815,
        0.022,
        0.061,
        0.0977,
        0.0807,
        0.0955,
        0.0829,
        0.0816
      ],
      [
        0.3704,
        0.3704,
        0.1891,
        0.088,
        0.2494,
        0.0432,
        0.1133,
        0.155,
        0.0132,
        0.0432,
        0.0986,
        0.2312,
        -0.0125,
        -0.0145,
        0.1392,
        0.0432,
        1.0,
        0.2852,
        0.2803,
        0.0668,
        0.0432,
        0.2124,
        0.1026,
        0.0161,
        0.2327,
        0.1501,
        0.1402,
        -0.0543,
        0.0305,
        0.0032,
        0.2001,
        0.1462,
        0.0432,
        0.3704,
        0.0432,
        0.2636,
        0.0942,
        0.0811,
        0.0532,
        0.0434,
        0.1495
      ],
      [
        0.3299,
        0.3299,
        0.0549,
        0.0656,
        0.1237,
        0.0226,
        0.0598,
        0.076,
        0.0042,
        0.0226,
        0.0041,
        0.1945,
        0.0986,
        0.1158,
        0.1286,
        0.0226,
        0.2852,
        1.0,
        0.1645,
        -0.2586,
        0.0226,
        0.1731,
        0.1954,
        -0.0358,
        0.1768,
        -0.042,
        0.0877,
        0.0778,
        -0.0844,
        -0.0096,
        0.0451,
        0.0011,
        0.0226,
        0.3299,
        0.0226,
        0.1846,
        0.0767,
        -0.0268,
        0.0307,
        0.0538,
        -0.0093
      ],
      [
        0.432,
        0.432,
        0.2655,
        0.07,
        0.3162,
        0.0544,
        0.1529,
        0.1615,
        -0.0716,
        0.0544,
        0.1025,
        0.284,
        -0.0272,
        -0.0301,
        0.1078,
        0.0544,
        0.2803,
        0.1645,
        1.0,
        0.1278,
        0.0544,
        0.2909,
        -0.0164,
        -0.0017,
        0.2887,
        0.2386,
        0.1889,
        -0.0713,
        0.1725,
        -0.0986,
        0.3204,
        0.1804,
        0.0544,
        0.432,
        0.0544,
        0.3575,
        0.0684,
        0.1052,
        -0.0115,
        -0.0556,
        0.23
      ],
      [
        0.2974,
        0.2974,
        0.2049,
        0.0446,
        0.2988,
        0.0293,
        0.0247,
        0.232,
        0.2618,
        0.0293,
        0.2834,
        0.1046,
        0.2521,
        0.248,
        0.2249,
        0.0293,
        0.0668,
        -0.2586,
        0.1278,
        1.0,
        0.0293,
        0.1542,
        0.2706,
        -0.0108,
        0.2538,
        0.1278,
        0.1044,
        0.2242,
        0.0776,
        0.2902,
        0.1086,
        0.2289,
        0.0293,
        0.2974,
        0.0293,
        0.1941,
        0.2975,
        0.2072,
        0.2998,
        0.2764,
        0.1563
      ],
      [
        0.0815,
        0.0815,
        0.0895,
        0.0808,
        0.0969,
        0.022,
        0.0377,
        0.1037,
        0.0844,
        0.022,
        0.107,
        0.0715,
        0.0464,
        0.0269,
        0.0657,
        0.022,
        0.0432,
        0.0226,
        0.0544,
        0.0293,
        1.0,
        0.0328,
        0.057,
        0.0813,
        0.0552,
        0.0917,
        0.0622,
        0.0348,
        0.0705,
        0.0825,
        0.0698,
        0.1029,
        0.022,
        0.0815,
        0.022,
        0.061,
        0.0977,
        0.0807,
        0.0955,
        0.0829,
        0.0816
      ],
      [
        0.3469,
        0.3469,
        0.1708,
        0.0508,
        0.219,
        0.0328,
        0.1445,
        0.0895,
        -0.0768,
        0.0328,
        0.0561,
        0.2092,
        0.0679,
        0.0886,
        0.0605,
        0.0328,
        0.2124,
        0.1731,
        0.2909,
        0.1542,
        0.0328,
        1.0,
        -0.0112,
        -0.017,
        0.2379,
        0.1391,
        0.1739,
        0.0597,
        0.1261,
        -0.0975,
        0.2114,
        0.0931,
        0.0328,
        0.3469,
        0.0328,
        0.2799,
        0.0513,
        0.0455,
        -0.0279,
        -0.067,
        0.132
      ],
      [
        0.2043,
        0.2043,
        0.2246,
        0.1649,
        0.3023,
        0.057,
        -0.1311,
        0.4115,
        0.5608,
        0.057,
        0.4402,
        0.1216,
        0.2538,
        0.1579,
        0.4015,
        0.057,
        0.1026,
        0.1954,
        -0.0164,
        0.2706,
        0.057,
        -0.0112,
        1.0,
        0.1374,
        0.1386,
        0.1083,
        -0.0083,
        0.1606,
        0.0297,
        0.5935,
        0.0282,
        0.341,
        0.057,
        0.2043,
        0.057,
        0.0599,
        0.4887,
        0.3231,
        0.5729,
        0.6023,
        0.1733
      ],
      [
        0.1908,
        0.1908,
        0.2346,
        0.7451,
        0.2175,
        0.0813,
        0.575,
        0.3779,
        0.3559,
        0.0813,
        0.4287,
        0.2697,
        0.1211,
        0.1053,
        0.1073,
        0.0813,
        0.0161,
        -0.0358,
        -0.0017,
        -0.0108,
        0.0813,
        -0.017,
        0.1374,
        1.0,
        0.0961,
        0.4942,
        0.5546,
        0.2096,
        0.0454,
        0.3808,
        0.1549,
        0.4185,
        0.0813,
        0.1908,
        0.0813,
        0.0986,
        0.3298,
        0.2296,
        0.3561,
        0.3046,
        0.2417
      ],
      [
        0.4137,
        0.4137,
        0.2553,
        0.1597,
        0.3214,
        0.0552,
        0.1637,
        0.2329,
        0.1023,
        0.0552,
        0.2134,
        0.2621,
        0.133,
        0.1266,
        0.1737,
        0.0552,
        0.2327,
        0.1768,
        0.2887,
        0.2538,
        0.0552,
        0.2379,
        0.1386,
        0.0961,
        1.0,
        0.2219,
        0.2215,
        0.1074,
        0.1392,
        0.0937,
        0.2384,
        0.2271,
        0.0552,
        0.4137,
        0.0552,
        0.3042,
        0.2066,
        0.1559,
        0.1541,
        0.1169,
        0.2065
      ],
      [
        0.34,
        0.34,
        0.3573,
        0.4655,
        0.3698,
        0.0917,
        0.3541,
        0.392,
        0.2598,
        0.0917,
        0.4042,
        0.3219,
        0.0868,
        0.0395,
        0.1803,
        0.0917,
        0.1501,
        -0.042,
        0.2386,
        0.1278,
        0.0917,
        0.1391,
        0.1083,
        0.4942,
        0.2219,
        1.0,
        0.3972,
        0.0854,
        0.2311,
        0.2572,
        0.3176,
        0.4304,
        0.0917,
        0.34,
        0.0917,
        0.2636,
        0.3167,
        0.2858,
        0.2995,
        0.2341,
        0.345
      ],
      [
        0.3575,
        0.3575,
        0.2119,
        0.5421,
        0.2292,
        0.0622,
        0.5712,
        0.2238,
        0.0736,
        0.0622,
        0.2353,
        0.3088,
        0.1209,
        0.1642,
        0.0257,
        0.0622,
        0.1402,
        0.0877,
        0.1889,
        0.1044,
        0.0622,
        0.1739,
        -0.0083,
        0.5546,
        0.2215,
        0.3972,
        1.0,
        0.2155,
        0.0687,
        0.075,
        0.2204,
        0.2632,
        0.0622,
        0.3575,
        0.0622,
        0.2562,
        0.1645,
        0.0988,
        0.1047,
        0.0372,
        0.1924
      ],
      [
        0.0497,
        0.0497,
        0.1724,
        0.1861,
        0.165,
        0.0348,
        0.0241,
        0.2454,
        0.3449,
        0.0348,
        0.4025,
        0.0767,
        0.8607,
        0.8216,
        0.1083,
        0.0348,
        -0.0543,
        0.0778,
        -0.0713,
        0.2242,
        0.0348,
        0.0597,
        0.1606,
        0.2096,
        0.1074,
        0.0854,
        0.2155,
        1.0,
        0.6172,
        0.3115,
        0.0488,
        0.1752,
        0.0348,
        0.0497,
        0.0348,
        0.0813,
        0.4871,
        0.2428,
        0.3947,
        0.2783,
        0.1097
      ],
      [
        0.0823,
        0.0823,
        0.3677,
        0.0125,
        0.3279,
        0.0705,
        -0.1744,
        0.3349,
        0.2836,
        0.0705,
        0.4463,
        0.1495,
        0.6533,
        0.5268,
        0.1638,
        0.0705,
        0.0305,
        -0.0844,
        0.1725,
        0.0776,
        0.0705,
        0.1261,
        0.0297,
        0.0454,
        0.1392,
        0.2311,
        0.0687,
        0.6172,
        1.0,
        0.2124,
        0.3032,
        0.3027,
        0.0705,
        0.0823,
        0.0705,
        0.1984,
        0.47,
        0.3806,
        0.3625,
        0.2191,
        0.3286
      ],
      [
        0.1145,
        0.1145,
        0.315,
        0.3394,
        0.3563,
        0.0825,
        -0.0869,
        0.5635,
        0.7676,
        0.0825,
        0.6522,
        0.1306,
