{
  "_meta": {
    "generated": "2026-03-31T13:09:24.416849",
    "n_assets": 38,
    "n_with_returns": 28,
    "covariance_method": "hybrid_shrunk",
    "condition_number": 432.47,
    "pca_factors": 4
  },
  "profiles": {
    "Agressif": {
      "n_assets": 17,
      "weighted_avg_correlation": 0.1904,
      "most_correlated": [
        {
          "t1": "SOXX",
          "t2": "MU",
          "corr": 0.7805,
          "w1": 8.0,
          "w2": 3.7,
          "combined_weight": 11.6
        },
        {
          "t1": "VRT",
          "t2": "MU",
          "corr": 0.7751,
          "w1": 4.5,
          "w2": 3.7,
          "combined_weight": 8.2
        },
        {
          "t1": "VRT",
          "t2": "SOXX",
          "corr": 0.7507,
          "w1": 4.5,
          "w2": 8.0,
          "combined_weight": 12.4
        },
        {
          "t1": "SLVP",
          "t2": "SLV",
          "corr": 0.6848,
          "w1": 4.5,
          "w2": 6.7,
          "combined_weight": 11.2
        },
        {
          "t1": "HAL",
          "t2": "XLE",
          "corr": 0.6696,
          "w1": 3.7,
          "w2": 7.8,
          "combined_weight": 11.5
        },
        {
          "t1": "NVDA",
          "t2": "MU",
          "corr": 0.6692,
          "w1": 2.6,
          "w2": 3.7,
          "combined_weight": 6.2
        },
        {
          "t1": "VRT",
          "t2": "NVDA",
          "corr": 0.669,
          "w1": 4.5,
          "w2": 2.6,
          "combined_weight": 7.0
        },
        {
          "t1": "SOXX",
          "t2": "NVDA",
          "corr": 0.6616,
          "w1": 8.0,
          "w2": 2.6,
          "combined_weight": 10.5
        },
        {
          "t1": "SLV",
          "t2": "GLD",
          "corr": 0.6616,
          "w1": 6.7,
          "w2": 9.6,
          "combined_weight": 16.3
        },
        {
          "t1": "FLKR",
          "t2": "SOXX",
          "corr": 0.5636,
          "w1": 5.8,
          "w2": 8.0,
          "combined_weight": 13.7
        }
      ],
      "least_correlated": [
        {
          "t1": "PAAA",
          "t2": "PULS",
          "corr": 0.0156,
          "w1": 7.6,
          "w2": 8.3,
          "combined_weight": 15.9
        },
        {
          "t1": "PAAA",
          "t2": "JAAA",
          "corr": 0.0156,
          "w1": 7.6,
          "w2": 8.3,
          "combined_weight": 15.9
        },
        {
          "t1": "PULS",
          "t2": "JAAA",
          "corr": 0.0156,
          "w1": 8.3,
          "w2": 8.3,
          "combined_weight": 16.6
        },
        {
          "t1": "XLE",
          "t2": "SLVP",
          "corr": 0.0112,
          "w1": 7.8,
          "w2": 4.5,
          "combined_weight": 12.3
        },
        {
          "t1": "HAL",
          "t2": "SLVP",
          "corr": 0.0078,
          "w1": 3.7,
          "w2": 4.5,
          "combined_weight": 8.2
        }
      ],
      "high_corr_high_weight": []
    },
    "Mod\u00e9r\u00e9": {
      "n_assets": 14,
      "weighted_avg_correlation": 0.165,
      "most_correlated": [
        {
          "t1": "EOG",
          "t2": "SCHD",
          "corr": 0.5335,
          "w1": 7.2,
          "w2": 8.1,
          "combined_weight": 15.3
        },
        {
          "t1": "EOG",
          "t2": "HDV",
          "corr": 0.4506,
          "w1": 7.2,
          "w2": 7.4,
          "combined_weight": 14.6
        },
        {
          "t1": "SCHD",
          "t2": "HDV",
          "corr": 0.4318,
          "w1": 8.1,
          "w2": 7.4,
          "combined_weight": 15.5
        },
        {
          "t1": "VSS",
          "t2": "RIO",
          "corr": 0.4254,
          "w1": 8.3,
          "w2": 6.3,
          "combined_weight": 14.6
        },
        {
          "t1": "ITX",
          "t2": "AGS",
          "corr": 0.4011,
          "w1": 7.0,
          "w2": 5.1,
          "combined_weight": 12.1
        },
        {
          "t1": "VSS",
          "t2": "SCHD",
          "corr": 0.3809,
          "w1": 8.3,
          "w2": 8.1,
          "combined_weight": 16.4
        },
        {
          "t1": "SCHD",
          "t2": "RIO",
          "corr": 0.3789,
          "w1": 8.1,
          "w2": 6.3,
          "combined_weight": 14.4
        },
        {
          "t1": "EOG",
          "t2": "RIO",
          "corr": 0.3691,
          "w1": 7.2,
          "w2": 6.3,
          "combined_weight": 13.5
        },
        {
          "t1": "EOG",
          "t2": "VSS",
          "corr": 0.3636,
          "w1": 7.2,
          "w2": 8.3,
          "combined_weight": 15.6
        },
        {
          "t1": "SCHY",
          "t2": "RIO",
          "corr": 0.3589,
          "w1": 8.2,
          "w2": 6.3,
          "combined_weight": 14.5
        }
      ],
      "least_correlated": [
        {
          "t1": "VGSH",
          "t2": "SCHO",
          "corr": 0.0156,
          "w1": 8.2,
          "w2": 8.2,
          "combined_weight": 16.5
        },
        {
          "t1": "VGSH",
          "t2": "STIP",
          "corr": 0.0156,
          "w1": 8.2,
          "w2": 8.2,
          "combined_weight": 16.5
        },
        {
          "t1": "SCHO",
          "t2": "STIP",
          "corr": 0.0156,
          "w1": 8.2,
          "w2": 8.2,
          "combined_weight": 16.5
        },
        {
          "t1": "EOG",
          "t2": "ITX",
          "corr": -0.0337,
          "w1": 7.2,
          "w2": 7.0,
          "combined_weight": 14.3
        },
        {
          "t1": "ITX",
          "t2": "GLD",
          "corr": -0.0674,
          "w1": 7.0,
          "w2": 8.2,
          "combined_weight": 15.2
        }
      ],
      "high_corr_high_weight": []
    },
    "Stable": {
      "n_assets": 15,
      "weighted_avg_correlation": 0.0902,
      "most_correlated": [
        {
          "t1": "SCHD",
          "t2": "EOG",
          "corr": 0.5335,
          "w1": 5.8,
          "w2": 4.7,
          "combined_weight": 10.5
        },
        {
          "t1": "SPYV",
          "t2": "EOG",
          "corr": 0.4711,
          "w1": 6.1,
          "w2": 4.7,
          "combined_weight": 10.8
        },
        {
          "t1": "SPYV",
          "t2": "SCHD",
          "corr": 0.4612,
          "w1": 6.1,
          "w2": 5.8,
          "combined_weight": 11.9
        },
        {
          "t1": "SCHD",
          "t2": "XLV",
          "corr": 0.3588,
          "w1": 5.8,
          "w2": 3.2,
          "combined_weight": 9.0
        },
        {
          "t1": "EOG",
          "t2": "XLV",
          "corr": 0.3576,
          "w1": 4.7,
          "w2": 3.2,
          "combined_weight": 7.9
        },
        {
          "t1": "SPYV",
          "t2": "XLV",
          "corr": 0.3403,
          "w1": 6.1,
          "w2": 3.2,
          "combined_weight": 9.3
        },
        {
          "t1": "SCHD",
          "t2": "VICI",
          "corr": 0.3361,
          "w1": 5.8,
          "w2": 4.7,
          "combined_weight": 10.5
        },
        {
          "t1": "SCHD",
          "t2": "ACWV",
          "corr": 0.3332,
          "w1": 5.8,
          "w2": 4.6,
          "combined_weight": 10.4
        },
        {
          "t1": "VICI",
          "t2": "EOG",
          "corr": 0.3315,
          "w1": 4.7,
          "w2": 4.7,
          "combined_weight": 9.5
        },
        {
          "t1": "EOG",
          "t2": "ACWV",
          "corr": 0.3263,
          "w1": 4.7,
          "w2": 4.6,
          "combined_weight": 9.3
        }
      ],
      "least_correlated": [
        {
          "t1": "CLTL",
          "t2": "STIP",
          "corr": 0.0156,
          "w1": 7.5,
          "w2": 14.0,
          "combined_weight": 21.5
        },
        {
          "t1": "VGSH",
          "t2": "STIP",
          "corr": 0.0156,
          "w1": 14.0,
          "w2": 14.0,
          "combined_weight": 28.0
        },
        {
          "t1": "SCHN",
          "t2": "GLD",
          "corr": 0.0131,
          "w1": 4.3,
          "w2": 5.1,
          "combined_weight": 9.3
        },
        {
          "t1": "SCHN",
          "t2": "EOG",
          "corr": 0.0057,
          "w1": 4.3,
          "w2": 4.7,
          "combined_weight": 9.0
        },
        {
          "t1": "SCHP",
          "t2": "GLD",
          "corr": -0.0043,
          "w1": 5.3,
          "w2": 5.1,
          "combined_weight": 10.4
        }
      ],
      "high_corr_high_weight": []
    }
  },
  "all_pairs_top_30": [
    {
      "t1": "MU",
      "t2": "SOXX",
      "corr_hybrid": 0.7805,
      "corr_structured": null,
      "cat1": "Act",
      "cat2": "ETF",
      "exp1": null,
      "exp2": "semiconductor",
      "fam1": null,
      "fam2": "sector_tech"
    },
    {
      "t1": "MU",
      "t2": "VRT",
      "corr_hybrid": 0.7751,
      "corr_structured": null,
      "cat1": "Act",
      "cat2": "Act",
      "exp1": null,
      "exp2": null,
      "fam1": null,
      "fam2": null
    },
    {
      "t1": "SOXX",
      "t2": "VRT",
      "corr_hybrid": 0.7507,
      "corr_structured": null,
      "cat1": "ETF",
      "cat2": "Act",
      "exp1": "semiconductor",
      "exp2": null,
      "fam1": "sector_tech",
      "fam2": null
    },
    {
      "t1": "SLV",
      "t2": "SLVP",
      "corr_hybrid": 0.6848,
      "corr_structured": 0.9,
      "cat1": "ETF",
      "cat2": "ETF",
      "exp1": "silver_physical",
      "exp2": "silver_miners",
      "fam1": "precious_metals",
      "fam2": "precious_metals"
    },
    {
      "t1": "HAL",
      "t2": "XLE",
      "corr_hybrid": 0.6696,
      "corr_structured": null,
      "cat1": "Act",
      "cat2": "ETF",
      "exp1": null,
      "exp2": "energy",
      "fam1": null,
      "fam2": "sector_energy"
    },
    {
      "t1": "MU",
      "t2": "NVDA",
      "corr_hybrid": 0.6692,
      "corr_structured": null,
      "cat1": "Act",
      "cat2": "Act",
      "exp1": null,
      "exp2": null,
      "fam1": null,
      "fam2": null
    },
    {
      "t1": "NVDA",
      "t2": "VRT",
      "corr_hybrid": 0.669,
      "corr_structured": null,
      "cat1": "Act",
      "cat2": "Act",
      "exp1": null,
      "exp2": null,
      "fam1": null,
      "fam2": null
    },
    {
      "t1": "GLD",
      "t2": "SLV",
      "corr_hybrid": 0.6616,
      "corr_structured": 0.85,
      "cat1": "ETF",
      "cat2": "ETF",
      "exp1": "gold_physical",
      "exp2": "silver_physical",
      "fam1": "gold",
      "fam2": "precious_metals"
    },
    {
      "t1": "NVDA",
      "t2": "SOXX",
      "corr_hybrid": 0.6616,
      "corr_structured": null,
      "cat1": "Act",
      "cat2": "ETF",
      "exp1": null,
      "exp2": "semiconductor",
      "fam1": null,
      "fam2": "sector_tech"
    },
    {
      "t1": "EOG",
      "t2": "HAL",
      "corr_hybrid": 0.6401,
      "corr_structured": null,
      "cat1": "Act",
      "cat2": "Act",
      "exp1": null,
      "exp2": null,
      "fam1": null,
      "fam2": null
    },
    {
      "t1": "EOG",
      "t2": "XLE",
      "corr_hybrid": 0.6297,
      "corr_structured": null,
      "cat1": "Act",
      "cat2": "ETF",
      "exp1": null,
      "exp2": "energy",
      "fam1": null,
      "fam2": "sector_energy"
    },
    {
      "t1": "HAL",
      "t2": "SCHD",
      "corr_hybrid": 0.5745,
      "corr_structured": null,
      "cat1": "Act",
      "cat2": "ETF",
      "exp1": null,
      "exp2": "dividend",
      "fam1": null,
      "fam2": "factor_dividend"
    },
    {
      "t1": "FLKR",
      "t2": "SOXX",
      "corr_hybrid": 0.5636,
      "corr_structured": 0.2,
      "cat1": "ETF",
      "cat2": "ETF",
      "exp1": "south_korea",
      "exp2": "semiconductor",
      "fam1": "em_equity",
      "fam2": "sector_tech"
    },
    {
      "t1": "SCHD",
      "t2": "XLE",
      "corr_hybrid": 0.556,
      "corr_structured": 0.2,
      "cat1": "ETF",
      "cat2": "ETF",
      "exp1": "dividend",
      "exp2": "energy",
      "fam1": "factor_dividend",
      "fam2": "sector_energy"
    },
    {
      "t1": "FLKR",
      "t2": "MU",
      "corr_hybrid": 0.5461,
      "corr_structured": null,
      "cat1": "ETF",
      "cat2": "Act",
      "exp1": "south_korea",
      "exp2": null,
      "fam1": "em_equity",
      "fam2": null
    },
    {
      "t1": "HWM",
      "t2": "VRT",
      "corr_hybrid": 0.538,
      "corr_structured": null,
      "cat1": "Act",
      "cat2": "Act",
      "exp1": null,
      "exp2": null,
      "fam1": null,
      "fam2": null
    },
    {
      "t1": "FLKR",
      "t2": "VRT",
      "corr_hybrid": 0.5375,
      "corr_structured": null,
      "cat1": "ETF",
      "cat2": "Act",
      "exp1": "south_korea",
      "exp2": null,
      "fam1": "em_equity",
      "fam2": null
    },
    {
      "t1": "HWM",
      "t2": "SOXX",
      "corr_hybrid": 0.5357,
      "corr_structured": null,
      "cat1": "Act",
      "cat2": "ETF",
      "exp1": null,
      "exp2": "semiconductor",
      "fam1": null,
      "fam2": "sector_tech"
    },
    {
      "t1": "EOG",
      "t2": "SCHD",
      "corr_hybrid": 0.5335,
      "corr_structured": null,
      "cat1": "Act",
      "cat2": "ETF",
      "exp1": null,
      "exp2": "dividend",
      "fam1": null,
      "fam2": "factor_dividend"
    },
    {
      "t1": "GLD",
      "t2": "SLVP",
      "corr_hybrid": 0.5271,
      "corr_structured": 0.85,
      "cat1": "ETF",
      "cat2": "ETF",
      "exp1": "gold_physical",
      "exp2": "silver_miners",
      "fam1": "gold",
      "fam2": "precious_metals"
    },
    {
      "t1": "HAL",
      "t2": "SPYV",
      "corr_hybrid": 0.521,
      "corr_structured": null,
      "cat1": "Act",
      "cat2": "ETF",
      "exp1": null,
      "exp2": "sp500_value",
      "fam1": null,
      "fam2": "factor_value"
    },
    {
      "t1": "HWM",
      "t2": "MU",
      "corr_hybrid": 0.5161,
      "corr_structured": null,
      "cat1": "Act",
      "cat2": "Act",
      "exp1": null,
      "exp2": null,
      "fam1": null,
      "fam2": null
    },
    {
      "t1": "SOXX",
      "t2": "SPYV",
      "corr_hybrid": 0.502,
      "corr_structured": 0.2,
      "cat1": "ETF",
      "cat2": "ETF",
      "exp1": "semiconductor",
      "exp2": "sp500_value",
      "fam1": "sector_tech",
      "fam2": "factor_value"
    },
    {
      "t1": "HWM",
      "t2": "NVDA",
      "corr_hybrid": 0.5014,
      "corr_structured": null,
      "cat1": "Act",
      "cat2": "Act",
      "exp1": null,
      "exp2": null,
      "fam1": null,
      "fam2": null
    },
    {
      "t1": "SPYV",
      "t2": "XLE",
      "corr_hybrid": 0.5002,
      "corr_structured": 0.2,
      "cat1": "ETF",
      "cat2": "ETF",
      "exp1": "sp500_value",
      "exp2": "energy",
      "fam1": "factor_value",
      "fam2": "sector_energy"
    },
    {
      "t1": "HAL",
      "t2": "HDV",
      "corr_hybrid": 0.4822,
      "corr_structured": null,
      "cat1": "Act",
      "cat2": "ETF",
      "exp1": null,
      "exp2": "dividend",
      "fam1": null,
      "fam2": "factor_dividend"
    },
    {
      "t1": "SOXX",
      "t2": "VSS",
      "corr_hybrid": 0.4763,
      "corr_structured": 0.2,
      "cat1": "ETF",
      "cat2": "ETF",
      "exp1": "semiconductor",
      "exp2": "intl_small_cap",
      "fam1": "sector_tech",
      "fam2": null
    },
    {
      "t1": "EOG",
      "t2": "SPYV",
      "corr_hybrid": 0.4711,
      "corr_structured": null,
      "cat1": "Act",
      "cat2": "ETF",
      "exp1": null,
      "exp2": "sp500_value",
      "fam1": null,
      "fam2": "factor_value"
    },
    {
      "t1": "HDV",
      "t2": "XLE",
      "corr_hybrid": 0.4661,
      "corr_structured": 0.2,
      "cat1": "ETF",
      "cat2": "ETF",
      "exp1": "dividend",
      "exp2": "energy",
      "fam1": "factor_dividend",
      "fam2": "sector_energy"
    },
    {
      "t1": "HAL",
      "t2": "SOXX",
      "corr_hybrid": 0.4656,
      "corr_structured": null,
      "cat1": "Act",
      "cat2": "ETF",
      "exp1": null,
      "exp2": "semiconductor",
      "fam1": null,
      "fam2": "sector_tech"
    }
  ],
  "all_pairs_bottom_10": [
    {
      "t1": "ITX",
      "t2": "MU",
      "corr_hybrid": 0.0085,
      "corr_structured": null,
      "cat1": "Act",
      "cat2": "Act",
      "exp1": null,
      "exp2": null,
      "fam1": null,
      "fam2": null
    },
    {
      "t1": "JNJ",
      "t2": "NVDA",
      "corr_hybrid": 0.0079,
      "corr_structured": null,
      "cat1": "Act",
      "cat2": "Act",
      "exp1": null,
      "exp2": null,
      "fam1": null,
      "fam2": null
    },
    {
      "t1": "HAL",
      "t2": "SLVP",
      "corr_hybrid": 0.0078,
      "corr_structured": null,
      "cat1": "Act",
      "cat2": "ETF",
      "exp1": null,
      "exp2": "silver_miners",
      "fam1": null,
      "fam2": "precious_metals"
    },
    {
      "t1": "JNJ",
      "t2": "SOXX",
      "corr_hybrid": 0.0063,
      "corr_structured": null,
      "cat1": "Act",
      "cat2": "ETF",
      "exp1": null,
      "exp2": "semiconductor",
      "fam1": null,
      "fam2": "sector_tech"
    },
    {
      "t1": "EOG",
      "t2": "SCHN",
      "corr_hybrid": 0.0057,
      "corr_structured": null,
      "cat1": "Act",
      "cat2": "Act",
      "exp1": null,
      "exp2": null,
      "fam1": null,
      "fam2": null
    },
    {
      "t1": "GLD",
      "t2": "SCHP",
      "corr_hybrid": -0.0043,
      "corr_structured": 0.04,
      "cat1": "ETF",
      "cat2": "Act",
      "exp1": "gold_physical",
      "exp2": "bonds_tips",
      "fam1": "gold",
      "fam2": "bonds_gov"
    },
    {
      "t1": "PG",
      "t2": "SOXX",
      "corr_hybrid": -0.0017,
      "corr_structured": null,
      "cat1": "Act",
      "cat2": "ETF",
      "exp1": null,
      "exp2": "semiconductor",
      "fam1": null,
      "fam2": "sector_tech"
    },
    {
      "t1": "SCHN",
      "t2": "XLE",
      "corr_hybrid": -0.001,
      "corr_structured": null,
      "cat1": "Act",
      "cat2": "ETF",
      "exp1": null,
      "exp2": "energy",
      "fam1": null,
      "fam2": "sector_energy"
    },
    {
      "t1": "MU",
      "t2": "SCHN",
      "corr_hybrid": -0.0006,
      "corr_structured": null,
      "cat1": "Act",
      "cat2": "Act",
      "exp1": null,
      "exp2": null,
      "fam1": null,
      "fam2": null
    },
    {
      "t1": "NVDA",
      "t2": "PG",
      "corr_hybrid": -0.0003,
      "corr_structured": null,
      "cat1": "Act",
      "cat2": "Act",
      "exp1": null,
      "exp2": null,
      "fam1": null,
      "fam2": null
    }
  ],
  "correlation_matrix": {
    "tickers": [
      "3017",
      "ACWV",
      "AGS",
      "BSV",
      "CLTL",
      "EOG",
      "FLKR",
      "GLD",
      "HAL",
      "HDV",
      "HWM",
      "ITX",
      "JAAA",
      "JNJ",
      "MU",
      "NBIX",
      "NVDA",
      "PAAA",
      "PG",
      "PULS",
      "RIO",
      "SCHD",
      "SCHN",
      "SCHO",
      "SCHP",
      "SCHY",
      "SLV",
      "SLVP",
      "SOXX",
      "SPYV",
      "STIP",
      "VGSH",
      "VICI",
      "VRT",
      "VSS",
      "XBI",
      "XLE",
      "XLV"
    ],
    "matrix": [
      [
        1.0,
        0.2777,
        0.4612,
        0.0744,
        0.0744,
        0.2545,
        0.1514,
        0.0249,
        0.2876,
        0.3089,
        0.3085,
        0.4011,
        0.0744,
        0.3051,
        0.1058,
        0.3023,
        0.2052,
        0.0744,
        0.3164,
        0.0744,
        0.244,
        0.318,
        0.1664,
        0.0744,
        0.2806,
        0.2672,
        0.0199,
        0.1649,
        0.1831,
        0.2978,
        0.0744,
        0.0744,
        0.3209,
        0.1515,
        0.2591,
        0.2642,
        0.2471,
        0.2833
      ],
      [
        0.2777,
        1.0,
        0.2777,
        0.0608,
        0.0608,
        0.3263,
        0.2078,
        0.1417,
        0.3561,
        0.3036,
        0.2313,
        0.1393,
        0.0608,
        0.2039,
        0.1809,
        0.2545,
        0.193,
        0.0608,
        0.2121,
        0.0608,
        0.294,
        0.3332,
        0.072,
        0.0608,
        0.1504,
        0.2707,
        0.1861,
        0.1663,
        0.2517,
        0.3112,
        0.0608,
        0.0608,
        0.2584,
        0.1748,
        0.2887,
        0.2576,
        0.3398,
        0.2583
      ],
      [
        0.4612,
        0.2777,
        1.0,
        0.0744,
        0.0744,
        0.2545,
        0.1514,
        0.0249,
        0.2876,
        0.3089,
        0.3085,
        0.4011,
        0.0744,
        0.3051,
        0.1058,
        0.3023,
        0.2052,
        0.0744,
        0.3164,
        0.0744,
        0.244,
        0.318,
        0.1664,
        0.0744,
        0.2806,
        0.2672,
        0.0199,
        0.1649,
        0.1831,
        0.2978,
        0.0744,
        0.0744,
        0.3209,
        0.1515,
        0.2591,
        0.2642,
        0.2471,
        0.2833
      ],
      [
        0.0744,
        0.0608,
        0.0744,
        1.0,
        0.0156,
        0.0688,
        0.0414,
        0.0392,
        0.0752,
        0.0714,
        0.0505,
        0.046,
        0.0156,
        0.0568,
        0.026,
        0.0586,
        0.0347,
        0.0156,
        0.0592,
        0.0156,
        0.0693,
        0.0742,
        0.0228,
        0.0156,
        0.0428,
        0.0652,
        0.0488,
        0.0521,
        0.0447,
        0.0675,
        0.0156,
        0.0156,
        0.0658,
        0.0287,
        0.0661,
        0.0581,
        0.0708,
        0.0605
      ],
      [
        0.0744,
        0.0608,
        0.0744,
        0.0156,
        1.0,
        0.0688,
        0.0414,
        0.0392,
        0.0752,
        0.0714,
        0.0505,
        0.046,
        0.0156,
        0.0568,
        0.026,
        0.0586,
        0.0347,
        0.0156,
        0.0592,
        0.0156,
        0.0693,
        0.0742,
        0.0228,
        0.0156,
        0.0428,
        0.0652,
        0.0488,
        0.0521,
        0.0447,
        0.0675,
        0.0156,
        0.0156,
        0.0658,
        0.0287,
        0.0661,
        0.0581,
        0.0708,
        0.0605
      ],
      [
        0.2545,
        0.3263,
        0.2545,
        0.0688,
        0.0688,
        1.0,
        0.2774,
        0.096,
        0.6401,
        0.4506,
        0.256,
        -0.0337,
        0.0688,
        0.2082,
        0.3014,
        0.3353,
        0.2614,
        0.0688,
        0.2189,
        0.0688,
        0.3691,
        0.5335,
        0.0057,
        0.0688,
        0.1159,
        0.3406,
        0.1375,
        -0.0161,
        0.3948,
        0.4711,
        0.0688,
        0.0688,
        0.3315,
        0.2185,
        0.3636,
        0.3441,
        0.6297,
        0.3576
      ],
      [
        0.1514,
        0.2078,
        0.1514,
        0.0414,
        0.0414,
        0.2774,
        1.0,
        0.2112,
        0.3295,
        0.2223,
        0.3854,
        0.043,
        0.0414,
        0.033,
        0.5461,
        0.2719,
        0.4604,
        0.0414,
        0.0284,
        0.0414,
        0.3577,
        0.2949,
        0.0282,
        0.0414,
        0.0372,
        0.27,
        0.3348,
        0.245,
        0.5636,
        0.3696,
        0.0414,
        0.0414,
        0.1189,
        0.5375,
        0.3901,
        0.3192,
        0.3184,
        0.2306
      ],
      [
        0.0249,
        0.1417,
        0.0249,
        0.0392,
        0.0392,
        0.096,
        0.2112,
        1.0,
        0.1097,
        0.1378,
        0.0423,
        -0.0674,
        0.0392,
        0.0752,
        0.0893,
        0.0728,
        0.0291,
        0.0392,
        0.0778,
        0.0392,
        0.3411,
        0.1147,
        0.0131,
        0.0392,
        -0.0043,
        0.2328,
        0.6616,
        0.5271,
        0.1399,
        0.1299,
        0.0392,
        0.0392,
        0.1002,
        0.1049,
        0.2791,
        0.147,
        0.1306,
        0.1074
      ],
      [
        0.2876,
        0.3561,
        0.2876,
        0.0752,
        0.0752,
        0.6401,
        0.3295,
        0.1097,
        1.0,
        0.4822,
        0.3127,
        -0.0113,
        0.0752,
        0.2197,
        0.3693,
        0.3758,
        0.3241,
        0.0752,
        0.2301,
        0.0752,
        0.4112,
        0.5745,
        0.0151,
        0.0752,
        0.13,
        0.3754,
        0.1624,
        0.0078,
        0.4656,
        0.521,
        0.0752,
        0.0752,
        0.3527,
        0.2875,
        0.4119,
        0.3872,
        0.6696,
        0.391
      ],
      [
        0.3089,
        0.3036,
        0.3089,
        0.0714,
        0.0714,
        0.4506,
        0.2223,
        0.1378,
        0.4822,
        1.0,
        0.2391,
        0.1054,
        0.0714,
        0.2446,
        0.1898,
        0.3002,
        0.1973,
        0.0714,
        0.2559,
        0.0714,
        0.3396,
        0.4318,
        0.062,
        0.0714,
        0.1655,
        0.3191,
        0.1772,
        0.119,
        0.2812,
        0.3829,
        0.0714,
        0.0714,
        0.3223,
        0.1588,
        0.328,
        0.301,
        0.4661,
        0.3166
      ],
      [
        0.3085,
        0.2313,
        0.3085,
        0.0505,
        0.0505,
        0.256,
        0.3854,
        0.0423,
        0.3127,
        0.2391,
        1.0,
        0.2534,
        0.0505,
        0.1102,
        0.5161,
        0.3279,
        0.5014,
        0.0505,
        0.1078,
        0.0505,
        0.2951,
        0.3091,
        0.0987,
        0.0505,
        0.1456,
        0.2573,
        0.108,
        0.1544,
        0.5357,
        0.3816,
        0.0505,
        0.0505,
        0.1738,
        0.538,
        0.3557,
        0.3327,
        0.2782,
        0.2624
      ],
      [
        0.4011,
        0.1393,
        0.4011,
        0.046,
        0.046,
        -0.0337,
        0.043,
        -0.0674,
        -0.0113,
        0.1054,
        0.2534,
        1.0,
        0.046,
        0.2251,
        0.0085,
        0.1805,
        0.143,
        0.046,
        0.2308,
        0.046,
        0.0688,
        0.0806,
        0.1907,
        0.046,
        0.2619,
        0.115,
        -0.1012,
        0.1617,
        0.0387,
        0.1016,
        0.046,
        0.046,
        0.1796,
        0.1063,
        0.1023,
        0.1278,
        -0.0563,
        0.1353
      ],
      [
        0.0744,
        0.0608,
        0.0744,
        0.0156,
        0.0156,
        0.0688,
        0.0414,
        0.0392,
        0.0752,
        0.0714,
        0.0505,
        0.046,
        1.0,
        0.0568,
        0.026,
        0.0586,
        0.0347,
        0.0156,
        0.0592,
        0.0156,
        0.0693,
        0.0742,
        0.0228,
        0.0156,
        0.0428,
        0.0652,
        0.0488,
        0.0521,
        0.0447,
        0.0675,
        0.0156,
        0.0156,
        0.0658,
        0.0287,
        0.0661,
        0.0581,
        0.0708,
        0.0605
      ],
      [
        0.3051,
        0.2039,
        0.3051,
        0.0568,
        0.0568,
        0.2082,
        0.033,
        0.0752,
        0.2197,
        0.2446,
        0.1102,
        0.2251,
        0.0568,
        1.0,
        -0.0706,
        0.1783,
        0.0079,
        0.0568,
        0.2656,
        0.0568,
        0.1773,
        0.2326,
        0.1035,
        0.0568,
        0.1954,
        0.1965,
        0.0668,
        0.1343,
        0.0063,
        0.178,
        0.0568,
        0.0568,
        0.2607,
        -0.0507,
        0.1573,
        0.1534,
        0.2002,
        0.1963
      ],
      [
        0.1058,
        0.1809,
        0.1058,
        0.026,
        0.026,
        0.3014,
        0.5461,
        0.0893,
        0.3693,
        0.1898,
        0.5161,
        0.0085,
        0.026,
        -0.0706,
        1.0,
        0.3119,
        0.6692,
        0.026,
        -0.0829,
        0.026,
        0.3358,
        0.311,
        -0.0006,
        0.026,
        -0.0132,
        0.2406,
        0.2168,
        0.1108,
        0.7805,
        0.4353,
        0.026,
        0.026,
        0.0449,
        0.7751,
        0.415,
        0.3623,
        0.3518,
        0.2309
      ],
      [
        0.3023,
        0.2545,
        0.3023,
        0.0586,
        0.0586,
        0.3353,
        0.2719,
        0.0728,
        0.3758,
        0.3002,
        0.3279,
        0.1805,
        0.0586,
        0.1783,
        0.3119,
        1.0,
        0.3161,
        0.0586,
        0.1833,
        0.0586,
        0.292,
        0.3517,
        0.0799,
        0.0586,
        0.1559,
        0.2701,
        0.1154,
        0.1181,
        0.3669,
        0.3573,
        0.0586,
        0.0586,
        0.2426,
        0.3083,
        0.3143,
        0.2951,
        0.3509,
        0.275
      ],
      [
        0.2052,
        0.193,
        0.2052,
        0.0347,
        0.0347,
        0.2614,
        0.4604,
        0.0291,
        0.3241,
        0.1973,
        0.5014,
        0.143,
        0.0347,
        0.0079,
        0.6692,
        0.3161,
        1.0,
        0.0347,
        -0.0003,
        0.0347,
        0.2912,
        0.2955,
        0.0502,
        0.0347,
        0.0653,
        0.2307,
        0.1175,
        0.1018,
        0.6616,
        0.3993,
        0.0347,
        0.0347,
        0.0949,
        0.669,
        0.3687,
        0.3393,
        0.2959,
        0.2365
      ],
      [
        0.0744,
        0.0608,
        0.0744,
        0.0156,
        0.0156,
        0.0688,
        0.0414,
        0.0392,
        0.0752,
        0.0714,
        0.0505,
        0.046,
        0.0156,
        0.0568,
        0.026,
        0.0586,
        0.0347,
        1.0,
        0.0592,
        0.0156,
        0.0693,
        0.0742,
        0.0228,
        0.0156,
        0.0428,
        0.0652,
        0.0488,
        0.0521,
        0.0447,
        0.0675,
        0.0156,
        0.0156,
        0.0658,
        0.0287,
        0.0661,
        0.0581,
        0.0708,
        0.0605
      ],
      [
        0.3164,
        0.2121,
        0.3164,
        0.0592,
        0.0592,
        0.2189,
        0.0284,
        0.0778,
        0.2301,
        0.2559,
        0.1078,
        0.2308,
        0.0592,
        0.2656,
        -0.0829,
        0.1833,
        -0.0003,
        0.0592,
        1.0,
        0.0592,
        0.1827,
        0.2427,
        0.1066,
        0.0592,
        0.2033,
        0.2037,
        0.0676,
        0.1363,
        -0.0017,
        0.183,
        0.0592,
        0.0592,
        0.2732,
        -0.0633,
        0.1604,
        0.1569,
        0.2103,
        0.2038
      ],
      [
        0.0744,
        0.0608,
        0.0744,
        0.0156,
        0.0156,
        0.0688,
        0.0414,
        0.0392,
        0.0752,
        0.0714,
        0.0505,
        0.046,
        0.0156,
        0.0568,
        0.026,
        0.0586,
        0.0347,
        0.0156,
        0.0592,
        1.0,
        0.0693,
        0.0742,
        0.0228,
        0.0156,
        0.0428,
        0.0652,
        0.0488,
        0.0521,
        0.0447,
        0.0675,
        0.0156,
        0.0156,
        0.0658,
        0.0287,
        0.0661,
        0.0581,
        0.0708,
        0.0605
      ],
      [
        0.244,
        0.294,
        0.244,
        0.0693,
        0.0693,
        0.3691,
        0.3577,
        0.3411,
        0.4112,
        0.3396,
        0.2951,
        0.0688,
        0.0693,
        0.1773,
        0.3358,
        0.292,
        0.2912,
        0.0693,
        0.1827,
        0.0693,
        1.0,
        0.3789,
        0.0567,
        0.0693,
        0.1098,
        0.3589,
        0.464,
        0.3622,
        0.4099,
        0.3887,
        0.0693,
        0.0693,
        0.2565,
        0.3275,
        0.4254,
        0.3358,
        0.4046,
        0.2959
      ],
      [
        0.318,
        0.3332,
        0.318,
        0.0742,
        0.0742,
        0.5335,
        0.2949,
        0.1147,
        0.5745,
        0.4318,
        0.3091,
        0.0806,
        0.0742,
        0.2326,
        0.311,
        0.3517,
        0.2955,
        0.0742,
        0.2427,
        0.0742,
        0.3789,
        1.0,
        0.05,
        0.0742,
        0.1584,
        0.3508,
        0.1623,
        0.0743,
        0.401,
        0.4612,
        0.0742,
        0.0742,
        0.3361,
        0.2625,
        0.3809,
        0.356,
        0.556,
        0.3588
      ],
      [
        0.1664,
        0.072,
        0.1664,
        0.0228,
        0.0228,
        0.0057,
        0.0282,
        0.0131,
        0.0151,
        0.062,
        0.0987,
        0.1907,
        0.0228,
        0.1035,
        -0.0006,
        0.0799,
        0.0502,
        0.0228,
        0.1066,
        0.0228,
        0.0567,
        0.05,
        1.0,
        0.0228,
        0.1076,
        0.0682,
        0.0095,
        0.1011,
        0.0188,
        0.0543,
        0.0228,
        0.0228,
        0.0884,
        0.0373,
        0.063,
        0.0637,
        -0.001,
        0.0675
      ],
      [
        0.0744,
        0.0608,
        0.0744,
        0.0156,
        0.0156,
        0.0688,
        0.0414,
        0.0392,
        0.0752,
        0.0714,
        0.0505,
        0.046,
        0.0156,
        0.0568,
        0.026,
        0.0586,
        0.0347,
        0.0156,
        0.0592,
        0.0156,
        0.0693,
        0.0742,
        0.0228,
        1.0,
        0.0428,
        0.0652,
        0.0488,
        0.0521,
        0.0447,
        0.0675,
        0.0156,
        0.0156,
        0.0658,
        0.0287,
        0.0661,
        0.0581,
        0.0708,
        0.0605
      ],
      [
        0.2806,
        0.1504,
        0.2806,
        0.0428,
        0.0428,
        0.1159,
        0.0372,
        -0.0043,
        0.13,
        0.1655,
        0.1456,
        0.2619,
        0.0428,
        0.1954,
        -0.0132,
        0.1559,
        0.0653,
        0.0428,
        0.2033,
        0.0428,
        0.1098,
        0.1584,
        0.1076,
        0.0428,
        1.0,
        0.1362,
        -0.0229,
        0.0883,
        0.0345,
        0.1364,
        0.0428,
        0.0428,
        0.1907,
        0.0214,
        0.1141,
        0.1251,
        0.1052,
        0.1492
      ],
      [
        0.2672,
        0.2707,
        0.2672,
        0.0652,
        0.0652,
        0.3406,
        0.27,
        0.2328,
        0.3754,
        0.3191,
        0.2573,
        0.115,
        0.0652,
        0.1965,
        0.2406,
        0.2701,
        0.2307,
        0.0652,
        0.2037,
        0.0652,
        0.3589,
        0.3508,
        0.0682,
        0.0652,
        0.1362,
        1.0,
        0.3115,
        0.2596,
        0.3138,
        0.3421,
        0.0652,
        0.0652,
        0.2599,
        0.2358,
        0.3479,
        0.2906,
        0.3632,
        0.2745
      ],
      [
        0.0199,
        0.1861,
        0.0199,
        0.0488,
        0.0488,
        0.1375,
        0.3348,
        0.6616,
        0.1624,
        0.1772,
        0.108,
        -0.1012,
        0.0488,
        0.0668,
        0.2168,
        0.1154,
        0.1175,
        0.0488,
        0.0676,
        0.0488,
        0.464,
        0.1623,
        0.0095,
        0.0488,
        -0.0229,
        0.3115,
        1.0,
        0.6848,
        0.2725,
        0.2025,
        0.0488,
        0.0488,
        0.1112,
        0.2335,
        0.3956,
        0.2191,
        0.1886,
        0.1481
      ],
      [
        0.1649,
        0.1663,
        0.1649,
        0.0521,
        0.0521,
        -0.0161,
        0.245,
        0.5271,
        0.0078,
        0.119,
        0.1544,
        0.1617,
        0.0521,
        0.1343,
        0.1108,
        0.1181,
        0.1018,
        0.0521,
        0.1363,
        0.0521,
        0.3622,
        0.0743,
        0.1011,
        0.0521,
        0.0883,
        0.2596,
        0.6848,
        1.0,
        0.1584,
        0.1267,
        0.0521,
        0.0521,
        0.1243,
        0.1895,
        0.3167,
        0.1798,
        0.0112,
        0.1235
      ],
      [
        0.1831,
        0.2517,
        0.1831,
        0.0447,
        0.0447,
        0.3948,
        0.5636,
        0.1399,
        0.4656,
        0.2812,
        0.5357,
        0.0387,
        0.0447,
        0.0063,
        0.7805,
        0.3669,
        0.6616,
        0.0447,
        -0.0017,
        0.0447,
        0.4099,
        0.401,
        0.0188,
        0.0447,
        0.0345,
        0.3138,
        0.2725,
        0.1584,
        1.0,
        0.502,
        0.0447,
        0.0447,
        0.1318,
        0.7507,
        0.4763,
        0.4156,
        0.4459,
        0.2988
      ],
      [
        0.2978,
        0.3112,
        0.2978,
        0.0675,
        0.0675,
        0.4711,
        0.3696,
        0.1299,
        0.521,
        0.3829,
        0.3816,
        0.1016,
        0.0675,
        0.178,
        0.4353,
        0.3573,
        0.3993,
        0.0675,
        0.183,
        0.0675,
        0.3887,
        0.4612,
        0.0543,
        0.0675,
        0.1364,
        0.3421,
        0.2025,
        0.1267,
        0.502,
        1.0,
        0.0675,
        0.0675,
        0.2805,
        0.4025,
        0.4094,
        0.3726,
        0.5002,
        0.3403
      ],
      [
        0.0744,
        0.0608,
        0.0744,
        0.0156,
        0.0156,
        0.0688,
        0.0414,
        0.0392,
        0.0752,
        0.0714,
        0.0505,
        0.046,
        0.0156,
        0.0568,
        0.026,
        0.0586,
        0.0347,
        0.0156,
        0.0592,
        0.0156,
        0.0693,
        0.0742,
        0.0228,
        0.0156,
        0.0428,
        0.0652,
        0.0488,
        0.0521,
        0.0447,
        0.0675,
        1.0,
        0.0156,
        0.0658,
        0.0287,
        0.0661,
        0.0581,
        0.0708,
        0.0605
      ],
      [
        0.0744,
        0.0608,
        0.0744,
        0.0156,
        0.0156,
        0.0688,
        0.0414,
        0.0392,
        0.0752,
        0.0714,
        0.0505,
        0.046,
        0.0156,
        0.0568,
        0.026,
        0.0586,
        0.0347,
        0.0156,
        0.0592,
        0.0156,
        0.0693,
        0.0742,
        0.0228,
        0.0156,
        0.0428,
        0.0652,
        0.0488,
        0.0521,
        0.0447,
        0.0675,
        0.0156,
        1.0,
        0.0658,
        0.0287,
        0.0661,
        0.0581,
        0.0708,
        0.0605
      ],
      [
        0.3209,
        0.2584,
        0.3209,
        0.0658,
        0.0658,
        0.3315,
        0.1189,
        0.1002,
        0.3527,
        0.3223,
        0.1738,
        0.1796,
        0.0658,
        0.2607,
        0.0449,
        0.2426,
        0.0949,
        0.0658,
        0.2732,
        0.0658,
        0.2565,
        0.3361,
        0.0884,
        0.0658,
        0.1907,
        0.2599,
        0.1112,
        0.1243,
        0.1318,
        0.2805,
        0.0658,
        0.0658,
        1.0,
        0.0412,
        0.2401,
        0.2273,
        0.3337,
        0.2607
      ],
      [
        0.1515,
        0.1748,
        0.1515,
        0.0287,
        0.0287,
        0.2185,
        0.5375,
        0.1049,
        0.2875,
        0.1588,
        0.538,
        0.1063,
        0.0287,
        -0.0507,
        0.7751,
        0.3083,
        0.669,
        0.0287,
        -0.0633,
        0.0287,
        0.3275,
        0.2625,
        0.0373,
        0.0287,
        0.0214,
        0.2358,
        0.2335,
        0.1895,
        0.7507,
        0.4025,
