{
  "_meta": {
    "generated": "2026-05-23T09:37:25",
    "portfolio_generated": "2026-05-23T09:33:51.074787",
    "n_assets": 41,
    "n_with_returns": 31,
    "covariance_method": "hybrid_shrunk",
    "condition_number": 330.2,
    "pca_factors": 6
  },
  "profiles": {
    "Agressif": {
      "n_assets": 17,
      "weighted_avg_correlation": 0.2233,
      "most_correlated": [
        {
          "t1": "PICK",
          "t2": "REMX",
          "corr": 0.7485,
          "w1": 5.3,
          "w2": 4.9,
          "combined_weight": 10.2
        },
        {
          "t1": "SOXX",
          "t2": "XCEM",
          "corr": 0.7195,
          "w1": 5.2,
          "w2": 4.9,
          "combined_weight": 10.0
        },
        {
          "t1": "SOXX",
          "t2": "XLK",
          "corr": 0.7168,
          "w1": 5.2,
          "w2": 3.5,
          "combined_weight": 8.6
        },
        {
          "t1": "SOXX",
          "t2": "FLKR",
          "corr": 0.7087,
          "w1": 5.2,
          "w2": 3.4,
          "combined_weight": 8.6
        },
        {
          "t1": "FLKR",
          "t2": "XCEM",
          "corr": 0.7027,
          "w1": 3.4,
          "w2": 4.9,
          "combined_weight": 8.3
        },
        {
          "t1": "PICK",
          "t2": "XCEM",
          "corr": 0.7009,
          "w1": 5.3,
          "w2": 4.9,
          "combined_weight": 10.2
        },
        {
          "t1": "XLK",
          "t2": "XCEM",
          "corr": 0.6766,
          "w1": 3.5,
          "w2": 4.9,
          "combined_weight": 8.3
        },
        {
          "t1": "XLK",
          "t2": "FLKR",
          "corr": 0.6647,
          "w1": 3.5,
          "w2": 3.4,
          "combined_weight": 6.9
        },
        {
          "t1": "SOXX",
          "t2": "FIX",
          "corr": 0.6605,
          "w1": 5.2,
          "w2": 10.0,
          "combined_weight": 15.2
        },
        {
          "t1": "PICK",
          "t2": "FLKR",
          "corr": 0.6534,
          "w1": 5.3,
          "w2": 3.4,
          "combined_weight": 8.8
        }
      ],
      "least_correlated": [
        {
          "t1": "XLE",
          "t2": "XLK",
          "corr": -0.0245,
          "w1": 7.7,
          "w2": 3.5,
          "combined_weight": 11.1
        },
        {
          "t1": "BKR",
          "t2": "FRES",
          "corr": -0.0708,
          "w1": 8.0,
          "w2": 5.0,
          "combined_weight": 13.0
        },
        {
          "t1": "NVDA",
          "t2": "XLE",
          "corr": -0.0912,
          "w1": 6.7,
          "w2": 7.7,
          "combined_weight": 14.4
        },
        {
          "t1": "XLE",
          "t2": "FRES",
          "corr": -0.132,
          "w1": 7.7,
          "w2": 5.0,
          "combined_weight": 12.7
        },
        {
          "t1": "XLE",
          "t2": "FIX",
          "corr": -0.1394,
          "w1": 7.7,
          "w2": 10.0,
          "combined_weight": 17.7
        }
      ],
      "high_corr_high_weight": [
        {
          "t1": "PICK",
          "t2": "REMX",
          "corr": 0.7485,
          "w1": 5.3,
          "w2": 4.9,
          "combined_weight": 10.2
        },
        {
          "t1": "PICK",
          "t2": "XCEM",
          "corr": 0.7009,
          "w1": 5.3,
          "w2": 4.9,
          "combined_weight": 10.2
        }
      ]
    },
    "Mod\u00e9r\u00e9": {
      "n_assets": 13,
      "weighted_avg_correlation": 0.1587,
      "most_correlated": [
        {
          "t1": "FNDF",
          "t2": "VPL",
          "corr": 0.6522,
          "w1": 9.0,
          "w2": 8.5,
          "combined_weight": 17.5
        },
        {
          "t1": "FNDF",
          "t2": "DIVB",
          "corr": 0.4816,
          "w1": 9.0,
          "w2": 4.8,
          "combined_weight": 13.8
        },
        {
          "t1": "VPL",
          "t2": "DIVB",
          "corr": 0.4658,
          "w1": 8.5,
          "w2": 4.8,
          "combined_weight": 13.3
        },
        {
          "t1": "SCHD",
          "t2": "DIVB",
          "corr": 0.4078,
          "w1": 9.0,
          "w2": 4.8,
          "combined_weight": 13.8
        },
        {
          "t1": "SCHD",
          "t2": "EOG",
          "corr": 0.4018,
          "w1": 9.0,
          "w2": 9.0,
          "combined_weight": 18.0
        },
        {
          "t1": "FNDF",
          "t2": "GLD",
          "corr": 0.3777,
          "w1": 9.0,
          "w2": 8.0,
          "combined_weight": 17.0
        },
        {
          "t1": "SCHD",
          "t2": "FNDF",
          "corr": 0.3756,
          "w1": 9.0,
          "w2": 9.0,
          "combined_weight": 18.0
        },
        {
          "t1": "VPL",
          "t2": "GLD",
          "corr": 0.3667,
          "w1": 8.5,
          "w2": 8.0,
          "combined_weight": 16.5
        },
        {
          "t1": "SCHD",
          "t2": "VPL",
          "corr": 0.3321,
          "w1": 9.0,
          "w2": 8.5,
          "combined_weight": 17.5
        },
        {
          "t1": "FNDF",
          "t2": "XLV",
          "corr": 0.3214,
          "w1": 9.0,
          "w2": 3.4,
          "combined_weight": 12.4
        }
      ],
      "least_correlated": [
        {
          "t1": "STIP",
          "t2": "GBIL",
          "corr": 0.021,
          "w1": 8.2,
          "w2": 8.5,
          "combined_weight": 16.7
        },
        {
          "t1": "STIP",
          "t2": "JAAA",
          "corr": 0.021,
          "w1": 8.2,
          "w2": 4.8,
          "combined_weight": 12.9
        },
        {
          "t1": "GBIL",
          "t2": "JAAA",
          "corr": 0.021,
          "w1": 8.5,
          "w2": 4.8,
          "combined_weight": 13.3
        },
        {
          "t1": "NOVN",
          "t2": "VPL",
          "corr": 0.0047,
          "w1": 9.0,
          "w2": 8.5,
          "combined_weight": 17.5
        },
        {
          "t1": "EOG",
          "t2": "GLD",
          "corr": -0.0349,
          "w1": 9.0,
          "w2": 8.0,
          "combined_weight": 17.0
        }
      ],
      "high_corr_high_weight": []
    },
    "Stable": {
      "n_assets": 14,
      "weighted_avg_correlation": 0.1346,
      "most_correlated": [
        {
          "t1": "ELE",
          "t2": "GLD",
          "corr": 0.5758,
          "w1": 7.4,
          "w2": 5.1,
          "combined_weight": 12.5
        },
        {
          "t1": "SHEL",
          "t2": "SUNPHARMA",
          "corr": 0.4128,
          "w1": 6.4,
          "w2": 5.3,
          "combined_weight": 11.7
        },
        {
          "t1": "VICI",
          "t2": "SUNPHARMA",
          "corr": 0.4089,
          "w1": 7.4,
          "w2": 5.3,
          "combined_weight": 12.7
        },
        {
          "t1": "GD",
          "t2": "SUNPHARMA",
          "corr": 0.386,
          "w1": 7.4,
          "w2": 5.3,
          "combined_weight": 12.7
        },
        {
          "t1": "SUNPHARMA",
          "t2": "KO",
          "corr": 0.3765,
          "w1": 5.3,
          "w2": 4.8,
          "combined_weight": 10.1
        },
        {
          "t1": "GD",
          "t2": "SHEL",
          "corr": 0.3648,
          "w1": 7.4,
          "w2": 6.4,
          "combined_weight": 13.8
        },
        {
          "t1": "VICI",
          "t2": "SHEL",
          "corr": 0.3514,
          "w1": 7.4,
          "w2": 6.4,
          "combined_weight": 13.8
        },
        {
          "t1": "ACWV",
          "t2": "SPYV",
          "corr": 0.3486,
          "w1": 6.7,
          "w2": 5.1,
          "combined_weight": 11.7
        },
        {
          "t1": "SPLV",
          "t2": "SHEL",
          "corr": 0.3146,
          "w1": 6.7,
          "w2": 6.4,
          "combined_weight": 13.1
        },
        {
          "t1": "SHEL",
          "t2": "SPYV",
          "corr": 0.3093,
          "w1": 6.4,
          "w2": 5.1,
          "combined_weight": 11.5
        }
      ],
      "least_correlated": [
        {
          "t1": "VGSH",
          "t2": "ELE",
          "corr": 0.0164,
          "w1": 6.0,
          "w2": 7.4,
          "combined_weight": 13.4
        },
        {
          "t1": "ELE",
          "t2": "BSV",
          "corr": 0.0164,
          "w1": 7.4,
          "w2": 13.0,
          "combined_weight": 20.4
        },
        {
          "t1": "ELE",
          "t2": "STIP",
          "corr": 0.0164,
          "w1": 7.4,
          "w2": 13.0,
          "combined_weight": 20.4
        },
        {
          "t1": "ELE",
          "t2": "KO",
          "corr": 0.0025,
          "w1": 7.4,
          "w2": 4.8,
          "combined_weight": 12.2
        },
        {
          "t1": "KO",
          "t2": "GLD",
          "corr": -0.0145,
          "w1": 4.8,
          "w2": 5.1,
          "combined_weight": 9.9
        }
      ],
      "high_corr_high_weight": []
    }
  },
  "all_pairs_top_30": [
    {
      "t1": "PICK",
      "t2": "REMX",
      "corr_hybrid": 0.7485,
      "corr_structured": 0.2,
      "cat1": "ETF",
      "cat2": "ETF",
      "exp1": "metals_mining",
      "exp2": "rare_earth",
      "fam1": null,
      "fam2": null
    },
    {
      "t1": "SOXX",
      "t2": "XCEM",
      "corr_hybrid": 0.7195,
      "corr_structured": 0.2,
      "cat1": "ETF",
      "cat2": "ETF",
      "exp1": "semiconductor",
      "exp2": "emerging_markets",
      "fam1": "sector_tech",
      "fam2": "em_equity"
    },
    {
      "t1": "SOXX",
      "t2": "XLK",
      "corr_hybrid": 0.7168,
      "corr_structured": 0.9,
      "cat1": "ETF",
      "cat2": "ETF",
      "exp1": "semiconductor",
      "exp2": "tech",
      "fam1": "sector_tech",
      "fam2": "sector_tech"
    },
    {
      "t1": "FLKR",
      "t2": "SOXX",
      "corr_hybrid": 0.7087,
      "corr_structured": 0.2,
      "cat1": "ETF",
      "cat2": "ETF",
      "exp1": "south_korea",
      "exp2": "semiconductor",
      "fam1": "em_equity",
      "fam2": "sector_tech"
    },
    {
      "t1": "FLKR",
      "t2": "XCEM",
      "corr_hybrid": 0.7027,
      "corr_structured": 0.9,
      "cat1": "ETF",
      "cat2": "ETF",
      "exp1": "south_korea",
      "exp2": "emerging_markets",
      "fam1": "em_equity",
      "fam2": "em_equity"
    },
    {
      "t1": "PICK",
      "t2": "XCEM",
      "corr_hybrid": 0.7009,
      "corr_structured": 0.2,
      "cat1": "ETF",
      "cat2": "ETF",
      "exp1": "metals_mining",
      "exp2": "emerging_markets",
      "fam1": null,
      "fam2": "em_equity"
    },
    {
      "t1": "VPL",
      "t2": "XCEM",
      "corr_hybrid": 0.6966,
      "corr_structured": 0.2,
      "cat1": "ETF",
      "cat2": "ETF",
      "exp1": "pacific_asia",
      "exp2": "emerging_markets",
      "fam1": null,
      "fam2": "em_equity"
    },
    {
      "t1": "PICK",
      "t2": "VPL",
      "corr_hybrid": 0.6928,
      "corr_structured": 0.2,
      "cat1": "ETF",
      "cat2": "ETF",
      "exp1": "metals_mining",
      "exp2": "pacific_asia",
      "fam1": null,
      "fam2": null
    },
    {
      "t1": "FNDF",
      "t2": "PICK",
      "corr_hybrid": 0.6837,
      "corr_structured": 0.2,
      "cat1": "ETF",
      "cat2": "ETF",
      "exp1": "international",
      "exp2": "metals_mining",
      "fam1": "intl_equity",
      "fam2": null
    },
    {
      "t1": "XCEM",
      "t2": "XLK",
      "corr_hybrid": 0.6766,
      "corr_structured": 0.2,
      "cat1": "ETF",
      "cat2": "ETF",
      "exp1": "emerging_markets",
      "exp2": "tech",
      "fam1": "em_equity",
      "fam2": "sector_tech"
    },
    {
      "t1": "SOXX",
      "t2": "VPL",
      "corr_hybrid": 0.6729,
      "corr_structured": 0.2,
      "cat1": "ETF",
      "cat2": "ETF",
      "exp1": "semiconductor",
      "exp2": "pacific_asia",
      "fam1": "sector_tech",
      "fam2": null
    },
    {
      "t1": "FLKR",
      "t2": "VPL",
      "corr_hybrid": 0.6657,
      "corr_structured": 0.2,
      "cat1": "ETF",
      "cat2": "ETF",
      "exp1": "south_korea",
      "exp2": "pacific_asia",
      "fam1": "em_equity",
      "fam2": null
    },
    {
      "t1": "FLKR",
      "t2": "XLK",
      "corr_hybrid": 0.6647,
      "corr_structured": 0.2,
      "cat1": "ETF",
      "cat2": "ETF",
      "exp1": "south_korea",
      "exp2": "tech",
      "fam1": "em_equity",
      "fam2": "sector_tech"
    },
    {
      "t1": "FIX",
      "t2": "SOXX",
      "corr_hybrid": 0.6605,
      "corr_structured": null,
      "cat1": "Act",
      "cat2": "ETF",
      "exp1": null,
      "exp2": "semiconductor",
      "fam1": null,
      "fam2": "sector_tech"
    },
    {
      "t1": "FNDF",
      "t2": "XCEM",
      "corr_hybrid": 0.6568,
      "corr_structured": 0.62,
      "cat1": "ETF",
      "cat2": "ETF",
      "exp1": "international",
      "exp2": "emerging_markets",
      "fam1": "intl_equity",
      "fam2": "em_equity"
    },
    {
      "t1": "FLKR",
      "t2": "PICK",
      "corr_hybrid": 0.6534,
      "corr_structured": 0.2,
      "cat1": "ETF",
      "cat2": "ETF",
      "exp1": "south_korea",
      "exp2": "metals_mining",
      "fam1": "em_equity",
      "fam2": null
    },
    {
      "t1": "FIX",
      "t2": "XLK",
      "corr_hybrid": 0.6529,
      "corr_structured": null,
      "cat1": "Act",
      "cat2": "ETF",
      "exp1": null,
      "exp2": "tech",
      "fam1": null,
      "fam2": "sector_tech"
    },
    {
      "t1": "FNDF",
      "t2": "VPL",
      "corr_hybrid": 0.6522,
      "corr_structured": 0.2,
      "cat1": "ETF",
      "cat2": "ETF",
      "exp1": "international",
      "exp2": "pacific_asia",
      "fam1": "intl_equity",
      "fam2": null
    },
    {
      "t1": "VPL",
      "t2": "XLK",
      "corr_hybrid": 0.6328,
      "corr_structured": 0.2,
      "cat1": "ETF",
      "cat2": "ETF",
      "exp1": "pacific_asia",
      "exp2": "tech",
      "fam1": null,
      "fam2": "sector_tech"
    },
    {
      "t1": "PICK",
      "t2": "SOXX",
      "corr_hybrid": 0.6301,
      "corr_structured": 0.2,
      "cat1": "ETF",
      "cat2": "ETF",
      "exp1": "metals_mining",
      "exp2": "semiconductor",
      "fam1": null,
      "fam2": "sector_tech"
    },
    {
      "t1": "FLKR",
      "t2": "FNDF",
      "corr_hybrid": 0.6173,
      "corr_structured": 0.62,
      "cat1": "ETF",
      "cat2": "ETF",
      "exp1": "south_korea",
      "exp2": "international",
      "fam1": "em_equity",
      "fam2": "intl_equity"
    },
    {
      "t1": "FNDF",
      "t2": "SOXX",
      "corr_hybrid": 0.6129,
      "corr_structured": 0.2,
      "cat1": "ETF",
      "cat2": "ETF",
      "exp1": "international",
      "exp2": "semiconductor",
      "fam1": "intl_equity",
      "fam2": "sector_tech"
    },
    {
      "t1": "000660",
      "t2": "2059",
      "corr_hybrid": 0.6108,
      "corr_structured": null,
      "cat1": "Act",
      "cat2": "Act",
      "exp1": null,
      "exp2": null,
      "fam1": null,
      "fam2": null
    },
    {
      "t1": "000660",
      "t2": "SUNPHARMA",
      "corr_hybrid": 0.6108,
      "corr_structured": null,
      "cat1": "Act",
      "cat2": "Act",
      "exp1": null,
      "exp2": null,
      "fam1": null,
      "fam2": null
    },
    {
      "t1": "2059",
      "t2": "SUNPHARMA",
      "corr_hybrid": 0.6108,
      "corr_structured": null,
      "cat1": "Act",
      "cat2": "Act",
      "exp1": null,
      "exp2": null,
      "fam1": null,
      "fam2": null
    },
    {
      "t1": "FIX",
      "t2": "NVDA",
      "corr_hybrid": 0.6096,
      "corr_structured": null,
      "cat1": "Act",
      "cat2": "Act",
      "exp1": null,
      "exp2": null,
      "fam1": null,
      "fam2": null
    },
    {
      "t1": "REMX",
      "t2": "XCEM",
      "corr_hybrid": 0.5949,
      "corr_structured": 0.2,
      "cat1": "ETF",
      "cat2": "ETF",
      "exp1": "rare_earth",
      "exp2": "emerging_markets",
      "fam1": null,
      "fam2": "em_equity"
    },
    {
      "t1": "FNDF",
      "t2": "REMX",
      "corr_hybrid": 0.5927,
      "corr_structured": 0.2,
      "cat1": "ETF",
      "cat2": "ETF",
      "exp1": "international",
      "exp2": "rare_earth",
      "fam1": "intl_equity",
      "fam2": null
    },
    {
      "t1": "REMX",
      "t2": "VPL",
      "corr_hybrid": 0.5894,
      "corr_structured": 0.2,
      "cat1": "ETF",
      "cat2": "ETF",
      "exp1": "rare_earth",
      "exp2": "pacific_asia",
      "fam1": null,
      "fam2": null
    },
    {
      "t1": "PICK",
      "t2": "XLK",
      "corr_hybrid": 0.5847,
      "corr_structured": 0.2,
      "cat1": "ETF",
      "cat2": "ETF",
      "exp1": "metals_mining",
      "exp2": "tech",
      "fam1": null,
      "fam2": "sector_tech"
    }
  ],
  "all_pairs_bottom_10": [
    {
      "t1": "FIX",
      "t2": "SHEL",
      "corr_hybrid": -0.0057,
      "corr_structured": null,
      "cat1": "Act",
      "cat2": "Act",
      "exp1": null,
      "exp2": null,
      "fam1": null,
      "fam2": null
    },
    {
      "t1": "FIX",
      "t2": "VICI",
      "corr_hybrid": 0.0056,
      "corr_structured": null,
      "cat1": "Act",
      "cat2": "Act",
      "exp1": null,
      "exp2": null,
      "fam1": null,
      "fam2": null
    },
    {
      "t1": "FRES",
      "t2": "LI",
      "corr_hybrid": -0.0047,
      "corr_structured": null,
      "cat1": "Act",
      "cat2": "Act",
      "exp1": null,
      "exp2": null,
      "fam1": null,
      "fam2": null
    },
    {
      "t1": "NOVN",
      "t2": "VPL",
      "corr_hybrid": 0.0047,
      "corr_structured": null,
      "cat1": "Act",
      "cat2": "ETF",
      "exp1": null,
      "exp2": "pacific_asia",
      "fam1": null,
      "fam2": null
    },
    {
      "t1": "GLD",
      "t2": "XLE",
      "corr_hybrid": 0.0031,
      "corr_structured": 0.2,
      "cat1": "ETF",
      "cat2": "ETF",
      "exp1": "gold_physical",
      "exp2": "energy",
      "fam1": "gold",
      "fam2": "sector_energy"
    },
    {
      "t1": "NOVN",
      "t2": "NVDA",
      "corr_hybrid": 0.0031,
      "corr_structured": null,
      "cat1": "Act",
      "cat2": "Act",
      "exp1": null,
      "exp2": null,
      "fam1": null,
      "fam2": null
    },
    {
      "t1": "EOG",
      "t2": "XBI",
      "corr_hybrid": 0.0026,
      "corr_structured": null,
      "cat1": "Act",
      "cat2": "ETF",
      "exp1": null,
      "exp2": "biotech",
      "fam1": null,
      "fam2": "sector_healthcare"
    },
    {
      "t1": "ELE",
      "t2": "KO",
      "corr_hybrid": 0.0025,
      "corr_structured": null,
      "cat1": "Act",
      "cat2": "Act",
      "exp1": null,
      "exp2": null,
      "fam1": null,
      "fam2": null
    },
    {
      "t1": "SOXX",
      "t2": "VICI",
      "corr_hybrid": 0.0018,
      "corr_structured": null,
      "cat1": "ETF",
      "cat2": "Act",
      "exp1": "semiconductor",
      "exp2": null,
      "fam1": "sector_tech",
      "fam2": null
    },
    {
      "t1": "KO",
      "t2": "VPL",
      "corr_hybrid": 0.0002,
      "corr_structured": null,
      "cat1": "Act",
      "cat2": "ETF",
      "exp1": null,
      "exp2": "pacific_asia",
      "fam1": null,
      "fam2": null
    }
  ],
  "correlation_matrix": {
    "tickers": [
      "000660",
      "2059",
      "ACWV",
      "BKR",
      "BSV",
      "DIVB",
      "ELE",
      "EOG",
      "FIX",
      "FLKR",
      "FLTR",
      "FNDF",
      "FRES",
      "GBIL",
      "GD",
      "GLD",
      "ICLO",
      "JAAA",
      "KO",
      "LI",
      "NOVN",
      "NVDA",
      "PEG",
      "PICK",
      "REMX",
      "SCHD",
      "SCHP",
      "SHEL",
      "SOXX",
      "SPLV",
      "SPYV",
      "STIP",
      "SUNPHARMA",
      "VGSH",
      "VICI",
      "VPL",
      "XBI",
      "XCEM",
      "XLE",
      "XLK",
      "XLV"
    ],
    "matrix": [
      [
        1.0,
        0.6108,
        0.308,
        0.3366,
        0.0752,
        0.3031,
        0.1578,
        0.3899,
        0.2145,
        0.0896,
        0.0752,
        0.2485,
        0.1852,
        0.0752,
        0.386,
        0.111,
        0.0752,
        0.0752,
        0.3765,
        0.289,
        0.3242,
        0.2088,
        0.4108,
        0.1618,
        0.0538,
        0.328,
        0.5578,
        0.4128,
        0.1135,
        0.295,
        0.3051,
        0.0752,
        0.6108,
        0.0752,
        0.4089,
        0.1923,
        0.1449,
        0.1482,
        0.2994,
        0.1393,
        0.2296
      ],
      [
        0.6108,
        1.0,
        0.308,
        0.3366,
        0.0752,
        0.3031,
        0.1578,
        0.3899,
        0.2145,
        0.0896,
        0.0752,
        0.2485,
        0.1852,
        0.0752,
        0.386,
        0.111,
        0.0752,
        0.0752,
        0.3765,
        0.289,
        0.3242,
        0.2088,
        0.4108,
        0.1618,
        0.0538,
        0.328,
        0.5578,
        0.4128,
        0.1135,
        0.295,
        0.3051,
        0.0752,
        0.6108,
        0.0752,
        0.4089,
        0.1923,
        0.1449,
        0.1482,
        0.2994,
        0.1393,
        0.2296
      ],
      [
        0.308,
        0.308,
        1.0,
        0.3279,
        0.0759,
        0.3494,
        0.1503,
        0.244,
        0.1799,
        0.296,
        0.0759,
        0.3777,
        0.0211,
        0.0759,
        0.2604,
        0.1913,
        0.0759,
        0.0759,
        0.1691,
        0.2441,
        0.1441,
        0.1837,
        0.2097,
        0.3624,
        0.3188,
        0.3329,
        0.2529,
        0.3057,
        0.2832,
        0.226,
        0.3486,
        0.0759,
        0.308,
        0.0759,
        0.231,
        0.3527,
        0.2389,
        0.3344,
        0.253,
        0.2706,
        0.2499
      ],
      [
        0.3366,
        0.3366,
        0.3279,
        1.0,
        0.0924,
        0.4255,
        0.0515,
        0.4419,
        0.1815,
        0.2963,
        0.0924,
        0.3983,
        -0.0708,
        0.0924,
        0.3449,
        0.1069,
        0.0924,
        0.0924,
        0.1861,
        -0.0369,
        0.1473,
        0.1553,
        0.22,
        0.3207,
        0.2628,
        0.4448,
        0.2605,
        0.4748,
        0.2853,
        0.2665,
        0.4055,
        0.0924,
        0.3366,
        0.0924,
        0.2408,
        0.3618,
        0.2133,
        0.326,
        0.4606,
        0.2673,
        0.2769
      ],
      [
        0.0752,
        0.0752,
        0.0759,
        0.0924,
        1.0,
        0.0926,
        0.0164,
        0.0733,
        0.0375,
        0.074,
        0.021,
        0.0953,
        0.0187,
        0.021,
        0.0689,
        0.0424,
        0.021,
        0.021,
        0.039,
        0.044,
        0.0343,
        0.0405,
        0.046,
        0.091,
        0.0842,
        0.0907,
        0.0592,
        0.082,
        0.0713,
        0.0572,
        0.0919,
        0.021,
        0.0752,
        0.021,
        0.0538,
        0.0879,
        0.058,
        0.0832,
        0.0761,
        0.0671,
        0.0651
      ],
      [
        0.3031,
        0.3031,
        0.3494,
        0.4255,
        0.0926,
        1.0,
        0.1049,
        0.2776,
        0.2708,
        0.4205,
        0.0926,
        0.4816,
        -0.0383,
        0.0926,
        0.294,
        0.1903,
        0.0926,
        0.0926,
        0.1487,
        0.2247,
        0.1184,
        0.2463,
        0.2098,
        0.4487,
        0.3951,
        0.4078,
        0.2318,
        0.3448,
        0.4123,
        0.2421,
        0.4436,
        0.0926,
        0.3031,
        0.0926,
        0.2112,
        0.4658,
        0.3077,
        0.4543,
        0.3103,
        0.3881,
        0.305
      ],
      [
        0.1578,
        0.1578,
        0.1503,
        0.0515,
        0.0164,
        0.1049,
        1.0,
        -0.1112,
        0.2206,
        0.2737,
        0.0164,
        0.3625,
        0.2597,
        0.0164,
        0.1268,
        0.5758,
        0.0164,
        0.0164,
        0.0025,
        0.1412,
        0.0529,
        0.2422,
        0.1618,
        0.5241,
        0.3913,
        0.0294,
        0.1198,
        0.1921,
        0.2413,
        0.0907,
        0.1321,
        0.0164,
        0.1578,
        0.0164,
        0.2271,
        0.3565,
        0.2246,
        0.3269,
        -0.0875,
        0.2383,
        0.0595
      ],
      [
        0.3899,
        0.3899,
        0.244,
        0.4419,
        0.0733,
        0.2776,
        -0.1112,
        1.0,
        -0.1494,
        -0.061,
        0.0733,
        0.1213,
        -0.059,
        0.0733,
        0.3316,
        -0.0349,
        0.0733,
        0.0733,
        0.3024,
        -0.117,
        0.2489,
        -0.0981,
        0.2233,
        0.0167,
        0.0239,
        0.4018,
        0.345,
        0.5123,
        -0.0937,
        0.2976,
        0.2286,
        0.0733,
        0.3899,
        0.0733,
        0.3107,
        0.0405,
        0.0026,
        -0.0262,
        0.5421,
        -0.0877,
        0.1974
      ],
      [
        0.2145,
        0.2145,
        0.1799,
        0.1815,
        0.0375,
        0.2708,
        0.2206,
        -0.1494,
        1.0,
        0.5542,
        0.0375,
        0.4295,
        0.0652,
        0.0375,
        0.1551,
        0.1148,
        0.0375,
        0.0375,
        -0.0186,
        0.2352,
        -0.0344,
        0.6096,
        0.2223,
        0.3629,
        0.1403,
        0.0796,
        0.154,
        -0.0057,
        0.6605,
        -0.0128,
        0.339,
        0.0375,
        0.2145,
        0.0375,
        0.0056,
        0.5041,
        0.3476,
        0.554,
        -0.1394,
        0.6529,
        0.1488
      ],
      [
        0.0896,
        0.0896,
        0.296,
        0.2963,
        0.074,
        0.4205,
        0.2737,
        -0.061,
        0.5542,
        1.0,
        0.074,
        0.6173,
        0.0075,
        0.074,
        0.1616,
        0.3092,
        0.074,
        0.074,
        -0.0738,
        0.2861,
        -0.0654,
        0.4563,
        0.1005,
        0.6534,
        0.5518,
        0.2614,
        0.0135,
        0.1064,
        0.7087,
        0.087,
        0.4618,
        0.074,
        0.0896,
        0.074,
        0.0237,
        0.6657,
        0.4445,
        0.7027,
        0.0288,
        0.6647,
        0.2674
      ],
      [
        0.0752,
        0.0752,
        0.0759,
        0.0924,
        0.021,
        0.0926,
        0.0164,
        0.0733,
        0.0375,
        0.074,
        1.0,
        0.0953,
        0.0187,
        0.021,
        0.0689,
        0.0424,
        0.021,
        0.021,
        0.039,
        0.044,
        0.0343,
        0.0405,
        0.046,
        0.091,
        0.0842,
        0.0907,
        0.0592,
        0.082,
        0.0713,
        0.0572,
        0.0919,
        0.021,
        0.0752,
        0.021,
        0.0538,
        0.0879,
        0.058,
        0.0832,
        0.0761,
        0.0671,
        0.0651
      ],
      [
        0.2485,
        0.2485,
        0.3777,
        0.3983,
        0.0953,
        0.4816,
        0.3625,
        0.1213,
        0.4295,
        0.6173,
        0.0953,
        1.0,
        0.0729,
        0.0953,
        0.2739,
        0.3777,
        0.0953,
        0.0953,
        0.0505,
        0.3,
        0.0517,
        0.3884,
        0.1893,
        0.6837,
        0.5927,
        0.3756,
        0.1617,
        0.2894,
        0.6129,
        0.205,
        0.5061,
        0.0953,
        0.2485,
        0.0953,
        0.1797,
        0.6522,
        0.4318,
        0.6568,
        0.1871,
        0.5761,
        0.3214
      ],
      [
        0.1852,
        0.1852,
        0.0211,
        -0.0708,
        0.0187,
        -0.0383,
        0.2597,
        -0.059,
        0.0652,
        0.0075,
        0.0187,
        0.0729,
        1.0,
        0.0187,
        0.0961,
        0.29,
        0.0187,
        0.0187,
        -0.0446,
        -0.0047,
        0.0592,
        0.1381,
        0.0244,
        0.2263,
        0.1879,
        -0.0866,
        0.1327,
        -0.0202,
        0.061,
        -0.0351,
        0.0196,
        0.0187,
        0.1852,
        0.0187,
        0.0769,
        0.0499,
        0.0376,
        0.0506,
        -0.132,
        0.074,
        -0.0297
      ],
      [
        0.0752,
        0.0752,
        0.0759,
        0.0924,
        0.021,
        0.0926,
        0.0164,
        0.0733,
        0.0375,
        0.074,
        0.021,
        0.0953,
        0.0187,
        1.0,
        0.0689,
        0.0424,
        0.021,
        0.021,
        0.039,
        0.044,
        0.0343,
        0.0405,
        0.046,
        0.091,
        0.0842,
        0.0907,
        0.0592,
        0.082,
        0.0713,
        0.0572,
        0.0919,
        0.021,
        0.0752,
        0.021,
        0.0538,
        0.0879,
        0.058,
        0.0832,
        0.0761,
        0.0671,
        0.0651
      ],
      [
        0.386,
        0.386,
        0.2604,
        0.3449,
        0.0689,
        0.294,
        0.1268,
        0.3316,
        0.1551,
        0.1616,
        0.0689,
        0.2739,
        0.0961,
        0.0689,
        1.0,
        0.1213,
        0.0689,
        0.0689,
        0.2204,
        0.0965,
        0.1912,
        0.1502,
        0.2527,
        0.2228,
        0.1547,
        0.3099,
        0.3306,
        0.3648,
        0.1653,
        0.2276,
        0.2889,
        0.0689,
        0.386,
        0.0689,
        0.2698,
        0.2344,
        0.1504,
        0.2006,
        0.3026,
        0.168,
        0.2037
      ],
      [
        0.111,
        0.111,
        0.1913,
        0.1069,
        0.0424,
        0.1903,
        0.5758,
        -0.0349,
        0.1148,
        0.3092,
        0.0424,
        0.3777,
        0.29,
        0.0424,
        0.1213,
        1.0,
        0.0424,
        0.0424,
        -0.0145,
        0.2066,
        0.0345,
        0.1722,
        0.0751,
        0.526,
        0.4864,
        0.129,
        0.0643,
        0.1504,
        0.275,
        0.1078,
        0.212,
        0.0424,
        0.111,
        0.0424,
        0.1554,
        0.3667,
        0.2421,
        0.355,
        0.0031,
        0.2559,
        0.1333
      ],
      [
        0.0752,
        0.0752,
        0.0759,
        0.0924,
        0.021,
        0.0926,
        0.0164,
        0.0733,
        0.0375,
        0.074,
        0.021,
        0.0953,
        0.0187,
        0.021,
        0.0689,
        0.0424,
        1.0,
        0.021,
        0.039,
        0.044,
        0.0343,
        0.0405,
        0.046,
        0.091,
        0.0842,
        0.0907,
        0.0592,
        0.082,
        0.0713,
        0.0572,
        0.0919,
        0.021,
        0.0752,
        0.021,
        0.0538,
        0.0879,
        0.058,
        0.0832,
        0.0761,
        0.0671,
        0.0651
      ],
      [
        0.0752,
        0.0752,
        0.0759,
        0.0924,
        0.021,
        0.0926,
        0.0164,
        0.0733,
        0.0375,
        0.074,
        0.021,
        0.0953,
        0.0187,
        0.021,
        0.0689,
        0.0424,
        0.021,
        1.0,
        0.039,
        0.044,
        0.0343,
        0.0405,
        0.046,
        0.091,
        0.0842,
        0.0907,
        0.0592,
        0.082,
        0.0713,
        0.0572,
        0.0919,
        0.021,
        0.0752,
        0.021,
        0.0538,
        0.0879,
        0.058,
        0.0832,
        0.0761,
        0.0671,
        0.0651
      ],
      [
        0.3765,
        0.3765,
        0.1691,
        0.1861,
        0.039,
        0.1487,
        0.0025,
        0.3024,
        -0.0186,
        -0.0738,
        0.039,
        0.0505,
        -0.0446,
        0.039,
        0.2204,
        -0.0145,
        0.039,
        0.039,
        1.0,
        0.1985,
        0.2393,
        0.0063,
        0.2566,
        -0.031,
        -0.0589,
        0.2124,
        0.365,
        0.2742,
        -0.0817,
        0.2133,
        0.1289,
        0.039,
        0.3765,
        0.039,
        0.2806,
        0.0002,
        0.0152,
        -0.0393,
        0.2376,
        -0.0595,
        0.1298
      ],
      [
        0.289,
        0.289,
        0.2441,
        -0.0369,
        0.044,
        0.2247,
        0.1412,
        -0.117,
        0.2352,
        0.2861,
        0.044,
        0.3,
        -0.0047,
        0.044,
        0.0965,
        0.2066,
        0.044,
        0.044,
        0.1985,
        1.0,
        0.1606,
        0.2579,
        0.2352,
        0.3295,
        0.311,
        0.1411,
        0.2876,
        -0.0502,
        0.2832,
        0.1609,
        0.2562,
        0.044,
        0.289,
        0.044,
        0.2047,
        0.306,
        0.2836,
        0.3307,
        -0.1368,
        0.2858,
        0.2223
      ],
      [
        0.3242,
        0.3242,
        0.1441,
        0.1473,
        0.0343,
        0.1184,
        0.0529,
        0.2489,
        -0.0344,
        -0.0654,
        0.0343,
        0.0517,
        0.0592,
        0.0343,
        0.1912,
        0.0345,
        0.0343,
        0.0343,
        0.2393,
        0.1606,
        1.0,
        0.0031,
        0.2101,
        0.008,
        -0.0134,
        0.1711,
        0.3099,
        0.2351,
        -0.0734,
        0.1792,
        0.1054,
        0.0343,
        0.3242,
        0.0343,
        0.247,
        0.0047,
        0.0147,
        -0.0309,
        0.191,
        -0.0546,
        0.1048
      ],
      [
        0.2088,
        0.2088,
        0.1837,
        0.1553,
        0.0405,
        0.2463,
        0.2422,
        -0.0981,
        0.6096,
        0.4563,
        0.0405,
        0.3884,
        0.1381,
        0.0405,
        0.1502,
        0.1722,
        0.0405,
        0.0405,
        0.0063,
        0.2579,
        0.0031,
        1.0,
        0.1895,
        0.3693,
        0.2077,
        0.0992,
        0.1545,
        0.0299,
        0.5273,
        0.0277,
        0.3007,
        0.0405,
        0.2088,
        0.0405,
        0.0531,
        0.4356,
        0.3036,
        0.4692,
        -0.0912,
        0.5194,
        0.1489
      ],
      [
        0.4108,
        0.4108,
        0.2097,
        0.22,
        0.046,
        0.2098,
        0.1618,
        0.2233,
        0.2223,
        0.1005,
        0.046,
        0.1893,
        0.0244,
        0.046,
        0.2527,
        0.0751,
        0.046,
        0.046,
        0.2566,
        0.2352,
        0.2101,
        0.1895,
        1.0,
        0.1161,
        0.0175,
        0.2097,
        0.3796,
        0.2653,
        0.12,
        0.1933,
        0.2134,
        0.046,
        0.4108,
        0.046,
        0.2745,
        0.1626,
        0.1221,
        0.1367,
        0.1682,
        0.1382,
        0.1562
      ],
      [
        0.1618,
        0.1618,
        0.3624,
        0.3207,
        0.091,
        0.4487,
        0.5241,
        0.0167,
        0.3629,
        0.6534,
        0.091,
        0.6837,
        0.2263,
        0.091,
        0.2228,
        0.526,
        0.091,
        0.091,
        -0.031,
        0.3295,
        0.008,
        0.3693,
        0.1161,
        1.0,
        0.7485,
        0.325,
        0.0734,
        0.232,
        0.6301,
        0.1746,
        0.4821,
        0.091,
        0.1618,
        0.091,
        0.1541,
        0.6928,
        0.4589,
        0.7009,
        0.1028,
        0.5847,
        0.3019
      ],
      [
        0.0538,
        0.0538,
        0.3188,
        0.2628,
        0.0842,
        0.3951,
        0.3913,
        0.0239,
        0.1403,
        0.5518,
        0.0842,
        0.5927,
        0.1879,
        0.0842,
        0.1547,
        0.4864,
        0.0842,
        0.0842,
        -0.0589,
        0.311,
        -0.0134,
        0.2077,
        0.0175,
        0.7485,
        1.0,
        0.3109,
        -0.0182,
        0.1882,
        0.4978,
        0.1653,
        0.4122,
        0.0842,
        0.0538,
        0.0842,
        0.1104,
        0.5894,
        0.3914,
        0.5949,
        0.1229,
        0.4468,
        0.2782
      ],
      [
        0.328,
        0.328,
        0.3329,
        0.4448,
        0.0907,
        0.4078,
        0.0294,
        0.4018,
        0.0796,
        0.2614,
        0.0907,
        0.3756,
        -0.0866,
        0.0907,
        0.3099,
        0.129,
        0.0907,
        0.0907,
        0.2124,
        0.1411,
        0.1711,
        0.0992,
        0.2097,
        0.325,
        0.3109,
        1.0,
        0.2671,
        0.4219,
        0.2305,
        0.2849,
        0.385,
        0.0907,
        0.328,
        0.0907,
        0.2599,
        0.3321,
        0.2124,
        0.2984,
        0.4183,
        0.2133,
        0.2885
      ],
      [
        0.5578,
        0.5578,
        0.2529,
        0.2605,
        0.0592,
        0.2318,
        0.1198,
        0.345,
        0.154,
        0.0135,
        0.0592,
        0.1617,
        0.1327,
        0.0592,
        0.3306,
        0.0643,
        0.0592,
        0.0592,
        0.365,
        0.2876,
        0.3099,
        0.1545,
        0.3796,
        0.0734,
        -0.0182,
        0.2671,
        1.0,
        0.3515,
        0.0334,
        0.2631,
        0.2302,
        0.0592,
        0.5578,
        0.0592,
        0.3776,
        0.1079,
        0.0926,
        0.0657,
        0.2509,
        0.0633,
        0.1851
      ],
      [
        0.4128,
        0.4128,
        0.3057,
        0.4748,
        0.082,
        0.3448,
        0.1921,
        0.5123,
        -0.0057,
        0.1064,
        0.082,
        0.2894,
        -0.0202,
        0.082,
        0.3648,
        0.1504,
        0.082,
        0.082,
        0.2742,
        -0.0502,
        0.2351,
        0.0299,
        0.2653,
        0.232,
        0.1882,
        0.4219,
        0.3515,
        1.0,
        0.0689,
        0.3146,
        0.3093,
        0.082,
        0.4128,
        0.082,
        0.3514,
        0.2194,
        0.1181,
        0.1531,
        0.4972,
        0.0675,
        0.2352
      ],
      [
        0.1135,
        0.1135,
        0.2832,
        0.2853,
        0.0713,
        0.4123,
        0.2413,
        -0.0937,
        0.6605,
        0.7087,
        0.0713,
        0.6129,
        0.061,
        0.0713,
        0.1653,
        0.275,
        0.0713,
        0.0713,
        -0.0817,
        0.2832,
        -0.0734,
        0.5273,
        0.12,
        0.6301,
        0.4978,
        0.2305,
        0.0334,
        0.0689,
        1.0,
        0.0571,
        0.4658,
        0.0713,
        0.1135,
        0.0713,
        0.0018,
        0.6729,
        0.4521,
        0.7195,
        -0.0168,
        0.7168,
        0.2555
      ],
      [
        0.295,
        0.295,
        0.226,
        0.2665,
        0.0572,
        0.2421,
        0.0907,
        0.2976,
        -0.0128,
        0.087,
        0.0572,
        0.205,
        -0.0351,
        0.0572,
        0.2276,
        0.1078,
        0.0572,
        0.0572,
        0.2133,
        0.1609,
        0.1792,
        0.0277,
        0.1933,
        0.1746,
        0.1653,
        0.2849,
        0.2631,
        0.3146,
        0.0571,
        1.0,
        0.2221,
        0.0572,
        0.295,
        0.0572,
        0.2502,
        0.1595,
        0.1079,
        0.1234,
        0.2835,
        0.057,
        0.1845
      ],
      [
        0.3051,
        0.3051,
        0.3486,
        0.4055,
        0.0919,
        0.4436,
        0.1321,
        0.2286,
        0.339,
        0.4618,
        0.0919,
        0.5061,
        0.0196,
        0.0919,
        0.2889,
        0.212,
        0.0919,
        0.0919,
        0.1289,
        0.2562,
