{
  "_meta": {
    "generated": "2026-05-30T09:55:21",
    "portfolio_generated": "2026-05-30T09:51:33.905332",
    "n_assets": 44,
    "n_with_returns": 32,
    "covariance_method": "hybrid_shrunk",
    "condition_number": 324.36,
    "pca_factors": 6
  },
  "profiles": {
    "Agressif": {
      "n_assets": 17,
      "weighted_avg_correlation": 0.2884,
      "most_correlated": [
        {
          "t1": "FLKR",
          "t2": "XCEM",
          "corr": 0.7782,
          "w1": 6.4,
          "w2": 8.9,
          "combined_weight": 15.3
        },
        {
          "t1": "XCEM",
          "t2": "SOXX",
          "corr": 0.7555,
          "w1": 8.9,
          "w2": 8.1,
          "combined_weight": 17.0
        },
        {
          "t1": "FLKR",
          "t2": "SOXX",
          "corr": 0.7459,
          "w1": 6.4,
          "w2": 8.1,
          "combined_weight": 14.5
        },
        {
          "t1": "SOXX",
          "t2": "XLK",
          "corr": 0.7447,
          "w1": 8.1,
          "w2": 3.7,
          "combined_weight": 11.8
        },
        {
          "t1": "PICK",
          "t2": "XCEM",
          "corr": 0.7272,
          "w1": 6.8,
          "w2": 8.9,
          "combined_weight": 15.7
        },
        {
          "t1": "XCEM",
          "t2": "XLK",
          "corr": 0.7144,
          "w1": 8.9,
          "w2": 3.7,
          "combined_weight": 12.6
        },
        {
          "t1": "FLKR",
          "t2": "XLK",
          "corr": 0.7028,
          "w1": 6.4,
          "w2": 3.7,
          "combined_weight": 10.1
        },
        {
          "t1": "FLKR",
          "t2": "PICK",
          "corr": 0.6861,
          "w1": 6.4,
          "w2": 6.8,
          "combined_weight": 13.2
        },
        {
          "t1": "XCEM",
          "t2": "ICLN",
          "corr": 0.6513,
          "w1": 8.9,
          "w2": 4.6,
          "combined_weight": 13.5
        },
        {
          "t1": "SOXX",
          "t2": "ICLN",
          "corr": 0.6505,
          "w1": 8.1,
          "w2": 4.6,
          "combined_weight": 12.7
        }
      ],
      "least_correlated": [
        {
          "t1": "FSLR",
          "t2": "FLTR",
          "corr": 0.0271,
          "w1": 6.0,
          "w2": 5.4,
          "combined_weight": 11.4
        },
        {
          "t1": "FSLR",
          "t2": "PAAA",
          "corr": 0.0271,
          "w1": 6.0,
          "w2": 5.4,
          "combined_weight": 11.4
        },
        {
          "t1": "FLTR",
          "t2": "PAAA",
          "corr": 0.0268,
          "w1": 5.4,
          "w2": 5.4,
          "combined_weight": 10.8
        },
        {
          "t1": "FLTR",
          "t2": "FIX",
          "corr": 0.0144,
          "w1": 5.4,
          "w2": 4.0,
          "combined_weight": 9.4
        },
        {
          "t1": "PAAA",
          "t2": "FIX",
          "corr": 0.0144,
          "w1": 5.4,
          "w2": 4.0,
          "combined_weight": 9.4
        }
      ],
      "high_corr_high_weight": [
        {
          "t1": "FLKR",
          "t2": "XCEM",
          "corr": 0.7782,
          "w1": 6.4,
          "w2": 8.9,
          "combined_weight": 15.3
        },
        {
          "t1": "XCEM",
          "t2": "SOXX",
          "corr": 0.7555,
          "w1": 8.9,
          "w2": 8.1,
          "combined_weight": 17.0
        },
        {
          "t1": "FLKR",
          "t2": "SOXX",
          "corr": 0.7459,
          "w1": 6.4,
          "w2": 8.1,
          "combined_weight": 14.5
        },
        {
          "t1": "SOXX",
          "t2": "XLK",
          "corr": 0.7447,
          "w1": 8.1,
          "w2": 3.7,
          "combined_weight": 11.8
        },
        {
          "t1": "PICK",
          "t2": "XCEM",
          "corr": 0.7272,
          "w1": 6.8,
          "w2": 8.9,
          "combined_weight": 15.7
        }
      ]
    },
    "Mod\u00e9r\u00e9": {
      "n_assets": 15,
      "weighted_avg_correlation": 0.1478,
      "most_correlated": [
        {
          "t1": "FNDF",
          "t2": "FNDX",
          "corr": 0.6143,
          "w1": 8.7,
          "w2": 8.0,
          "combined_weight": 16.8
        },
        {
          "t1": "FNDF",
          "t2": "DIVB",
          "corr": 0.541,
          "w1": 8.7,
          "w2": 4.0,
          "combined_weight": 12.7
        },
        {
          "t1": "FNDX",
          "t2": "DIVB",
          "corr": 0.4927,
          "w1": 8.0,
          "w2": 4.0,
          "combined_weight": 12.0
        },
        {
          "t1": "FNDF",
          "t2": "XLV",
          "corr": 0.4332,
          "w1": 8.7,
          "w2": 3.0,
          "combined_weight": 11.8
        },
        {
          "t1": "SCHD",
          "t2": "FNDF",
          "corr": 0.4169,
          "w1": 9.0,
          "w2": 8.7,
          "combined_weight": 17.7
        },
        {
          "t1": "FNDX",
          "t2": "XLV",
          "corr": 0.4041,
          "w1": 8.0,
          "w2": 3.0,
          "combined_weight": 11.0
        },
        {
          "t1": "SCHD",
          "t2": "FNDX",
          "corr": 0.3972,
          "w1": 9.0,
          "w2": 8.0,
          "combined_weight": 17.0
        },
        {
          "t1": "SCHD",
          "t2": "DIVB",
          "corr": 0.3858,
          "w1": 9.0,
          "w2": 4.0,
          "combined_weight": 13.0
        },
        {
          "t1": "DIVB",
          "t2": "XLV",
          "corr": 0.3851,
          "w1": 4.0,
          "w2": 3.0,
          "combined_weight": 7.0
        },
        {
          "t1": "FNDF",
          "t2": "GLD",
          "corr": 0.3785,
          "w1": 8.7,
          "w2": 4.0,
          "combined_weight": 12.8
        }
      ],
      "least_correlated": [
        {
          "t1": "ITX",
          "t2": "TDTT",
          "corr": 0.0221,
          "w1": 6.1,
          "w2": 6.1,
          "combined_weight": 12.2
        },
        {
          "t1": "FNDF",
          "t2": "ITX",
          "corr": 0.0161,
          "w1": 8.7,
          "w2": 6.1,
          "combined_weight": 14.8
        },
        {
          "t1": "NOVN",
          "t2": "GLD",
          "corr": 0.0141,
          "w1": 4.9,
          "w2": 4.0,
          "combined_weight": 9.0
        },
        {
          "t1": "SCHN",
          "t2": "GLD",
          "corr": -0.0346,
          "w1": 7.0,
          "w2": 4.0,
          "combined_weight": 11.1
        },
        {
          "t1": "BZU",
          "t2": "ITX",
          "corr": -0.0536,
          "w1": 9.0,
          "w2": 6.1,
          "combined_weight": 15.1
        }
      ],
      "high_corr_high_weight": []
    },
    "Stable": {
      "n_assets": 17,
      "weighted_avg_correlation": 0.1177,
      "most_correlated": [
        {
          "t1": "ACWV",
          "t2": "SPYV",
          "corr": 0.4487,
          "w1": 5.0,
          "w2": 5.0,
          "combined_weight": 10.0
        },
        {
          "t1": "VICI",
          "t2": "SUNPHARMA",
          "corr": 0.4413,
          "w1": 4.6,
          "w2": 4.8,
          "combined_weight": 9.5
        },
        {
          "t1": "KO",
          "t2": "SUNPHARMA",
          "corr": 0.4329,
          "w1": 5.2,
          "w2": 4.8,
          "combined_weight": 10.1
        },
        {
          "t1": "SPYV",
          "t2": "XLV",
          "corr": 0.3988,
          "w1": 5.0,
          "w2": 3.0,
          "combined_weight": 8.0
        },
        {
          "t1": "CS",
          "t2": "GLD",
          "corr": 0.3949,
          "w1": 3.2,
          "w2": 3.0,
          "combined_weight": 6.2
        },
        {
          "t1": "SUNPHARMA",
          "t2": "PG",
          "corr": 0.3941,
          "w1": 4.8,
          "w2": 3.5,
          "combined_weight": 8.3
        },
        {
          "t1": "ACWV",
          "t2": "XLV",
          "corr": 0.3932,
          "w1": 5.0,
          "w2": 3.0,
          "combined_weight": 8.0
        },
        {
          "t1": "GD",
          "t2": "SUNPHARMA",
          "corr": 0.3828,
          "w1": 4.5,
          "w2": 4.8,
          "combined_weight": 9.4
        },
        {
          "t1": "VICI",
          "t2": "KO",
          "corr": 0.3793,
          "w1": 4.6,
          "w2": 5.2,
          "combined_weight": 9.9
        },
        {
          "t1": "KO",
          "t2": "PG",
          "corr": 0.3718,
          "w1": 5.2,
          "w2": 3.5,
          "combined_weight": 8.7
        }
      ],
      "least_correlated": [
        {
          "t1": "VGSH",
          "t2": "BSV",
          "corr": 0.0268,
          "w1": 10.3,
          "w2": 12.6,
          "combined_weight": 22.9
        },
        {
          "t1": "VGSH",
          "t2": "STIP",
          "corr": 0.0268,
          "w1": 10.3,
          "w2": 13.0,
          "combined_weight": 23.3
        },
        {
          "t1": "BSV",
          "t2": "STIP",
          "corr": 0.0268,
          "w1": 12.6,
          "w2": 13.0,
          "combined_weight": 25.6
        },
        {
          "t1": "SCHN",
          "t2": "GLD",
          "corr": -0.0346,
          "w1": 3.0,
          "w2": 3.0,
          "combined_weight": 6.0
        },
        {
          "t1": "SCHN",
          "t2": "CS",
          "corr": -0.0492,
          "w1": 3.0,
          "w2": 3.2,
          "combined_weight": 6.2
        }
      ],
      "high_corr_high_weight": []
    }
  },
  "all_pairs_top_30": [
    {
      "t1": "FLKR",
      "t2": "XCEM",
      "corr_hybrid": 0.7782,
      "corr_structured": 0.9,
      "cat1": "ETF",
      "cat2": "ETF",
      "exp1": "south_korea",
      "exp2": "emerging_markets",
      "fam1": "em_equity",
      "fam2": "em_equity"
    },
    {
      "t1": "SOXX",
      "t2": "XCEM",
      "corr_hybrid": 0.7555,
      "corr_structured": 0.2,
      "cat1": "ETF",
      "cat2": "ETF",
      "exp1": "semiconductor",
      "exp2": "emerging_markets",
      "fam1": "sector_tech",
      "fam2": "em_equity"
    },
    {
      "t1": "FLKR",
      "t2": "SOXX",
      "corr_hybrid": 0.7459,
      "corr_structured": 0.2,
      "cat1": "ETF",
      "cat2": "ETF",
      "exp1": "south_korea",
      "exp2": "semiconductor",
      "fam1": "em_equity",
      "fam2": "sector_tech"
    },
    {
      "t1": "SOXX",
      "t2": "XLK",
      "corr_hybrid": 0.7447,
      "corr_structured": 0.9,
      "cat1": "ETF",
      "cat2": "ETF",
      "exp1": "semiconductor",
      "exp2": "tech",
      "fam1": "sector_tech",
      "fam2": "sector_tech"
    },
    {
      "t1": "FNDF",
      "t2": "XCEM",
      "corr_hybrid": 0.7422,
      "corr_structured": 0.62,
      "cat1": "ETF",
      "cat2": "ETF",
      "exp1": "international",
      "exp2": "emerging_markets",
      "fam1": "intl_equity",
      "fam2": "em_equity"
    },
    {
      "t1": "PICK",
      "t2": "XCEM",
      "corr_hybrid": 0.7272,
      "corr_structured": 0.2,
      "cat1": "ETF",
      "cat2": "ETF",
      "exp1": "metals_mining",
      "exp2": "emerging_markets",
      "fam1": null,
      "fam2": "em_equity"
    },
    {
      "t1": "XCEM",
      "t2": "XLK",
      "corr_hybrid": 0.7144,
      "corr_structured": 0.2,
      "cat1": "ETF",
      "cat2": "ETF",
      "exp1": "emerging_markets",
      "exp2": "tech",
      "fam1": "em_equity",
      "fam2": "sector_tech"
    },
    {
      "t1": "FNDF",
      "t2": "PICK",
      "corr_hybrid": 0.7037,
      "corr_structured": 0.2,
      "cat1": "ETF",
      "cat2": "ETF",
      "exp1": "international",
      "exp2": "metals_mining",
      "fam1": "intl_equity",
      "fam2": null
    },
    {
      "t1": "FLKR",
      "t2": "XLK",
      "corr_hybrid": 0.7028,
      "corr_structured": 0.2,
      "cat1": "ETF",
      "cat2": "ETF",
      "exp1": "south_korea",
      "exp2": "tech",
      "fam1": "em_equity",
      "fam2": "sector_tech"
    },
    {
      "t1": "FLKR",
      "t2": "FNDF",
      "corr_hybrid": 0.6933,
      "corr_structured": 0.62,
      "cat1": "ETF",
      "cat2": "ETF",
      "exp1": "south_korea",
      "exp2": "international",
      "fam1": "em_equity",
      "fam2": "intl_equity"
    },
    {
      "t1": "FLKR",
      "t2": "PICK",
      "corr_hybrid": 0.6861,
      "corr_structured": 0.2,
      "cat1": "ETF",
      "cat2": "ETF",
      "exp1": "south_korea",
      "exp2": "metals_mining",
      "fam1": "em_equity",
      "fam2": null
    },
    {
      "t1": "ICLN",
      "t2": "XCEM",
      "corr_hybrid": 0.6513,
      "corr_structured": 0.2,
      "cat1": "ETF",
      "cat2": "ETF",
      "exp1": "clean_energy",
      "exp2": "emerging_markets",
      "fam1": null,
      "fam2": "em_equity"
    },
    {
      "t1": "ICLN",
      "t2": "SOXX",
      "corr_hybrid": 0.6505,
      "corr_structured": 0.2,
      "cat1": "ETF",
      "cat2": "ETF",
      "exp1": "clean_energy",
      "exp2": "semiconductor",
      "fam1": null,
      "fam2": "sector_tech"
    },
    {
      "t1": "PICK",
      "t2": "SOXX",
      "corr_hybrid": 0.6438,
      "corr_structured": 0.2,
      "cat1": "ETF",
      "cat2": "ETF",
      "exp1": "metals_mining",
      "exp2": "semiconductor",
      "fam1": null,
      "fam2": "sector_tech"
    },
    {
      "t1": "FNDF",
      "t2": "SOXX",
      "corr_hybrid": 0.6428,
      "corr_structured": 0.2,
      "cat1": "ETF",
      "cat2": "ETF",
      "exp1": "international",
      "exp2": "semiconductor",
      "fam1": "intl_equity",
      "fam2": "sector_tech"
    },
    {
      "t1": "FLKR",
      "t2": "ICLN",
      "corr_hybrid": 0.6304,
      "corr_structured": 0.2,
      "cat1": "ETF",
      "cat2": "ETF",
      "exp1": "south_korea",
      "exp2": "clean_energy",
      "fam1": "em_equity",
      "fam2": null
    },
    {
      "t1": "FIX",
      "t2": "SOXX",
      "corr_hybrid": 0.6293,
      "corr_structured": null,
      "cat1": "Act",
      "cat2": "ETF",
      "exp1": null,
      "exp2": "semiconductor",
      "fam1": null,
      "fam2": "sector_tech"
    },
    {
      "t1": "FNDX",
      "t2": "XCEM",
      "corr_hybrid": 0.623,
      "corr_structured": 0.2,
      "cat1": "ETF",
      "cat2": "ETF",
      "exp1": "value",
      "exp2": "emerging_markets",
      "fam1": "factor_value",
      "fam2": "em_equity"
    },
    {
      "t1": "FIX",
      "t2": "NVDA",
      "corr_hybrid": 0.6228,
      "corr_structured": null,
      "cat1": "Act",
      "cat2": "Act",
      "exp1": null,
      "exp2": null,
      "fam1": null,
      "fam2": null
    },
    {
      "t1": "FSLR",
      "t2": "ICLN",
      "corr_hybrid": 0.6221,
      "corr_structured": null,
      "cat1": "Act",
      "cat2": "ETF",
      "exp1": null,
      "exp2": "clean_energy",
      "fam1": null,
      "fam2": null
    },
    {
      "t1": "CS",
      "t2": "PICK",
      "corr_hybrid": 0.6156,
      "corr_structured": null,
      "cat1": "Act",
      "cat2": "ETF",
      "exp1": null,
      "exp2": "metals_mining",
      "fam1": null,
      "fam2": null
    },
    {
      "t1": "FNDF",
      "t2": "FNDX",
      "corr_hybrid": 0.6143,
      "corr_structured": 0.2,
      "cat1": "ETF",
      "cat2": "ETF",
      "exp1": "international",
      "exp2": "value",
      "fam1": "intl_equity",
      "fam2": "factor_value"
    },
    {
      "t1": "FIX",
      "t2": "XLK",
      "corr_hybrid": 0.6139,
      "corr_structured": null,
      "cat1": "Act",
      "cat2": "ETF",
      "exp1": null,
      "exp2": "tech",
      "fam1": null,
      "fam2": "sector_tech"
    },
    {
      "t1": "FNDF",
      "t2": "XLK",
      "corr_hybrid": 0.6087,
      "corr_structured": 0.2,
      "cat1": "ETF",
      "cat2": "ETF",
      "exp1": "international",
      "exp2": "tech",
      "fam1": "intl_equity",
      "fam2": "sector_tech"
    },
    {
      "t1": "ICLN",
      "t2": "XLK",
      "corr_hybrid": 0.6045,
      "corr_structured": 0.2,
      "cat1": "ETF",
      "cat2": "ETF",
      "exp1": "clean_energy",
      "exp2": "tech",
      "fam1": null,
      "fam2": "sector_tech"
    },
    {
      "t1": "000660",
      "t2": "2059",
      "corr_hybrid": 0.5963,
      "corr_structured": null,
      "cat1": "Act",
      "cat2": "Act",
      "exp1": null,
      "exp2": null,
      "fam1": null,
      "fam2": null
    },
    {
      "t1": "000660",
      "t2": "BNB/USD",
      "corr_hybrid": 0.5963,
      "corr_structured": null,
      "cat1": "Act",
      "cat2": "Act",
      "exp1": null,
      "exp2": null,
      "fam1": null,
      "fam2": null
    },
    {
      "t1": "000660",
      "t2": "SUNPHARMA",
      "corr_hybrid": 0.5963,
      "corr_structured": null,
      "cat1": "Act",
      "cat2": "Act",
      "exp1": null,
      "exp2": null,
      "fam1": null,
      "fam2": null
    },
    {
      "t1": "2059",
      "t2": "BNB/USD",
      "corr_hybrid": 0.5963,
      "corr_structured": null,
      "cat1": "Act",
      "cat2": "Act",
      "exp1": null,
      "exp2": null,
      "fam1": null,
      "fam2": null
    },
    {
      "t1": "2059",
      "t2": "SUNPHARMA",
      "corr_hybrid": 0.5963,
      "corr_structured": null,
      "cat1": "Act",
      "cat2": "Act",
      "exp1": null,
      "exp2": null,
      "fam1": null,
      "fam2": null
    }
  ],
  "all_pairs_bottom_10": [
    {
      "t1": "SOXX",
      "t2": "VICI",
      "corr_hybrid": 0.011,
      "corr_structured": null,
      "cat1": "ETF",
      "cat2": "Act",
      "exp1": "semiconductor",
      "exp2": null,
      "fam1": "sector_tech",
      "fam2": null
    },
    {
      "t1": "NOVN",
      "t2": "PICK",
      "corr_hybrid": -0.0074,
      "corr_structured": null,
      "cat1": "Act",
      "cat2": "ETF",
      "exp1": null,
      "exp2": "metals_mining",
      "fam1": null,
      "fam2": null
    },
    {
      "t1": "ITX",
      "t2": "XCEM",
      "corr_hybrid": 0.0073,
      "corr_structured": null,
      "cat1": "Act",
      "cat2": "ETF",
      "exp1": null,
      "exp2": "emerging_markets",
      "fam1": null,
      "fam2": "em_equity"
    },
    {
      "t1": "FIX",
      "t2": "SCHD",
      "corr_hybrid": -0.0062,
      "corr_structured": null,
      "cat1": "Act",
      "cat2": "ETF",
      "exp1": null,
      "exp2": "dividend",
      "fam1": null,
      "fam2": "factor_dividend"
    },
    {
      "t1": "FSLR",
      "t2": "KO",
      "corr_hybrid": -0.0045,
      "corr_structured": null,
      "cat1": "Act",
      "cat2": "Act",
      "exp1": null,
      "exp2": null,
      "fam1": null,
      "fam2": null
    },
    {
      "t1": "NVDA",
      "t2": "SPLV",
      "corr_hybrid": 0.004,
      "corr_structured": null,
      "cat1": "Act",
      "cat2": "ETF",
      "exp1": null,
      "exp2": "sp500",
      "fam1": null,
      "fam2": "us_equity_large"
    },
    {
      "t1": "FSLR",
      "t2": "SHEL",
      "corr_hybrid": 0.002,
      "corr_structured": null,
      "cat1": "Act",
      "cat2": "Act",
      "exp1": null,
      "exp2": null,
      "fam1": null,
      "fam2": null
    },
    {
      "t1": "ITX",
      "t2": "PICK",
      "corr_hybrid": -0.0018,
      "corr_structured": null,
      "cat1": "Act",
      "cat2": "ETF",
      "exp1": null,
      "exp2": "metals_mining",
      "fam1": null,
      "fam2": null
    },
    {
      "t1": "SCHN",
      "t2": "XLK",
      "corr_hybrid": 0.0002,
      "corr_structured": null,
      "cat1": "Act",
      "cat2": "ETF",
      "exp1": null,
      "exp2": "tech",
      "fam1": null,
      "fam2": "sector_tech"
    },
    {
      "t1": "KO",
      "t2": "XCEM",
      "corr_hybrid": 0.0001,
      "corr_structured": null,
      "cat1": "Act",
      "cat2": "ETF",
      "exp1": null,
      "exp2": "emerging_markets",
      "fam1": null,
      "fam2": "em_equity"
    }
  ],
  "correlation_matrix": {
    "tickers": [
      "000660",
      "2059",
      "ACWV",
      "BNB/USD",
      "BSV",
      "BZU",
      "CLTL",
      "CS",
      "DIVB",
      "FIX",
      "FLKR",
      "FLTR",
      "FNDF",
      "FNDX",
      "FSLR",
      "GD",
      "GLD",
      "ICLN",
      "INCY",
      "ITX",
      "KO",
      "LI",
      "NOVN",
      "NVDA",
      "PAAA",
      "PEG",
      "PG",
      "PICK",
      "SCHD",
      "SCHN",
      "SHEL",
      "SOXX",
      "SPLV",
      "SPYV",
      "STIP",
      "SUNPHARMA",
      "TDTF",
      "TDTT",
      "VGSH",
      "VICI",
      "XBI",
      "XCEM",
      "XLK",
      "XLV"
    ],
    "matrix": [
      [
        1.0,
        0.5963,
        0.3398,
        0.5963,
        0.0763,
        0.2625,
        0.0763,
        0.1698,
        0.2972,
        0.1973,
        0.0929,
        0.0763,
        0.2427,
        0.3114,
        0.1572,
        0.3828,
        0.0937,
        0.1692,
        0.2961,
        0.2799,
        0.4329,
        0.2576,
        0.3426,
        0.2119,
        0.0763,
        0.4073,
        0.3941,
        0.1608,
        0.3128,
        0.3383,
        0.3142,
        0.1079,
        0.3282,
        0.3165,
        0.0763,
        0.5963,
        0.0763,
        0.0763,
        0.0763,
        0.4413,
        0.1877,
        0.1711,
        0.1441,
        0.279
      ],
      [
        0.5963,
        1.0,
        0.3398,
        0.5963,
        0.0763,
        0.2625,
        0.0763,
        0.1698,
        0.2972,
        0.1973,
        0.0929,
        0.0763,
        0.2427,
        0.3114,
        0.1572,
        0.3828,
        0.0937,
        0.1692,
        0.2961,
        0.2799,
        0.4329,
        0.2576,
        0.3426,
        0.2119,
        0.0763,
        0.4073,
        0.3941,
        0.1608,
        0.3128,
        0.3383,
        0.3142,
        0.1079,
        0.3282,
        0.3165,
        0.0763,
        0.5963,
        0.0763,
        0.0763,
        0.0763,
        0.4413,
        0.1877,
        0.1711,
        0.1441,
        0.279
      ],
      [
        0.3398,
        0.3398,
        1.0,
        0.3398,
        0.1041,
        0.2012,
        0.1041,
        0.2789,
        0.4315,
        0.0546,
        0.3755,
        0.1041,
        0.4853,
        0.4542,
        0.1192,
        0.2739,
        0.2387,
        0.3043,
        0.3745,
        0.076,
        0.2647,
        0.1714,
        0.1488,
        0.1623,
        0.1041,
        0.2379,
        0.3102,
        0.4211,
        0.4042,
        0.1321,
        0.2391,
        0.3026,
        0.358,
        0.4487,
        0.1041,
        0.3398,
        0.1041,
        0.1041,
        0.1041,
        0.3316,
        0.3733,
        0.4373,
        0.2997,
        0.3932
      ],
      [
        0.5963,
        0.5963,
        0.3398,
        1.0,
        0.0763,
        0.2625,
        0.0763,
        0.1698,
        0.2972,
        0.1973,
        0.0929,
        0.0763,
        0.2427,
        0.3114,
        0.1572,
        0.3828,
        0.0937,
        0.1692,
        0.2961,
        0.2799,
        0.4329,
        0.2576,
        0.3426,
        0.2119,
        0.0763,
        0.4073,
        0.3941,
        0.1608,
        0.3128,
        0.3383,
        0.3142,
        0.1079,
        0.3282,
        0.3165,
        0.0763,
        0.5963,
        0.0763,
        0.0763,
        0.0763,
        0.4413,
        0.1877,
        0.1711,
        0.1441,
        0.279
      ],
      [
        0.0763,
        0.0763,
        0.1041,
        0.0763,
        1.0,
        0.0377,
        0.0268,
        0.0281,
        0.1016,
        0.0144,
        0.0949,
        0.0268,
        0.1129,
        0.1093,
        0.0271,
        0.0654,
        0.048,
        0.0747,
        0.1005,
        0.0221,
        0.0548,
        0.0265,
        0.0258,
        0.0443,
        0.0268,
        0.0526,
        0.0637,
        0.0907,
        0.0935,
        0.0327,
        0.0548,
        0.0782,
        0.0807,
        0.1086,
        0.0268,
        0.0763,
        0.0268,
        0.0268,
        0.0268,
        0.0759,
        0.0903,
        0.1073,
        0.0796,
        0.0918
      ],
      [
        0.2625,
        0.2625,
        0.2012,
        0.2625,
        0.0377,
        1.0,
        0.0377,
        0.1932,
        0.1839,
        0.0236,
        0.0578,
        0.0377,
        0.1629,
        0.1845,
        0.0742,
        0.148,
        0.0839,
        0.0951,
        0.1377,
        -0.0536,
        0.2242,
        0.2646,
        0.1684,
        0.0365,
        0.0377,
        0.1848,
        0.2346,
        0.1406,
        0.1993,
        0.1383,
        0.1405,
        0.0456,
        0.2021,
        0.1836,
        0.0377,
        0.2625,
        0.0377,
        0.0377,
        0.0377,
        0.2211,
        0.1289,
        0.1045,
        0.0424,
        0.1828
      ],
      [
        0.0763,
        0.0763,
        0.1041,
        0.0763,
        0.0268,
        0.0377,
        1.0,
        0.0281,
        0.1016,
        0.0144,
        0.0949,
        0.0268,
        0.1129,
        0.1093,
        0.0271,
        0.0654,
        0.048,
        0.0747,
        0.1005,
        0.0221,
        0.0548,
        0.0265,
        0.0258,
        0.0443,
        0.0268,
        0.0526,
        0.0637,
        0.0907,
        0.0935,
        0.0327,
        0.0548,
        0.0782,
        0.0807,
        0.1086,
        0.0268,
        0.0763,
        0.0268,
        0.0268,
        0.0268,
        0.0759,
        0.0903,
        0.1073,
        0.0796,
        0.0918
      ],
      [
        0.1698,
        0.1698,
        0.2789,
        0.1698,
        0.0281,
        0.1932,
        0.0281,
        1.0,
        0.3194,
        0.2665,
        0.3792,
        0.0281,
        0.498,
        0.3352,
        0.1139,
        0.1324,
        0.3949,
        0.3106,
        0.0279,
        0.0584,
        0.1318,
        0.2794,
        0.1375,
        0.2032,
        0.0281,
        0.1536,
        0.2095,
        0.6156,
        0.2441,
        -0.0492,
        0.1291,
        0.3491,
        0.1881,
        0.2962,
        0.0281,
        0.1698,
        0.0281,
        0.0281,
        0.0281,
        0.1147,
        0.3048,
        0.4361,
        0.2966,
        0.2474
      ],
      [
        0.2972,
        0.2972,
        0.4315,
        0.2972,
        0.1016,
        0.1839,
        0.1016,
        0.3194,
        1.0,
        0.175,
        0.4728,
        0.1016,
        0.541,
        0.4927,
        0.2039,
        0.2512,
        0.2705,
        0.4111,
        0.3669,
        0.0416,
        0.1921,
        0.2283,
        0.0934,
        0.2353,
        0.1016,
        0.2156,
        0.2491,
        0.4947,
        0.3858,
        0.092,
        0.2035,
        0.4195,
        0.3092,
        0.4752,
        0.1016,
        0.2972,
        0.1016,
        0.1016,
        0.1016,
        0.2722,
        0.4159,
        0.5263,
        0.4037,
        0.3851
      ],
      [
        0.1973,
        0.1973,
        0.0546,
        0.1973,
        0.0144,
        0.0236,
        0.0144,
        0.2665,
        0.175,
        1.0,
        0.4641,
        0.0144,
        0.3338,
        0.2987,
        0.2974,
        0.1392,
        0.1435,
        0.5011,
        0.1062,
        0.122,
        -0.0984,
        0.3662,
        -0.0142,
        0.6228,
        0.0144,
        0.1853,
        -0.1176,
        0.3627,
        -0.0062,
        0.0769,
        0.03,
        0.6293,
        -0.1274,
        0.2391,
        0.0144,
        0.1973,
        0.0144,
        0.0144,
        0.0144,
        -0.0533,
        0.253,
        0.4634,
        0.6139,
        0.0273
      ],
      [
        0.0929,
        0.0929,
        0.3755,
        0.0929,
        0.0949,
        0.0578,
        0.0949,
        0.3792,
        0.4728,
        0.4641,
        1.0,
        0.0949,
        0.6933,
        0.5713,
        0.2721,
        0.1563,
        0.348,
        0.6304,
        0.3546,
        -0.0146,
        -0.0679,
        0.2208,
        -0.1074,
        0.4437,
        0.0949,
        0.0985,
        0.0178,
        0.6861,
        0.3027,
        -0.06,
        0.087,
        0.7459,
        0.1433,
        0.5229,
        0.0949,
        0.0929,
        0.0949,
        0.0949,
        0.0949,
        0.0573,
        0.5305,
        0.7782,
        0.7028,
        0.3374
      ],
      [
        0.0763,
        0.0763,
        0.1041,
        0.0763,
        0.0268,
        0.0377,
        0.0268,
        0.0281,
        0.1016,
        0.0144,
        0.0949,
        1.0,
        0.1129,
        0.1093,
        0.0271,
        0.0654,
        0.048,
        0.0747,
        0.1005,
        0.0221,
        0.0548,
        0.0265,
        0.0258,
        0.0443,
        0.0268,
        0.0526,
        0.0637,
        0.0907,
        0.0935,
        0.0327,
        0.0548,
        0.0782,
        0.0807,
        0.1086,
        0.0268,
        0.0763,
        0.0268,
        0.0268,
        0.0268,
        0.0759,
        0.0903,
        0.1073,
        0.0796,
        0.0918
      ],
      [
        0.2427,
        0.2427,
        0.4853,
        0.2427,
        0.1129,
        0.1629,
        0.1129,
        0.498,
        0.541,
        0.3338,
        0.6933,
        0.1129,
        1.0,
        0.6143,
        0.2001,
        0.243,
        0.3785,
        0.5548,
        0.4079,
        0.0161,
        0.1091,
        0.2572,
        0.0296,
        0.3741,
        0.1129,
        0.1971,
        0.1937,
        0.7037,
        0.4169,
        0.0246,
        0.1892,
        0.6428,
        0.2918,
        0.5772,
        0.1129,
        0.2427,
        0.1129,
        0.1129,
        0.1129,
        0.2144,
        0.5484,
        0.7422,
        0.6087,
        0.4332
      ],
      [
        0.3114,
        0.3114,
        0.4542,
        0.3114,
        0.1093,
        0.1845,
        0.1093,
        0.3352,
        0.4927,
        0.2987,
        0.5713,
        0.1093,
        0.6143,
        1.0,
        0.2242,
        0.266,
        0.2945,
        0.4939,
        0.4093,
        0.0247,
        0.1653,
        0.2839,
        0.0747,
        0.3347,
        0.1093,
        0.2348,
        0.2241,
        0.564,
        0.3972,
        0.0976,
        0.2053,
        0.5375,
        0.2961,
        0.5311,
        0.1093,
        0.3114,
        0.1093,
        0.1093,
        0.1093,
        0.2609,
        0.4774,
        0.623,
        0.5182,
        0.4041
      ],
      [
        0.1572,
        0.1572,
        0.1192,
        0.1572,
        0.0271,
        0.0742,
        0.0271,
        0.1139,
        0.2039,
        0.2974,
        0.2721,
        0.0271,
        0.2001,
        0.2242,
        1.0,
        0.1323,
        0.1583,
        0.6221,
        0.0309,
        0.1942,
        -0.0045,
        0.2775,
        -0.0583,
        0.1045,
        0.0271,
        0.0713,
        0.0425,
        0.2484,
        0.1198,
        -0.0308,
        0.002,
        0.2989,
        0.0334,
        0.2075,
        0.0271,
        0.1572,
        0.0271,
        0.0271,
        0.0271,
        0.0552,
        0.1374,
        0.286,
        0.2591,
        0.1171
      ],
      [
        0.3828,
        0.3828,
        0.2739,
        0.3828,
        0.0654,
        0.148,
        0.0654,
        0.1324,
        0.2512,
        0.1392,
        0.1563,
        0.0654,
        0.243,
        0.266,
        0.1323,
        1.0,
        0.1073,
        0.1762,
        0.2432,
        0.2457,
        0.2681,
        0.1046,
        0.1971,
        0.1716,
        0.0654,
        0.2596,
        0.2541,
        0.1841,
        0.2448,
        0.1969,
        0.2187,
        0.1476,
        0.2385,
        0.2677,
        0.0654,
        0.3828,
        0.0654,
        0.0654,
        0.0654,
        0.2952,
        0.1827,
        0.2069,
        0.1705,
        0.2261
      ],
      [
        0.0937,
        0.0937,
        0.2387,
        0.0937,
        0.048,
        0.0839,
        0.048,
        0.3949,
        0.2705,
        0.1435,
        0.348,
        0.048,
        0.3785,
        0.2945,
        0.1583,
        0.1073,
        1.0,
        0.296,
        0.1438,
        0.0413,
        0.0485,
        0.1163,
        0.0141,
        0.1492,
        0.048,
        0.077,
        0.1059,
        0.4031,
        0.208,
        -0.0346,
        0.0837,
        0.309,
        0.1463,
        0.2741,
        0.048,
        0.0937,
        0.048,
        0.048,
        0.048,
        0.0892,
        0.2657,
        0.3754,
        0.2811,
        0.2148
      ],
      [
        0.1692,
        0.1692,
        0.3043,
        0.1692,
        0.0747,
        0.0951,
        0.0747,
        0.3106,
        0.4111,
        0.5011,
        0.6304,
        0.0747,
        0.5548,
        0.4939,
        0.6221,
        0.1762,
        0.296,
        1.0,
        0.2579,
        0.0537,
        -0.0319,
        0.3369,
        -0.0767,
        0.3803,
        0.0747,
        0.1279,
        0.0398,
        0.569,
        0.2551,
        -0.0244,
        0.068,
        0.6505,
        0.1082,
        0.4509,
        0.0747,
        0.1692,
        0.0747,
        0.0747,
        0.0747,
        0.0748,
        0.4218,
        0.6513,
        0.6045,
        0.2772
      ],
      [
        0.2961,
        0.2961,
        0.3745,
        0.2961,
        0.1005,
        0.1377,
        0.1005,
        0.0279,
        0.3669,
        0.1062,
        0.3546,
        0.1005,
        0.4079,
        0.4093,
        0.0309,
        0.2432,
        0.1438,
        0.2579,
        1.0,
        0.0414,
        0.1962,
        0.1265,
        0.0965,
        0.2142,
        0.1005,
        0.2114,
        0.2165,
        0.3064,
        0.3315,
        0.1534,
        0.2042,
        0.3127,
        0.2812,
        0.4047,
        0.1005,
        0.2961,
        0.1005,
        0.1005,
        0.1005,
        0.278,
        0.34,
        0.3969,
        0.3242,
        0.3283
      ],
      [
        0.2799,
        0.2799,
        0.076,
        0.2799,
        0.0221,
        -0.0536,
        0.0221,
        0.0584,
        0.0416,
        0.122,
        -0.0146,
        0.0221,
        0.0161,
        0.0247,
        0.1942,
        0.2457,
        0.0413,
        0.0537,
        0.0414,
        1.0,
        0.1729,
        -0.3126,
        0.1528,
        0.122,
        0.0221,
        0.1631,
        0.1165,
        -0.0018,
        0.0466,
        0.1203,
        0.1614,
        -0.0123,
        0.0777,
        0.0395,
        0.0221,
        0.2799,
        0.0221,
        0.0221,
        0.0221,
        0.1731,
        -0.0359,
        0.0073,
        0.0376,
        0.0239
      ],
      [
        0.4329,
        0.4329,
        0.2647,
        0.4329,
        0.0548,
        0.2242,
        0.0548,
        0.1318,
        0.1921,
        -0.0984,
        -0.0679,
        0.0548,
        0.1091,
        0.1653,
        -0.0045,
        0.2681,
        0.0485,
        -0.0319,
        0.1962,
        0.1729,
        1.0,
        0.1238,
        0.3031,
        -0.0115,
        0.0548,
        0.2857,
        0.3718,
        0.0435,
        0.2608,
        0.2538,
        0.2535,
        -0.105,
        0.3132,
        0.1852,
        0.0548,
        0.4329,
        0.0548,
        0.0548,
        0.0548,
        0.3793,
        0.0807,
        0.0001,
        -0.0735,
        0.2229
      ],
      [
        0.2576,
        0.2576,
        0.1714,
        0.2576,
        0.0265,
        0.2646,
        0.0265,
        0.2794,
        0.2283,
        0.3662,
        0.2208,
        0.0265,
        0.2572,
        0.2839,
        0.2775,
        0.1046,
        0.1163,
        0.3369,
        0.1265,
        -0.3126,
        0.1238,
        1.0,
        0.1088,
        0.2217,
        0.0265,
        0.2077,
        0.1507,
        0.2681,
        0.1677,
        0.131,
        0.0732,
        0.2927,
        0.1063,
        0.2514,
        0.0265,
        0.2576,
        0.0265,
        0.0265,
        0.0265,
        0.1321,
        0.2211,
        0.2611,
        0.2549,
        0.1707
      ],
      [
        0.3426,
        0.3426,
        0.1488,
        0.3426,
        0.0258,
        0.1684,
        0.0258,
        0.1375,
        0.0934,
        -0.0142,
        -0.1074,
        0.0258,
        0.0296,
        0.0747,
        -0.0583,
        0.1971,
        0.0141,
        -0.0767,
        0.0965,
        0.1528,
        0.3031,
        0.1088,
        1.0,
        0.0198,
        0.0258,
        0.233,
        0.268,
        -0.0074,
        0.1467,
        0.2121,
        0.1885,
        -0.109,
        0.1976,
        0.0873,
        0.0258,
        0.3426,
        0.0258,
        0.0258,
        0.0258,
        0.2695,
        0.0147,
        -0.0566,
        -0.0807,
        0.1175
      ],
      [
        0.2119,
        0.2119,
        0.1623,
        0.2119,
        0.0443,
        0.0365,
        0.0443,
        0.2032,
        0.2353,
        0.6228,
        0.4437,
        0.0443,
        0.3741,
        0.3347,
        0.1045,
        0.1716,
        0.1492,
        0.3803,
        0.2142,
        0.122,
        -0.0115,
        0.2217,
        0.0198,
        1.0,
        0.0443,
        0.1868,
        -0.021,
        0.3562,
        0.0999,
        0.0954,
        0.0936,
        0.5354,
        0.004,
        0.2928,
        0.0443,
        0.2119,
        0.0443,
        0.0443,
        0.0443,
        0.0463,
        0.2906,
        0.4547,
        0.5339,
        0.124
      ],
      [
        0.0763,
        0.0763,
        0.1041,
        0.0763,
        0.0268,
        0.0377,
        0.0268,
        0.0281,
        0.1016,
        0.0144,
        0.0949,
        0.0268,
        0.1129,
        0.1093,
        0.0271,
        0.0654,
        0.048,
        0.0747,
        0.1005,
        0.0221,
        0.0548,
        0.0265,
        0.0258,
        0.0443,
        1.0,
        0.0526,
        0.0637,
        0.0907,
        0.0935,
        0.0327,
        0.0548,
        0.0782,
        0.0807,
        0.1086,
        0.0268,
        0.0763,
        0.0268,
        0.0268,
        0.0268,
        0.0759,
        0.0903,
        0.1073,
        0.0796,
        0.0918
      ],
      [
        0.4073,
        0.4073,
        0.2379,
        0.4073,
        0.0526,
        0.1848,
        0.0526,
        0.1536,
        0.2156,
        0.1853,
        0.0985,
        0.0526,
        0.1971,
        0.2348,
        0.0713,
        0.2596,
        0.077,
        0.1279,
        0.2114,
        0.1631,
        0.2857,
        0.2077,
        0.233,
        0.1868,
        0.0526,
        1.0,
        0.2602,
        0.1438,
        0.2147,
        0.2321,
        0.2149,
        0.1175,
        0.2174,
        0.2331,
        0.0526,
        0.4073,
        0.0526,
        0.0526,
        0.0526,
        0.2922,
        0.1529,
        0.1519,
        0.1398,
        0.1953
      ],
      [
        0.3941,
        0.3941,
        0.3102,
        0.3941,
        0.0637,
        0.2346,
        0.0637,
        0.2095,
        0.2491,
        -0.1176,
        0.0178,
        0.0637,
        0.1937,
        0.2241,
        0.0425,
        0.2541,
        0.1059,
        0.0398,
        0.2165,
        0.1165,
        0.3718,
        0.1507,
        0.268,
        -0.021,
        0.0637,
        0.2602,
        1.0,
        0.1399,
        0.3044,
        0.2066,
        0.2434,
        -0.0409,
        0.3377,
        0.2396,
        0.0637,
        0.3941,
        0.0637,
        0.0637,
        0.0637,
        0.3689,
        0.1427,
        0.0871,
        -0.024,
        0.2706
      ],
      [
        0.1608,
        0.1608,
        0.4211,
        0.1608,
        0.0907,
        0.1406,
        0.0907,
        0.6156,
        0.4947,
        0.3627,
        0.6861,
        0.0907,
        0.7037,
        0.564,
        0.2484,
        0.1841,
        0.4031,
        0.569,
        0.3064,
        -0.0018,
        0.0435,
        0.2681,
