{
  "_meta": {
    "generated": "2026-04-02T15:28:16",
    "portfolio_generated": "2026-04-02T15:27:43.839694",
    "n_assets": 39,
    "n_with_returns": 0,
    "covariance_method": "structured",
    "condition_number": 221.55,
    "pca_factors": 3
  },
  "profiles": {
    "Agressif": {
      "n_assets": 16,
      "weighted_avg_correlation": 0.2573,
      "most_correlated": [
        {
          "t1": "FLKR",
          "t2": "REMX",
          "corr": 0.6452,
          "w1": 7.0,
          "w2": 7.7,
          "combined_weight": 14.8
        },
        {
          "t1": "FLKR",
          "t2": "SOXX",
          "corr": 0.6452,
          "w1": 7.0,
          "w2": 6.9,
          "combined_weight": 13.9
        },
        {
          "t1": "FLKR",
          "t2": "XLE",
          "corr": 0.6452,
          "w1": 7.0,
          "w2": 3.0,
          "combined_weight": 10.0
        },
        {
          "t1": "FLKR",
          "t2": "SLVP",
          "corr": 0.6452,
          "w1": 7.0,
          "w2": 5.2,
          "combined_weight": 12.2
        },
        {
          "t1": "FLKR",
          "t2": "SLV",
          "corr": 0.6452,
          "w1": 7.0,
          "w2": 7.8,
          "combined_weight": 14.8
        },
        {
          "t1": "FLKR",
          "t2": "XBI",
          "corr": 0.6452,
          "w1": 7.0,
          "w2": 3.4,
          "combined_weight": 10.4
        },
        {
          "t1": "REMX",
          "t2": "SOXX",
          "corr": 0.6452,
          "w1": 7.7,
          "w2": 6.9,
          "combined_weight": 14.7
        },
        {
          "t1": "REMX",
          "t2": "XLE",
          "corr": 0.6452,
          "w1": 7.7,
          "w2": 3.0,
          "combined_weight": 10.7
        },
        {
          "t1": "REMX",
          "t2": "SLVP",
          "corr": 0.6452,
          "w1": 7.7,
          "w2": 5.2,
          "combined_weight": 12.9
        },
        {
          "t1": "REMX",
          "t2": "SLV",
          "corr": 0.6452,
          "w1": 7.7,
          "w2": 7.8,
          "combined_weight": 15.6
        }
      ],
      "least_correlated": [
        {
          "t1": "MU",
          "t2": "SGOV",
          "corr": 0.0503,
          "w1": 5.8,
          "w2": 5.9,
          "combined_weight": 11.7
        },
        {
          "t1": "INCY",
          "t2": "SGOV",
          "corr": 0.0503,
          "w1": 5.8,
          "w2": 5.9,
          "combined_weight": 11.7
        },
        {
          "t1": "PAAA",
          "t2": "GLD",
          "corr": 0.0358,
          "w1": 8.9,
          "w2": 6.8,
          "combined_weight": 15.7
        },
        {
          "t1": "GLD",
          "t2": "SGOV",
          "corr": 0.0358,
          "w1": 6.8,
          "w2": 5.9,
          "combined_weight": 12.7
        },
        {
          "t1": "PAAA",
          "t2": "SGOV",
          "corr": 0.028,
          "w1": 8.9,
          "w2": 5.9,
          "combined_weight": 14.8
        }
      ],
      "high_corr_high_weight": []
    },
    "Mod\u00e9r\u00e9": {
      "n_assets": 15,
      "weighted_avg_correlation": 0.2343,
      "most_correlated": [
        {
          "t1": "SCHD",
          "t2": "SCHY",
          "corr": 0.6452,
          "w1": 8.4,
          "w2": 8.3,
          "combined_weight": 16.6
        },
        {
          "t1": "SCHD",
          "t2": "VSS",
          "corr": 0.6452,
          "w1": 8.4,
          "w2": 7.6,
          "combined_weight": 16.0
        },
        {
          "t1": "SCHD",
          "t2": "HDV",
          "corr": 0.6452,
          "w1": 8.4,
          "w2": 6.5,
          "combined_weight": 14.9
        },
        {
          "t1": "SCHD",
          "t2": "XLV",
          "corr": 0.6452,
          "w1": 8.4,
          "w2": 3.2,
          "combined_weight": 11.6
        },
        {
          "t1": "SCHY",
          "t2": "VSS",
          "corr": 0.6452,
          "w1": 8.3,
          "w2": 7.6,
          "combined_weight": 15.9
        },
        {
          "t1": "SCHY",
          "t2": "HDV",
          "corr": 0.6452,
          "w1": 8.3,
          "w2": 6.5,
          "combined_weight": 14.8
        },
        {
          "t1": "SCHY",
          "t2": "XLV",
          "corr": 0.6452,
          "w1": 8.3,
          "w2": 3.2,
          "combined_weight": 11.5
        },
        {
          "t1": "VSS",
          "t2": "HDV",
          "corr": 0.6452,
          "w1": 7.6,
          "w2": 6.5,
          "combined_weight": 14.1
        },
        {
          "t1": "VSS",
          "t2": "XLV",
          "corr": 0.6452,
          "w1": 7.6,
          "w2": 3.2,
          "combined_weight": 10.8
        },
        {
          "t1": "HDV",
          "t2": "XLV",
          "corr": 0.6452,
          "w1": 6.5,
          "w2": 3.2,
          "combined_weight": 9.7
        }
      ],
      "least_correlated": [
        {
          "t1": "STIP",
          "t2": "ITX",
          "corr": 0.0503,
          "w1": 9.0,
          "w2": 2.8,
          "combined_weight": 11.8
        },
        {
          "t1": "STIP",
          "t2": "VICI",
          "corr": 0.0503,
          "w1": 9.0,
          "w2": 7.5,
          "combined_weight": 16.5
        },
        {
          "t1": "VGSH",
          "t2": "GLD",
          "corr": 0.0358,
          "w1": 9.0,
          "w2": 5.3,
          "combined_weight": 14.3
        },
        {
          "t1": "STIP",
          "t2": "GLD",
          "corr": 0.0358,
          "w1": 9.0,
          "w2": 5.3,
          "combined_weight": 14.3
        },
        {
          "t1": "VGSH",
          "t2": "STIP",
          "corr": 0.028,
          "w1": 9.0,
          "w2": 9.0,
          "combined_weight": 18.0
        }
      ],
      "high_corr_high_weight": []
    },
    "Stable": {
      "n_assets": 16,
      "weighted_avg_correlation": 0.1407,
      "most_correlated": [
        {
          "t1": "ACWV",
          "t2": "SPLV",
          "corr": 0.6452,
          "w1": 4.5,
          "w2": 4.5,
          "combined_weight": 9.1
        },
        {
          "t1": "ACWV",
          "t2": "SPYV",
          "corr": 0.6452,
          "w1": 4.5,
          "w2": 4.2,
          "combined_weight": 8.7
        },
        {
          "t1": "ACWV",
          "t2": "XLV",
          "corr": 0.6452,
          "w1": 4.5,
          "w2": 3.0,
          "combined_weight": 7.5
        },
        {
          "t1": "SPLV",
          "t2": "SPYV",
          "corr": 0.6452,
          "w1": 4.5,
          "w2": 4.2,
          "combined_weight": 8.7
        },
        {
          "t1": "SPLV",
          "t2": "XLV",
          "corr": 0.6452,
          "w1": 4.5,
          "w2": 3.0,
          "combined_weight": 7.5
        },
        {
          "t1": "SPYV",
          "t2": "XLV",
          "corr": 0.6452,
          "w1": 4.2,
          "w2": 3.0,
          "combined_weight": 7.2
        },
        {
          "t1": "VICI",
          "t2": "GD",
          "corr": 0.4675,
          "w1": 4.5,
          "w2": 3.7,
          "combined_weight": 8.2
        },
        {
          "t1": "SCHP",
          "t2": "GD",
          "corr": 0.4521,
          "w1": 6.2,
          "w2": 3.7,
          "combined_weight": 9.9
        },
        {
          "t1": "PG",
          "t2": "GD",
          "corr": 0.4491,
          "w1": 6.2,
          "w2": 3.7,
          "combined_weight": 9.9
        },
        {
          "t1": "JNJ",
          "t2": "GD",
          "corr": 0.4444,
          "w1": 6.2,
          "w2": 3.7,
          "combined_weight": 9.9
        }
      ],
      "least_correlated": [
        {
          "t1": "BSV",
          "t2": "VGSH",
          "corr": 0.028,
          "w1": 11.9,
          "w2": 10.7,
          "combined_weight": 22.6
        },
        {
          "t1": "BSV",
          "t2": "STIP",
          "corr": 0.028,
          "w1": 11.9,
          "w2": 13.0,
          "combined_weight": 24.9
        },
        {
          "t1": "CLTL",
          "t2": "VGSH",
          "corr": 0.028,
          "w1": 8.6,
          "w2": 10.7,
          "combined_weight": 19.3
        },
        {
          "t1": "CLTL",
          "t2": "STIP",
          "corr": 0.028,
          "w1": 8.6,
          "w2": 13.0,
          "combined_weight": 21.6
        },
        {
          "t1": "VGSH",
          "t2": "STIP",
          "corr": 0.028,
          "w1": 10.7,
          "w2": 13.0,
          "combined_weight": 23.7
        }
      ],
      "high_corr_high_weight": []
    }
  },
  "all_pairs_top_30": [
    {
      "t1": "ACWV",
      "t2": "FLKR",
      "corr_hybrid": 0.6452,
      "corr_structured": 0.2,
      "cat1": "ETF",
      "cat2": "ETF",
      "exp1": "min_vol",
      "exp2": "south_korea",
      "fam1": "factor_min_vol",
      "fam2": "em_equity"
    },
    {
      "t1": "ACWV",
      "t2": "HDV",
      "corr_hybrid": 0.6452,
      "corr_structured": 0.72,
      "cat1": "ETF",
      "cat2": "ETF",
      "exp1": "min_vol",
      "exp2": "dividend",
      "fam1": "factor_min_vol",
      "fam2": "factor_dividend"
    },
    {
      "t1": "ACWV",
      "t2": "REMX",
      "corr_hybrid": 0.6452,
      "corr_structured": 0.2,
      "cat1": "ETF",
      "cat2": "ETF",
      "exp1": "min_vol",
      "exp2": "rare_earth",
      "fam1": "factor_min_vol",
      "fam2": null
    },
    {
      "t1": "ACWV",
      "t2": "SCHD",
      "corr_hybrid": 0.6452,
      "corr_structured": 0.72,
      "cat1": "ETF",
      "cat2": "ETF",
      "exp1": "min_vol",
      "exp2": "dividend",
      "fam1": "factor_min_vol",
      "fam2": "factor_dividend"
    },
    {
      "t1": "ACWV",
      "t2": "SCHY",
      "corr_hybrid": 0.6452,
      "corr_structured": 0.2,
      "cat1": "ETF",
      "cat2": "ETF",
      "exp1": "min_vol",
      "exp2": "international",
      "fam1": "factor_min_vol",
      "fam2": "intl_equity"
    },
    {
      "t1": "ACWV",
      "t2": "SLV",
      "corr_hybrid": 0.6452,
      "corr_structured": 0.2,
      "cat1": "ETF",
      "cat2": "ETF",
      "exp1": "min_vol",
      "exp2": "silver_physical",
      "fam1": "factor_min_vol",
      "fam2": "precious_metals"
    },
    {
      "t1": "ACWV",
      "t2": "SLVP",
      "corr_hybrid": 0.6452,
      "corr_structured": 0.2,
      "cat1": "ETF",
      "cat2": "ETF",
      "exp1": "min_vol",
      "exp2": "silver_miners",
      "fam1": "factor_min_vol",
      "fam2": "precious_metals"
    },
    {
      "t1": "ACWV",
      "t2": "SOXX",
      "corr_hybrid": 0.6452,
      "corr_structured": 0.2,
      "cat1": "ETF",
      "cat2": "ETF",
      "exp1": "min_vol",
      "exp2": "semiconductor",
      "fam1": "factor_min_vol",
      "fam2": "sector_tech"
    },
    {
      "t1": "ACWV",
      "t2": "SPLV",
      "corr_hybrid": 0.6452,
      "corr_structured": 0.75,
      "cat1": "ETF",
      "cat2": "ETF",
      "exp1": "min_vol",
      "exp2": "sp500",
      "fam1": "factor_min_vol",
      "fam2": "us_equity_large"
    },
    {
      "t1": "ACWV",
      "t2": "SPYV",
      "corr_hybrid": 0.6452,
      "corr_structured": 0.2,
      "cat1": "ETF",
      "cat2": "ETF",
      "exp1": "min_vol",
      "exp2": "sp500_value",
      "fam1": "factor_min_vol",
      "fam2": "factor_value"
    },
    {
      "t1": "ACWV",
      "t2": "VSS",
      "corr_hybrid": 0.6452,
      "corr_structured": 0.2,
      "cat1": "ETF",
      "cat2": "ETF",
      "exp1": "min_vol",
      "exp2": "intl_small_cap",
      "fam1": "factor_min_vol",
      "fam2": null
    },
    {
      "t1": "ACWV",
      "t2": "XBI",
      "corr_hybrid": 0.6452,
      "corr_structured": 0.2,
      "cat1": "ETF",
      "cat2": "ETF",
      "exp1": "min_vol",
      "exp2": "biotech",
      "fam1": "factor_min_vol",
      "fam2": "sector_healthcare"
    },
    {
      "t1": "ACWV",
      "t2": "XLE",
      "corr_hybrid": 0.6452,
      "corr_structured": 0.2,
      "cat1": "ETF",
      "cat2": "ETF",
      "exp1": "min_vol",
      "exp2": "energy",
      "fam1": "factor_min_vol",
      "fam2": "sector_energy"
    },
    {
      "t1": "ACWV",
      "t2": "XLV",
      "corr_hybrid": 0.6452,
      "corr_structured": 0.2,
      "cat1": "ETF",
      "cat2": "ETF",
      "exp1": "min_vol",
      "exp2": "healthcare",
      "fam1": "factor_min_vol",
      "fam2": "sector_healthcare"
    },
    {
      "t1": "FLKR",
      "t2": "HDV",
      "corr_hybrid": 0.6452,
      "corr_structured": 0.2,
      "cat1": "ETF",
      "cat2": "ETF",
      "exp1": "south_korea",
      "exp2": "dividend",
      "fam1": "em_equity",
      "fam2": "factor_dividend"
    },
    {
      "t1": "FLKR",
      "t2": "REMX",
      "corr_hybrid": 0.6452,
      "corr_structured": 0.2,
      "cat1": "ETF",
      "cat2": "ETF",
      "exp1": "south_korea",
      "exp2": "rare_earth",
      "fam1": "em_equity",
      "fam2": null
    },
    {
      "t1": "FLKR",
      "t2": "SCHD",
      "corr_hybrid": 0.6452,
      "corr_structured": 0.2,
      "cat1": "ETF",
      "cat2": "ETF",
      "exp1": "south_korea",
      "exp2": "dividend",
      "fam1": "em_equity",
      "fam2": "factor_dividend"
    },
    {
      "t1": "FLKR",
      "t2": "SCHY",
      "corr_hybrid": 0.6452,
      "corr_structured": 0.62,
      "cat1": "ETF",
      "cat2": "ETF",
      "exp1": "south_korea",
      "exp2": "international",
      "fam1": "em_equity",
      "fam2": "intl_equity"
    },
    {
      "t1": "FLKR",
      "t2": "SLV",
      "corr_hybrid": 0.6452,
      "corr_structured": 0.2,
      "cat1": "ETF",
      "cat2": "ETF",
      "exp1": "south_korea",
      "exp2": "silver_physical",
      "fam1": "em_equity",
      "fam2": "precious_metals"
    },
    {
      "t1": "FLKR",
      "t2": "SLVP",
      "corr_hybrid": 0.6452,
      "corr_structured": 0.2,
      "cat1": "ETF",
      "cat2": "ETF",
      "exp1": "south_korea",
      "exp2": "silver_miners",
      "fam1": "em_equity",
      "fam2": "precious_metals"
    },
    {
      "t1": "FLKR",
      "t2": "SOXX",
      "corr_hybrid": 0.6452,
      "corr_structured": 0.2,
      "cat1": "ETF",
      "cat2": "ETF",
      "exp1": "south_korea",
      "exp2": "semiconductor",
      "fam1": "em_equity",
      "fam2": "sector_tech"
    },
    {
      "t1": "FLKR",
      "t2": "SPLV",
      "corr_hybrid": 0.6452,
      "corr_structured": 0.55,
      "cat1": "ETF",
      "cat2": "ETF",
      "exp1": "south_korea",
      "exp2": "sp500",
      "fam1": "em_equity",
      "fam2": "us_equity_large"
    },
    {
      "t1": "FLKR",
      "t2": "SPYV",
      "corr_hybrid": 0.6452,
      "corr_structured": 0.2,
      "cat1": "ETF",
      "cat2": "ETF",
      "exp1": "south_korea",
      "exp2": "sp500_value",
      "fam1": "em_equity",
      "fam2": "factor_value"
    },
    {
      "t1": "FLKR",
      "t2": "VSS",
      "corr_hybrid": 0.6452,
      "corr_structured": 0.2,
      "cat1": "ETF",
      "cat2": "ETF",
      "exp1": "south_korea",
      "exp2": "intl_small_cap",
      "fam1": "em_equity",
      "fam2": null
    },
    {
      "t1": "FLKR",
      "t2": "XBI",
      "corr_hybrid": 0.6452,
      "corr_structured": 0.2,
      "cat1": "ETF",
      "cat2": "ETF",
      "exp1": "south_korea",
      "exp2": "biotech",
      "fam1": "em_equity",
      "fam2": "sector_healthcare"
    },
    {
      "t1": "FLKR",
      "t2": "XLE",
      "corr_hybrid": 0.6452,
      "corr_structured": 0.2,
      "cat1": "ETF",
      "cat2": "ETF",
      "exp1": "south_korea",
      "exp2": "energy",
      "fam1": "em_equity",
      "fam2": "sector_energy"
    },
    {
      "t1": "FLKR",
      "t2": "XLV",
      "corr_hybrid": 0.6452,
      "corr_structured": 0.2,
      "cat1": "ETF",
      "cat2": "ETF",
      "exp1": "south_korea",
      "exp2": "healthcare",
      "fam1": "em_equity",
      "fam2": "sector_healthcare"
    },
    {
      "t1": "HDV",
      "t2": "REMX",
      "corr_hybrid": 0.6452,
      "corr_structured": 0.2,
      "cat1": "ETF",
      "cat2": "ETF",
      "exp1": "dividend",
      "exp2": "rare_earth",
      "fam1": "factor_dividend",
      "fam2": null
    },
    {
      "t1": "HDV",
      "t2": "SCHD",
      "corr_hybrid": 0.6452,
      "corr_structured": 0.95,
      "cat1": "ETF",
      "cat2": "ETF",
      "exp1": "dividend",
      "exp2": "dividend",
      "fam1": "factor_dividend",
      "fam2": "factor_dividend"
    },
    {
      "t1": "HDV",
      "t2": "SCHY",
      "corr_hybrid": 0.6452,
      "corr_structured": 0.2,
      "cat1": "ETF",
      "cat2": "ETF",
      "exp1": "dividend",
      "exp2": "international",
      "fam1": "factor_dividend",
      "fam2": "intl_equity"
    }
  ],
  "all_pairs_bottom_10": [
    {
      "t1": "PAAA",
      "t2": "SCHO",
      "corr_hybrid": 0.028,
      "corr_structured": 0.9,
      "cat1": "Obl",
      "cat2": "Obl",
      "exp1": "bonds_clo_aaa",
      "exp2": "bonds_short_treasury",
      "fam1": "bonds_short",
      "fam2": "bonds_short"
    },
    {
      "t1": "PAAA",
      "t2": "SGOV",
      "corr_hybrid": 0.028,
      "corr_structured": 0.9,
      "cat1": "Obl",
      "cat2": "Obl",
      "exp1": "bonds_clo_aaa",
      "exp2": "bonds_tbill",
      "fam1": "bonds_short",
      "fam2": "bonds_short"
    },
    {
      "t1": "PAAA",
      "t2": "STIP",
      "corr_hybrid": 0.028,
      "corr_structured": 0.7,
      "cat1": "Obl",
      "cat2": "Obl",
      "exp1": "bonds_clo_aaa",
      "exp2": "bonds_tips",
      "fam1": "bonds_short",
      "fam2": "bonds_gov"
    },
    {
      "t1": "PAAA",
      "t2": "VGSH",
      "corr_hybrid": 0.028,
      "corr_structured": 0.9,
      "cat1": "Obl",
      "cat2": "Obl",
      "exp1": "bonds_clo_aaa",
      "exp2": "bonds_short_treasury",
      "fam1": "bonds_short",
      "fam2": "bonds_short"
    },
    {
      "t1": "SCHO",
      "t2": "SGOV",
      "corr_hybrid": 0.028,
      "corr_structured": 0.9,
      "cat1": "Obl",
      "cat2": "Obl",
      "exp1": "bonds_short_treasury",
      "exp2": "bonds_tbill",
      "fam1": "bonds_short",
      "fam2": "bonds_short"
    },
    {
      "t1": "SCHO",
      "t2": "STIP",
      "corr_hybrid": 0.028,
      "corr_structured": 0.7,
      "cat1": "Obl",
      "cat2": "Obl",
      "exp1": "bonds_short_treasury",
      "exp2": "bonds_tips",
      "fam1": "bonds_short",
      "fam2": "bonds_gov"
    },
    {
      "t1": "SCHO",
      "t2": "VGSH",
      "corr_hybrid": 0.028,
      "corr_structured": 0.95,
      "cat1": "Obl",
      "cat2": "Obl",
      "exp1": "bonds_short_treasury",
      "exp2": "bonds_short_treasury",
      "fam1": "bonds_short",
      "fam2": "bonds_short"
    },
    {
      "t1": "SGOV",
      "t2": "STIP",
      "corr_hybrid": 0.028,
      "corr_structured": 0.7,
      "cat1": "Obl",
      "cat2": "Obl",
      "exp1": "bonds_tbill",
      "exp2": "bonds_tips",
      "fam1": "bonds_short",
      "fam2": "bonds_gov"
    },
    {
      "t1": "SGOV",
      "t2": "VGSH",
      "corr_hybrid": 0.028,
      "corr_structured": 0.9,
      "cat1": "Obl",
      "cat2": "Obl",
      "exp1": "bonds_tbill",
      "exp2": "bonds_short_treasury",
      "fam1": "bonds_short",
      "fam2": "bonds_short"
    },
    {
      "t1": "STIP",
      "t2": "VGSH",
      "corr_hybrid": 0.028,
      "corr_structured": 0.7,
      "cat1": "Obl",
      "cat2": "Obl",
      "exp1": "bonds_tips",
      "exp2": "bonds_short_treasury",
      "fam1": "bonds_gov",
      "fam2": "bonds_short"
    }
  ],
  "correlation_matrix": {
    "tickers": [
      "ACWV",
      "BKR",
      "BKW",
      "BSV",
      "CF",
      "CLTL",
      "EOG",
      "FLKR",
      "GD",
      "GGG",
      "GLD",
      "HDV",
      "INCY",
      "ITX",
      "JNJ",
      "MU",
      "NVDA",
      "PAAA",
      "PG",
      "REMX",
      "RIO",
      "SCHD",
      "SCHO",
      "SCHP",
      "SCHY",
      "SGOV",
      "SLV",
      "SLVP",
      "SOXX",
      "SPLV",
      "SPYV",
      "STIP",
      "VGSH",
      "VICI",
      "VRT",
      "VSS",
      "XBI",
      "XLE",
      "XLV"
    ],
    "matrix": [
      [
        1.0,
        0.1999,
        0.1999,
        0.1338,
        0.1999,
        0.1338,
        0.1999,
        0.6452,
        0.1999,
        0.1999,
        0.1592,
        0.6452,
        0.1999,
        0.1999,
        0.1999,
        0.1999,
        0.1999,
        0.1338,
        0.1999,
        0.6452,
        0.1999,
        0.6452,
        0.1338,
        0.1999,
        0.6452,
        0.1338,
        0.6452,
        0.6452,
        0.6452,
        0.6452,
        0.6452,
        0.1338,
        0.1338,
        0.1999,
        0.1999,
        0.6452,
        0.6452,
        0.6452,
        0.6452
      ],
      [
        0.1999,
        1.0,
        0.5073,
        0.0503,
        0.5178,
        0.0503,
        0.4011,
        0.1999,
        0.2671,
        0.4715,
        0.1595,
        0.1999,
        0.5048,
        0.4661,
        0.3466,
        0.3371,
        0.3737,
        0.0503,
        0.3381,
        0.1999,
        0.3683,
        0.1999,
        0.0503,
        0.3328,
        0.1999,
        0.0503,
        0.1999,
        0.1999,
        0.1999,
        0.1999,
        0.1999,
        0.0503,
        0.0503,
        0.3052,
        0.3476,
        0.1999,
        0.1999,
        0.1999,
        0.1999
      ],
      [
        0.1999,
        0.5073,
        1.0,
        0.0503,
        0.4512,
        0.0503,
        0.4061,
        0.1999,
        0.3544,
        0.4333,
        0.1595,
        0.1999,
        0.4461,
        0.4312,
        0.3851,
        0.3814,
        0.3955,
        0.0503,
        0.3818,
        0.1999,
        0.3934,
        0.1999,
        0.0503,
        0.3798,
        0.1999,
        0.0503,
        0.1999,
        0.1999,
        0.1999,
        0.1999,
        0.1999,
        0.0503,
        0.0503,
        0.3691,
        0.3855,
        0.1999,
        0.1999,
        0.1999,
        0.1999
      ],
      [
        0.1338,
        0.0503,
        0.0503,
        1.0,
        0.0503,
        0.028,
        0.0503,
        0.1338,
        0.0503,
        0.0503,
        0.0358,
        0.1338,
        0.0503,
        0.0503,
        0.0503,
        0.0503,
        0.0503,
        0.028,
        0.0503,
        0.1338,
        0.0503,
        0.1338,
        0.028,
        0.0503,
        0.1338,
        0.028,
        0.1338,
        0.1338,
        0.1338,
        0.1338,
        0.1338,
        0.028,
        0.028,
        0.0503,
        0.0503,
        0.1338,
        0.1338,
        0.1338,
        0.1338
      ],
      [
        0.1999,
        0.5178,
        0.4512,
        0.0503,
        1.0,
        0.0503,
        0.4058,
        0.1999,
        0.3485,
        0.4359,
        0.1595,
        0.1999,
        0.4501,
        0.4336,
        0.3825,
        0.3784,
        0.3941,
        0.0503,
        0.3789,
        0.1999,
        0.3917,
        0.1999,
        0.0503,
        0.3766,
        0.1999,
        0.0503,
        0.1999,
        0.1999,
        0.1999,
        0.1999,
        0.1999,
        0.0503,
        0.0503,
        0.3648,
        0.3829,
        0.1999,
        0.1999,
        0.1999,
        0.1999
      ],
      [
        0.1338,
        0.0503,
        0.0503,
        0.028,
        0.0503,
        1.0,
        0.0503,
        0.1338,
        0.0503,
        0.0503,
        0.0358,
        0.1338,
        0.0503,
        0.0503,
        0.0503,
        0.0503,
        0.0503,
        0.028,
        0.0503,
        0.1338,
        0.0503,
        0.1338,
        0.028,
        0.0503,
        0.1338,
        0.028,
        0.1338,
        0.1338,
        0.1338,
        0.1338,
        0.1338,
        0.028,
        0.028,
        0.0503,
        0.0503,
        0.1338,
        0.1338,
        0.1338,
        0.1338
      ],
      [
        0.1999,
        0.4011,
        0.4061,
        0.0503,
        0.4058,
        0.0503,
        1.0,
        0.1999,
        0.4139,
        0.4073,
        0.1595,
        0.1999,
        0.4062,
        0.4074,
        0.4113,
        0.4116,
        0.4104,
        0.0503,
        0.4116,
        0.1999,
        0.4106,
        0.1999,
        0.0503,
        0.4117,
        0.1999,
        0.0503,
        0.1999,
        0.1999,
        0.1999,
        0.1999,
        0.1999,
        0.0503,
        0.0503,
        0.4126,
        0.4113,
        0.1999,
        0.1999,
        0.1999,
        0.1999
      ],
      [
        0.6452,
        0.1999,
        0.1999,
        0.1338,
        0.1999,
        0.1338,
        0.1999,
        1.0,
        0.1999,
        0.1999,
        0.1592,
        0.6452,
        0.1999,
        0.1999,
        0.1999,
        0.1999,
        0.1999,
        0.1338,
        0.1999,
        0.6452,
        0.1999,
        0.6452,
        0.1338,
        0.1999,
        0.6452,
        0.1338,
        0.6452,
        0.6452,
        0.6452,
        0.6452,
        0.6452,
        0.1338,
        0.1338,
        0.1999,
        0.1999,
        0.6452,
        0.6452,
        0.6452,
        0.6452
      ],
      [
        0.1999,
        0.2671,
        0.3544,
        0.0503,
        0.3485,
        0.0503,
        0.4139,
        0.1999,
        1.0,
        0.3744,
        0.1595,
        0.1999,
        0.3558,
        0.3775,
        0.4444,
        0.4497,
        0.4292,
        0.0503,
        0.4491,
        0.1999,
        0.4322,
        0.1999,
        0.0503,
        0.4521,
        0.1999,
        0.0503,
        0.1999,
        0.1999,
        0.1999,
        0.1999,
        0.1999,
        0.0503,
        0.0503,
        0.4675,
        0.4438,
        0.1999,
        0.1999,
        0.1999,
        0.1999
      ],
      [
        0.1999,
        0.4715,
        0.4333,
        0.0503,
        0.4359,
        0.0503,
        0.4073,
        0.1999,
        0.3744,
        1.0,
        0.1595,
        0.1999,
        0.4327,
        0.4232,
        0.3939,
        0.3916,
        0.4006,
        0.0503,
        0.3918,
        0.1999,
        0.3992,
        0.1999,
        0.0503,
        0.3905,
        0.1999,
        0.0503,
        0.1999,
        0.1999,
        0.1999,
        0.1999,
        0.1999,
        0.0503,
        0.0503,
        0.3838,
        0.3942,
        0.1999,
        0.1999,
        0.1999,
        0.1999
      ],
      [
        0.1592,
        0.1595,
        0.1595,
        0.0358,
        0.1595,
        0.0358,
        0.1595,
        0.1592,
        0.1595,
        0.1595,
        1.0,
        0.1592,
        0.1595,
        0.1595,
        0.1595,
        0.1595,
        0.1595,
        0.0358,
        0.1595,
        0.1592,
        0.1595,
        0.1592,
        0.0358,
        0.1595,
        0.1592,
        0.0358,
        0.1592,
        0.1592,
        0.1592,
        0.1592,
        0.1592,
        0.0358,
        0.0358,
        0.1595,
        0.1595,
        0.1592,
        0.1592,
        0.1592,
        0.1592
      ],
      [
        0.6452,
        0.1999,
        0.1999,
        0.1338,
        0.1999,
        0.1338,
        0.1999,
        0.6452,
        0.1999,
        0.1999,
        0.1592,
        1.0,
        0.1999,
        0.1999,
        0.1999,
        0.1999,
        0.1999,
        0.1338,
        0.1999,
        0.6452,
        0.1999,
        0.6452,
        0.1338,
        0.1999,
        0.6452,
        0.1338,
        0.6452,
        0.6452,
        0.6452,
        0.6452,
        0.6452,
        0.1338,
        0.1338,
        0.1999,
        0.1999,
        0.6452,
        0.6452,
        0.6452,
        0.6452
      ],
      [
        0.1999,
        0.5048,
        0.4461,
        0.0503,
        0.4501,
        0.0503,
        0.4062,
        0.1999,
        0.3558,
        0.4327,
        0.1595,
        0.1999,
        1.0,
        0.4306,
        0.3857,
        0.3821,
        0.3959,
        0.0503,
        0.3825,
        0.1999,
        0.3938,
        0.1999,
        0.0503,
        0.3805,
        0.1999,
        0.0503,
        0.1999,
        0.1999,
        0.1999,
        0.1999,
        0.1999,
        0.0503,
        0.0503,
        0.3701,
        0.3861,
        0.1999,
        0.1999,
        0.1999,
        0.1999
      ],
      [
        0.1999,
        0.4661,
        0.4312,
        0.0503,
        0.4336,
        0.0503,
        0.4074,
        0.1999,
        0.3775,
        0.4232,
        0.1595,
        0.1999,
        0.4306,
        1.0,
        0.3952,
        0.3931,
        0.4013,
        0.0503,
        0.3934,
        0.1999,
        0.4001,
        0.1999,
        0.0503,
        0.3922,
        0.1999,
        0.0503,
        0.1999,
        0.1999,
        0.1999,
        0.1999,
        0.1999,
        0.0503,
        0.0503,
        0.386,
        0.3955,
        0.1999,
        0.1999,
        0.1999,
        0.1999
      ],
      [
        0.1999,
        0.3466,
        0.3851,
        0.0503,
        0.3825,
        0.0503,
        0.4113,
        0.1999,
        0.4444,
        0.3939,
        0.1595,
        0.1999,
        0.3857,
        0.3952,
        1.0,
        0.4271,
        0.4181,
        0.0503,
        0.4268,
        0.1999,
        0.4194,
        0.1999,
        0.0503,
        0.4281,
        0.1999,
        0.0503,
        0.1999,
        0.1999,
        0.1999,
        0.1999,
        0.1999,
        0.0503,
        0.0503,
        0.435,
        0.4245,
        0.1999,
        0.1999,
        0.1999,
        0.1999
      ],
      [
        0.1999,
        0.3371,
        0.3814,
        0.0503,
        0.3784,
        0.0503,
        0.4116,
        0.1999,
        0.4497,
        0.3916,
        0.1595,
        0.1999,
        0.3821,
        0.3931,
        0.4271,
        1.0,
        0.4194,
        0.0503,
        0.4295,
        0.1999,
        0.4209,
        0.1999,
        0.0503,
        0.431,
        0.1999,
        0.0503,
        0.1999,
        0.1999,
        0.1999,
        0.1999,
        0.1999,
        0.0503,
        0.0503,
        0.4388,
        0.4268,
        0.1999,
        0.1999,
        0.1999,
        0.1999
      ],
      [
        0.1999,
        0.3737,
        0.3955,
        0.0503,
        0.3941,
        0.0503,
        0.4104,
        0.1999,
        0.4292,
        0.4006,
        0.1595,
        0.1999,
        0.3959,
        0.4013,
        0.4181,
        0.4194,
        1.0,
        0.0503,
        0.4192,
        0.1999,
        0.415,
        0.1999,
        0.0503,
        0.42,
        0.1999,
        0.0503,
        0.1999,
        0.1999,
        0.1999,
        0.1999,
        0.1999,
        0.0503,
        0.0503,
        0.4238,
        0.4179,
        0.1999,
        0.1999,
        0.1999,
        0.1999
      ],
      [
        0.1338,
        0.0503,
        0.0503,
        0.028,
        0.0503,
        0.028,
        0.0503,
        0.1338,
        0.0503,
        0.0503,
        0.0358,
        0.1338,
        0.0503,
        0.0503,
        0.0503,
        0.0503,
        0.0503,
        1.0,
        0.0503,
        0.1338,
        0.0503,
        0.1338,
        0.028,
        0.0503,
        0.1338,
        0.028,
        0.1338,
        0.1338,
        0.1338,
        0.1338,
        0.1338,
        0.028,
        0.028,
        0.0503,
        0.0503,
        0.1338,
        0.1338,
        0.1338,
        0.1338
      ],
      [
        0.1999,
        0.3381,
        0.3818,
        0.0503,
        0.3789,
        0.0503,
        0.4116,
        0.1999,
        0.4491,
        0.3918,
        0.1595,
        0.1999,
        0.3825,
        0.3934,
        0.4268,
        0.4295,
        0.4192,
        0.0503,
        1.0,
        0.1999,
        0.4208,
        0.1999,
        0.0503,
        0.4307,
        0.1999,
        0.0503,
        0.1999,
        0.1999,
        0.1999,
        0.1999,
        0.1999,
        0.0503,
        0.0503,
        0.4384,
        0.4265,
        0.1999,
        0.1999,
        0.1999,
        0.1999
      ],
      [
        0.6452,
        0.1999,
        0.1999,
        0.1338,
        0.1999,
        0.1338,
        0.1999,
        0.6452,
        0.1999,
        0.1999,
        0.1592,
        0.6452,
        0.1999,
        0.1999,
        0.1999,
        0.1999,
        0.1999,
        0.1338,
        0.1999,
        1.0,
        0.1999,
        0.6452,
        0.1338,
        0.1999,
        0.6452,
        0.1338,
        0.6452,
        0.6452,
        0.6452,
        0.6452,
        0.6452,
        0.1338,
        0.1338,
        0.1999,
        0.1999,
        0.6452,
        0.6452,
        0.6452,
        0.6452
      ],
      [
        0.1999,
        0.3683,
        0.3934,
        0.0503,
        0.3917,
        0.0503,
        0.4106,
        0.1999,
        0.4322,
        0.3992,
        0.1595,
        0.1999,
        0.3938,
        0.4001,
        0.4194,
        0.4209,
        0.415,
        0.0503,
        0.4208,
        0.1999,
        1.0,
        0.1999,
        0.0503,
        0.4216,
        0.1999,
        0.0503,
        0.1999,
        0.1999,
        0.1999,
        0.1999,
        0.1999,
        0.0503,
        0.0503,
        0.4261,
        0.4192,
        0.1999,
        0.1999,
        0.1999,
        0.1999
      ],
      [
        0.6452,
        0.1999,
        0.1999,
        0.1338,
        0.1999,
        0.1338,
        0.1999,
        0.6452,
        0.1999,
        0.1999,
        0.1592,
        0.6452,
        0.1999,
        0.1999,
        0.1999,
        0.1999,
        0.1999,
        0.1338,
        0.1999,
        0.6452,
        0.1999,
        1.0,
        0.1338,
        0.1999,
        0.6452,
        0.1338,
        0.6452,
        0.6452,
        0.6452,
        0.6452,
        0.6452,
        0.1338,
        0.1338,
        0.1999,
        0.1999,
        0.6452,
        0.6452,
        0.6452,
        0.6452
      ],
      [
        0.1338,
        0.0503,
        0.0503,
        0.028,
        0.0503,
        0.028,
        0.0503,
        0.1338,
        0.0503,
        0.0503,
        0.0358,
        0.1338,
        0.0503,
        0.0503,
        0.0503,
        0.0503,
        0.0503,
        0.028,
        0.0503,
        0.1338,
        0.0503,
        0.1338,
        1.0,
        0.0503,
        0.1338,
        0.028,
        0.1338,
        0.1338,
        0.1338,
        0.1338,
        0.1338,
        0.028,
        0.028,
        0.0503,
        0.0503,
        0.1338,
        0.1338,
        0.1338,
        0.1338
      ],
      [
        0.1999,
        0.3328,
        0.3798,
        0.0503,
        0.3766,
        0.0503,
        0.4117,
        0.1999,
        0.4521,
        0.3905,
        0.1595,
        0.1999,
        0.3805,
        0.3922,
        0.4281,
        0.431,
        0.42,
        0.0503,
        0.4307,
        0.1999,
        0.4216,
        0.1999,
        0.0503,
        1.0,
        0.1999,
        0.0503,
        0.1999,
        0.1999,
        0.1999,
        0.1999,
        0.1999,
        0.0503,
        0.0503,
        0.4406,
        0.4278,
        0.1999,
        0.1999,
        0.1999,
        0.1999
      ],
      [
        0.6452,
        0.1999,
        0.1999,
        0.1338,
        0.1999,
        0.1338,
        0.1999,
        0.6452,
        0.1999,
        0.1999,
        0.1592,
        0.6452,
        0.1999,
        0.1999,
        0.1999,
        0.1999,
        0.1999,
        0.1338,
        0.1999,
        0.6452,
        0.1999,
        0.6452,
        0.1338,
        0.1999,
        1.0,
        0.1338,
        0.6452,
        0.6452,
        0.6452,
        0.6452,
        0.6452,
        0.1338,
        0.1338,
        0.1999,
        0.1999,
        0.6452,
        0.6452,
        0.6452,
        0.6452
      ],
      [
        0.1338,
        0.0503,
        0.0503,
        0.028,
        0.0503,
        0.028,
        0.0503,
        0.1338,
        0.0503,
        0.0503,
        0.0358,
        0.1338,
        0.0503,
        0.0503,
        0.0503,
        0.0503,
        0.0503,
        0.028,
        0.0503,
        0.1338,
        0.0503,
        0.1338,
        0.028,
        0.0503,
        0.1338,
        1.0,
        0.1338,
        0.1338,
        0.1338,
        0.1338,
        0.1338,
        0.028,
        0.028,
        0.0503,
        0.0503,
        0.1338,
        0.1338,
        0.1338,
        0.1338
      ],
      [
        0.6452,
        0.1999,
        0.1999,
        0.1338,
        0.1999,
        0.1338,
        0.1999,
        0.6452,
        0.1999,
        0.1999,
        0.1592,
        0.6452,
        0.1999,
        0.1999,
        0.1999,
        0.1999,
        0.1999,
        0.1338,
        0.1999,
        0.6452,
        0.1999,
        0.6452,
        0.1338,
        0.1999,
        0.6452,
        0.1338,
        1.0,
        0.6452,
        0.6452,
        0.6452,
        0.6452,
        0.1338,
        0.1338,
        0.1999,
        0.1999,
        0.6452,
        0.6452,
        0.6452,
        0.6452
      ],
      [
        0.6452,
        0.1999,
        0.1999,
        0.1338,
        0.1999,
        0.1338,
        0.1999,
        0.6452,
        0.1999,
        0.1999,
        0.1592,
        0.6452,
        0.1999,
        0.1999,
        0.1999,
        0.1999,
        0.1999,
        0.1338,
        0.1999,
        0.6452,
        0.1999,
        0.6452,
        0.1338,
        0.1999,
        0.6452,
        0.1338,
        0.6452,
        1.0,
        0.6452,
        0.6452,
        0.6452,
        0.1338,
        0.1338,
        0.1999,
        0.1999,
        0.6452,
        0.6452,
        0.6452,
        0.6452
      ],
      [
        0.6452,
        0.1999,
        0.1999,
        0.1338,
        0.1999,
        0.1338,
        0.1999,
        0.6452,
        0.1999,
        0.1999,
        0.1592,
        0.6452,
        0.1999,
        0.1999,
        0.1999,
        0.1999,
        0.1999,
        0.1338,
        0.1999,
        0.6452,
        0.1999,
        0.6452,
        0.1338,
        0.1999,
        0.6452,
        0.1338,
        0.6452,
        0.6452,
        1.0,
        0.6452,
        0.6452,
        0.1338,
        0.1338,
        0.1999,
        0.1999,
        0.6452,
        0.6452,
        0.6452,
        0.6452
      ],
      [
        0.6452,
        0.1999,
        0.1999,
        0.1338,
        0.1999,
        0.1338,
        0.1999,
        0.6452,
        0.1999,
        0.1999,
        0.1592,
        0.6452,
        0.1999,
        0.1999,
        0.1999,
        0.1999,
        0.1999,
        0.1338,
        0.1999,
        0.6452,
        0.1999,
        0.6452,
        0.1338,
        0.1999,
        0.6452,
        0.1338,
        0.6452,
        0.6452,
        0.6452,
        1.0,
        0.6452,
        0.1338,
        0.1338,
        0.1999,
        0.1999,
        0.6452,
        0.6452,
        0.6452,
        0.6452
      ],
      [
        0.6452,
        0.1999,
        0.1999,
        0.1338,
        0.1999,
        0.1338,
        0.1999,
        0.6452,
        0.1999,
        0.1999,
        0.1592,
        0.6452,
        0.1999,
        0.1999,
        0.1999,
        0.1999,
        0.1999,
        0.1338,
        0.1999,
        0.6452,
        0.1999,
        0.6452,
        0.1338,
        0.1999,
        0.6452,
        0.1338,
        0.6452,
        0.6452,
        0.6452,
        0.6452,
        1.0,
        0.1338,
        0.1338,
        0.1999,
        0.1999,
        0.6452,
        0.6452,
        0.6452,
        0.6452
      ],
      [
        0.1338,
        0.0503,
        0.0503,
        0.028,
        0.0503,
        0.028,
        0.0503,
        0.1338,
        0.0503,
        0.0503,
        0.0358,
        0.1338,
        0.0503,
        0.0503,
        0.0503,
        0.0503,
        0.0503,
        0.028,
        0.0503,
        0.1338,
        0.0503,
        0.1338,
