{
  "_meta": {
    "generated": "2026-04-01T15:44:54",
    "portfolio_generated": "2026-04-01T15:43:27.443638",
    "n_assets": 40,
    "n_with_returns": 32,
    "covariance_method": "hybrid_shrunk",
    "condition_number": 501.9,
    "pca_factors": 4
  },
  "profiles": {
    "Agressif": {
      "n_assets": 16,
      "weighted_avg_correlation": 0.2374,
      "most_correlated": [
        {
          "t1": "SOXX",
          "t2": "MU",
          "corr": 0.8178,
          "w1": 8.3,
          "w2": 6.5,
          "combined_weight": 14.8
        },
        {
          "t1": "VRT",
          "t2": "MU",
          "corr": 0.7842,
          "w1": 4.5,
          "w2": 6.5,
          "combined_weight": 11.0
        },
        {
          "t1": "VRT",
          "t2": "SOXX",
          "corr": 0.775,
          "w1": 4.5,
          "w2": 8.3,
          "combined_weight": 12.8
        },
        {
          "t1": "SOXX",
          "t2": "NVDA",
          "corr": 0.7172,
          "w1": 8.3,
          "w2": 3.2,
          "combined_weight": 11.5
        },
        {
          "t1": "SLV",
          "t2": "GLD",
          "corr": 0.717,
          "w1": 5.8,
          "w2": 10.1,
          "combined_weight": 15.9
        },
        {
          "t1": "NVDA",
          "t2": "MU",
          "corr": 0.7036,
          "w1": 3.2,
          "w2": 6.5,
          "combined_weight": 9.7
        },
        {
          "t1": "VRT",
          "t2": "NVDA",
          "corr": 0.6804,
          "w1": 4.5,
          "w2": 3.2,
          "combined_weight": 7.7
        },
        {
          "t1": "SLVP",
          "t2": "SLV",
          "corr": 0.6645,
          "w1": 3.9,
          "w2": 5.8,
          "combined_weight": 9.7
        },
        {
          "t1": "SOXX",
          "t2": "FLKR",
          "corr": 0.6433,
          "w1": 8.3,
          "w2": 5.8,
          "combined_weight": 14.2
        },
        {
          "t1": "MU",
          "t2": "FLKR",
          "corr": 0.5957,
          "w1": 6.5,
          "w2": 5.8,
          "combined_weight": 12.3
        }
      ],
      "least_correlated": [
        {
          "t1": "INCY",
          "t2": "CF",
          "corr": -0.0612,
          "w1": 8.1,
          "w2": 5.2,
          "combined_weight": 13.3
        },
        {
          "t1": "MU",
          "t2": "CF",
          "corr": -0.0637,
          "w1": 6.5,
          "w2": 5.2,
          "combined_weight": 11.7
        },
        {
          "t1": "CF",
          "t2": "FLKR",
          "corr": -0.1019,
          "w1": 5.2,
          "w2": 5.8,
          "combined_weight": 11.0
        },
        {
          "t1": "CF",
          "t2": "GOOGL",
          "corr": -0.103,
          "w1": 5.2,
          "w2": 3.9,
          "combined_weight": 9.1
        },
        {
          "t1": "CF",
          "t2": "SLVP",
          "corr": -0.2139,
          "w1": 5.2,
          "w2": 3.9,
          "combined_weight": 9.1
        }
      ],
      "high_corr_high_weight": [
        {
          "t1": "SOXX",
          "t2": "MU",
          "corr": 0.8178,
          "w1": 8.3,
          "w2": 6.5,
          "combined_weight": 14.8
        },
        {
          "t1": "VRT",
          "t2": "MU",
          "corr": 0.7842,
          "w1": 4.5,
          "w2": 6.5,
          "combined_weight": 11.0
        },
        {
          "t1": "VRT",
          "t2": "SOXX",
          "corr": 0.775,
          "w1": 4.5,
          "w2": 8.3,
          "combined_weight": 12.8
        },
        {
          "t1": "SOXX",
          "t2": "NVDA",
          "corr": 0.7172,
          "w1": 8.3,
          "w2": 3.2,
          "combined_weight": 11.5
        },
        {
          "t1": "SLV",
          "t2": "GLD",
          "corr": 0.717,
          "w1": 5.8,
          "w2": 10.1,
          "combined_weight": 15.9
        }
      ]
    },
    "Mod\u00e9r\u00e9": {
      "n_assets": 15,
      "weighted_avg_correlation": 0.2615,
      "most_correlated": [
        {
          "t1": "SCHD",
          "t2": "HDV",
          "corr": 0.626,
          "w1": 6.8,
          "w2": 7.5,
          "combined_weight": 14.3
        },
        {
          "t1": "SCHD",
          "t2": "GGG",
          "corr": 0.5876,
          "w1": 6.8,
          "w2": 3.2,
          "combined_weight": 10.0
        },
        {
          "t1": "SCHD",
          "t2": "VSS",
          "corr": 0.5741,
          "w1": 6.8,
          "w2": 8.4,
          "combined_weight": 15.1
        },
        {
          "t1": "RIO",
          "t2": "VSS",
          "corr": 0.572,
          "w1": 6.8,
          "w2": 8.4,
          "combined_weight": 15.1
        },
        {
          "t1": "SCHY",
          "t2": "VSS",
          "corr": 0.5718,
          "w1": 8.4,
          "w2": 8.4,
          "combined_weight": 16.8
        },
        {
          "t1": "SCHD",
          "t2": "XLV",
          "corr": 0.5694,
          "w1": 6.8,
          "w2": 3.1,
          "combined_weight": 9.9
        },
        {
          "t1": "SCHD",
          "t2": "SCHY",
          "corr": 0.5532,
          "w1": 6.8,
          "w2": 8.4,
          "combined_weight": 15.1
        },
        {
          "t1": "HDV",
          "t2": "GGG",
          "corr": 0.5304,
          "w1": 7.5,
          "w2": 3.2,
          "combined_weight": 10.7
        },
        {
          "t1": "HDV",
          "t2": "XLV",
          "corr": 0.5276,
          "w1": 7.5,
          "w2": 3.1,
          "combined_weight": 10.6
        },
        {
          "t1": "SCHY",
          "t2": "HDV",
          "corr": 0.5256,
          "w1": 8.4,
          "w2": 7.5,
          "combined_weight": 15.9
        }
      ],
      "least_correlated": [
        {
          "t1": "STIP",
          "t2": "GLD",
          "corr": 0.0353,
          "w1": 9.0,
          "w2": 8.1,
          "combined_weight": 17.1
        },
        {
          "t1": "VGSH",
          "t2": "ITX",
          "corr": 0.0287,
          "w1": 9.0,
          "w2": 3.2,
          "combined_weight": 12.2
        },
        {
          "t1": "STIP",
          "t2": "ITX",
          "corr": 0.0287,
          "w1": 9.0,
          "w2": 3.2,
          "combined_weight": 12.2
        },
        {
          "t1": "VGSH",
          "t2": "STIP",
          "corr": 0.0184,
          "w1": 9.0,
          "w2": 9.0,
          "combined_weight": 18.0
        },
        {
          "t1": "ITX",
          "t2": "GLD",
          "corr": -0.0151,
          "w1": 3.2,
          "w2": 8.1,
          "combined_weight": 11.3
        }
      ],
      "high_corr_high_weight": []
    },
    "Stable": {
      "n_assets": 16,
      "weighted_avg_correlation": 0.121,
      "most_correlated": [
        {
          "t1": "SPYV",
          "t2": "XLV",
          "corr": 0.5827,
          "w1": 4.3,
          "w2": 4.4,
          "combined_weight": 8.7
        },
        {
          "t1": "ACWV",
          "t2": "SPYV",
          "corr": 0.5758,
          "w1": 4.7,
          "w2": 4.3,
          "combined_weight": 8.9
        },
        {
          "t1": "ACWV",
          "t2": "XLV",
          "corr": 0.5422,
          "w1": 4.7,
          "w2": 4.4,
          "combined_weight": 9.1
        },
        {
          "t1": "ACWV",
          "t2": "SPLV",
          "corr": 0.5363,
          "w1": 4.7,
          "w2": 4.7,
          "combined_weight": 9.3
        },
        {
          "t1": "SPLV",
          "t2": "SPYV",
          "corr": 0.5293,
          "w1": 4.7,
          "w2": 4.3,
          "combined_weight": 8.9
        },
        {
          "t1": "SPLV",
          "t2": "XLV",
          "corr": 0.5195,
          "w1": 4.7,
          "w2": 4.4,
          "combined_weight": 9.1
        },
        {
          "t1": "SPYV",
          "t2": "GD",
          "corr": 0.5017,
          "w1": 4.3,
          "w2": 3.8,
          "combined_weight": 8.1
        },
        {
          "t1": "ACWV",
          "t2": "GD",
          "corr": 0.4559,
          "w1": 4.7,
          "w2": 3.8,
          "combined_weight": 8.5
        },
        {
          "t1": "SPLV",
          "t2": "VICI",
          "corr": 0.4529,
          "w1": 4.7,
          "w2": 4.5,
          "combined_weight": 9.2
        },
        {
          "t1": "SPLV",
          "t2": "GD",
          "corr": 0.4508,
          "w1": 4.7,
          "w2": 3.8,
          "combined_weight": 8.5
        }
      ],
      "least_correlated": [
        {
          "t1": "BSV",
          "t2": "VGSH",
          "corr": 0.0184,
          "w1": 10.3,
          "w2": 13.0,
          "combined_weight": 23.3
        },
        {
          "t1": "BSV",
          "t2": "STIP",
          "corr": 0.0184,
          "w1": 10.3,
          "w2": 13.0,
          "combined_weight": 23.3
        },
        {
          "t1": "CLTL",
          "t2": "VGSH",
          "corr": 0.0184,
          "w1": 10.8,
          "w2": 13.0,
          "combined_weight": 23.8
        },
        {
          "t1": "CLTL",
          "t2": "STIP",
          "corr": 0.0184,
          "w1": 10.8,
          "w2": 13.0,
          "combined_weight": 23.8
        },
        {
          "t1": "VGSH",
          "t2": "STIP",
          "corr": 0.0184,
          "w1": 13.0,
          "w2": 13.0,
          "combined_weight": 26.0
        }
      ],
      "high_corr_high_weight": []
    }
  },
  "all_pairs_top_30": [
    {
      "t1": "MU",
      "t2": "SOXX",
      "corr_hybrid": 0.8178,
      "corr_structured": null,
      "cat1": "Act",
      "cat2": "ETF",
      "exp1": null,
      "exp2": "semiconductor",
      "fam1": null,
      "fam2": "sector_tech"
    },
    {
      "t1": "MU",
      "t2": "VRT",
      "corr_hybrid": 0.7842,
      "corr_structured": null,
      "cat1": "Act",
      "cat2": "Act",
      "exp1": null,
      "exp2": null,
      "fam1": null,
      "fam2": null
    },
    {
      "t1": "SOXX",
      "t2": "VRT",
      "corr_hybrid": 0.775,
      "corr_structured": null,
      "cat1": "ETF",
      "cat2": "Act",
      "exp1": "semiconductor",
      "exp2": null,
      "fam1": "sector_tech",
      "fam2": null
    },
    {
      "t1": "NVDA",
      "t2": "SOXX",
      "corr_hybrid": 0.7172,
      "corr_structured": null,
      "cat1": "Act",
      "cat2": "ETF",
      "exp1": null,
      "exp2": "semiconductor",
      "fam1": null,
      "fam2": "sector_tech"
    },
    {
      "t1": "GLD",
      "t2": "SLV",
      "corr_hybrid": 0.717,
      "corr_structured": 0.85,
      "cat1": "ETF",
      "cat2": "ETF",
      "exp1": "gold_physical",
      "exp2": "silver_physical",
      "fam1": "gold",
      "fam2": "precious_metals"
    },
    {
      "t1": "MU",
      "t2": "NVDA",
      "corr_hybrid": 0.7036,
      "corr_structured": null,
      "cat1": "Act",
      "cat2": "Act",
      "exp1": null,
      "exp2": null,
      "fam1": null,
      "fam2": null
    },
    {
      "t1": "NVDA",
      "t2": "VRT",
      "corr_hybrid": 0.6804,
      "corr_structured": null,
      "cat1": "Act",
      "cat2": "Act",
      "exp1": null,
      "exp2": null,
      "fam1": null,
      "fam2": null
    },
    {
      "t1": "SCHD",
      "t2": "SPYV",
      "corr_hybrid": 0.6685,
      "corr_structured": 0.8,
      "cat1": "ETF",
      "cat2": "ETF",
      "exp1": "dividend",
      "exp2": "sp500_value",
      "fam1": "factor_dividend",
      "fam2": "factor_value"
    },
    {
      "t1": "SLV",
      "t2": "SLVP",
      "corr_hybrid": 0.6645,
      "corr_structured": 0.9,
      "cat1": "ETF",
      "cat2": "ETF",
      "exp1": "silver_physical",
      "exp2": "silver_miners",
      "fam1": "precious_metals",
      "fam2": "precious_metals"
    },
    {
      "t1": "FLKR",
      "t2": "SOXX",
      "corr_hybrid": 0.6433,
      "corr_structured": 0.2,
      "cat1": "ETF",
      "cat2": "ETF",
      "exp1": "south_korea",
      "exp2": "semiconductor",
      "fam1": "em_equity",
      "fam2": "sector_tech"
    },
    {
      "t1": "SPYV",
      "t2": "VSS",
      "corr_hybrid": 0.6395,
      "corr_structured": 0.2,
      "cat1": "ETF",
      "cat2": "ETF",
      "exp1": "sp500_value",
      "exp2": "intl_small_cap",
      "fam1": "factor_value",
      "fam2": null
    },
    {
      "t1": "SOXX",
      "t2": "SPYV",
      "corr_hybrid": 0.6362,
      "corr_structured": 0.2,
      "cat1": "ETF",
      "cat2": "ETF",
      "exp1": "semiconductor",
      "exp2": "sp500_value",
      "fam1": "sector_tech",
      "fam2": "factor_value"
    },
    {
      "t1": "HDV",
      "t2": "SCHD",
      "corr_hybrid": 0.626,
      "corr_structured": 0.95,
      "cat1": "ETF",
      "cat2": "ETF",
      "exp1": "dividend",
      "exp2": "dividend",
      "fam1": "factor_dividend",
      "fam2": "factor_dividend"
    },
    {
      "t1": "SOXX",
      "t2": "VSS",
      "corr_hybrid": 0.6121,
      "corr_structured": 0.2,
      "cat1": "ETF",
      "cat2": "ETF",
      "exp1": "semiconductor",
      "exp2": "intl_small_cap",
      "fam1": "sector_tech",
      "fam2": null
    },
    {
      "t1": "GGG",
      "t2": "SPYV",
      "corr_hybrid": 0.5983,
      "corr_structured": null,
      "cat1": "Act",
      "cat2": "ETF",
      "exp1": null,
      "exp2": "sp500_value",
      "fam1": null,
      "fam2": "factor_value"
    },
    {
      "t1": "FLKR",
      "t2": "MU",
      "corr_hybrid": 0.5957,
      "corr_structured": null,
      "cat1": "ETF",
      "cat2": "Act",
      "exp1": "south_korea",
      "exp2": null,
      "fam1": "em_equity",
      "fam2": null
    },
    {
      "t1": "HDV",
      "t2": "SPYV",
      "corr_hybrid": 0.588,
      "corr_structured": 0.8,
      "cat1": "ETF",
      "cat2": "ETF",
      "exp1": "dividend",
      "exp2": "sp500_value",
      "fam1": "factor_dividend",
      "fam2": "factor_value"
    },
    {
      "t1": "GGG",
      "t2": "SCHD",
      "corr_hybrid": 0.5876,
      "corr_structured": null,
      "cat1": "Act",
      "cat2": "ETF",
      "exp1": null,
      "exp2": "dividend",
      "fam1": null,
      "fam2": "factor_dividend"
    },
    {
      "t1": "SPYV",
      "t2": "XLV",
      "corr_hybrid": 0.5827,
      "corr_structured": 0.2,
      "cat1": "ETF",
      "cat2": "ETF",
      "exp1": "sp500_value",
      "exp2": "healthcare",
      "fam1": "factor_value",
      "fam2": "sector_healthcare"
    },
    {
      "t1": "ACWV",
      "t2": "SCHD",
      "corr_hybrid": 0.5819,
      "corr_structured": 0.72,
      "cat1": "ETF",
      "cat2": "ETF",
      "exp1": "min_vol",
      "exp2": "dividend",
      "fam1": "factor_min_vol",
      "fam2": "factor_dividend"
    },
    {
      "t1": "ACWV",
      "t2": "SPYV",
      "corr_hybrid": 0.5758,
      "corr_structured": 0.2,
      "cat1": "ETF",
      "cat2": "ETF",
      "exp1": "min_vol",
      "exp2": "sp500_value",
      "fam1": "factor_min_vol",
      "fam2": "factor_value"
    },
    {
      "t1": "SPYV",
      "t2": "XBI",
      "corr_hybrid": 0.5753,
      "corr_structured": 0.2,
      "cat1": "ETF",
      "cat2": "ETF",
      "exp1": "sp500_value",
      "exp2": "biotech",
      "fam1": "factor_value",
      "fam2": "sector_healthcare"
    },
    {
      "t1": "SCHD",
      "t2": "VSS",
      "corr_hybrid": 0.5741,
      "corr_structured": 0.2,
      "cat1": "ETF",
      "cat2": "ETF",
      "exp1": "dividend",
      "exp2": "intl_small_cap",
      "fam1": "factor_dividend",
      "fam2": null
    },
    {
      "t1": "REMX",
      "t2": "SLV",
      "corr_hybrid": 0.5721,
      "corr_structured": 0.2,
      "cat1": "ETF",
      "cat2": "ETF",
      "exp1": "rare_earth",
      "exp2": "silver_physical",
      "fam1": null,
      "fam2": "precious_metals"
    },
    {
      "t1": "RIO",
      "t2": "VSS",
      "corr_hybrid": 0.572,
      "corr_structured": null,
      "cat1": "Act",
      "cat2": "ETF",
      "exp1": null,
      "exp2": "intl_small_cap",
      "fam1": null,
      "fam2": null
    },
    {
      "t1": "SCHY",
      "t2": "VSS",
      "corr_hybrid": 0.5718,
      "corr_structured": 0.2,
      "cat1": "ETF",
      "cat2": "ETF",
      "exp1": "international",
      "exp2": "intl_small_cap",
      "fam1": "intl_equity",
      "fam2": null
    },
    {
      "t1": "SCHY",
      "t2": "SPYV",
      "corr_hybrid": 0.5699,
      "corr_structured": 0.2,
      "cat1": "ETF",
      "cat2": "ETF",
      "exp1": "international",
      "exp2": "sp500_value",
      "fam1": "intl_equity",
      "fam2": "factor_value"
    },
    {
      "t1": "SCHD",
      "t2": "XLV",
      "corr_hybrid": 0.5694,
      "corr_structured": 0.2,
      "cat1": "ETF",
      "cat2": "ETF",
      "exp1": "dividend",
      "exp2": "healthcare",
      "fam1": "factor_dividend",
      "fam2": "sector_healthcare"
    },
    {
      "t1": "CF",
      "t2": "EOG",
      "corr_hybrid": 0.5686,
      "corr_structured": null,
      "cat1": "Act",
      "cat2": "Act",
      "exp1": null,
      "exp2": null,
      "fam1": null,
      "fam2": null
    },
    {
      "t1": "SCHD",
      "t2": "SPLV",
      "corr_hybrid": 0.5686,
      "corr_structured": 0.82,
      "cat1": "ETF",
      "cat2": "ETF",
      "exp1": "dividend",
      "exp2": "sp500",
      "fam1": "factor_dividend",
      "fam2": "us_equity_large"
    }
  ],
  "all_pairs_bottom_10": [
    {
      "t1": "SCHO",
      "t2": "VRT",
      "corr_hybrid": 0.0132,
      "corr_structured": null,
      "cat1": "Obl",
      "cat2": "Act",
      "exp1": "bonds_short_treasury",
      "exp2": null,
      "fam1": "bonds_short",
      "fam2": null
    },
    {
      "t1": "SGOV",
      "t2": "VRT",
      "corr_hybrid": 0.0132,
      "corr_structured": null,
      "cat1": "Obl",
      "cat2": "Act",
      "exp1": "bonds_tbill",
      "exp2": null,
      "fam1": "bonds_short",
      "fam2": null
    },
    {
      "t1": "STIP",
      "t2": "VRT",
      "corr_hybrid": 0.0132,
      "corr_structured": null,
      "cat1": "Obl",
      "cat2": "Act",
      "exp1": "bonds_tips",
      "exp2": null,
      "fam1": "bonds_gov",
      "fam2": null
    },
    {
      "t1": "VGSH",
      "t2": "VRT",
      "corr_hybrid": 0.0132,
      "corr_structured": null,
      "cat1": "Obl",
      "cat2": "Act",
      "exp1": "bonds_short_treasury",
      "exp2": null,
      "fam1": "bonds_short",
      "fam2": null
    },
    {
      "t1": "INCY",
      "t2": "SLV",
      "corr_hybrid": -0.0121,
      "corr_structured": null,
      "cat1": "Act",
      "cat2": "ETF",
      "exp1": null,
      "exp2": "silver_physical",
      "fam1": null,
      "fam2": "precious_metals"
    },
    {
      "t1": "AGS",
      "t2": "SLVP",
      "corr_hybrid": 0.0109,
      "corr_structured": null,
      "cat1": "Act",
      "cat2": "ETF",
      "exp1": null,
      "exp2": "silver_miners",
      "fam1": null,
      "fam2": "precious_metals"
    },
    {
      "t1": "JNJ",
      "t2": "NVDA",
      "corr_hybrid": 0.0088,
      "corr_structured": null,
      "cat1": "Act",
      "cat2": "Act",
      "exp1": null,
      "exp2": null,
      "fam1": null,
      "fam2": null
    },
    {
      "t1": "SCHP",
      "t2": "SLV",
      "corr_hybrid": 0.0084,
      "corr_structured": 0.2,
      "cat1": "Act",
      "cat2": "ETF",
      "exp1": "bonds_tips",
      "exp2": "silver_physical",
      "fam1": "bonds_gov",
      "fam2": "precious_metals"
    },
    {
      "t1": "CF",
      "t2": "XLV",
      "corr_hybrid": 0.006,
      "corr_structured": null,
      "cat1": "Act",
      "cat2": "ETF",
      "exp1": null,
      "exp2": "healthcare",
      "fam1": null,
      "fam2": "sector_healthcare"
    },
    {
      "t1": "CF",
      "t2": "SOXX",
      "corr_hybrid": 0.0008,
      "corr_structured": null,
      "cat1": "Act",
      "cat2": "ETF",
      "exp1": null,
      "exp2": "semiconductor",
      "fam1": null,
      "fam2": "sector_tech"
    }
  ],
  "correlation_matrix": {
    "tickers": [
      "ACWV",
      "AGS",
      "BKR",
      "BSV",
      "CF",
      "CLTL",
      "EOG",
      "FLKR",
      "GD",
      "GGG",
      "GLD",
      "GOOGL",
      "HDV",
      "INCY",
      "ITX",
      "JNJ",
      "MU",
      "NVDA",
      "PAAA",
      "PG",
      "REMX",
      "RIO",
      "SCHD",
      "SCHO",
      "SCHP",
      "SCHY",
      "SGOV",
      "SLV",
      "SLVP",
      "SOXX",
      "SPLV",
      "SPYV",
      "STIP",
      "ULVR",
      "VGSH",
      "VICI",
      "VRT",
      "VSS",
      "XBI",
      "XLV"
    ],
    "matrix": [
      [
        1.0,
        0.4018,
        0.4232,
        0.0994,
        0.0919,
        0.0994,
        0.3225,
        0.3624,
        0.4559,
        0.5141,
        0.1722,
        0.3326,
        0.5553,
        0.4175,
        0.1624,
        0.3894,
        0.246,
        0.2588,
        0.0994,
        0.3919,
        0.3921,
        0.4375,
        0.5819,
        0.0994,
        0.2559,
        0.534,
        0.0994,
        0.2,
        0.2289,
        0.3751,
        0.5363,
        0.5758,
        0.0994,
        0.1266,
        0.0994,
        0.4377,
        0.1729,
        0.532,
        0.4902,
        0.5422
      ],
      [
        0.4018,
        1.0,
        0.3731,
        0.0719,
        0.2242,
        0.0719,
        0.3527,
        0.1852,
        0.3672,
        0.3939,
        0.0521,
        0.1974,
        0.4485,
        0.2938,
        0.1076,
        0.2999,
        0.1194,
        0.1658,
        0.0719,
        0.3029,
        0.2173,
        0.2886,
        0.4669,
        0.0719,
        0.2169,
        0.3617,
        0.0719,
        0.0477,
        0.0109,
        0.2215,
        0.417,
        0.4217,
        0.0719,
        0.081,
        0.0719,
        0.3585,
        0.0857,
        0.3365,
        0.3165,
        0.3849
      ],
      [
        0.4232,
        0.3731,
        1.0,
        0.0685,
        0.3931,
        0.0685,
        0.5594,
        0.3497,
        0.4347,
        0.4653,
        0.1713,
        0.298,
        0.504,
        0.2909,
        0.0884,
        0.2254,
        0.4004,
        0.4225,
        0.0685,
        0.2061,
        0.3807,
        0.4528,
        0.5664,
        0.0685,
        0.196,
        0.42,
        0.0685,
        0.2297,
        0.0347,
        0.498,
        0.4045,
        0.5619,
        0.0685,
        0.0665,
        0.0685,
        0.3554,
        0.4153,
        0.4866,
        0.3823,
        0.3946
      ],
      [
        0.0994,
        0.0719,
        0.0685,
        1.0,
        0.0153,
        0.0184,
        0.0518,
        0.0559,
        0.0803,
        0.0879,
        0.0353,
        0.0517,
        0.0993,
        0.0722,
        0.0287,
        0.0751,
        0.0263,
        0.0308,
        0.0184,
        0.0764,
        0.0675,
        0.076,
        0.1004,
        0.0184,
        0.0475,
        0.0955,
        0.0184,
        0.0387,
        0.0466,
        0.0511,
        0.0982,
        0.0959,
        0.0184,
        0.0234,
        0.0184,
        0.0811,
        0.0132,
        0.0906,
        0.0836,
        0.0958
      ],
      [
        0.0919,
        0.2242,
        0.3931,
        0.0153,
        1.0,
        0.0153,
        0.5686,
        -0.1019,
        0.2206,
        0.1216,
        0.1438,
        -0.103,
        0.2611,
        -0.0612,
        -0.0596,
        0.0731,
        -0.0637,
        0.0456,
        0.0153,
        0.0574,
        0.0815,
        0.1958,
        0.2493,
        0.0153,
        0.1055,
        0.0745,
        0.0153,
        0.1568,
        -0.2139,
        0.0008,
        0.1463,
        0.1311,
        0.0153,
        -0.0261,
        0.0153,
        0.2038,
        0.068,
        0.0667,
        -0.0502,
        0.006
      ],
      [
        0.0994,
        0.0719,
        0.0685,
        0.0184,
        0.0153,
        1.0,
        0.0518,
        0.0559,
        0.0803,
        0.0879,
        0.0353,
        0.0517,
        0.0993,
        0.0722,
        0.0287,
        0.0751,
        0.0263,
        0.0308,
        0.0184,
        0.0764,
        0.0675,
        0.076,
        0.1004,
        0.0184,
        0.0475,
        0.0955,
        0.0184,
        0.0387,
        0.0466,
        0.0511,
        0.0982,
        0.0959,
        0.0184,
        0.0234,
        0.0184,
        0.0811,
        0.0132,
        0.0906,
        0.0836,
        0.0958
      ],
      [
        0.3225,
        0.3527,
        0.5594,
        0.0518,
        0.5686,
        0.0518,
        1.0,
        0.1865,
        0.3884,
        0.3716,
        0.1432,
        0.1601,
        0.4522,
        0.1766,
        0.0365,
        0.1816,
        0.247,
        0.3107,
        0.0518,
        0.1625,
        0.2715,
        0.3731,
        0.4933,
        0.0518,
        0.1801,
        0.3065,
        0.0518,
        0.1815,
        -0.1037,
        0.3382,
        0.336,
        0.4382,
        0.0518,
        0.0324,
        0.0518,
        0.3264,
        0.3101,
        0.3455,
        0.2352,
        0.2708
      ],
      [
        0.3624,
        0.1852,
        0.3497,
        0.0559,
        -0.1019,
        0.0559,
        0.1865,
        1.0,
        0.285,
        0.3858,
        0.2118,
        0.4283,
        0.3145,
        0.3193,
        0.1194,
        0.1263,
        0.5957,
        0.5084,
        0.0559,
        0.1059,
        0.4579,
        0.4247,
        0.3998,
        0.0559,
        0.0882,
        0.4119,
        0.0559,
        0.3125,
        0.3226,
        0.6433,
        0.2723,
        0.5193,
        0.0559,
        0.0829,
        0.0559,
        0.1843,
        0.5384,
        0.5429,
        0.4608,
        0.3863
      ],
      [
        0.4559,
        0.3672,
        0.4347,
        0.0803,
        0.2206,
        0.0803,
        0.3884,
        0.285,
        1.0,
        0.4449,
        0.142,
        0.2624,
        0.4947,
        0.3276,
        0.1186,
        0.311,
        0.2247,
        0.253,
        0.0803,
        0.308,
        0.3257,
        0.3861,
        0.5236,
        0.0803,
        0.222,
        0.4358,
        0.0803,
        0.1675,
        0.1102,
        0.3356,
        0.4508,
        0.5017,
        0.0803,
        0.0928,
        0.0803,
        0.3826,
        0.1924,
        0.442,
        0.3879,
        0.4353
      ],
      [
        0.5141,
        0.3939,
        0.4653,
        0.0879,
        0.1216,
        0.0879,
        0.3716,
        0.3858,
        0.4449,
        1.0,
        0.0727,
        0.3673,
        0.5304,
        0.4189,
        0.1574,
        0.3276,
        0.3557,
        0.3604,
        0.0879,
        0.3246,
        0.3502,
        0.4019,
        0.5876,
        0.0879,
        0.237,
        0.4873,
        0.0879,
        0.0971,
        0.1026,
        0.4634,
        0.4933,
        0.5983,
        0.0879,
        0.1099,
        0.0879,
        0.3972,
        0.286,
        0.5109,
        0.4835,
        0.5202
      ],
      [
        0.1722,
        0.0521,
        0.1713,
        0.0353,
        0.1438,
        0.0353,
        0.1432,
        0.2118,
        0.142,
        0.0727,
        1.0,
        0.0516,
        0.1685,
        -0.0145,
        -0.0151,
        0.089,
        0.0926,
        0.0713,
        0.0353,
        0.0698,
        0.4488,
        0.4165,
        0.1316,
        0.0353,
        0.0217,
        0.2715,
        0.0353,
        0.717,
        0.5428,
        0.16,
        0.1218,
        0.1498,
        0.0353,
        0.0369,
        0.0353,
        0.1275,
        0.1611,
        0.3422,
        0.1406,
        0.0913
      ],
      [
        0.3326,
        0.1974,
        0.298,
        0.0517,
        -0.103,
        0.0517,
        0.1601,
        0.4283,
        0.2624,
        0.3673,
        0.0516,
        1.0,
        0.2956,
        0.3218,
        0.124,
        0.1426,
        0.4796,
        0.4187,
        0.0517,
        0.132,
        0.313,
        0.3018,
        0.3746,
        0.0517,
        0.1059,
        0.3441,
        0.0517,
        0.1037,
        0.161,
        0.522,
        0.2719,
        0.4623,
        0.0517,
        0.0771,
        0.0517,
        0.1853,
        0.4055,
        0.4279,
        0.4063,
        0.3692
      ],
      [
        0.5553,
        0.4485,
        0.504,
        0.0993,
        0.2611,
        0.0993,
        0.4522,
        0.3145,
        0.4947,
        0.5304,
        0.1685,
        0.2956,
        1.0,
        0.3946,
        0.145,
        0.396,
        0.2166,
        0.2589,
        0.0993,
        0.3957,
        0.3764,
        0.4523,
        0.626,
        0.0993,
        0.277,
        0.5256,
        0.0993,
        0.1907,
        0.1356,
        0.3557,
        0.5563,
        0.588,
        0.0993,
        0.1153,
        0.0993,
        0.474,
        0.1742,
        0.5165,
        0.4585,
        0.5276
      ],
      [
        0.4175,
        0.2938,
        0.2909,
        0.0722,
        -0.0612,
        0.0722,
        0.1766,
        0.3193,
        0.3276,
        0.4189,
        -0.0145,
        0.3218,
        0.3946,
        1.0,
        0.1522,
        0.2775,
        0.2751,
        0.2631,
        0.0722,
        0.2824,
        0.2403,
        0.2653,
        0.4422,
        0.0722,
        0.1882,
        0.3866,
        0.0722,
        -0.0121,
        0.0964,
        0.3535,
        0.3969,
        0.467,
        0.0722,
        0.1008,
        0.0722,
        0.3005,
        0.1782,
        0.391,
        0.4131,
        0.4455
      ],
      [
        0.1624,
        0.1076,
        0.0884,
        0.0287,
        -0.0596,
        0.0287,
        0.0365,
        0.1194,
        0.1186,
        0.1574,
        -0.0151,
        0.124,
        0.145,
        0.1522,
        1.0,
        0.114,
        0.0909,
        0.0841,
        0.0287,
        0.118,
        0.0838,
        0.0895,
        0.1607,
        0.0287,
        0.0729,
        0.1486,
        0.0287,
        -0.0183,
        0.0478,
        0.1207,
        0.1545,
        0.1716,
        0.0287,
        0.0423,
        0.0287,
        0.1136,
        0.0449,
        0.1443,
        0.1618,
        0.1766
      ],
      [
        0.3894,
        0.2999,
        0.2254,
        0.0751,
        0.0731,
        0.0751,
        0.1816,
        0.1263,
        0.311,
        0.3276,
        0.089,
        0.1426,
        0.396,
        0.2775,
        0.114,
        1.0,
        -0.0349,
        0.0088,
        0.0751,
        0.3506,
        0.1911,
        0.2398,
        0.3794,
        0.0751,
        0.2098,
        0.3523,
        0.0751,
        0.0726,
        0.1308,
        0.0715,
        0.4085,
        0.3272,
        0.0751,
        0.0945,
        0.0751,
        0.3445,
        -0.093,
        0.2887,
        0.2888,
        0.3713
      ],
      [
        0.246,
        0.1194,
        0.4004,
        0.0263,
        -0.0637,
        0.0263,
        0.247,
        0.5957,
        0.2247,
        0.3557,
        0.0926,
        0.4796,
        0.2166,
        0.2751,
        0.0909,
        -0.0349,
        1.0,
        0.7036,
        0.0263,
        -0.0697,
        0.4099,
        0.3716,
        0.3563,
        0.0263,
        0.0172,
        0.3026,
        0.0263,
        0.2077,
        0.1526,
        0.8178,
        0.1362,
        0.5227,
        0.0263,
        0.0424,
        0.0263,
        0.0622,
        0.7842,
        0.5021,
        0.4218,
        0.296
      ],
      [
        0.2588,
        0.1658,
        0.4225,
        0.0308,
        0.0456,
        0.0308,
        0.3107,
        0.5084,
        0.253,
        0.3604,
        0.0713,
        0.4187,
        0.2589,
        0.2631,
        0.0841,
        0.0088,
        0.7036,
        1.0,
        0.0308,
        -0.0215,
        0.3621,
        0.3525,
        0.3811,
        0.0308,
        0.051,
        0.2954,
        0.0308,
        0.1641,
        0.0788,
        0.7172,
        0.1755,
        0.5036,
        0.0308,
        0.0407,
        0.0308,
        0.1118,
        0.6804,
        0.4586,
        0.3845,
        0.2939
      ],
      [
        0.0994,
        0.0719,
        0.0685,
        0.0184,
        0.0153,
        0.0184,
        0.0518,
        0.0559,
        0.0803,
        0.0879,
        0.0353,
        0.0517,
        0.0993,
        0.0722,
        0.0287,
        0.0751,
        0.0263,
        0.0308,
        1.0,
        0.0764,
        0.0675,
        0.076,
        0.1004,
        0.0184,
        0.0475,
        0.0955,
        0.0184,
        0.0387,
        0.0466,
        0.0511,
        0.0982,
        0.0959,
        0.0184,
        0.0234,
        0.0184,
        0.0811,
        0.0132,
        0.0906,
        0.0836,
        0.0958
      ],
      [
        0.3919,
        0.3029,
        0.2061,
        0.0764,
        0.0574,
        0.0764,
        0.1625,
        0.1059,
        0.308,
        0.3246,
        0.0698,
        0.132,
        0.3957,
        0.2824,
        0.118,
        0.3506,
        -0.0697,
        -0.0215,
        0.0764,
        1.0,
        0.17,
        0.2206,
        0.3742,
        0.0764,
        0.2162,
        0.3484,
        0.0764,
        0.0443,
        0.1217,
        0.0384,
        0.4162,
        0.3153,
        0.0764,
        0.0971,
        0.0764,
        0.3503,
        -0.1345,
        0.272,
        0.2839,
        0.3752
      ],
      [
        0.3921,
        0.2173,
        0.3807,
        0.0675,
        0.0815,
        0.0675,
        0.2715,
        0.4579,
        0.3257,
        0.3502,
        0.4488,
        0.313,
        0.3764,
        0.2403,
        0.0838,
        0.1911,
        0.4099,
        0.3621,
        0.0675,
        0.17,
        1.0,
        0.5317,
        0.4084,
        0.0675,
        0.1141,
        0.4632,
        0.0675,
        0.5721,
        0.4716,
        0.4978,
        0.319,
        0.4728,
        0.0675,
        0.0853,
        0.0675,
        0.2595,
        0.408,
        0.568,
        0.408,
        0.3571
      ],
      [
        0.4375,
        0.2886,
        0.4528,
        0.076,
        0.1958,
        0.076,
        0.3731,
        0.4247,
        0.3861,
        0.4019,
        0.4165,
        0.3018,
        0.4523,
        0.2653,
        0.0895,
        0.2398,
        0.3716,
        0.3525,
        0.076,
        0.2206,
        0.5317,
        1.0,
        0.4822,
        0.076,
        0.1579,
        0.4883,
        0.076,
        0.5235,
        0.3886,
        0.4773,
        0.3836,
        0.5148,
        0.076,
        0.0888,
        0.076,
        0.3257,
        0.3768,
        0.572,
        0.4164,
        0.3939
      ],
      [
        0.5819,
        0.4669,
        0.5664,
        0.1004,
        0.2493,
        0.1004,
        0.4933,
        0.3998,
        0.5236,
        0.5876,
        0.1316,
        0.3746,
        0.626,
        0.4422,
        0.1607,
        0.3794,
        0.3563,
        0.3811,
        0.1004,
        0.3742,
        0.4084,
        0.4822,
        1.0,
        0.1004,
        0.2782,
        0.5532,
        0.1004,
        0.1631,
        0.1065,
        0.4889,
        0.5686,
        0.6685,
        0.1004,
        0.118,
        0.1004,
        0.474,
        0.3041,
        0.5741,
        0.5183,
        0.5694
      ],
      [
        0.0994,
        0.0719,
        0.0685,
        0.0184,
        0.0153,
        0.0184,
        0.0518,
        0.0559,
        0.0803,
        0.0879,
        0.0353,
        0.0517,
        0.0993,
        0.0722,
        0.0287,
        0.0751,
        0.0263,
        0.0308,
        0.0184,
        0.0764,
        0.0675,
        0.076,
        0.1004,
        1.0,
        0.0475,
        0.0955,
        0.0184,
        0.0387,
        0.0466,
        0.0511,
        0.0982,
        0.0959,
        0.0184,
        0.0234,
        0.0184,
        0.0811,
        0.0132,
        0.0906,
        0.0836,
        0.0958
      ],
      [
        0.2559,
        0.2169,
        0.196,
        0.0475,
        0.1055,
        0.0475,
        0.1801,
        0.0882,
        0.222,
        0.237,
        0.0217,
        0.1059,
        0.277,
        0.1882,
        0.0729,
        0.2098,
        0.0172,
        0.051,
        0.0475,
        0.2162,
        0.1141,
        0.1579,
        0.2782,
        0.0475,
        1.0,
        0.2248,
        0.0475,
        0.0084,
        0.0173,
        0.0847,
        0.2714,
        0.2416,
        0.0475,
        0.0561,
        0.0475,
        0.2318,
        -0.014,
        0.1904,
        0.1916,
        0.246
      ],
      [
        0.534,
        0.3617,
        0.42,
        0.0955,
        0.0745,
        0.0955,
        0.3065,
        0.4119,
        0.4358,
        0.4873,
        0.2715,
        0.3441,
        0.5256,
        0.3866,
        0.1486,
        0.3523,
        0.3026,
        0.2954,
        0.0955,
        0.3484,
        0.4632,
        0.4883,
        0.5532,
        0.0955,
        0.2248,
        1.0,
        0.0955,
        0.3303,
        0.3315,
        0.4261,
        0.4979,
        0.5699,
        0.0955,
        0.1226,
        0.0955,
        0.4046,
        0.2442,
        0.5718,
        0.4928,
        0.5158
      ],
      [
        0.0994,
        0.0719,
        0.0685,
        0.0184,
        0.0153,
        0.0184,
        0.0518,
        0.0559,
        0.0803,
        0.0879,
        0.0353,
        0.0517,
        0.0993,
        0.0722,
        0.0287,
        0.0751,
        0.0263,
        0.0308,
        0.0184,
        0.0764,
        0.0675,
        0.076,
        0.1004,
        0.0184,
        0.0475,
        0.0955,
        1.0,
        0.0387,
        0.0466,
        0.0511,
        0.0982,
        0.0959,
        0.0184,
        0.0234,
        0.0184,
        0.0811,
        0.0132,
        0.0906,
        0.0836,
        0.0958
      ],
      [
        0.2,
        0.0477,
        0.2297,
        0.0387,
        0.1568,
        0.0387,
        0.1815,
        0.3125,
        0.1675,
        0.0971,
        0.717,
        0.1037,
        0.1907,
        -0.0121,
        -0.0183,
        0.0726,
        0.2077,
        0.1641,
        0.0387,
        0.0443,
        0.5721,
        0.5235,
        0.1631,
        0.0387,
        0.0084,
        0.3303,
        0.0387,
        1.0,
        0.6645,
        0.2789,
        0.1245,
        0.2093,
        0.0387,
        0.0409,
        0.0387,
        0.1288,
        0.2913,
        0.4443,
        0.1913,
        0.1097
      ],
      [
        0.2289,
        0.0109,
        0.0347,
        0.0466,
        -0.2139,
        0.0466,
        -0.1037,
        0.3226,
        0.1102,
        0.1026,
        0.5428,
        0.161,
        0.1356,
        0.0964,
        0.0478,
        0.1308,
        0.1526,
        0.0788,
        0.0466,
        0.1217,
        0.4716,
        0.3886,
        0.1065,
        0.0466,
        0.0173,
        0.3315,
        0.0466,
        0.6645,
        1.0,
        0.2118,
        0.1494,
        0.182,
        0.0466,
        0.0756,
        0.0466,
        0.106,
        0.1361,
        0.3997,
        0.2555,
        0.1908
      ],
      [
        0.3751,
        0.2215,
        0.498,
        0.0511,
        0.0008,
        0.0511,
        0.3382,
        0.6433,
        0.3356,
        0.4634,
        0.16,
        0.522,
        0.3557,
        0.3535,
        0.1207,
        0.0715,
        0.8178,
        0.7172,
        0.0511,
        0.0384,
        0.4978,
        0.4773,
        0.4889,
        0.0511,
        0.0847,
        0.4261,
        0.0511,
        0.2789,
        0.2118,
        1.0,
        0.27,
        0.6362,
        0.0511,
        0.0709,
        0.0511,
        0.1802,
        0.775,
        0.6121,
        0.5139,
        0.4112
      ],
      [
        0.5363,
        0.417,
        0.4045,
        0.0982,
        0.1463,
        0.0982,
        0.336,
