{
  "_meta": {
    "generated": "2026-04-08T08:56:12",
    "portfolio_generated": "2026-04-08T08:53:01.705222",
    "n_assets": 43,
    "n_with_returns": 34,
    "covariance_method": "hybrid_shrunk",
    "condition_number": 484.28,
    "pca_factors": 4
  },
  "profiles": {
    "Agressif": {
      "n_assets": 17,
      "weighted_avg_correlation": 0.2295,
      "most_correlated": [
        {
          "t1": "MU",
          "t2": "SOXX",
          "corr": 0.7908,
          "w1": 4.4,
          "w2": 5.4,
          "combined_weight": 9.8
        },
        {
          "t1": "VRT",
          "t2": "SOXX",
          "corr": 0.756,
          "w1": 4.6,
          "w2": 5.4,
          "combined_weight": 10.0
        },
        {
          "t1": "VRT",
          "t2": "MU",
          "corr": 0.7507,
          "w1": 4.6,
          "w2": 4.4,
          "combined_weight": 9.0
        },
        {
          "t1": "SLV",
          "t2": "GLD",
          "corr": 0.7331,
          "w1": 5.7,
          "w2": 8.7,
          "combined_weight": 14.4
        },
        {
          "t1": "NVDA",
          "t2": "SOXX",
          "corr": 0.6914,
          "w1": 3.9,
          "w2": 5.4,
          "combined_weight": 9.4
        },
        {
          "t1": "SLVP",
          "t2": "SLV",
          "corr": 0.6633,
          "w1": 3.8,
          "w2": 5.7,
          "combined_weight": 9.5
        },
        {
          "t1": "NVDA",
          "t2": "MU",
          "corr": 0.6629,
          "w1": 3.9,
          "w2": 4.4,
          "combined_weight": 8.3
        },
        {
          "t1": "FLKR",
          "t2": "SOXX",
          "corr": 0.6347,
          "w1": 5.9,
          "w2": 5.4,
          "combined_weight": 11.3
        },
        {
          "t1": "VRT",
          "t2": "NVDA",
          "corr": 0.633,
          "w1": 4.6,
          "w2": 3.9,
          "combined_weight": 8.6
        },
        {
          "t1": "REMX",
          "t2": "SLV",
          "corr": 0.5828,
          "w1": 9.5,
          "w2": 5.7,
          "combined_weight": 15.2
        }
      ],
      "least_correlated": [
        {
          "t1": "VRT",
          "t2": "SGOV",
          "corr": 0.0222,
          "w1": 4.6,
          "w2": 5.8,
          "combined_weight": 10.4
        },
        {
          "t1": "PAAA",
          "t2": "SGOV",
          "corr": 0.017,
          "w1": 8.6,
          "w2": 5.8,
          "combined_weight": 14.4
        },
        {
          "t1": "XLE",
          "t2": "SLVP",
          "corr": 0.0011,
          "w1": 9.8,
          "w2": 3.8,
          "combined_weight": 13.6
        },
        {
          "t1": "BCH/USD",
          "t2": "SLVP",
          "corr": -0.002,
          "w1": 2.1,
          "w2": 3.8,
          "combined_weight": 5.9
        },
        {
          "t1": "INCY",
          "t2": "SLVP",
          "corr": -0.0223,
          "w1": 8.7,
          "w2": 3.8,
          "combined_weight": 12.5
        }
      ],
      "high_corr_high_weight": [
        {
          "t1": "SLV",
          "t2": "GLD",
          "corr": 0.7331,
          "w1": 5.7,
          "w2": 8.7,
          "combined_weight": 14.4
        }
      ]
    },
    "Mod\u00e9r\u00e9": {
      "n_assets": 17,
      "weighted_avg_correlation": 0.2336,
      "most_correlated": [
        {
          "t1": "VSS",
          "t2": "RIO",
          "corr": 0.5649,
          "w1": 8.5,
          "w2": 4.3,
          "combined_weight": 12.8
        },
        {
          "t1": "SCHY",
          "t2": "VSS",
          "corr": 0.5197,
          "w1": 7.9,
          "w2": 8.5,
          "combined_weight": 16.5
        },
        {
          "t1": "SCHD",
          "t2": "GGG",
          "corr": 0.5068,
          "w1": 6.8,
          "w2": 2.1,
          "combined_weight": 8.9
        },
        {
          "t1": "SCHD",
          "t2": "HDV",
          "corr": 0.5048,
          "w1": 6.8,
          "w2": 7.7,
          "combined_weight": 14.5
        },
        {
          "t1": "SCHY",
          "t2": "RIO",
          "corr": 0.4949,
          "w1": 7.9,
          "w2": 4.3,
          "combined_weight": 12.2
        },
        {
          "t1": "VSS",
          "t2": "CS",
          "corr": 0.4844,
          "w1": 8.5,
          "w2": 2.1,
          "combined_weight": 10.7
        },
        {
          "t1": "SCHD",
          "t2": "SCHY",
          "corr": 0.4744,
          "w1": 6.8,
          "w2": 7.9,
          "combined_weight": 14.7
        },
        {
          "t1": "SCHD",
          "t2": "VSS",
          "corr": 0.4728,
          "w1": 6.8,
          "w2": 8.5,
          "combined_weight": 15.3
        },
        {
          "t1": "SCHD",
          "t2": "AGS",
          "corr": 0.4638,
          "w1": 6.8,
          "w2": 4.3,
          "combined_weight": 11.1
        },
        {
          "t1": "HDV",
          "t2": "GGG",
          "corr": 0.4535,
          "w1": 7.7,
          "w2": 2.1,
          "combined_weight": 9.9
        }
      ],
      "least_correlated": [
        {
          "t1": "EOG",
          "t2": "CS",
          "corr": 0.0375,
          "w1": 7.7,
          "w2": 2.1,
          "combined_weight": 9.8
        },
        {
          "t1": "VGSH",
          "t2": "CS",
          "corr": 0.0356,
          "w1": 9.0,
          "w2": 2.1,
          "combined_weight": 11.1
        },
        {
          "t1": "STIP",
          "t2": "CS",
          "corr": 0.0356,
          "w1": 9.0,
          "w2": 2.1,
          "combined_weight": 11.1
        },
        {
          "t1": "ITX",
          "t2": "GLD",
          "corr": 0.0275,
          "w1": 5.4,
          "w2": 7.2,
          "combined_weight": 12.6
        },
        {
          "t1": "VGSH",
          "t2": "STIP",
          "corr": 0.017,
          "w1": 9.0,
          "w2": 9.0,
          "combined_weight": 18.0
        }
      ],
      "high_corr_high_weight": []
    },
    "Stable": {
      "n_assets": 15,
      "weighted_avg_correlation": 0.1311,
      "most_correlated": [
        {
          "t1": "ACWV",
          "t2": "SPYV",
          "corr": 0.4747,
          "w1": 6.5,
          "w2": 4.2,
          "combined_weight": 10.6
        },
        {
          "t1": "SPYV",
          "t2": "XLV",
          "corr": 0.4597,
          "w1": 4.2,
          "w2": 3.0,
          "combined_weight": 7.2
        },
        {
          "t1": "ACWV",
          "t2": "SPLV",
          "corr": 0.4197,
          "w1": 6.5,
          "w2": 6.5,
          "combined_weight": 13.0
        },
        {
          "t1": "SPLV",
          "t2": "SPYV",
          "corr": 0.4078,
          "w1": 6.5,
          "w2": 4.2,
          "combined_weight": 10.6
        },
        {
          "t1": "SPYV",
          "t2": "GD",
          "corr": 0.4058,
          "w1": 4.2,
          "w2": 4.4,
          "combined_weight": 8.5
        },
        {
          "t1": "SPLV",
          "t2": "VICI",
          "corr": 0.4031,
          "w1": 6.5,
          "w2": 5.2,
          "combined_weight": 11.7
        },
        {
          "t1": "ACWV",
          "t2": "XLV",
          "corr": 0.4015,
          "w1": 6.5,
          "w2": 3.0,
          "combined_weight": 9.5
        },
        {
          "t1": "ACWV",
          "t2": "VICI",
          "corr": 0.3967,
          "w1": 6.5,
          "w2": 5.2,
          "combined_weight": 11.7
        },
        {
          "t1": "EOG",
          "t2": "SPYV",
          "corr": 0.3877,
          "w1": 7.4,
          "w2": 4.2,
          "combined_weight": 11.6
        },
        {
          "t1": "ACWV",
          "t2": "GD",
          "corr": 0.3762,
          "w1": 6.5,
          "w2": 4.4,
          "combined_weight": 10.9
        }
      ],
      "least_correlated": [
        {
          "t1": "BSV",
          "t2": "VGSH",
          "corr": 0.017,
          "w1": 11.9,
          "w2": 10.7,
          "combined_weight": 22.6
        },
        {
          "t1": "BSV",
          "t2": "STIP",
          "corr": 0.017,
          "w1": 11.9,
          "w2": 13.0,
          "combined_weight": 24.9
        },
        {
          "t1": "CLTL",
          "t2": "VGSH",
          "corr": 0.017,
          "w1": 8.6,
          "w2": 10.7,
          "combined_weight": 19.3
        },
        {
          "t1": "CLTL",
          "t2": "STIP",
          "corr": 0.017,
          "w1": 8.6,
          "w2": 13.0,
          "combined_weight": 21.6
        },
        {
          "t1": "VGSH",
          "t2": "STIP",
          "corr": 0.017,
          "w1": 10.7,
          "w2": 13.0,
          "combined_weight": 23.7
        }
      ],
      "high_corr_high_weight": []
    }
  },
  "all_pairs_top_30": [
    {
      "t1": "MU",
      "t2": "SOXX",
      "corr_hybrid": 0.7908,
      "corr_structured": null,
      "cat1": "Act",
      "cat2": "ETF",
      "exp1": null,
      "exp2": "semiconductor",
      "fam1": null,
      "fam2": "sector_tech"
    },
    {
      "t1": "SOXX",
      "t2": "VRT",
      "corr_hybrid": 0.756,
      "corr_structured": null,
      "cat1": "ETF",
      "cat2": "Act",
      "exp1": "semiconductor",
      "exp2": null,
      "fam1": "sector_tech",
      "fam2": null
    },
    {
      "t1": "MU",
      "t2": "VRT",
      "corr_hybrid": 0.7507,
      "corr_structured": null,
      "cat1": "Act",
      "cat2": "Act",
      "exp1": null,
      "exp2": null,
      "fam1": null,
      "fam2": null
    },
    {
      "t1": "GLD",
      "t2": "SLV",
      "corr_hybrid": 0.7331,
      "corr_structured": 0.85,
      "cat1": "ETF",
      "cat2": "ETF",
      "exp1": "gold_physical",
      "exp2": "silver_physical",
      "fam1": "gold",
      "fam2": "precious_metals"
    },
    {
      "t1": "NVDA",
      "t2": "SOXX",
      "corr_hybrid": 0.6914,
      "corr_structured": null,
      "cat1": "Act",
      "cat2": "ETF",
      "exp1": null,
      "exp2": "semiconductor",
      "fam1": null,
      "fam2": "sector_tech"
    },
    {
      "t1": "SLV",
      "t2": "SLVP",
      "corr_hybrid": 0.6633,
      "corr_structured": 0.9,
      "cat1": "ETF",
      "cat2": "ETF",
      "exp1": "silver_physical",
      "exp2": "silver_miners",
      "fam1": "precious_metals",
      "fam2": "precious_metals"
    },
    {
      "t1": "MU",
      "t2": "NVDA",
      "corr_hybrid": 0.6629,
      "corr_structured": null,
      "cat1": "Act",
      "cat2": "Act",
      "exp1": null,
      "exp2": null,
      "fam1": null,
      "fam2": null
    },
    {
      "t1": "FLKR",
      "t2": "SOXX",
      "corr_hybrid": 0.6347,
      "corr_structured": 0.2,
      "cat1": "ETF",
      "cat2": "ETF",
      "exp1": "south_korea",
      "exp2": "semiconductor",
      "fam1": "em_equity",
      "fam2": "sector_tech"
    },
    {
      "t1": "NVDA",
      "t2": "VRT",
      "corr_hybrid": 0.633,
      "corr_structured": null,
      "cat1": "Act",
      "cat2": "Act",
      "exp1": null,
      "exp2": null,
      "fam1": null,
      "fam2": null
    },
    {
      "t1": "REMX",
      "t2": "SLV",
      "corr_hybrid": 0.5828,
      "corr_structured": 0.2,
      "cat1": "ETF",
      "cat2": "ETF",
      "exp1": "rare_earth",
      "exp2": "silver_physical",
      "fam1": null,
      "fam2": "precious_metals"
    },
    {
      "t1": "FLKR",
      "t2": "MU",
      "corr_hybrid": 0.5754,
      "corr_structured": null,
      "cat1": "ETF",
      "cat2": "Act",
      "exp1": "south_korea",
      "exp2": null,
      "fam1": "em_equity",
      "fam2": null
    },
    {
      "t1": "RIO",
      "t2": "VSS",
      "corr_hybrid": 0.5649,
      "corr_structured": null,
      "cat1": "Act",
      "cat2": "ETF",
      "exp1": null,
      "exp2": "intl_small_cap",
      "fam1": null,
      "fam2": null
    },
    {
      "t1": "SOXX",
      "t2": "VSS",
      "corr_hybrid": 0.5626,
      "corr_structured": 0.2,
      "cat1": "ETF",
      "cat2": "ETF",
      "exp1": "semiconductor",
      "exp2": "intl_small_cap",
      "fam1": "sector_tech",
      "fam2": null
    },
    {
      "t1": "SOXX",
      "t2": "SPYV",
      "corr_hybrid": 0.5596,
      "corr_structured": 0.2,
      "cat1": "ETF",
      "cat2": "ETF",
      "exp1": "semiconductor",
      "exp2": "sp500_value",
      "fam1": "sector_tech",
      "fam2": "factor_value"
    },
    {
      "t1": "FLKR",
      "t2": "VRT",
      "corr_hybrid": 0.5593,
      "corr_structured": null,
      "cat1": "ETF",
      "cat2": "Act",
      "exp1": "south_korea",
      "exp2": null,
      "fam1": "em_equity",
      "fam2": null
    },
    {
      "t1": "SCHD",
      "t2": "SPYV",
      "corr_hybrid": 0.5576,
      "corr_structured": 0.8,
      "cat1": "ETF",
      "cat2": "ETF",
      "exp1": "dividend",
      "exp2": "sp500_value",
      "fam1": "factor_dividend",
      "fam2": "factor_value"
    },
    {
      "t1": "SPYV",
      "t2": "VSS",
      "corr_hybrid": 0.5491,
      "corr_structured": 0.2,
      "cat1": "ETF",
      "cat2": "ETF",
      "exp1": "sp500_value",
      "exp2": "intl_small_cap",
      "fam1": "factor_value",
      "fam2": null
    },
    {
      "t1": "GLD",
      "t2": "SLVP",
      "corr_hybrid": 0.5408,
      "corr_structured": 0.85,
      "cat1": "ETF",
      "cat2": "ETF",
      "exp1": "gold_physical",
      "exp2": "silver_miners",
      "fam1": "gold",
      "fam2": "precious_metals"
    },
    {
      "t1": "REMX",
      "t2": "VSS",
      "corr_hybrid": 0.5336,
      "corr_structured": 0.2,
      "cat1": "ETF",
      "cat2": "ETF",
      "exp1": "rare_earth",
      "exp2": "intl_small_cap",
      "fam1": null,
      "fam2": null
    },
    {
      "t1": "SCHY",
      "t2": "VSS",
      "corr_hybrid": 0.5197,
      "corr_structured": 0.2,
      "cat1": "ETF",
      "cat2": "ETF",
      "exp1": "international",
      "exp2": "intl_small_cap",
      "fam1": "intl_equity",
      "fam2": null
    },
    {
      "t1": "GGG",
      "t2": "SPYV",
      "corr_hybrid": 0.5156,
      "corr_structured": null,
      "cat1": "Act",
      "cat2": "ETF",
      "exp1": null,
      "exp2": "sp500_value",
      "fam1": null,
      "fam2": "factor_value"
    },
    {
      "t1": "REMX",
      "t2": "RIO",
      "corr_hybrid": 0.5135,
      "corr_structured": null,
      "cat1": "ETF",
      "cat2": "Act",
      "exp1": "rare_earth",
      "exp2": null,
      "fam1": null,
      "fam2": null
    },
    {
      "t1": "FLKR",
      "t2": "VSS",
      "corr_hybrid": 0.5133,
      "corr_structured": 0.2,
      "cat1": "ETF",
      "cat2": "ETF",
      "exp1": "south_korea",
      "exp2": "intl_small_cap",
      "fam1": "em_equity",
      "fam2": null
    },
    {
      "t1": "FLKR",
      "t2": "NVDA",
      "corr_hybrid": 0.5076,
      "corr_structured": null,
      "cat1": "ETF",
      "cat2": "Act",
      "exp1": "south_korea",
      "exp2": null,
      "fam1": "em_equity",
      "fam2": null
    },
    {
      "t1": "RIO",
      "t2": "SLV",
      "corr_hybrid": 0.5072,
      "corr_structured": null,
      "cat1": "Act",
      "cat2": "ETF",
      "exp1": null,
      "exp2": "silver_physical",
      "fam1": null,
      "fam2": "precious_metals"
    },
    {
      "t1": "GGG",
      "t2": "SCHD",
      "corr_hybrid": 0.5068,
      "corr_structured": null,
      "cat1": "Act",
      "cat2": "ETF",
      "exp1": null,
      "exp2": "dividend",
      "fam1": null,
      "fam2": "factor_dividend"
    },
    {
      "t1": "HDV",
      "t2": "SCHD",
      "corr_hybrid": 0.5048,
      "corr_structured": 0.95,
      "cat1": "ETF",
      "cat2": "ETF",
      "exp1": "dividend",
      "exp2": "dividend",
      "fam1": "factor_dividend",
      "fam2": "factor_dividend"
    },
    {
      "t1": "SCHY",
      "t2": "SPYV",
      "corr_hybrid": 0.4968,
      "corr_structured": 0.2,
      "cat1": "ETF",
      "cat2": "ETF",
      "exp1": "international",
      "exp2": "sp500_value",
      "fam1": "intl_equity",
      "fam2": "factor_value"
    },
    {
      "t1": "RIO",
      "t2": "SCHY",
      "corr_hybrid": 0.4949,
      "corr_structured": null,
      "cat1": "Act",
      "cat2": "ETF",
      "exp1": null,
      "exp2": "international",
      "fam1": null,
      "fam2": "intl_equity"
    },
    {
      "t1": "CS",
      "t2": "VSS",
      "corr_hybrid": 0.4844,
      "corr_structured": null,
      "cat1": "Act",
      "cat2": "ETF",
      "exp1": null,
      "exp2": "intl_small_cap",
      "fam1": null,
      "fam2": null
    }
  ],
  "all_pairs_bottom_10": [
    {
      "t1": "JNJ",
      "t2": "NVDA",
      "corr_hybrid": 0.0097,
      "corr_structured": null,
      "cat1": "Act",
      "cat2": "Act",
      "exp1": null,
      "exp2": null,
      "fam1": null,
      "fam2": null
    },
    {
      "t1": "MU",
      "t2": "VICI",
      "corr_hybrid": -0.0093,
      "corr_structured": null,
      "cat1": "Act",
      "cat2": "Act",
      "exp1": null,
      "exp2": null,
      "fam1": null,
      "fam2": null
    },
    {
      "t1": "NVDA",
      "t2": "ULVR",
      "corr_hybrid": 0.0071,
      "corr_structured": null,
      "cat1": "Act",
      "cat2": "Act",
      "exp1": null,
      "exp2": null,
      "fam1": null,
      "fam2": null
    },
    {
      "t1": "GOOGL",
      "t2": "ITX",
      "corr_hybrid": 0.0064,
      "corr_structured": null,
      "cat1": "Act",
      "cat2": "Act",
      "exp1": null,
      "exp2": null,
      "fam1": null,
      "fam2": null
    },
    {
      "t1": "VICI",
      "t2": "VRT",
      "corr_hybrid": -0.0039,
      "corr_structured": null,
      "cat1": "Act",
      "cat2": "Act",
      "exp1": null,
      "exp2": null,
      "fam1": null,
      "fam2": null
    },
    {
      "t1": "AGS",
      "t2": "SLVP",
      "corr_hybrid": -0.002,
      "corr_structured": null,
      "cat1": "Act",
      "cat2": "ETF",
      "exp1": null,
      "exp2": "silver_miners",
      "fam1": null,
      "fam2": "precious_metals"
    },
    {
      "t1": "BCH/USD",
      "t2": "SLVP",
      "corr_hybrid": -0.002,
      "corr_structured": null,
      "cat1": "Act",
      "cat2": "ETF",
      "exp1": null,
      "exp2": "silver_miners",
      "fam1": null,
      "fam2": "precious_metals"
    },
    {
      "t1": "SLVP",
      "t2": "XLE",
      "corr_hybrid": 0.0011,
      "corr_structured": 0.2,
      "cat1": "ETF",
      "cat2": "ETF",
      "exp1": "silver_miners",
      "exp2": "energy",
      "fam1": "precious_metals",
      "fam2": "sector_energy"
    },
    {
      "t1": "SLV",
      "t2": "ULVR",
      "corr_hybrid": 0.001,
      "corr_structured": null,
      "cat1": "ETF",
      "cat2": "Act",
      "exp1": "silver_physical",
      "exp2": null,
      "fam1": "precious_metals",
      "fam2": null
    },
    {
      "t1": "ITX",
      "t2": "SLV",
      "corr_hybrid": 0.0009,
      "corr_structured": null,
      "cat1": "Act",
      "cat2": "ETF",
      "exp1": null,
      "exp2": "silver_physical",
      "fam1": null,
      "fam2": "precious_metals"
    }
  ],
  "correlation_matrix": {
    "tickers": [
      "ACWV",
      "AGS",
      "BBVA",
      "BCH/USD",
      "BKR",
      "BSV",
      "CLTL",
      "CS",
      "EOG",
      "FLKR",
      "GD",
      "GGG",
      "GLD",
      "GOOGL",
      "HDV",
      "INCY",
      "ITX",
      "JNJ",
      "LI",
      "MU",
      "NVDA",
      "PAAA",
      "PG",
      "REMX",
      "RIO",
      "SCHD",
      "SCHO",
      "SCHY",
      "SGOV",
      "SLV",
      "SLVP",
      "SOXX",
      "SPLV",
      "SPYV",
      "STIP",
      "ULVR",
      "VGSH",
      "VICI",
      "VRT",
      "VSS",
      "XBI",
      "XLE",
      "XLV"
    ],
    "matrix": [
      [
        1.0,
        0.4062,
        0.338,
        0.4062,
        0.3767,
        0.0828,
        0.0828,
        0.3507,
        0.3265,
        0.2945,
        0.3762,
        0.4367,
        0.1807,
        0.2667,
        0.4619,
        0.3208,
        0.2016,
        0.3417,
        0.2893,
        0.1551,
        0.2302,
        0.0828,
        0.3431,
        0.3223,
        0.4188,
        0.4824,
        0.0828,
        0.4529,
        0.0828,
        0.2091,
        0.1629,
        0.2953,
        0.4197,
        0.4747,
        0.0828,
        0.1816,
        0.0828,
        0.3967,
        0.1677,
        0.4423,
        0.3738,
        0.3614,
        0.4015
      ],
      [
        0.4062,
        1.0,
        0.2734,
        0.4135,
        0.3666,
        0.0788,
        0.0788,
        0.1868,
        0.3497,
        0.2132,
        0.3662,
        0.417,
        0.0594,
        0.2271,
        0.4402,
        0.3242,
        0.2051,
        0.3395,
        0.2367,
        0.104,
        0.1858,
        0.0788,
        0.3355,
        0.2034,
        0.3138,
        0.4638,
        0.0788,
        0.3767,
        0.0788,
        0.0536,
        -0.002,
        0.2237,
        0.4013,
        0.4325,
        0.0788,
        0.2164,
        0.0788,
        0.3924,
        0.0952,
        0.3399,
        0.3194,
        0.3663,
        0.375
      ],
      [
        0.338,
        0.2734,
        1.0,
        0.2734,
        0.3041,
        0.058,
        0.058,
        0.3894,
        0.2248,
        0.3402,
        0.2679,
        0.3417,
        0.1822,
        0.2765,
        0.3272,
        0.2485,
        0.0907,
        0.1994,
        0.2598,
        0.2788,
        0.302,
        0.058,
        0.1968,
        0.3363,
        0.3819,
        0.368,
        0.058,
        0.3759,
        0.058,
        0.2351,
        0.2017,
        0.3796,
        0.2835,
        0.4107,
        0.058,
        0.083,
        0.058,
        0.2513,
        0.2933,
        0.4197,
        0.3375,
        0.266,
        0.3123
      ],
      [
        0.4062,
        0.4135,
        0.2734,
        1.0,
        0.3666,
        0.0788,
        0.0788,
        0.1868,
        0.3497,
        0.2132,
        0.3662,
        0.417,
        0.0594,
        0.2271,
        0.4402,
        0.3242,
        0.2051,
        0.3395,
        0.2367,
        0.104,
        0.1858,
        0.0788,
        0.3355,
        0.2034,
        0.3138,
        0.4638,
        0.0788,
        0.3767,
        0.0788,
        0.0536,
        -0.002,
        0.2237,
        0.4013,
        0.4325,
        0.0788,
        0.2164,
        0.0788,
        0.3924,
        0.0952,
        0.3399,
        0.3194,
        0.3663,
        0.375
      ],
      [
        0.3767,
        0.3666,
        0.3041,
        0.3666,
        1.0,
        0.0748,
        0.0748,
        0.1853,
        0.3563,
        0.3581,
        0.3444,
        0.4021,
        0.129,
        0.3053,
        0.3929,
        0.3401,
        0.1006,
        0.2548,
        0.252,
        0.3343,
        0.3451,
        0.0748,
        0.2203,
        0.3082,
        0.3716,
        0.4506,
        0.0748,
        0.3853,
        0.0748,
        0.1617,
        0.0346,
        0.4241,
        0.3264,
        0.479,
        0.0748,
        0.1746,
        0.0748,
        0.3181,
        0.3037,
        0.4217,
        0.3646,
        0.378,
        0.3672
      ],
      [
        0.0828,
        0.0788,
        0.058,
        0.0788,
        0.0748,
        1.0,
        0.017,
        0.0356,
        0.0696,
        0.0519,
        0.074,
        0.0772,
        0.0452,
        0.0436,
        0.0879,
        0.0619,
        0.0382,
        0.0688,
        0.0481,
        0.0244,
        0.0349,
        0.017,
        0.0642,
        0.0617,
        0.0785,
        0.0894,
        0.017,
        0.0831,
        0.017,
        0.0508,
        0.0263,
        0.0485,
        0.0779,
        0.0851,
        0.017,
        0.0424,
        0.017,
        0.0778,
        0.0222,
        0.0804,
        0.0657,
        0.0736,
        0.0739
      ],
      [
        0.0828,
        0.0788,
        0.058,
        0.0788,
        0.0748,
        0.017,
        1.0,
        0.0356,
        0.0696,
        0.0519,
        0.074,
        0.0772,
        0.0452,
        0.0436,
        0.0879,
        0.0619,
        0.0382,
        0.0688,
        0.0481,
        0.0244,
        0.0349,
        0.017,
        0.0642,
        0.0617,
        0.0785,
        0.0894,
        0.017,
        0.0831,
        0.017,
        0.0508,
        0.0263,
        0.0485,
        0.0779,
        0.0851,
        0.017,
        0.0424,
        0.017,
        0.0778,
        0.0222,
        0.0804,
        0.0657,
        0.0736,
        0.0739
      ],
      [
        0.3507,
        0.1868,
        0.3894,
        0.1868,
        0.1853,
        0.0356,
        0.0356,
        1.0,
        0.0375,
        0.3721,
        0.1917,
        0.3524,
        0.1827,
        0.3164,
        0.2913,
        0.1587,
        0.1025,
        0.1381,
        0.3478,
        0.255,
        0.331,
        0.0356,
        0.2122,
        0.3956,
        0.4417,
        0.3295,
        0.0356,
        0.4298,
        0.0356,
        0.261,
        0.4576,
        0.403,
        0.2875,
        0.4084,
        0.0356,
        -0.0698,
        0.0356,
        0.1915,
        0.3613,
        0.4844,
        0.378,
        0.1253,
        0.3012
      ],
      [
        0.3265,
        0.3497,
        0.2248,
        0.3497,
        0.3563,
        0.0696,
        0.0696,
        0.0375,
        1.0,
        0.2355,
        0.3171,
        0.3452,
        0.0707,
        0.2187,
        0.359,
        0.3031,
        0.1241,
        0.2625,
        0.1863,
        0.1968,
        0.2233,
        0.0696,
        0.2287,
        0.1988,
        0.2724,
        0.3961,
        0.0696,
        0.3072,
        0.0696,
        0.0751,
        -0.0535,
        0.2733,
        0.3051,
        0.3877,
        0.0696,
        0.1998,
        0.0696,
        0.3121,
        0.1582,
        0.3053,
        0.2804,
        0.3476,
        0.3164
      ],
      [
        0.2945,
        0.2132,
        0.3402,
        0.2132,
        0.3581,
        0.0519,
        0.0519,
        0.3721,
        0.2355,
        1.0,
        0.2378,
        0.3217,
        0.2522,
        0.3758,
        0.2626,
        0.2704,
        -0.0457,
        0.0873,
        0.2744,
        0.5754,
        0.5076,
        0.0519,
        0.0452,
        0.4563,
        0.4428,
        0.3494,
        0.0519,
        0.3772,
        0.0519,
        0.3503,
        0.2261,
        0.6347,
        0.1837,
        0.4678,
        0.0519,
        0.0315,
        0.0519,
        0.1531,
        0.5593,
        0.5133,
        0.3908,
        0.2815,
        0.2995
      ],
      [
        0.3762,
        0.3662,
        0.2679,
        0.3662,
        0.3444,
        0.074,
        0.074,
        0.1917,
        0.3171,
        0.2378,
        1.0,
        0.374,
        0.1271,
        0.2208,
        0.3999,
        0.2942,
        0.1702,
        0.3018,
        0.2271,
        0.1364,
        0.1932,
        0.074,
        0.2897,
        0.2456,
        0.3314,
        0.4209,
        0.074,
        0.3676,
        0.074,
        0.1409,
        0.0636,
        0.2453,
        0.3572,
        0.4058,
        0.074,
        0.1867,
        0.074,
        0.3496,
        0.128,
        0.3534,
        0.3084,
        0.3366,
        0.3446
      ],
      [
        0.4367,
        0.417,
        0.3417,
        0.417,
        0.4021,
        0.0772,
        0.0772,
        0.3524,
        0.3452,
        0.3217,
        0.374,
        1.0,
        0.0483,
        0.3181,
        0.4535,
        0.354,
        0.1722,
        0.3081,
        0.2973,
        0.2488,
        0.3208,
        0.0772,
        0.3125,
        0.2709,
        0.3748,
        0.5068,
        0.0772,
        0.4275,
        0.0772,
        0.0604,
        0.0408,
        0.3765,
        0.4076,
        0.5156,
        0.0772,
        0.1758,
        0.0772,
        0.3773,
        0.2511,
        0.4268,
        0.3938,
        0.3785,
        0.414
      ],
      [
        0.1807,
        0.0594,
        0.1822,
        0.0594,
        0.129,
        0.0452,
        0.0452,
        0.1827,
        0.0707,
        0.2522,
        0.1271,
        0.0483,
        1.0,
        0.064,
        0.1489,
        0.0433,
        0.0275,
        0.123,
        0.1255,
        0.0984,
        0.0395,
        0.0452,
        0.0755,
        0.4624,
        0.4094,
        0.1013,
        0.0452,
        0.2906,
        0.0452,
        0.7331,
        0.5408,
        0.1579,
        0.1059,
        0.1352,
        0.0452,
        0.0211,
        0.0452,
        0.1156,
        0.1125,
        0.3629,
        0.1621,
        0.1025,
        0.1159
      ],
      [
        0.2667,
        0.2271,
        0.2765,
        0.2271,
        0.3053,
        0.0436,
        0.0436,
        0.3164,
        0.2187,
        0.3758,
        0.2208,
        0.3181,
        0.064,
        1.0,
        0.2537,
        0.2528,
        0.0064,
        0.1065,
        0.2331,
        0.4218,
        0.4072,
        0.0436,
        0.0915,
        0.2828,
        0.3088,
        0.333,
        0.0436,
        0.3002,
        0.0436,
        0.1096,
        0.0675,
        0.4824,
        0.2,
        0.4085,
        0.0436,
        0.0534,
        0.0436,
        0.1682,
        0.4124,
        0.377,
        0.3247,
        0.253,
        0.2758
      ],
      [
        0.4619,
        0.4402,
        0.3272,
        0.4402,
        0.3929,
        0.0879,
        0.0879,
        0.2913,
        0.359,
        0.2626,
        0.3999,
        0.4535,
        0.1489,
        0.2537,
        1.0,
        0.34,
        0.228,
        0.375,
        0.2812,
        0.1139,
        0.2019,
        0.0879,
        0.3747,
        0.2875,
        0.3993,
        0.5048,
        0.0879,
        0.4502,
        0.0879,
        0.1625,
        0.1072,
        0.2572,
        0.4464,
        0.4788,
        0.0879,
        0.2159,
        0.0879,
        0.4302,
        0.119,
        0.4202,
        0.3676,
        0.3871,
        0.4155
      ],
      [
        0.3208,
        0.3242,
        0.2485,
        0.3242,
        0.3401,
        0.0619,
        0.0619,
        0.1587,
        0.3031,
        0.2704,
        0.2942,
        0.354,
        0.0433,
        0.2528,
        0.34,
        1.0,
        0.1031,
        0.2254,
        0.2106,
        0.2497,
        0.2774,
        0.0619,
        0.2062,
        0.2124,
        0.2812,
        0.3903,
        0.0619,
        0.3126,
        0.0619,
        0.0546,
        -0.0223,
        0.3292,
        0.2906,
        0.4036,
        0.0619,
        0.1555,
        0.0619,
        0.2806,
        0.2268,
        0.3265,
        0.3008,
        0.3196,
        0.3148
      ],
      [
        0.2016,
        0.2051,
        0.0907,
        0.2051,
        0.1006,
        0.0382,
        0.0382,
        0.1025,
        0.1241,
        -0.0457,
        0.1702,
        0.1722,
        0.0275,
        0.0064,
        0.228,
        0.1031,
        1.0,
        0.2283,
        0.0867,
        -0.1983,
        -0.0993,
        0.0382,
        0.2548,
        0.0226,
        0.1059,
        0.1932,
        0.0382,
        0.1655,
        0.0382,
        0.0009,
        0.0367,
        -0.1143,
        0.2387,
        0.1229,
        0.0382,
        0.1226,
        0.0382,
        0.235,
        -0.1743,
        0.0833,
        0.0882,
        0.1296,
        0.1581
      ],
      [
        0.3417,
        0.3395,
        0.1994,
        0.3395,
        0.2548,
        0.0688,
        0.0688,
        0.1381,
        0.2625,
        0.0873,
        0.3018,
        0.3081,
        0.123,
        0.1065,
        0.375,
        0.2254,
        0.2283,
        1.0,
        0.1732,
        -0.0856,
        0.0097,
        0.0688,
        0.3367,
        0.1575,
        0.2584,
        0.3539,
        0.0688,
        0.3138,
        0.0688,
        0.1151,
        0.0753,
        0.0305,
        0.3577,
        0.291,
        0.0688,
        0.1956,
        0.0688,
        0.3574,
        -0.0771,
        0.2467,
        0.2178,
        0.2741,
        0.2904
      ],
      [
        0.2893,
        0.2367,
        0.2598,
        0.2367,
        0.252,
        0.0481,
        0.0481,
        0.3478,
        0.1863,
        0.2744,
        0.2271,
        0.2973,
        0.1255,
        0.2331,
        0.2812,
        0.2106,
        0.0867,
        0.1732,
        1.0,
        0.2192,
        0.2495,
        0.0481,
        0.178,
        0.2656,
        0.3116,
        0.3161,
        0.0481,
        0.3156,
        0.0481,
        0.1637,
        0.1565,
        0.3083,
        0.2486,
        0.3481,
        0.0481,
        0.0699,
        0.0481,
        0.218,
        0.2359,
        0.3448,
        0.2846,
        0.2218,
        0.2673
      ],
      [
        0.1551,
        0.104,
        0.2788,
        0.104,
        0.3343,
        0.0244,
        0.0244,
        0.255,
        0.1968,
        0.5754,
        0.1364,
        0.2488,
        0.0984,
        0.4218,
        0.1139,
        0.2497,
        -0.1983,
        -0.0856,
        0.2192,
        1.0,
        0.6629,
        0.0244,
        -0.1497,
        0.3839,
        0.3251,
        0.2572,
        0.0244,
        0.2413,
        0.0244,
        0.1941,
        0.0499,
        0.7908,
        0.0198,
        0.4338,
        0.0244,
        -0.036,
        0.0244,
        -0.0093,
        0.7507,
        0.4391,
        0.3524,
        0.2327,
        0.2142
      ],
      [
        0.2302,
        0.1858,
        0.302,
        0.1858,
        0.3451,
        0.0349,
        0.0349,
        0.331,
        0.2233,
        0.5076,
        0.1932,
        0.3208,
        0.0395,
        0.4072,
        0.2019,
        0.2774,
        -0.0993,
        0.0097,
        0.2495,
        0.6629,
        1.0,
        0.0349,
        -0.0255,
        0.3356,
        0.3261,
        0.3281,
        0.0349,
        0.2875,
        0.0349,
        0.1075,
        0.0323,
        0.6914,
        0.1255,
        0.4638,
        0.0349,
        0.0071,
        0.0349,
        0.0877,
        0.633,
        0.4307,
        0.3697,
        0.262,
        0.2705
      ],
      [
        0.0828,
        0.0788,
        0.058,
        0.0788,
        0.0748,
        0.017,
        0.017,
        0.0356,
        0.0696,
        0.0519,
        0.074,
        0.0772,
        0.0452,
        0.0436,
        0.0879,
        0.0619,
        0.0382,
        0.0688,
        0.0481,
        0.0244,
        0.0349,
        1.0,
        0.0642,
        0.0617,
        0.0785,
        0.0894,
        0.017,
        0.0831,
        0.017,
        0.0508,
        0.0263,
        0.0485,
        0.0779,
        0.0851,
        0.017,
        0.0424,
        0.017,
        0.0778,
        0.0222,
        0.0804,
        0.0657,
        0.0736,
        0.0739
      ],
      [
        0.3431,
        0.3355,
        0.1968,
        0.3355,
        0.2203,
        0.0642,
        0.0642,
        0.2122,
        0.2287,
        0.0452,
        0.2897,
        0.3125,
        0.0755,
        0.0915,
        0.3747,
        0.2062,
        0.2548,
        0.3367,
        0.178,
        -0.1497,
        -0.0255,
        0.0642,
        1.0,
        0.1189,
        0.2343,
        0.3475,
        0.0642,
        0.3069,
        0.0642,
        0.056,
        0.0798,
        -0.0215,
        0.3725,
        0.2741,
        0.0642,
        0.1811,
        0.0642,
        0.3613,
        -0.122,
        0.22,
        0.2062,
        0.2449,
        0.2859
      ],
      [
        0.3223,
        0.2034,
        0.3363,
        0.2034,
        0.3082,
        0.0617,
        0.0617,
        0.3956,
        0.1988,
        0.4563,
        0.2456,
        0.2709,
        0.4624,
        0.2828,
        0.2875,
        0.2124,
        0.0226,
        0.1575,
        0.2656,
        0.3839,
        0.3356,
        0.0617,
        0.1189,
        1.0,
        0.5135,
        0.3147,
        0.0617,
        0.4253,
        0.0617,
        0.5828,
        0.4354,
        0.4723,
        0.2204,
        0.3975,
        0.0617,
        0.0431,
        0.0617,
        0.1989,
        0.3925,
        0.5336,
        0.3561,
        0.2492,
        0.2839
      ],
      [
        0.4188,
        0.3138,
        0.3819,
        0.3138,
        0.3716,
        0.0785,
        0.0785,
        0.4417,
        0.2724,
        0.4428,
        0.3314,
        0.3748,
        0.4094,
        0.3088,
        0.3993,
        0.2812,
        0.1059,
        0.2584,
        0.3116,
        0.3251,
        0.3261,
        0.0785,
        0.2343,
        0.5135,
        1.0,
        0.4244,
        0.0785,
        0.4949,
        0.0785,
        0.5072,
        0.3898,
        0.4496,
        0.336,
        0.4782,
        0.0785,
        0.1047,
        0.0785,
        0.3098,
        0.34,
        0.5649,
        0.4086,
        0.324,
        0.3697
      ],
      [
        0.4824,
        0.4638,
        0.368,
        0.4638,
        0.4506,
        0.0894,
        0.0894,
        0.3295,
        0.3961,
        0.3494,
        0.4209,
        0.5068,
        0.1013,
        0.333,
        0.5048,
        0.3903,
        0.1932,
        0.3539,
        0.3161,
        0.2572,
        0.3281,
        0.0894,
        0.3475,
        0.3147,
        0.4244,
        1.0,
        0.0894,
        0.4744,
        0.0894,
        0.1193,
        0.059,
        0.3954,
        0.4495,
        0.5576,
        0.0894,
        0.2111,
        0.0894,
        0.4258,
        0.2516,
        0.4728,
        0.4254,
        0.4283,
        0.4533
      ],
      [
        0.0828,
        0.0788,
        0.058,
        0.0788,
        0.0748,
        0.017,
        0.017,
        0.0356,
        0.0696,
        0.0519,
        0.074,
        0.0772,
        0.0452,
        0.0436,
        0.0879,
        0.0619,
        0.0382,
        0.0688,
        0.0481,
        0.0244,
        0.0349,
        0.017,
        0.0642,
        0.0617,
        0.0785,
        0.0894,
        1.0,
        0.0831,
        0.017,
        0.0508,
        0.0263,
        0.0485,
        0.0779,
        0.0851,
        0.017,
        0.0424,
        0.017,
        0.0778,
        0.0222,
        0.0804,
        0.0657,
        0.0736,
        0.0739
      ],
      [
        0.4529,
        0.3767,
        0.3759,
        0.3767,
        0.3853,
        0.0831,
        0.0831,
        0.4298,
        0.3072,
        0.3772,
        0.3676,
        0.4275,
        0.2906,
        0.3002,
        0.4502,
        0.3126,
        0.1655,
        0.3138,
        0.3156,
        0.2413,
        0.2875,
        0.0831,
        0.3069,
        0.4253,
        0.4949,
        0.4744,
        0.0831,
        1.0,
        0.0831,
        0.3529,
        0.2826,
        0.3818,
        0.3982,
        0.4968,
        0.0831,
        0.1467,
        0.0831,
        0.3698,
        0.2592,
        0.5197,
        0.4076,
        0.3533,
        0.4031
      ],
      [
        0.0828,
        0.0788,
        0.058,
        0.0788,
        0.0748,
        0.017,
        0.017,
        0.0356,
        0.0696,
        0.0519,
        0.074,
        0.0772,
        0.0452,
        0.0436,
        0.0879,
        0.0619,
        0.0382,
        0.0688,
        0.0481,
        0.0244,
        0.0349,
        0.017,
        0.0642,
        0.0617,
        0.0785,
        0.0894,
        0.017,
        0.0831,
        1.0,
        0.0508,
        0.0263,
        0.0485,
        0.0779,
        0.0851,
        0.017,
        0.0424,
        0.017,
        0.0778,
        0.0222,
        0.0804,
        0.0657,
        0.0736,
        0.0739
      ],
      [
        0.2091,
        0.0536,
        0.2351,
        0.0536,
        0.1617,
        0.0508,
        0.0508,
        0.261,
        0.0751,
        0.3503,
        0.1409,
        0.0604,
        0.7331,
        0.1096,
