{
  "_meta": {
    "generated": "2026-06-02T09:38:22",
    "portfolio_generated": "2026-06-02T09:34:26.195798",
    "n_assets": 43,
    "n_with_returns": 33,
    "covariance_method": "hybrid_shrunk",
    "condition_number": 337.43,
    "pca_factors": 6
  },
  "profiles": {
    "Agressif": {
      "n_assets": 17,
      "weighted_avg_correlation": 0.2667,
      "most_correlated": [
        {
          "t1": "PICK",
          "t2": "COPX",
          "corr": 0.7807,
          "w1": 6.9,
          "w2": 6.9,
          "combined_weight": 13.9
        },
        {
          "t1": "FLKR",
          "t2": "XCEM",
          "corr": 0.713,
          "w1": 6.6,
          "w2": 7.9,
          "combined_weight": 14.6
        },
        {
          "t1": "PICK",
          "t2": "XCEM",
          "corr": 0.6975,
          "w1": 6.9,
          "w2": 7.9,
          "combined_weight": 14.9
        },
        {
          "t1": "COPX",
          "t2": "XCEM",
          "corr": 0.6832,
          "w1": 6.9,
          "w2": 7.9,
          "combined_weight": 14.9
        },
        {
          "t1": "2059",
          "t2": "000660",
          "corr": 0.6532,
          "w1": 5.9,
          "w2": 7.9,
          "combined_weight": 13.8
        },
        {
          "t1": "FLKR",
          "t2": "PICK",
          "corr": 0.642,
          "w1": 6.6,
          "w2": 6.9,
          "combined_weight": 13.6
        },
        {
          "t1": "XLK",
          "t2": "XCEM",
          "corr": 0.6397,
          "w1": 4.2,
          "w2": 7.9,
          "combined_weight": 12.1
        },
        {
          "t1": "FLKR",
          "t2": "COPX",
          "corr": 0.634,
          "w1": 6.6,
          "w2": 6.9,
          "combined_weight": 13.6
        },
        {
          "t1": "FSLR",
          "t2": "ICLN",
          "corr": 0.6327,
          "w1": 4.7,
          "w2": 4.7,
          "combined_weight": 9.4
        },
        {
          "t1": "FLKR",
          "t2": "XLK",
          "corr": 0.621,
          "w1": 6.6,
          "w2": 4.2,
          "combined_weight": 10.8
        }
      ],
      "least_correlated": [
        {
          "t1": "FSLR",
          "t2": "FLRN",
          "corr": 0.0315,
          "w1": 4.7,
          "w2": 5.6,
          "combined_weight": 10.2
        },
        {
          "t1": "FLTR",
          "t2": "FLRN",
          "corr": 0.0192,
          "w1": 5.6,
          "w2": 5.6,
          "combined_weight": 11.1
        },
        {
          "t1": "NVDA",
          "t2": "LLY",
          "corr": 0.0061,
          "w1": 5.0,
          "w2": 6.0,
          "combined_weight": 10.9
        },
        {
          "t1": "FIX",
          "t2": "LLY",
          "corr": -0.0266,
          "w1": 6.9,
          "w2": 6.0,
          "combined_weight": 12.9
        },
        {
          "t1": "PLTR",
          "t2": "LLY",
          "corr": -0.0323,
          "w1": 6.0,
          "w2": 6.0,
          "combined_weight": 11.9
        }
      ],
      "high_corr_high_weight": [
        {
          "t1": "PICK",
          "t2": "COPX",
          "corr": 0.7807,
          "w1": 6.9,
          "w2": 6.9,
          "combined_weight": 13.9
        },
        {
          "t1": "FLKR",
          "t2": "XCEM",
          "corr": 0.713,
          "w1": 6.6,
          "w2": 7.9,
          "combined_weight": 14.6
        }
      ]
    },
    "Mod\u00e9r\u00e9": {
      "n_assets": 14,
      "weighted_avg_correlation": 0.1168,
      "most_correlated": [
        {
          "t1": "FNDF",
          "t2": "EEMV",
          "corr": 0.6721,
          "w1": 9.0,
          "w2": 9.0,
          "combined_weight": 18.0
        },
        {
          "t1": "GPIQ",
          "t2": "EEMV",
          "corr": 0.5921,
          "w1": 8.0,
          "w2": 9.0,
          "combined_weight": 17.0
        },
        {
          "t1": "FNDF",
          "t2": "GPIQ",
          "corr": 0.5517,
          "w1": 9.0,
          "w2": 8.0,
          "combined_weight": 17.0
        },
        {
          "t1": "FNDF",
          "t2": "BMED",
          "corr": 0.5126,
          "w1": 9.0,
          "w2": 5.5,
          "combined_weight": 14.5
        },
        {
          "t1": "BMED",
          "t2": "XLV",
          "corr": 0.5076,
          "w1": 5.5,
          "w2": 3.2,
          "combined_weight": 8.7
        },
        {
          "t1": "BMED",
          "t2": "EEMV",
          "corr": 0.5024,
          "w1": 5.5,
          "w2": 9.0,
          "combined_weight": 14.5
        },
        {
          "t1": "FNDF",
          "t2": "XLV",
          "corr": 0.4408,
          "w1": 9.0,
          "w2": 3.2,
          "combined_weight": 12.2
        },
        {
          "t1": "EEMV",
          "t2": "XLV",
          "corr": 0.4213,
          "w1": 9.0,
          "w2": 3.2,
          "combined_weight": 12.2
        },
        {
          "t1": "GPIQ",
          "t2": "BMED",
          "corr": 0.4053,
          "w1": 8.0,
          "w2": 5.5,
          "combined_weight": 13.5
        },
        {
          "t1": "FNDF",
          "t2": "GLD",
          "corr": 0.3808,
          "w1": 9.0,
          "w2": 5.3,
          "combined_weight": 14.3
        }
      ],
      "least_correlated": [
        {
          "t1": "CF",
          "t2": "BMED",
          "corr": -0.1526,
          "w1": 9.0,
          "w2": 5.5,
          "combined_weight": 14.5
        },
        {
          "t1": "CF",
          "t2": "XLV",
          "corr": -0.1966,
          "w1": 9.0,
          "w2": 3.2,
          "combined_weight": 12.2
        },
        {
          "t1": "CF",
          "t2": "GPIQ",
          "corr": -0.2586,
          "w1": 9.0,
          "w2": 8.0,
          "combined_weight": 17.0
        },
        {
          "t1": "FNDF",
          "t2": "CF",
          "corr": -0.3074,
          "w1": 9.0,
          "w2": 9.0,
          "combined_weight": 18.0
        },
        {
          "t1": "CF",
          "t2": "EEMV",
          "corr": -0.3776,
          "w1": 9.0,
          "w2": 9.0,
          "combined_weight": 18.0
        }
      ],
      "high_corr_high_weight": []
    },
    "Stable": {
      "n_assets": 16,
      "weighted_avg_correlation": 0.0988,
      "most_correlated": [
        {
          "t1": "CS",
          "t2": "GLD",
          "corr": 0.4507,
          "w1": 4.5,
          "w2": 4.0,
          "combined_weight": 8.5
        },
        {
          "t1": "ACWV",
          "t2": "XLV",
          "corr": 0.4432,
          "w1": 4.4,
          "w2": 3.6,
          "combined_weight": 7.9
        },
        {
          "t1": "SPYV",
          "t2": "XLV",
          "corr": 0.4004,
          "w1": 5.4,
          "w2": 3.6,
          "combined_weight": 8.9
        },
        {
          "t1": "PG",
          "t2": "XLV",
          "corr": 0.3955,
          "w1": 4.4,
          "w2": 3.6,
          "combined_weight": 8.0
        },
        {
          "t1": "ACWV",
          "t2": "SPYV",
          "corr": 0.3891,
          "w1": 4.4,
          "w2": 5.4,
          "combined_weight": 9.7
        },
        {
          "t1": "SPLV",
          "t2": "XLV",
          "corr": 0.3508,
          "w1": 4.4,
          "w2": 3.6,
          "combined_weight": 7.9
        },
        {
          "t1": "SPYV",
          "t2": "CS",
          "corr": 0.3381,
          "w1": 5.4,
          "w2": 4.5,
          "combined_weight": 9.8
        },
        {
          "t1": "ACWV",
          "t2": "PG",
          "corr": 0.3219,
          "w1": 4.4,
          "w2": 4.4,
          "combined_weight": 8.8
        },
        {
          "t1": "SPLV",
          "t2": "PG",
          "corr": 0.3208,
          "w1": 4.4,
          "w2": 4.4,
          "combined_weight": 8.8
        },
        {
          "t1": "VICI",
          "t2": "XLV",
          "corr": 0.3188,
          "w1": 5.4,
          "w2": 3.6,
          "combined_weight": 8.9
        }
      ],
      "least_correlated": [
        {
          "t1": "CLTL",
          "t2": "STIP",
          "corr": 0.0192,
          "w1": 12.1,
          "w2": 13.0,
          "combined_weight": 25.1
        },
        {
          "t1": "VGSH",
          "t2": "BSV",
          "corr": 0.0192,
          "w1": 10.9,
          "w2": 8.5,
          "combined_weight": 19.4
        },
        {
          "t1": "VGSH",
          "t2": "STIP",
          "corr": 0.0192,
          "w1": 10.9,
          "w2": 13.0,
          "combined_weight": 23.9
        },
        {
          "t1": "BSV",
          "t2": "STIP",
          "corr": 0.0192,
          "w1": 8.5,
          "w2": 13.0,
          "combined_weight": 21.5
        },
        {
          "t1": "NOVN",
          "t2": "GLD",
          "corr": -0.0015,
          "w1": 6.2,
          "w2": 4.0,
          "combined_weight": 10.2
        }
      ],
      "high_corr_high_weight": []
    }
  },
  "all_pairs_top_30": [
    {
      "t1": "COPX",
      "t2": "PICK",
      "corr_hybrid": 0.7807,
      "corr_structured": 0.2,
      "cat1": "ETF",
      "cat2": "ETF",
      "exp1": "copper",
      "exp2": "metals_mining",
      "fam1": "commodities",
      "fam2": null
    },
    {
      "t1": "COPX",
      "t2": "CS",
      "corr_hybrid": 0.7218,
      "corr_structured": null,
      "cat1": "ETF",
      "cat2": "Act",
      "exp1": "copper",
      "exp2": null,
      "fam1": "commodities",
      "fam2": null
    },
    {
      "t1": "EEMV",
      "t2": "XCEM",
      "corr_hybrid": 0.7147,
      "corr_structured": 0.95,
      "cat1": "ETF",
      "cat2": "ETF",
      "exp1": "emerging_markets",
      "exp2": "emerging_markets",
      "fam1": "em_equity",
      "fam2": "em_equity"
    },
    {
      "t1": "FLKR",
      "t2": "XCEM",
      "corr_hybrid": 0.713,
      "corr_structured": 0.9,
      "cat1": "ETF",
      "cat2": "ETF",
      "exp1": "south_korea",
      "exp2": "emerging_markets",
      "fam1": "em_equity",
      "fam2": "em_equity"
    },
    {
      "t1": "PICK",
      "t2": "XCEM",
      "corr_hybrid": 0.6975,
      "corr_structured": 0.2,
      "cat1": "ETF",
      "cat2": "ETF",
      "exp1": "metals_mining",
      "exp2": "emerging_markets",
      "fam1": null,
      "fam2": "em_equity"
    },
    {
      "t1": "CS",
      "t2": "PICK",
      "corr_hybrid": 0.6872,
      "corr_structured": null,
      "cat1": "Act",
      "cat2": "ETF",
      "exp1": null,
      "exp2": "metals_mining",
      "fam1": null,
      "fam2": null
    },
    {
      "t1": "FNDF",
      "t2": "PICK",
      "corr_hybrid": 0.6865,
      "corr_structured": 0.2,
      "cat1": "ETF",
      "cat2": "ETF",
      "exp1": "international",
      "exp2": "metals_mining",
      "fam1": "intl_equity",
      "fam2": null
    },
    {
      "t1": "FNDF",
      "t2": "XCEM",
      "corr_hybrid": 0.6839,
      "corr_structured": 0.62,
      "cat1": "ETF",
      "cat2": "ETF",
      "exp1": "international",
      "exp2": "emerging_markets",
      "fam1": "intl_equity",
      "fam2": "em_equity"
    },
    {
      "t1": "COPX",
      "t2": "XCEM",
      "corr_hybrid": 0.6832,
      "corr_structured": 0.2,
      "cat1": "ETF",
      "cat2": "ETF",
      "exp1": "copper",
      "exp2": "emerging_markets",
      "fam1": "commodities",
      "fam2": "em_equity"
    },
    {
      "t1": "EEMV",
      "t2": "PICK",
      "corr_hybrid": 0.6726,
      "corr_structured": 0.2,
      "cat1": "ETF",
      "cat2": "ETF",
      "exp1": "emerging_markets",
      "exp2": "metals_mining",
      "fam1": "em_equity",
      "fam2": null
    },
    {
      "t1": "EEMV",
      "t2": "FNDF",
      "corr_hybrid": 0.6721,
      "corr_structured": 0.62,
      "cat1": "ETF",
      "cat2": "ETF",
      "exp1": "emerging_markets",
      "exp2": "international",
      "fam1": "em_equity",
      "fam2": "intl_equity"
    },
    {
      "t1": "COPX",
      "t2": "FNDF",
      "corr_hybrid": 0.668,
      "corr_structured": 0.2,
      "cat1": "ETF",
      "cat2": "ETF",
      "exp1": "copper",
      "exp2": "international",
      "fam1": "commodities",
      "fam2": "intl_equity"
    },
    {
      "t1": "EEMV",
      "t2": "FLKR",
      "corr_hybrid": 0.6607,
      "corr_structured": 0.9,
      "cat1": "ETF",
      "cat2": "ETF",
      "exp1": "emerging_markets",
      "exp2": "south_korea",
      "fam1": "em_equity",
      "fam2": "em_equity"
    },
    {
      "t1": "000660",
      "t2": "2059",
      "corr_hybrid": 0.6532,
      "corr_structured": null,
      "cat1": "Act",
      "cat2": "Act",
      "exp1": null,
      "exp2": null,
      "fam1": null,
      "fam2": null
    },
    {
      "t1": "COPX",
      "t2": "EEMV",
      "corr_hybrid": 0.6519,
      "corr_structured": 0.2,
      "cat1": "ETF",
      "cat2": "ETF",
      "exp1": "copper",
      "exp2": "emerging_markets",
      "fam1": "commodities",
      "fam2": "em_equity"
    },
    {
      "t1": "GPIQ",
      "t2": "XLK",
      "corr_hybrid": 0.6447,
      "corr_structured": 0.9,
      "cat1": "ETF",
      "cat2": "ETF",
      "exp1": "nasdaq100",
      "exp2": "tech",
      "fam1": "sector_tech",
      "fam2": "sector_tech"
    },
    {
      "t1": "FLKR",
      "t2": "PICK",
      "corr_hybrid": 0.642,
      "corr_structured": 0.2,
      "cat1": "ETF",
      "cat2": "ETF",
      "exp1": "south_korea",
      "exp2": "metals_mining",
      "fam1": "em_equity",
      "fam2": null
    },
    {
      "t1": "XCEM",
      "t2": "XLK",
      "corr_hybrid": 0.6397,
      "corr_structured": 0.2,
      "cat1": "ETF",
      "cat2": "ETF",
      "exp1": "emerging_markets",
      "exp2": "tech",
      "fam1": "em_equity",
      "fam2": "sector_tech"
    },
    {
      "t1": "COPX",
      "t2": "FLKR",
      "corr_hybrid": 0.634,
      "corr_structured": 0.2,
      "cat1": "ETF",
      "cat2": "ETF",
      "exp1": "copper",
      "exp2": "south_korea",
      "fam1": "commodities",
      "fam2": "em_equity"
    },
    {
      "t1": "FSLR",
      "t2": "ICLN",
      "corr_hybrid": 0.6327,
      "corr_structured": null,
      "cat1": "Act",
      "cat2": "ETF",
      "exp1": null,
      "exp2": "clean_energy",
      "fam1": null,
      "fam2": null
    },
    {
      "t1": "GPIQ",
      "t2": "XCEM",
      "corr_hybrid": 0.6283,
      "corr_structured": 0.2,
      "cat1": "ETF",
      "cat2": "ETF",
      "exp1": "nasdaq100",
      "exp2": "emerging_markets",
      "fam1": "sector_tech",
      "fam2": "em_equity"
    },
    {
      "t1": "FLKR",
      "t2": "XLK",
      "corr_hybrid": 0.621,
      "corr_structured": 0.2,
      "cat1": "ETF",
      "cat2": "ETF",
      "exp1": "south_korea",
      "exp2": "tech",
      "fam1": "em_equity",
      "fam2": "sector_tech"
    },
    {
      "t1": "FLKR",
      "t2": "FNDF",
      "corr_hybrid": 0.6197,
      "corr_structured": 0.62,
      "cat1": "ETF",
      "cat2": "ETF",
      "exp1": "south_korea",
      "exp2": "international",
      "fam1": "em_equity",
      "fam2": "intl_equity"
    },
    {
      "t1": "FLKR",
      "t2": "GPIQ",
      "corr_hybrid": 0.5991,
      "corr_structured": 0.2,
      "cat1": "ETF",
      "cat2": "ETF",
      "exp1": "south_korea",
      "exp2": "nasdaq100",
      "fam1": "em_equity",
      "fam2": "sector_tech"
    },
    {
      "t1": "FIX",
      "t2": "XLK",
      "corr_hybrid": 0.5961,
      "corr_structured": null,
      "cat1": "Act",
      "cat2": "ETF",
      "exp1": null,
      "exp2": "tech",
      "fam1": null,
      "fam2": "sector_tech"
    },
    {
      "t1": "EEMV",
      "t2": "GPIQ",
      "corr_hybrid": 0.5921,
      "corr_structured": 0.2,
      "cat1": "ETF",
      "cat2": "ETF",
      "exp1": "emerging_markets",
      "exp2": "nasdaq100",
      "fam1": "em_equity",
      "fam2": "sector_tech"
    },
    {
      "t1": "EEMV",
      "t2": "XLK",
      "corr_hybrid": 0.5881,
      "corr_structured": 0.2,
      "cat1": "ETF",
      "cat2": "ETF",
      "exp1": "emerging_markets",
      "exp2": "tech",
      "fam1": "em_equity",
      "fam2": "sector_tech"
    },
    {
      "t1": "COPX",
      "t2": "XLK",
      "corr_hybrid": 0.5713,
      "corr_structured": 0.2,
      "cat1": "ETF",
      "cat2": "ETF",
      "exp1": "copper",
      "exp2": "tech",
      "fam1": "commodities",
      "fam2": "sector_tech"
    },
    {
      "t1": "ICLN",
      "t2": "XCEM",
      "corr_hybrid": 0.5694,
      "corr_structured": 0.2,
      "cat1": "ETF",
      "cat2": "ETF",
      "exp1": "clean_energy",
      "exp2": "emerging_markets",
      "fam1": null,
      "fam2": "em_equity"
    },
    {
      "t1": "PICK",
      "t2": "XLK",
      "corr_hybrid": 0.5658,
      "corr_structured": 0.2,
      "cat1": "ETF",
      "cat2": "ETF",
      "exp1": "metals_mining",
      "exp2": "tech",
      "fam1": null,
      "fam2": "sector_tech"
    }
  ],
  "all_pairs_bottom_10": [
    {
      "t1": "NVDA",
      "t2": "VICI",
      "corr_hybrid": 0.0068,
      "corr_structured": null,
      "cat1": "Act",
      "cat2": "Act",
      "exp1": null,
      "exp2": null,
      "fam1": null,
      "fam2": null
    },
    {
      "t1": "LLY",
      "t2": "NVDA",
      "corr_hybrid": 0.0061,
      "corr_structured": null,
      "cat1": "Act",
      "cat2": "Act",
      "exp1": null,
      "exp2": null,
      "fam1": null,
      "fam2": null
    },
    {
      "t1": "GALP",
      "t2": "ICLN",
      "corr_hybrid": 0.0051,
      "corr_structured": null,
      "cat1": "Act",
      "cat2": "ETF",
      "exp1": null,
      "exp2": "clean_energy",
      "fam1": null,
      "fam2": null
    },
    {
      "t1": "FSLR",
      "t2": "KO",
      "corr_hybrid": 0.0043,
      "corr_structured": null,
      "cat1": "Act",
      "cat2": "Act",
      "exp1": null,
      "exp2": null,
      "fam1": null,
      "fam2": null
    },
    {
      "t1": "CF",
      "t2": "SCHD",
      "corr_hybrid": -0.0038,
      "corr_structured": null,
      "cat1": "Act",
      "cat2": "ETF",
      "exp1": null,
      "exp2": "dividend",
      "fam1": null,
      "fam2": "factor_dividend"
    },
    {
      "t1": "FIX",
      "t2": "GALP",
      "corr_hybrid": 0.0037,
      "corr_structured": null,
      "cat1": "Act",
      "cat2": "Act",
      "exp1": null,
      "exp2": null,
      "fam1": null,
      "fam2": null
    },
    {
      "t1": "GPIQ",
      "t2": "NOVN",
      "corr_hybrid": -0.0034,
      "corr_structured": null,
      "cat1": "ETF",
      "cat2": "Act",
      "exp1": "nasdaq100",
      "exp2": null,
      "fam1": "sector_tech",
      "fam2": null
    },
    {
      "t1": "PLTR",
      "t2": "XLV",
      "corr_hybrid": 0.0029,
      "corr_structured": null,
      "cat1": "Act",
      "cat2": "ETF",
      "exp1": null,
      "exp2": "healthcare",
      "fam1": null,
      "fam2": "sector_healthcare"
    },
    {
      "t1": "GALP",
      "t2": "GPIQ",
      "corr_hybrid": 0.0015,
      "corr_structured": null,
      "cat1": "Act",
      "cat2": "ETF",
      "exp1": null,
      "exp2": "nasdaq100",
      "fam1": null,
      "fam2": "sector_tech"
    },
    {
      "t1": "GLD",
      "t2": "NOVN",
      "corr_hybrid": -0.0015,
      "corr_structured": null,
      "cat1": "ETF",
      "cat2": "Act",
      "exp1": "gold_physical",
      "exp2": null,
      "fam1": "gold",
      "fam2": null
    }
  ],
  "correlation_matrix": {
    "tickers": [
      "000660",
      "2059",
      "ACWV",
      "BMED",
      "BSV",
      "CF",
      "CLTL",
      "COPX",
      "CS",
      "EEMV",
      "FIX",
      "FLKR",
      "FLRN",
      "FLTR",
      "FNDF",
      "FSLR",
      "GALP",
      "GD",
      "GLD",
      "GPIQ",
      "ICLN",
      "ITX",
      "KO",
      "LLY",
      "LUPIN",
      "NOVN",
      "NVDA",
      "PAAA",
      "PG",
      "PICK",
      "PLTR",
      "SCHD",
      "SCHP",
      "SPLV",
      "SPYV",
      "STIP",
      "TDTT",
      "VGSH",
      "VICI",
      "XBI",
      "XCEM",
      "XLK",
      "XLV"
    ],
    "matrix": [
      [
        1.0,
        0.6532,
        0.3451,
        0.4486,
        0.0912,
        0.2789,
        0.0912,
        0.1218,
        0.1622,
        0.205,
        0.2181,
        0.0664,
        0.0912,
        0.0912,
        0.2461,
        0.1691,
        0.2987,
        0.4018,
        0.0975,
        0.2101,
        0.2109,
        0.3535,
        0.298,
        0.3779,
        0.3344,
        0.2299,
        0.1884,
        0.0912,
        0.2878,
        0.1578,
        0.2008,
        0.3321,
        0.4581,
        0.2982,
        0.3313,
        0.0912,
        0.0912,
        0.0912,
        0.3752,
        0.2367,
        0.1353,
        0.1741,
        0.3618
      ],
      [
        0.6532,
        1.0,
        0.3451,
        0.4486,
        0.0912,
        0.2789,
        0.0912,
        0.1218,
        0.1622,
        0.205,
        0.2181,
        0.0664,
        0.0912,
        0.0912,
        0.2461,
        0.1691,
        0.2987,
        0.4018,
        0.0975,
        0.2101,
        0.2109,
        0.3535,
        0.298,
        0.3779,
        0.3344,
        0.2299,
        0.1884,
        0.0912,
        0.2878,
        0.1578,
        0.2008,
        0.3321,
        0.4581,
        0.2982,
        0.3313,
        0.0912,
        0.0912,
        0.0912,
        0.3752,
        0.2367,
        0.1353,
        0.1741,
        0.3618
      ],
      [
        0.3451,
        0.3451,
        1.0,
        0.4675,
        0.0844,
        -0.1387,
        0.0844,
        0.3628,
        0.3131,
        0.4246,
        0.121,
        0.3194,
        0.0844,
        0.0844,
        0.4483,
        0.1331,
        0.0993,
        0.2326,
        0.2318,
        0.3061,
        0.2779,
        0.1964,
        0.2313,
        0.377,
        0.1511,
        0.0794,
        0.1543,
        0.0844,
        0.3219,
        0.3995,
        0.0889,
        0.3294,
        0.2623,
        0.3015,
        0.3891,
        0.0844,
        0.0844,
        0.0844,
        0.2779,
        0.3862,
        0.3874,
        0.2598,
        0.4432
      ],
      [
        0.4486,
        0.4486,
        0.4675,
        1.0,
        0.1028,
        -0.1526,
        0.1028,
        0.3927,
        0.2847,
        0.5024,
        0.2186,
        0.387,
        0.1028,
        0.1028,
        0.5126,
        0.207,
        0.1462,
        0.3027,
        0.2437,
        0.4053,
        0.365,
        0.2227,
        0.2493,
        0.4467,
        0.2077,
        0.1067,
        0.2415,
        0.1028,
        0.3427,
        0.4386,
        0.1971,
        0.3726,
        0.332,
        0.3264,
        0.4678,
        0.1028,
        0.1028,
        0.1028,
        0.3204,
        0.464,
        0.4614,
        0.3604,
        0.5076
      ],
      [
        0.0912,
        0.0912,
        0.0844,
        0.1028,
        1.0,
        -0.015,
        0.0192,
        0.063,
        0.0456,
        0.0831,
        0.0337,
        0.06,
        0.0192,
        0.0192,
        0.0862,
        0.0315,
        0.0335,
        0.0607,
        0.0408,
        0.0692,
        0.0588,
        0.0462,
        0.0479,
        0.0829,
        0.043,
        0.0241,
        0.0428,
        0.0192,
        0.0622,
        0.0714,
        0.043,
        0.0686,
        0.0669,
        0.0606,
        0.083,
        0.0192,
        0.0192,
        0.0192,
        0.0625,
        0.0809,
        0.0737,
        0.0607,
        0.0914
      ],
      [
        0.2789,
        0.2789,
        -0.1387,
        -0.1526,
        -0.015,
        1.0,
        -0.015,
        -0.2027,
        0.0577,
        -0.3776,
        -0.1007,
        -0.4279,
        -0.015,
        -0.015,
        -0.3074,
        0.0169,
        0.193,
        0.1723,
        -0.0585,
        -0.2586,
        -0.1628,
        0.1235,
        0.0538,
        -0.1283,
        0.1155,
        0.1741,
        -0.1001,
        -0.015,
        -0.0845,
        -0.244,
        0.08,
        -0.0038,
        0.1632,
        -0.0105,
        -0.1606,
        -0.015,
        -0.015,
        -0.015,
        0.0908,
        -0.2909,
        -0.427,
        -0.2481,
        -0.1966
      ],
      [
        0.0912,
        0.0912,
        0.0844,
        0.1028,
        0.0192,
        -0.015,
        1.0,
        0.063,
        0.0456,
        0.0831,
        0.0337,
        0.06,
        0.0192,
        0.0192,
        0.0862,
        0.0315,
        0.0335,
        0.0607,
        0.0408,
        0.0692,
        0.0588,
        0.0462,
        0.0479,
        0.0829,
        0.043,
        0.0241,
        0.0428,
        0.0192,
        0.0622,
        0.0714,
        0.043,
        0.0686,
        0.0669,
        0.0606,
        0.083,
        0.0192,
        0.0192,
        0.0192,
        0.0625,
        0.0809,
        0.0737,
        0.0607,
        0.0914
      ],
      [
        0.1218,
        0.1218,
        0.3628,
        0.3927,
        0.063,
        -0.2027,
        0.063,
        1.0,
        0.7218,
        0.6519,
        0.3716,
        0.634,
        0.063,
        0.063,
        0.668,
        0.2568,
        -0.0857,
        0.1745,
        0.4798,
        0.5576,
        0.5299,
        -0.0164,
        0.016,
        0.117,
        -0.0439,
        -0.03,
        0.3756,
        0.063,
        0.1163,
        0.7807,
        0.3063,
        0.2705,
        0.0769,
        0.1609,
        0.4464,
        0.063,
        0.063,
        0.063,
        0.0958,
        0.4751,
        0.6832,
        0.5713,
        0.3042
      ],
      [
        0.1622,
        0.1622,
        0.3131,
        0.2847,
        0.0456,
        0.0577,
        0.0456,
        0.7218,
        1.0,
        0.4617,
        0.2509,
        0.4115,
        0.0456,
        0.0456,
        0.5471,
        0.1054,
        -0.0631,
        0.1659,
        0.4507,
        0.321,
        0.35,
        0.1233,
        0.1228,
        0.0564,
        -0.0211,
        0.0221,
        0.2077,
        0.0456,
        0.185,
        0.6872,
        0.0185,
        0.2853,
        0.1102,
        0.2196,
        0.3381,
        0.0456,
        0.0456,
        0.0456,
        0.1526,
        0.2932,
        0.4737,
        0.3191,
        0.2417
      ],
      [
        0.205,
        0.205,
        0.4246,
        0.5024,
        0.0831,
        -0.3776,
        0.0831,
        0.6519,
        0.4617,
        1.0,
        0.4349,
        0.6607,
        0.0831,
        0.0831,
        0.6721,
        0.28,
        -0.0277,
        0.1897,
        0.3599,
        0.5921,
        0.5428,
        0.0504,
        0.0847,
        0.2811,
        0.055,
        -0.0133,
        0.394,
        0.0831,
        0.208,
        0.6726,
        0.2604,
        0.2937,
        0.1498,
        0.2051,
        0.4991,
        0.0831,
        0.0831,
        0.0831,
        0.1516,
        0.5415,
        0.7147,
        0.5881,
        0.4213
      ],
      [
        0.2181,
        0.2181,
        0.121,
        0.2186,
        0.0337,
        -0.1007,
        0.0337,
        0.3716,
        0.2509,
        0.4349,
        1.0,
        0.5073,
        0.0337,
        0.0337,
        0.3858,
        0.3309,
        0.0037,
        0.1587,
        0.1121,
        0.5234,
        0.5335,
        0.0777,
        -0.0468,
        -0.0266,
        0.127,
        0.024,
        0.5551,
        0.0337,
        -0.0619,
        0.3721,
        0.2394,
        0.0589,
        0.1194,
        -0.0473,
        0.2897,
        0.0337,
        0.0337,
        0.0337,
        -0.0128,
        0.2378,
        0.5133,
        0.5961,
        0.049
      ],
      [
        0.0664,
        0.0664,
        0.3194,
        0.387,
        0.06,
        -0.4279,
        0.06,
        0.634,
        0.4115,
        0.6607,
        0.5073,
        1.0,
        0.06,
        0.06,
        0.6197,
        0.2666,
        -0.0949,
        0.1092,
        0.3273,
        0.5991,
        0.5395,
        -0.0377,
        -0.0216,
        0.1503,
        -0.0117,
        -0.0654,
        0.4318,
        0.06,
        0.0874,
        0.642,
        0.283,
        0.1894,
        0.0441,
        0.0923,
        0.4266,
        0.06,
        0.06,
        0.06,
        0.0358,
        0.4856,
        0.713,
        0.621,
        0.2949
      ],
      [
        0.0912,
        0.0912,
        0.0844,
        0.1028,
        0.0192,
        -0.015,
        0.0192,
        0.063,
        0.0456,
        0.0831,
        0.0337,
        0.06,
        1.0,
        0.0192,
        0.0862,
        0.0315,
        0.0335,
        0.0607,
        0.0408,
        0.0692,
        0.0588,
        0.0462,
        0.0479,
        0.0829,
        0.043,
        0.0241,
        0.0428,
        0.0192,
        0.0622,
        0.0714,
        0.043,
        0.0686,
        0.0669,
        0.0606,
        0.083,
        0.0192,
        0.0192,
        0.0192,
        0.0625,
        0.0809,
        0.0737,
        0.0607,
        0.0914
      ],
      [
        0.0912,
        0.0912,
        0.0844,
        0.1028,
        0.0192,
        -0.015,
        0.0192,
        0.063,
        0.0456,
        0.0831,
        0.0337,
        0.06,
        0.0192,
        1.0,
        0.0862,
        0.0315,
        0.0335,
        0.0607,
        0.0408,
        0.0692,
        0.0588,
        0.0462,
        0.0479,
        0.0829,
        0.043,
        0.0241,
        0.0428,
        0.0192,
        0.0622,
        0.0714,
        0.043,
        0.0686,
        0.0669,
        0.0606,
        0.083,
        0.0192,
        0.0192,
        0.0192,
        0.0625,
        0.0809,
        0.0737,
        0.0607,
        0.0914
      ],
      [
        0.2461,
        0.2461,
        0.4483,
        0.5126,
        0.0862,
        -0.3074,
        0.0862,
        0.668,
        0.5471,
        0.6721,
        0.3858,
        0.6197,
        0.0862,
        0.0862,
        1.0,
        0.2109,
        -0.012,
        0.211,
        0.3808,
        0.5517,
        0.4951,
        0.1124,
        0.132,
        0.2919,
        0.0704,
        0.0081,
        0.3612,
        0.0862,
        0.2516,
        0.6865,
        0.2104,
        0.3274,
        0.1826,
        0.2491,
        0.5012,
        0.0862,
        0.0862,
        0.0862,
        0.1933,
        0.5273,
        0.6839,
        0.539,
        0.4408
      ],
      [
        0.1691,
        0.1691,
        0.1331,
        0.207,
        0.0315,
        0.0169,
        0.0315,
        0.2568,
        0.1054,
        0.28,
        0.3309,
        0.2666,
        0.0315,
        0.0315,
        0.2109,
        1.0,
        0.0492,
        0.1497,
        0.1667,
        0.249,
        0.6327,
        -0.242,
        0.0043,
        0.1689,
        0.0333,
        0.0487,
        0.0963,
        0.0315,
        0.0414,
        0.253,
        0.1157,
        0.158,
        0.0801,
        0.0564,
        0.23,
        0.0315,
        0.0315,
        0.0315,
        0.0652,
        0.1764,
        0.2772,
        0.2526,
        0.1613
      ],
      [
        0.2987,
        0.2987,
        0.0993,
        0.1462,
        0.0335,
        0.193,
        0.0335,
        -0.0857,
        -0.0631,
        -0.0277,
        0.0037,
        -0.0949,
        0.0335,
        0.0335,
        -0.012,
        0.0492,
        1.0,
        0.1736,
        -0.0298,
        0.0015,
        0.0051,
        0.1541,
        0.1297,
        0.1618,
        0.1641,
        0.1199,
        0.019,
        0.0335,
        0.1045,
        -0.0675,
        0.0912,
        0.1125,
        0.2089,
        0.1109,
        0.0778,
        0.0335,
        0.0335,
        0.0335,
        0.1644,
        0.0317,
        -0.0716,
        -0.0185,
        0.1166
      ],
      [
        0.4018,
        0.4018,
        0.2326,
        0.3027,
        0.0607,
        0.1723,
        0.0607,
        0.1745,
        0.1659,
        0.1897,
        0.1587,
        0.1092,
        0.0607,
        0.0607,
        0.211,
        0.1497,
        0.1736,
        1.0,
        0.1269,
        0.2074,
        0.1957,
        0.1737,
        0.1457,
        0.2171,
        0.1823,
        0.1337,
        0.1745,
        0.0607,
        0.1437,
        0.186,
        0.2457,
        0.2171,
        0.2752,
        0.1721,
        0.244,
        0.0607,
        0.0607,
        0.0607,
        0.2194,
        0.1984,
        0.1513,
        0.1937,
        0.227
      ],
      [
        0.0975,
        0.0975,
        0.2318,
        0.2437,
        0.0408,
        -0.0585,
        0.0408,
        0.4798,
        0.4507,
        0.3599,
        0.1121,
        0.3273,
        0.0408,
        0.0408,
        0.3808,
        0.1667,
        -0.0298,
        0.1269,
        1.0,
        0.2939,
        0.2921,
        -0.0172,
        0.0281,
        0.0946,
        -0.0292,
        -0.0015,
        0.1697,
        0.0408,
        0.089,
        0.4621,
        0.2023,
        0.1891,
        0.0637,
        0.1251,
        0.2637,
        0.0408,
        0.0408,
        0.0408,
        0.0877,
        0.2792,
        0.3617,
        0.2914,
        0.2014
      ],
      [
        0.2101,
        0.2101,
        0.3061,
        0.4053,
        0.0692,
        -0.2586,
        0.0692,
        0.5576,
        0.321,
        0.5921,
        0.5234,
        0.5991,
        0.0692,
        0.0692,
        0.5517,
        0.249,
        0.0015,
        0.2074,
        0.2939,
        1.0,
        0.5099,
        0.009,
        -0.0268,
        0.1535,
        0.0617,
        -0.0034,
        0.4949,
        0.0692,
        0.0394,
        0.5619,
        0.4801,
        0.1898,
        0.1342,
        0.0766,
        0.4238,
        0.0692,
        0.0692,
        0.0692,
        0.0725,
        0.4669,
        0.6283,
        0.6447,
        0.2656
      ],
      [
        0.2109,
        0.2109,
        0.2779,
        0.365,
        0.0588,
        -0.1628,
        0.0588,
        0.5299,
        0.35,
        0.5428,
        0.5335,
        0.5395,
        0.0588,
        0.0588,
        0.4951,
        0.6327,
        0.0051,
        0.1957,
        0.2921,
        0.5099,
        1.0,
        -0.0865,
        0.0124,
        0.178,
        0.0521,
        0.0188,
        0.3555,
        0.0588,
        0.0797,
        0.5303,
        0.2702,
        0.2181,
        0.123,
        0.1007,
        0.3968,
        0.0588,
        0.0588,
        0.0588,
        0.0882,
        0.3841,
        0.5694,
        0.5292,
        0.2634
      ],
      [
        0.3535,
        0.3535,
        0.1964,
        0.2227,
        0.0462,
        0.1235,
        0.0462,
        -0.0164,
        0.1233,
        0.0504,
        0.0777,
        -0.0377,
        0.0462,
        0.0462,
        0.1124,
        -0.242,
        0.1541,
        0.1737,
        -0.0172,
        0.009,
        -0.0865,
        1.0,
        0.2553,
        0.2106,
        0.2204,
        0.128,
        0.0486,
        0.0462,
        0.2488,
        0.0198,
        -0.1202,
        0.1791,
        0.2706,
        0.2155,
        0.1379,
        0.0462,
        0.0462,
        0.0462,
        0.241,
        0.0738,
        0.0116,
        -0.0252,
        0.2115
      ],
      [
        0.298,
        0.298,
        0.2313,
        0.2493,
        0.0479,
        0.0538,
        0.0479,
        0.016,
        0.1228,
        0.0847,
        -0.0468,
        -0.0216,
        0.0479,
        0.0479,
        0.132,
        0.0043,
        0.1297,
        0.1457,
        0.0281,
        -0.0268,
        0.0124,
        0.2553,
        1.0,
        0.2908,
        0.1715,
        0.1095,
        -0.0758,
        0.0479,
        0.307,
        0.0555,
        -0.21,
        0.2242,
        0.2335,
        0.2593,
        0.1587,
        0.0479,
        0.0479,
        0.0479,
        0.2554,
        0.1032,
        0.0317,
        -0.0836,
        0.2847
      ],
      [
        0.3779,
        0.3779,
        0.377,
        0.4467,
        0.0829,
        -0.1283,
        0.0829,
        0.117,
        0.0564,
        0.2811,
        -0.0266,
        0.1503,
        0.0829,
        0.0829,
        0.2919,
        0.1689,
        0.1618,
        0.2171,
        0.0946,
        0.1535,
        0.178,
        0.2106,
        0.2908,
        1.0,
        0.2036,
        0.1093,
        0.0061,
        0.0829,
        0.3776,
        0.1778,
        -0.0323,
        0.3177,
        0.2944,
        0.3261,
        0.3187,
        0.0829,
        0.0829,
        0.0829,
        0.3178,
        0.3074,
        0.216,
        0.0818,
        0.465
      ],
      [
        0.3344,
        0.3344,
        0.1511,
        0.2077,
        0.043,
        0.1155,
        0.043,
        -0.0439,
        -0.0211,
        0.055,
        0.127,
        -0.0117,
        0.043,
        0.043,
        0.0704,
        0.0333,
        0.1641,
        0.1823,
        -0.0292,
        0.0617,
        0.0521,
        0.2204,
        0.1715,
        0.2036,
        1.0,
        0.1209,
        0.0762,
        0.043,
        0.1597,
        -0.013,
        0.0259,
        0.1431,
        0.2398,
        0.1449,
        0.1351,
        0.043,
        0.043,
        0.043,
        0.19,
        0.0818,
        0.0203,
        0.0407,
        0.1732
      ],
      [
        0.2299,
        0.2299,
        0.0794,
        0.1067,
        0.0241,
        0.1741,
        0.0241,
        -0.03,
        0.0221,
        -0.0133,
        0.024,
        -0.0654,
        0.0241,
        0.0241,
        0.0081,
        0.0487,
        0.1199,
        0.1337,
        -0.0015,
        -0.0034,
        0.0188,
        0.128,
        0.1095,
        0.1093,
        0.1209,
        1.0,
        0.0118,
        0.0241,
        0.089,
        -0.0204,
        0.031,
        0.0965,
        0.1596,
        0.0942,
        0.0633,
        0.0241,
        0.0241,
        0.0241,
        0.13,
        0.0159,
        -0.0446,
        -0.0178,
        0.0859
      ],
      [
        0.1884,
        0.1884,
        0.1543,
        0.2415,
        0.0428,
        -0.1001,
        0.0428,
        0.3756,
        0.2077,
        0.394,
        0.5551,
        0.4318,
        0.0428,
        0.0428,
        0.3612,
        0.0963,
        0.019,
        0.1745,
        0.1697,
        0.4949,
        0.3555,
        0.0486,
        -0.0758,
        0.0061,
        0.0762,
        0.0118,
        1.0,
        0.0428,
        -0.0744,
        0.3687,
        0.4644,
        0.0732,
        0.11,
        -0.0252,
        0.2776,
        0.0428,
        0.0428,
        0.0428,
        0.0068,
        0.2934,
        0.4406,
        0.5489,
        0.085
      ],
      [
        0.0912,
        0.0912,
        0.0844,
        0.1028,
        0.0192,
        -0.015,
        0.0192,
        0.063,
        0.0456,
        0.0831,
        0.0337,
        0.06,
        0.0192,
        0.0192,
        0.0862,
        0.0315,
        0.0335,
        0.0607,
        0.0408,
        0.0692,
        0.0588,
        0.0462,
        0.0479,
        0.0829,
        0.043,
        0.0241,
        0.0428,
        1.0,
        0.0622,
        0.0714,
        0.043,
        0.0686,
        0.0669,
        0.0606,
        0.083,
        0.0192,
        0.0192,
        0.0192,
        0.0625,
        0.0809,
        0.0737,
        0.0607,
        0.0914
      ],
      [
        0.2878,
        0.2878,
        0.3219,
        0.3427,
        0.0622,
        -0.0845,
        0.0622,
        0.1163,
        0.185,
        0.208,
        -0.0619,
        0.0874,
        0.0622,
        0.0622,
        0.2516,
        0.0414,
        0.1045,
        0.1437,
        0.089,
        0.0394,
        0.0797,
        0.2488,
        0.307,
        0.3776,
        0.1597,
        0.089,
        -0.0744,
        0.0622,
        1.0,
        0.1668,
        -0.2408,
        0.2857,
        0.2362,
        0.3208,
        0.2411,
        0.0622,
