{
  "_meta": {
    "generated": "2026-04-17T09:13:44",
    "portfolio_generated": "2026-04-17T09:09:53.414072",
    "n_assets": 40,
    "n_with_returns": 28,
    "covariance_method": "hybrid_shrunk",
    "condition_number": 393.54,
    "pca_factors": 4
  },
  "profiles": {
    "Agressif": {
      "n_assets": 15,
      "weighted_avg_correlation": 0.2382,
      "most_correlated": [
        {
          "t1": "CDE",
          "t2": "SILJ",
          "corr": 0.907,
          "w1": 7.8,
          "w2": 8.0,
          "combined_weight": 15.8
        },
        {
          "t1": "PICK",
          "t2": "FCX",
          "corr": 0.7105,
          "w1": 9.1,
          "w2": 5.6,
          "combined_weight": 14.7
        },
        {
          "t1": "CDE",
          "t2": "GLD",
          "corr": 0.6851,
          "w1": 7.8,
          "w2": 10.0,
          "combined_weight": 17.8
        },
        {
          "t1": "PICK",
          "t2": "SOXX",
          "corr": 0.6686,
          "w1": 9.1,
          "w2": 8.0,
          "combined_weight": 17.1
        },
        {
          "t1": "SILJ",
          "t2": "GLD",
          "corr": 0.6673,
          "w1": 8.0,
          "w2": 10.0,
          "combined_weight": 18.0
        },
        {
          "t1": "FLKR",
          "t2": "PICK",
          "corr": 0.6623,
          "w1": 7.8,
          "w2": 9.1,
          "combined_weight": 16.9
        },
        {
          "t1": "FLKR",
          "t2": "SOXX",
          "corr": 0.6306,
          "w1": 7.8,
          "w2": 8.0,
          "combined_weight": 15.8
        },
        {
          "t1": "PICK",
          "t2": "SILJ",
          "corr": 0.6245,
          "w1": 9.1,
          "w2": 8.0,
          "combined_weight": 17.1
        },
        {
          "t1": "SOXX",
          "t2": "FCX",
          "corr": 0.6102,
          "w1": 8.0,
          "w2": 5.6,
          "combined_weight": 13.5
        },
        {
          "t1": "FLKR",
          "t2": "FCX",
          "corr": 0.5989,
          "w1": 7.8,
          "w2": 5.6,
          "combined_weight": 13.4
        }
      ],
      "least_correlated": [
        {
          "t1": "PAAA",
          "t2": "GLD",
          "corr": 0.0227,
          "w1": 5.7,
          "w2": 10.0,
          "combined_weight": 15.7
        },
        {
          "t1": "FLTR",
          "t2": "PAAA",
          "corr": 0.0184,
          "w1": 5.7,
          "w2": 5.7,
          "combined_weight": 11.4
        },
        {
          "t1": "CDE",
          "t2": "FLTR",
          "corr": 0.0183,
          "w1": 7.8,
          "w2": 5.7,
          "combined_weight": 13.5
        },
        {
          "t1": "CDE",
          "t2": "PAAA",
          "corr": 0.0183,
          "w1": 7.8,
          "w2": 5.7,
          "combined_weight": 13.5
        },
        {
          "t1": "CDE",
          "t2": "XLE",
          "corr": 0.0083,
          "w1": 7.8,
          "w2": 8.0,
          "combined_weight": 15.8
        }
      ],
      "high_corr_high_weight": [
        {
          "t1": "CDE",
          "t2": "SILJ",
          "corr": 0.907,
          "w1": 7.8,
          "w2": 8.0,
          "combined_weight": 15.8
        },
        {
          "t1": "PICK",
          "t2": "FCX",
          "corr": 0.7105,
          "w1": 9.1,
          "w2": 5.6,
          "combined_weight": 14.7
        }
      ]
    },
    "Mod\u00e9r\u00e9": {
      "n_assets": 17,
      "weighted_avg_correlation": 0.1714,
      "most_correlated": [
        {
          "t1": "VSS",
          "t2": "RIO",
          "corr": 0.5899,
          "w1": 8.5,
          "w2": 5.3,
          "combined_weight": 13.8
        },
        {
          "t1": "VSS",
          "t2": "SCHY",
          "corr": 0.531,
          "w1": 8.5,
          "w2": 8.5,
          "combined_weight": 16.9
        },
        {
          "t1": "RIO",
          "t2": "SCHY",
          "corr": 0.4845,
          "w1": 5.3,
          "w2": 8.5,
          "combined_weight": 13.8
        },
        {
          "t1": "GCOW",
          "t2": "VSS",
          "corr": 0.4673,
          "w1": 4.3,
          "w2": 8.5,
          "combined_weight": 12.8
        },
        {
          "t1": "GCOW",
          "t2": "RIO",
          "corr": 0.4334,
          "w1": 4.3,
          "w2": 5.3,
          "combined_weight": 9.7
        },
        {
          "t1": "EICHERMOT",
          "t2": "NOVN",
          "corr": 0.4276,
          "w1": 4.7,
          "w2": 3.2,
          "combined_weight": 7.9
        },
        {
          "t1": "KO",
          "t2": "EICHERMOT",
          "corr": 0.4184,
          "w1": 8.5,
          "w2": 4.7,
          "combined_weight": 13.1
        },
        {
          "t1": "GCOW",
          "t2": "SCHY",
          "corr": 0.405,
          "w1": 4.3,
          "w2": 8.5,
          "combined_weight": 12.8
        },
        {
          "t1": "VSS",
          "t2": "SCHD",
          "corr": 0.4013,
          "w1": 8.5,
          "w2": 7.5,
          "combined_weight": 15.9
        },
        {
          "t1": "RIO",
          "t2": "GLD",
          "corr": 0.366,
          "w1": 5.3,
          "w2": 5.2,
          "combined_weight": 10.6
        }
      ],
      "least_correlated": [
        {
          "t1": "USFR",
          "t2": "GLD",
          "corr": 0.0227,
          "w1": 8.3,
          "w2": 5.2,
          "combined_weight": 13.6
        },
        {
          "t1": "STIP",
          "t2": "GBIL",
          "corr": 0.0184,
          "w1": 6.3,
          "w2": 9.0,
          "combined_weight": 15.3
        },
        {
          "t1": "STIP",
          "t2": "USFR",
          "corr": 0.0184,
          "w1": 6.3,
          "w2": 8.3,
          "combined_weight": 14.6
        },
        {
          "t1": "GBIL",
          "t2": "USFR",
          "corr": 0.0184,
          "w1": 9.0,
          "w2": 8.3,
          "combined_weight": 17.3
        },
        {
          "t1": "KO",
          "t2": "GLD",
          "corr": -0.0353,
          "w1": 8.5,
          "w2": 5.2,
          "combined_weight": 13.7
        }
      ],
      "high_corr_high_weight": []
    },
    "Stable": {
      "n_assets": 13,
      "weighted_avg_correlation": 0.0877,
      "most_correlated": [
        {
          "t1": "ACWV",
          "t2": "SPYV",
          "corr": 0.3606,
          "w1": 7.0,
          "w2": 5.6,
          "combined_weight": 12.6
        },
        {
          "t1": "SPYV",
          "t2": "XLV",
          "corr": 0.3412,
          "w1": 5.6,
          "w2": 4.3,
          "combined_weight": 9.9
        },
        {
          "t1": "SPYV",
          "t2": "CS",
          "corr": 0.2872,
          "w1": 5.6,
          "w2": 6.8,
          "combined_weight": 12.5
        },
        {
          "t1": "ACWV",
          "t2": "XLV",
          "corr": 0.2711,
          "w1": 7.0,
          "w2": 4.3,
          "combined_weight": 11.2
        },
        {
          "t1": "HEN",
          "t2": "CIPLA",
          "corr": 0.2689,
          "w1": 7.4,
          "w2": 7.4,
          "combined_weight": 14.9
        },
        {
          "t1": "ACWV",
          "t2": "CS",
          "corr": 0.2528,
          "w1": 7.0,
          "w2": 6.8,
          "combined_weight": 13.8
        },
        {
          "t1": "SHEL",
          "t2": "SPYV",
          "corr": 0.251,
          "w1": 7.6,
          "w2": 5.6,
          "combined_weight": 13.2
        },
        {
          "t1": "CS",
          "t2": "GLD",
          "corr": 0.2485,
          "w1": 6.8,
          "w2": 4.3,
          "combined_weight": 11.2
        },
        {
          "t1": "ACWV",
          "t2": "SHEL",
          "corr": 0.2479,
          "w1": 7.0,
          "w2": 7.6,
          "combined_weight": 14.6
        },
        {
          "t1": "SHEL",
          "t2": "HEN",
          "corr": 0.2471,
          "w1": 7.6,
          "w2": 7.4,
          "combined_weight": 15.1
        }
      ],
      "least_correlated": [
        {
          "t1": "BSV",
          "t2": "STIP",
          "corr": 0.0184,
          "w1": 13.0,
          "w2": 13.0,
          "combined_weight": 26.0
        },
        {
          "t1": "CLTL",
          "t2": "VGSH",
          "corr": 0.0184,
          "w1": 12.4,
          "w2": 4.1,
          "combined_weight": 16.5
        },
        {
          "t1": "CLTL",
          "t2": "STIP",
          "corr": 0.0184,
          "w1": 12.4,
          "w2": 13.0,
          "combined_weight": 25.4
        },
        {
          "t1": "VGSH",
          "t2": "STIP",
          "corr": 0.0184,
          "w1": 4.1,
          "w2": 13.0,
          "combined_weight": 17.1
        },
        {
          "t1": "CIPLA",
          "t2": "GLD",
          "corr": 0.0055,
          "w1": 7.4,
          "w2": 4.3,
          "combined_weight": 11.8
        }
      ],
      "high_corr_high_weight": []
    }
  },
  "all_pairs_top_30": [
    {
      "t1": "CDE",
      "t2": "SILJ",
      "corr_hybrid": 0.907,
      "corr_structured": null,
      "cat1": "Act",
      "cat2": "ETF",
      "exp1": null,
      "exp2": "silver_miners",
      "fam1": null,
      "fam2": "precious_metals"
    },
    {
      "t1": "PICK",
      "t2": "VSS",
      "corr_hybrid": 0.7254,
      "corr_structured": 0.2,
      "cat1": "ETF",
      "cat2": "ETF",
      "exp1": "metals_mining",
      "exp2": "intl_small_cap",
      "fam1": null,
      "fam2": null
    },
    {
      "t1": "FCX",
      "t2": "PICK",
      "corr_hybrid": 0.7105,
      "corr_structured": null,
      "cat1": "Act",
      "cat2": "ETF",
      "exp1": null,
      "exp2": "metals_mining",
      "fam1": null,
      "fam2": null
    },
    {
      "t1": "CDE",
      "t2": "GLD",
      "corr_hybrid": 0.6851,
      "corr_structured": null,
      "cat1": "Act",
      "cat2": "ETF",
      "exp1": null,
      "exp2": "gold_physical",
      "fam1": null,
      "fam2": "gold"
    },
    {
      "t1": "PICK",
      "t2": "SOXX",
      "corr_hybrid": 0.6686,
      "corr_structured": 0.2,
      "cat1": "ETF",
      "cat2": "ETF",
      "exp1": "metals_mining",
      "exp2": "semiconductor",
      "fam1": null,
      "fam2": "sector_tech"
    },
    {
      "t1": "GLD",
      "t2": "SILJ",
      "corr_hybrid": 0.6673,
      "corr_structured": 0.85,
      "cat1": "ETF",
      "cat2": "ETF",
      "exp1": "gold_physical",
      "exp2": "silver_miners",
      "fam1": "gold",
      "fam2": "precious_metals"
    },
    {
      "t1": "FLKR",
      "t2": "PICK",
      "corr_hybrid": 0.6623,
      "corr_structured": 0.2,
      "cat1": "ETF",
      "cat2": "ETF",
      "exp1": "south_korea",
      "exp2": "metals_mining",
      "fam1": "em_equity",
      "fam2": null
    },
    {
      "t1": "FCX",
      "t2": "VSS",
      "corr_hybrid": 0.6512,
      "corr_structured": null,
      "cat1": "Act",
      "cat2": "ETF",
      "exp1": null,
      "exp2": "intl_small_cap",
      "fam1": null,
      "fam2": null
    },
    {
      "t1": "PICK",
      "t2": "RIO",
      "corr_hybrid": 0.6444,
      "corr_structured": null,
      "cat1": "ETF",
      "cat2": "Act",
      "exp1": "metals_mining",
      "exp2": null,
      "fam1": null,
      "fam2": null
    },
    {
      "t1": "FLKR",
      "t2": "SOXX",
      "corr_hybrid": 0.6306,
      "corr_structured": 0.2,
      "cat1": "ETF",
      "cat2": "ETF",
      "exp1": "south_korea",
      "exp2": "semiconductor",
      "fam1": "em_equity",
      "fam2": "sector_tech"
    },
    {
      "t1": "PICK",
      "t2": "SILJ",
      "corr_hybrid": 0.6245,
      "corr_structured": 0.2,
      "cat1": "ETF",
      "cat2": "ETF",
      "exp1": "metals_mining",
      "exp2": "silver_miners",
      "fam1": null,
      "fam2": "precious_metals"
    },
    {
      "t1": "SOXX",
      "t2": "VSS",
      "corr_hybrid": 0.6221,
      "corr_structured": 0.2,
      "cat1": "ETF",
      "cat2": "ETF",
      "exp1": "semiconductor",
      "exp2": "intl_small_cap",
      "fam1": "sector_tech",
      "fam2": null
    },
    {
      "t1": "FLKR",
      "t2": "VSS",
      "corr_hybrid": 0.6132,
      "corr_structured": 0.2,
      "cat1": "ETF",
      "cat2": "ETF",
      "exp1": "south_korea",
      "exp2": "intl_small_cap",
      "fam1": "em_equity",
      "fam2": null
    },
    {
      "t1": "FCX",
      "t2": "SOXX",
      "corr_hybrid": 0.6102,
      "corr_structured": null,
      "cat1": "Act",
      "cat2": "ETF",
      "exp1": null,
      "exp2": "semiconductor",
      "fam1": null,
      "fam2": "sector_tech"
    },
    {
      "t1": "FCX",
      "t2": "FLKR",
      "corr_hybrid": 0.5989,
      "corr_structured": null,
      "cat1": "Act",
      "cat2": "ETF",
      "exp1": null,
      "exp2": "south_korea",
      "fam1": null,
      "fam2": "em_equity"
    },
    {
      "t1": "RIO",
      "t2": "VSS",
      "corr_hybrid": 0.5899,
      "corr_structured": null,
      "cat1": "Act",
      "cat2": "ETF",
      "exp1": null,
      "exp2": "intl_small_cap",
      "fam1": null,
      "fam2": null
    },
    {
      "t1": "FCX",
      "t2": "RIO",
      "corr_hybrid": 0.567,
      "corr_structured": null,
      "cat1": "Act",
      "cat2": "Act",
      "exp1": null,
      "exp2": null,
      "fam1": null,
      "fam2": null
    },
    {
      "t1": "PICK",
      "t2": "SCHY",
      "corr_hybrid": 0.5611,
      "corr_structured": 0.2,
      "cat1": "ETF",
      "cat2": "ETF",
      "exp1": "metals_mining",
      "exp2": "international",
      "fam1": null,
      "fam2": "intl_equity"
    },
    {
      "t1": "2059",
      "t2": "2345",
      "corr_hybrid": 0.5575,
      "corr_structured": null,
      "cat1": "Act",
      "cat2": "Act",
      "exp1": null,
      "exp2": null,
      "fam1": null,
      "fam2": null
    },
    {
      "t1": "2059",
      "t2": "402340",
      "corr_hybrid": 0.5575,
      "corr_structured": null,
      "cat1": "Act",
      "cat2": "Act",
      "exp1": null,
      "exp2": null,
      "fam1": null,
      "fam2": null
    },
    {
      "t1": "2059",
      "t2": "EICHERMOT",
      "corr_hybrid": 0.5575,
      "corr_structured": null,
      "cat1": "Act",
      "cat2": "Act",
      "exp1": null,
      "exp2": null,
      "fam1": null,
      "fam2": null
    },
    {
      "t1": "2345",
      "t2": "402340",
      "corr_hybrid": 0.5575,
      "corr_structured": null,
      "cat1": "Act",
      "cat2": "Act",
      "exp1": null,
      "exp2": null,
      "fam1": null,
      "fam2": null
    },
    {
      "t1": "2345",
      "t2": "EICHERMOT",
      "corr_hybrid": 0.5575,
      "corr_structured": null,
      "cat1": "Act",
      "cat2": "Act",
      "exp1": null,
      "exp2": null,
      "fam1": null,
      "fam2": null
    },
    {
      "t1": "402340",
      "t2": "EICHERMOT",
      "corr_hybrid": 0.5575,
      "corr_structured": null,
      "cat1": "Act",
      "cat2": "Act",
      "exp1": null,
      "exp2": null,
      "fam1": null,
      "fam2": null
    },
    {
      "t1": "FCX",
      "t2": "SILJ",
      "corr_hybrid": 0.5482,
      "corr_structured": null,
      "cat1": "Act",
      "cat2": "ETF",
      "exp1": null,
      "exp2": "silver_miners",
      "fam1": null,
      "fam2": "precious_metals"
    },
    {
      "t1": "CDE",
      "t2": "PICK",
      "corr_hybrid": 0.5427,
      "corr_structured": null,
      "cat1": "Act",
      "cat2": "ETF",
      "exp1": null,
      "exp2": "metals_mining",
      "fam1": null,
      "fam2": null
    },
    {
      "t1": "CS",
      "t2": "PICK",
      "corr_hybrid": 0.5346,
      "corr_structured": null,
      "cat1": "Act",
      "cat2": "ETF",
      "exp1": null,
      "exp2": "metals_mining",
      "fam1": null,
      "fam2": null
    },
    {
      "t1": "SCHY",
      "t2": "VSS",
      "corr_hybrid": 0.531,
      "corr_structured": 0.2,
      "cat1": "ETF",
      "cat2": "ETF",
      "exp1": "international",
      "exp2": "intl_small_cap",
      "fam1": "intl_equity",
      "fam2": null
    },
    {
      "t1": "PICK",
      "t2": "SPYV",
      "corr_hybrid": 0.5235,
      "corr_structured": 0.2,
      "cat1": "ETF",
      "cat2": "ETF",
      "exp1": "metals_mining",
      "exp2": "sp500_value",
      "fam1": null,
      "fam2": "factor_value"
    },
    {
      "t1": "SPYV",
      "t2": "VSS",
      "corr_hybrid": 0.5175,
      "corr_structured": 0.2,
      "cat1": "ETF",
      "cat2": "ETF",
      "exp1": "sp500_value",
      "exp2": "intl_small_cap",
      "fam1": "factor_value",
      "fam2": null
    }
  ],
  "all_pairs_bottom_10": [
    {
      "t1": "CDE",
      "t2": "VGSH",
      "corr_hybrid": 0.0183,
      "corr_structured": null,
      "cat1": "Act",
      "cat2": "Obl",
      "exp1": null,
      "exp2": "bonds_short_treasury",
      "fam1": null,
      "fam2": "bonds_short"
    },
    {
      "t1": "ITX",
      "t2": "SILJ",
      "corr_hybrid": 0.0163,
      "corr_structured": null,
      "cat1": "Act",
      "cat2": "ETF",
      "exp1": null,
      "exp2": "silver_miners",
      "fam1": null,
      "fam2": "precious_metals"
    },
    {
      "t1": "CDE",
      "t2": "XLE",
      "corr_hybrid": 0.0083,
      "corr_structured": null,
      "cat1": "Act",
      "cat2": "ETF",
      "exp1": null,
      "exp2": "energy",
      "fam1": null,
      "fam2": "sector_energy"
    },
    {
      "t1": "CS",
      "t2": "ITX",
      "corr_hybrid": -0.0064,
      "corr_structured": null,
      "cat1": "Act",
      "cat2": "Act",
      "exp1": null,
      "exp2": null,
      "fam1": null,
      "fam2": null
    },
    {
      "t1": "CIPLA",
      "t2": "GLD",
      "corr_hybrid": 0.0055,
      "corr_structured": null,
      "cat1": "Act",
      "cat2": "ETF",
      "exp1": null,
      "exp2": "gold_physical",
      "fam1": null,
      "fam2": "gold"
    },
    {
      "t1": "KO",
      "t2": "SOXX",
      "corr_hybrid": -0.0055,
      "corr_structured": null,
      "cat1": "Act",
      "cat2": "ETF",
      "exp1": null,
      "exp2": "semiconductor",
      "fam1": null,
      "fam2": "sector_tech"
    },
    {
      "t1": "CIPLA",
      "t2": "VSS",
      "corr_hybrid": -0.0052,
      "corr_structured": null,
      "cat1": "Act",
      "cat2": "ETF",
      "exp1": null,
      "exp2": "intl_small_cap",
      "fam1": null,
      "fam2": null
    },
    {
      "t1": "HEN",
      "t2": "SOXX",
      "corr_hybrid": -0.0037,
      "corr_structured": null,
      "cat1": "Act",
      "cat2": "ETF",
      "exp1": null,
      "exp2": "semiconductor",
      "fam1": null,
      "fam2": "sector_tech"
    },
    {
      "t1": "FLKR",
      "t2": "HEN",
      "corr_hybrid": 0.0017,
      "corr_structured": null,
      "cat1": "ETF",
      "cat2": "Act",
      "exp1": "south_korea",
      "exp2": null,
      "fam1": "em_equity",
      "fam2": null
    },
    {
      "t1": "FLKR",
      "t2": "KO",
      "corr_hybrid": -0.0014,
      "corr_structured": null,
      "cat1": "ETF",
      "cat2": "Act",
      "exp1": "south_korea",
      "exp2": null,
      "fam1": "em_equity",
      "fam2": null
    }
  ],
  "correlation_matrix": {
    "tickers": [
      "2059",
      "2345",
      "402340",
      "ACWV",
      "AGS",
      "BSV",
      "CDE",
      "CIPLA",
      "CLTL",
      "CS",
      "EICHERMOT",
      "FCX",
      "FLKR",
      "FLTR",
      "GBIL",
      "GCOW",
      "GLD",
      "HEN",
      "IPN",
      "ITX",
      "KO",
      "LI",
      "NOVN",
      "PAAA",
      "PICK",
      "RIO",
      "SCHD",
      "SCHY",
      "SHEL",
      "SILJ",
      "SOXX",
      "SPLV",
      "SPYV",
      "STIP",
      "USFR",
      "VGSH",
      "VSS",
      "XBI",
      "XLE",
      "XLV"
    ],
    "matrix": [
      [
        1.0,
        0.5575,
        0.5575,
        0.3009,
        0.3256,
        0.0732,
        0.1281,
        0.3503,
        0.0732,
        0.1909,
        0.5575,
        0.2058,
        0.0991,
        0.0732,
        0.0732,
        0.302,
        0.1046,
        0.3965,
        0.3482,
        0.3518,
        0.4184,
        0.2523,
        0.4276,
        0.0732,
        0.1941,
        0.3125,
        0.2856,
        0.2748,
        0.3643,
        0.0959,
        0.0961,
        0.2829,
        0.2655,
        0.0732,
        0.0732,
        0.0732,
        0.2389,
        0.1416,
        0.197,
        0.219
      ],
      [
        0.5575,
        1.0,
        0.5575,
        0.3009,
        0.3256,
        0.0732,
        0.1281,
        0.3503,
        0.0732,
        0.1909,
        0.5575,
        0.2058,
        0.0991,
        0.0732,
        0.0732,
        0.302,
        0.1046,
        0.3965,
        0.3482,
        0.3518,
        0.4184,
        0.2523,
        0.4276,
        0.0732,
        0.1941,
        0.3125,
        0.2856,
        0.2748,
        0.3643,
        0.0959,
        0.0961,
        0.2829,
        0.2655,
        0.0732,
        0.0732,
        0.0732,
        0.2389,
        0.1416,
        0.197,
        0.219
      ],
      [
        0.5575,
        0.5575,
        1.0,
        0.3009,
        0.3256,
        0.0732,
        0.1281,
        0.3503,
        0.0732,
        0.1909,
        0.5575,
        0.2058,
        0.0991,
        0.0732,
        0.0732,
        0.302,
        0.1046,
        0.3965,
        0.3482,
        0.3518,
        0.4184,
        0.2523,
        0.4276,
        0.0732,
        0.1941,
        0.3125,
        0.2856,
        0.2748,
        0.3643,
        0.0959,
        0.0961,
        0.2829,
        0.2655,
        0.0732,
        0.0732,
        0.0732,
        0.2389,
        0.1416,
        0.197,
        0.219
      ],
      [
        0.3009,
        0.3009,
        0.3009,
        1.0,
        0.1741,
        0.072,
        0.136,
        0.1093,
        0.072,
        0.2528,
        0.3009,
        0.3684,
        0.3418,
        0.072,
        0.072,
        0.3381,
        0.1391,
        0.1766,
        0.1781,
        0.1841,
        0.1976,
        0.2492,
        0.2226,
        0.072,
        0.3941,
        0.372,
        0.3165,
        0.3511,
        0.2479,
        0.1777,
        0.3472,
        0.2253,
        0.3606,
        0.072,
        0.072,
        0.072,
        0.3965,
        0.2748,
        0.1585,
        0.2711
      ],
      [
        0.3256,
        0.3256,
        0.3256,
        0.1741,
        1.0,
        0.0383,
        0.081,
        0.2067,
        0.0383,
        0.2118,
        0.3256,
        0.1084,
        0.052,
        0.0383,
        0.0383,
        0.181,
        0.0659,
        0.2355,
        0.2089,
        0.1897,
        0.2508,
        0.1493,
        0.2484,
        0.0383,
        0.1257,
        0.1946,
        0.1614,
        0.165,
        0.2148,
        0.0604,
        0.0466,
        0.1671,
        0.1485,
        0.0383,
        0.0383,
        0.0383,
        0.1409,
        0.0789,
        0.1067,
        0.1235
      ],
      [
        0.0732,
        0.0732,
        0.0732,
        0.072,
        0.0383,
        1.0,
        0.0183,
        0.0276,
        0.0184,
        0.028,
        0.0732,
        0.0843,
        0.0783,
        0.0184,
        0.0184,
        0.0775,
        0.0227,
        0.0416,
        0.0409,
        0.0499,
        0.0486,
        0.0566,
        0.0547,
        0.0184,
        0.0824,
        0.0798,
        0.077,
        0.079,
        0.0586,
        0.0287,
        0.0807,
        0.0538,
        0.086,
        0.0184,
        0.0184,
        0.0184,
        0.0882,
        0.0639,
        0.0408,
        0.0657
      ],
      [
        0.1281,
        0.1281,
        0.1281,
        0.136,
        0.081,
        0.0183,
        1.0,
        0.023,
        0.0183,
        0.285,
        0.1281,
        0.4754,
        0.2646,
        0.0183,
        0.0183,
        0.1764,
        0.6851,
        0.1401,
        0.1485,
        0.0352,
        -0.0574,
        0.2183,
        0.0904,
        0.0183,
        0.5427,
        0.4374,
        0.0397,
        0.2731,
        0.1219,
        0.907,
        0.2582,
        0.0393,
        0.1428,
        0.0183,
        0.0183,
        0.0183,
        0.4129,
        0.1645,
        0.0083,
        0.0323
      ],
      [
        0.3503,
        0.3503,
        0.3503,
        0.1093,
        0.2067,
        0.0276,
        0.023,
        1.0,
        0.0276,
        0.0423,
        0.3503,
        -0.0234,
        -0.1026,
        0.0276,
        0.0276,
        0.0914,
        0.0055,
        0.2689,
        0.2232,
        0.2236,
        0.2826,
        0.0928,
        0.2732,
        0.0276,
        -0.0474,
        0.0772,
        0.0902,
        0.0567,
        0.2,
        -0.029,
        -0.1085,
        0.1386,
        0.0448,
        0.0276,
        0.0276,
        0.0276,
        -0.0052,
        -0.0236,
        0.095,
        0.0534
      ],
      [
        0.0732,
        0.0732,
        0.0732,
        0.072,
        0.0383,
        0.0184,
        0.0183,
        0.0276,
        1.0,
        0.028,
        0.0732,
        0.0843,
        0.0783,
        0.0184,
        0.0184,
        0.0775,
        0.0227,
        0.0416,
        0.0409,
        0.0499,
        0.0486,
        0.0566,
        0.0547,
        0.0184,
        0.0824,
        0.0798,
        0.077,
        0.079,
        0.0586,
        0.0287,
        0.0807,
        0.0538,
        0.086,
        0.0184,
        0.0184,
        0.0184,
        0.0882,
        0.0639,
        0.0408,
        0.0657
      ],
      [
        0.1909,
        0.1909,
        0.1909,
        0.2528,
        0.2118,
        0.028,
        0.285,
        0.0423,
        0.028,
        1.0,
        0.1909,
        0.319,
        0.3332,
        0.028,
        0.028,
        0.3395,
        0.2485,
        0.1312,
        0.1586,
        -0.0064,
        0.1392,
        0.2441,
        0.1273,
        0.028,
        0.5346,
        0.4629,
        0.229,
        0.3733,
        0.1999,
        0.3195,
        0.3124,
        0.1848,
        0.2872,
        0.028,
        0.028,
        0.028,
        0.4275,
        0.2522,
        0.058,
        0.2045
      ],
      [
        0.5575,
        0.5575,
        0.5575,
        0.3009,
        0.3256,
        0.0732,
        0.1281,
        0.3503,
        0.0732,
        0.1909,
        1.0,
        0.2058,
        0.0991,
        0.0732,
        0.0732,
        0.302,
        0.1046,
        0.3965,
        0.3482,
        0.3518,
        0.4184,
        0.2523,
        0.4276,
        0.0732,
        0.1941,
        0.3125,
        0.2856,
        0.2748,
        0.3643,
        0.0959,
        0.0961,
        0.2829,
        0.2655,
        0.0732,
        0.0732,
        0.0732,
        0.2389,
        0.1416,
        0.197,
        0.219
      ],
      [
        0.2058,
        0.2058,
        0.2058,
        0.3684,
        0.1084,
        0.0843,
        0.4754,
        -0.0234,
        0.0843,
        0.319,
        0.2058,
        1.0,
        0.5989,
        0.0843,
        0.0843,
        0.4324,
        0.4018,
        0.0991,
        0.1318,
        0.1172,
        0.0492,
        0.333,
        0.1427,
        0.0843,
        0.7105,
        0.567,
        0.3669,
        0.5037,
        0.2303,
        0.5482,
        0.6102,
        0.2129,
        0.4882,
        0.0843,
        0.0843,
        0.0843,
        0.6512,
        0.4268,
        0.1521,
        0.3289
      ],
      [
        0.0991,
        0.0991,
        0.0991,
        0.3418,
        0.052,
        0.0783,
        0.2646,
        -0.1026,
        0.0783,
        0.3332,
        0.0991,
        0.5989,
        1.0,
        0.0783,
        0.0783,
        0.4109,
        0.2602,
        0.0017,
        0.0493,
        0.0496,
        -0.0014,
        0.2867,
        0.0593,
        0.0783,
        0.6623,
        0.4978,
        0.3692,
        0.473,
        0.17,
        0.3711,
        0.6306,
        0.1899,
        0.4873,
        0.0783,
        0.0783,
        0.0783,
        0.6132,
        0.4334,
        0.1356,
        0.3396
      ],
      [
        0.0732,
        0.0732,
        0.0732,
        0.072,
        0.0383,
        0.0184,
        0.0183,
        0.0276,
        0.0184,
        0.028,
        0.0732,
        0.0843,
        0.0783,
        1.0,
        0.0184,
        0.0775,
        0.0227,
        0.0416,
        0.0409,
        0.0499,
        0.0486,
        0.0566,
        0.0547,
        0.0184,
        0.0824,
        0.0798,
        0.077,
        0.079,
        0.0586,
        0.0287,
        0.0807,
        0.0538,
        0.086,
        0.0184,
        0.0184,
        0.0184,
        0.0882,
        0.0639,
        0.0408,
        0.0657
      ],
      [
        0.0732,
        0.0732,
        0.0732,
        0.072,
        0.0383,
        0.0184,
        0.0183,
        0.0276,
        0.0184,
        0.028,
        0.0732,
        0.0843,
        0.0783,
        0.0184,
        1.0,
        0.0775,
        0.0227,
        0.0416,
        0.0409,
        0.0499,
        0.0486,
        0.0566,
        0.0547,
        0.0184,
        0.0824,
        0.0798,
        0.077,
        0.079,
        0.0586,
        0.0287,
        0.0807,
        0.0538,
        0.086,
        0.0184,
        0.0184,
        0.0184,
        0.0882,
        0.0639,
        0.0408,
        0.0657
      ],
      [
        0.302,
        0.302,
        0.302,
        0.3381,
        0.181,
        0.0775,
        0.1764,
        0.0914,
        0.0775,
        0.3395,
        0.302,
        0.4324,
        0.4109,
        0.0775,
        0.0775,
        1.0,
        0.1761,
        0.1719,
        0.1807,
        0.1751,
        0.1913,
        0.2803,
        0.2208,
        0.0775,
        0.4782,
        0.4334,
        0.3509,
        0.405,
        0.2622,
        0.2297,
        0.416,
        0.2426,
        0.4096,
        0.0775,
        0.0775,
        0.0775,
        0.4673,
        0.3218,
        0.1661,
        0.304
      ],
      [
        0.1046,
        0.1046,
        0.1046,
        0.1391,
        0.0659,
        0.0227,
        0.6851,
        0.0055,
        0.0227,
        0.2485,
        0.1046,
        0.4018,
        0.2602,
        0.0227,
        0.0227,
        0.1761,
        1.0,
        0.0993,
        0.1109,
        0.0317,
        -0.0353,
        0.188,
        0.0726,
        0.0227,
        0.4581,
        0.366,
        0.0765,
        0.2499,
        0.1081,
        0.6673,
        0.2573,
        0.0538,
        0.1618,
        0.0227,
        0.0227,
        0.0227,
        0.3626,
        0.1688,
        0.024,
        0.0672
      ],
      [
        0.3965,
        0.3965,
        0.3965,
        0.1766,
        0.2355,
        0.0416,
        0.1401,
        0.2689,
        0.0416,
        0.1312,
        0.3965,
        0.0991,
        0.0017,
        0.0416,
        0.0416,
        0.1719,
        0.0993,
        1.0,
        0.2567,
        0.2451,
        0.2961,
        0.1582,
        0.3056,
        0.0416,
        0.0918,
        0.1915,
        0.1522,
        0.1519,
        0.2471,
        0.0966,
        -0.0037,
        0.1783,
        0.1293,
        0.0416,
        0.0416,
        0.0416,
        0.1174,
        0.0509,
        0.1202,
        0.1084
      ],
      [
        0.3482,
        0.3482,
        0.3482,
        0.1781,
        0.2089,
        0.0409,
        0.1485,
        0.2232,
        0.0409,
        0.1586,
        0.3482,
        0.1318,
        0.0493,
        0.0409,
        0.0409,
        0.1807,
        0.1109,
        0.2567,
        1.0,
        0.2111,
        0.2543,
        0.1594,
        0.2668,
        0.0409,
        0.1354,
        0.2075,
        0.1577,
        0.169,
        0.226,
        0.1187,
        0.045,
        0.1679,
        0.1477,
        0.0409,
        0.0409,
        0.0409,
        0.1506,
        0.0772,
        0.1118,
        0.1181
      ],
      [
        0.3518,
        0.3518,
        0.3518,
        0.1841,
        0.1897,
        0.0499,
        0.0352,
        0.2236,
        0.0499,
        -0.0064,
        0.3518,
        0.1172,
        0.0496,
        0.0499,
        0.0499,
        0.1751,
        0.0317,
        0.2451,
        0.2111,
        1.0,
        0.2639,
        0.1467,
        0.2718,
        0.0499,
        0.079,
        0.1622,
        0.1817,
        0.153,
        0.2243,
        0.0163,
        0.0518,
        0.175,
        0.1642,
        0.0499,
        0.0499,
        0.0499,
        0.1258,
        0.0814,
        0.1332,
        0.1386
      ],
      [
        0.4184,
        0.4184,
        0.4184,
        0.1976,
        0.2508,
        0.0486,
        -0.0574,
        0.2826,
        0.0486,
        0.1392,
        0.4184,
        0.0492,
        -0.0014,
        0.0486,
        0.0486,
        0.1913,
        -0.0353,
        0.2961,
        0.2543,
        0.2639,
        1.0,
        0.1513,
        0.3225,
        0.0486,
        0.038,
        0.1581,
        0.1968,
        0.151,
        0.2623,
        -0.0832,
        -0.0055,
        0.209,
        0.1573,
        0.0486,
        0.0486,
        0.0486,
        0.091,
        0.0598,
        0.1434,
        0.1471
      ],
      [
        0.2523,
        0.2523,
        0.2523,
        0.2492,
        0.1493,
        0.0566,
        0.2183,
        0.0928,
        0.0566,
        0.2441,
        0.2523,
        0.333,
        0.2867,
        0.0566,
        0.0566,
        0.2803,
        0.188,
        0.1582,
        0.1594,
        0.1467,
        0.1513,
        1.0,
        0.1863,
        0.0566,
        0.3641,
        0.338,
        0.2458,
        0.3007,
        0.2078,
        0.2427,
        0.2892,
        0.1792,
        0.2901,
        0.0566,
        0.0566,
        0.0566,
        0.3496,
        0.2265,
        0.122,
        0.2098
      ],
      [
        0.4276,
        0.4276,
        0.4276,
        0.2226,
        0.2484,
        0.0547,
        0.0904,
        0.2732,
        0.0547,
        0.1273,
        0.4276,
        0.1427,
        0.0593,
        0.0547,
        0.0547,
        0.2208,
        0.0726,
        0.3056,
        0.2668,
        0.2718,
        0.3225,
        0.1863,
        1.0,
        0.0547,
        0.1294,
        0.2256,
        0.2105,
        0.198,
        0.2761,
        0.0626,
        0.057,
        0.2128,
        0.1917,
        0.0547,
        0.0547,
        0.0547,
        0.1665,
        0.0972,
        0.1491,
        0.1598
      ],
      [
        0.0732,
        0.0732,
        0.0732,
        0.072,
        0.0383,
        0.0184,
        0.0183,
        0.0276,
        0.0184,
        0.028,
        0.0732,
        0.0843,
        0.0783,
        0.0184,
        0.0184,
        0.0775,
        0.0227,
        0.0416,
        0.0409,
        0.0499,
        0.0486,
        0.0566,
        0.0547,
        1.0,
        0.0824,
        0.0798,
        0.077,
        0.079,
        0.0586,
        0.0287,
        0.0807,
        0.0538,
        0.086,
        0.0184,
        0.0184,
        0.0184,
        0.0882,
        0.0639,
        0.0408,
        0.0657
      ],
      [
        0.1941,
        0.1941,
        0.1941,
        0.3941,
        0.1257,
        0.0824,
        0.5427,
        -0.0474,
        0.0824,
        0.5346,
        0.1941,
        0.7105,
        0.6623,
        0.0824,
        0.0824,
        0.4782,
        0.4581,
        0.0918,
        0.1354,
        0.079,
        0.038,
        0.3641,
        0.1294,
        0.0824,
        1.0,
        0.6444,
        0.3863,
        0.5611,
        0.2395,
        0.6245,
        0.6686,
        0.2251,
        0.5235,
        0.0824,
        0.0824,
        0.0824,
        0.7254,
        0.4679,
        0.1433,
        0.3498
      ],
      [
        0.3125,
        0.3125,
        0.3125,
        0.372,
        0.1946,
        0.0798,
        0.4374,
        0.0772,
        0.0798,
        0.4629,
        0.3125,
        0.567,
        0.4978,
        0.0798,
        0.0798,
        0.4334,
        0.366,
        0.1915,
        0.2075,
        0.1622,
        0.1581,
        0.338,
        0.2256,
        0.0798,
        0.6444,
        1.0,
        0.3592,
        0.4845,
        0.2842,
        0.4834,
        0.5003,
        0.2473,
        0.4505,
        0.0798,
        0.0798,
        0.0798,
        0.5899,
        0.3738,
        0.1601,
        0.3129
      ],
      [
        0.2856,
        0.2856,
        0.2856,
        0.3165,
        0.1614,
        0.077,
        0.0397,
        0.0902,
        0.077,
        0.229,
        0.2856,
        0.3669,
        0.3692,
        0.077,
        0.077,
        0.3509,
        0.0765,
        0.1522,
        0.1577,
        0.1817,
        0.1968,
        0.2458,
        0.2105,
        0.077,
        0.3863,
        0.3592,
        1.0,
        0.3584,
        0.2432,
        0.0984,
        0.3773,
        0.2342,
        0.3877,
        0.077,
        0.077,
        0.077,
        0.4013,
        0.2954,
        0.1691,
        0.2979
      ],
      [
        0.2748,
        0.2748,
        0.2748,
        0.3511,
        0.165,
        0.079,
        0.2731,
        0.0567,
        0.079,
        0.3733,
        0.2748,
        0.5037,
        0.473,
        0.079,
        0.079,
        0.405,
        0.2499,
        0.1519,
        0.169,
        0.153,
        0.151,
        0.3007,
        0.198,
        0.079,
        0.5611,
        0.4845,
        0.3584,
        1.0,
        0.2557,
        0.3329,
        0.4789,
        0.2368,
        0.437,
        0.079,
        0.079,
        0.079,
        0.531,
        0.3575,
        0.1607,
        0.3141
      ],
      [
        0.3643,
        0.3643,
        0.3643,
        0.2479,
        0.2148,
        0.0586,
        0.1219,
        0.2,
        0.0586,
        0.1999,
        0.3643,
        0.2303,
        0.17,
        0.0586,
        0.0586,
        0.2622,
        0.1081,
        0.2471,
        0.226,
        0.2243,
        0.2623,
        0.2078,
        0.2761,
        0.0586,
        0.2395,
        0.2842,
        0.2432,
        0.2557,
        1.0,
        0.121,
        0.1698,
        0.2107,
        0.251,
        0.0586,
        0.0586,
        0.0586,
        0.2569,
        0.1645,
        0.1453,
        0.1966
      ],
      [
        0.0959,
        0.0959,
        0.0959,
        0.1777,
        0.0604,
        0.0287,
        0.907,
        -0.029,
        0.0287,
        0.3195,
        0.0959,
        0.5482,
        0.3711,
        0.0287,
        0.0287,
        0.2297,
        0.6673,
        0.0966,
        0.1187,
        0.0163,
        -0.0832,
        0.2427,
        0.0626,
        0.0287,
        0.6245,
        0.4834,
        0.0984,
        0.3329,
        0.121,
        1.0,
        0.3687,
        0.0575,
        0.2196,
        0.0287,
        0.0287,
        0.0287,
        0.4931,
        0.2361,
        0.0235,
        0.0901
      ],
      [
        0.0961,
        0.0961,
        0.0961,
        0.3472,
        0.0466,
        0.0807,
        0.2582,
        -0.1085,
        0.0807,
        0.3124,
        0.0961,
        0.6102,
        0.6306,
        0.0807,
        0.0807,
        0.416,
        0.2573,
        -0.0037,
        0.045,
        0.0518,
        -0.0055,
        0.2892,
        0.057,
        0.0807,
        0.6686,
        0.5003,
        0.3773,
        0.4789,
        0.1698,
        0.3687,
        1.0,
        0.1917,
        0.4978,
        0.0807,
        0.0807,
        0.0807,
        0.6221,
        0.4425,
        0.1395,
        0.3473
      ],
      [
        0.2829,
        0.2829,
        0.2829,
        0.2253,
        0.1671,
        0.0538,
        0.0393,
        0.1386,
        0.0538,
        0.1848,
        0.2829,
        0.2129,
        0.1899,
        0.0538,
        0.0538,
        0.2426,
        0.0538,
