{
  "_meta": {
    "generated": "2026-06-08T08:30:17",
    "portfolio_generated": "2026-06-08T08:26:58.256666",
    "n_assets": 16,
    "n_with_returns": 10,
    "covariance_method": "hybrid_shrunk",
    "condition_number": 88.05,
    "pca_factors": 4
  },
  "profiles": {
    "Agressif": {
      "n_assets": 8,
      "weighted_avg_correlation": 0.2363,
      "most_correlated": [
        {
          "t1": "VWCE.DE",
          "t2": "IWDA.AS",
          "corr": 0.3711,
          "w1": 50.0,
          "w2": 15.0,
          "combined_weight": 65.0
        },
        {
          "t1": "VWCE.DE",
          "t2": "SGLN.AS",
          "corr": 0.3711,
          "w1": 50.0,
          "w2": 5.0,
          "combined_weight": 55.0
        },
        {
          "t1": "IWDA.AS",
          "t2": "SGLN.AS",
          "corr": 0.3711,
          "w1": 15.0,
          "w2": 5.0,
          "combined_weight": 20.0
        },
        {
          "t1": "EXPD",
          "t2": "ITX",
          "corr": 0.3075,
          "w1": 5.0,
          "w2": 5.0,
          "combined_weight": 10.0
        },
        {
          "t1": "VWCE.DE",
          "t2": "LOGN",
          "corr": 0.2336,
          "w1": 50.0,
          "w2": 5.0,
          "combined_weight": 55.0
        },
        {
          "t1": "IWDA.AS",
          "t2": "LOGN",
          "corr": 0.2336,
          "w1": 15.0,
          "w2": 5.0,
          "combined_weight": 20.0
        },
        {
          "t1": "LOGN",
          "t2": "SGLN.AS",
          "corr": 0.2336,
          "w1": 5.0,
          "w2": 5.0,
          "combined_weight": 10.0
        },
        {
          "t1": "EXPD",
          "t2": "CF",
          "corr": 0.2252,
          "w1": 5.0,
          "w2": 5.0,
          "combined_weight": 10.0
        },
        {
          "t1": "VWCE.DE",
          "t2": "ITX",
          "corr": 0.2027,
          "w1": 50.0,
          "w2": 5.0,
          "combined_weight": 55.0
        },
        {
          "t1": "IWDA.AS",
          "t2": "ITX",
          "corr": 0.2027,
          "w1": 15.0,
          "w2": 5.0,
          "combined_weight": 20.0
        }
      ],
      "least_correlated": [
        {
          "t1": "LOGN",
          "t2": "IBGS.AS",
          "corr": 0.0515,
          "w1": 5.0,
          "w2": 5.0,
          "combined_weight": 10.0
        },
        {
          "t1": "ITX",
          "t2": "IBGS.AS",
          "corr": 0.0464,
          "w1": 5.0,
          "w2": 5.0,
          "combined_weight": 10.0
        },
        {
          "t1": "CF",
          "t2": "IBGS.AS",
          "corr": 0.0463,
          "w1": 5.0,
          "w2": 5.0,
          "combined_weight": 10.0
        },
        {
          "t1": "EXPD",
          "t2": "IBGS.AS",
          "corr": 0.0336,
          "w1": 5.0,
          "w2": 5.0,
          "combined_weight": 10.0
        },
        {
          "t1": "CF",
          "t2": "ITX",
          "corr": -0.0058,
          "w1": 5.0,
          "w2": 5.0,
          "combined_weight": 10.0
        }
      ],
      "high_corr_high_weight": []
    },
    "Mod\u00e9r\u00e9": {
      "n_assets": 8,
      "weighted_avg_correlation": 0.1222,
      "most_correlated": [
        {
          "t1": "VWCE.DE",
          "t2": "SGLN.AS",
          "corr": 0.3711,
          "w1": 50.0,
          "w2": 5.0,
          "combined_weight": 55.0
        },
        {
          "t1": "EXPD",
          "t2": "CF",
          "corr": 0.2252,
          "w1": 5.0,
          "w2": 5.0,
          "combined_weight": 10.0
        },
        {
          "t1": "VWCE.DE",
          "t2": "CF",
          "corr": 0.1963,
          "w1": 50.0,
          "w2": 5.0,
          "combined_weight": 55.0
        },
        {
          "t1": "CF",
          "t2": "SGLN.AS",
          "corr": 0.1963,
          "w1": 5.0,
          "w2": 5.0,
          "combined_weight": 10.0
        },
        {
          "t1": "VWCE.DE",
          "t2": "NOVN",
          "corr": 0.184,
          "w1": 50.0,
          "w2": 5.0,
          "combined_weight": 55.0
        },
        {
          "t1": "NOVN",
          "t2": "SGLN.AS",
          "corr": 0.184,
          "w1": 5.0,
          "w2": 5.0,
          "combined_weight": 10.0
        },
        {
          "t1": "NOVN",
          "t2": "CF",
          "corr": 0.1489,
          "w1": 5.0,
          "w2": 5.0,
          "combined_weight": 10.0
        },
        {
          "t1": "VWCE.DE",
          "t2": "EXPD",
          "corr": 0.1428,
          "w1": 50.0,
          "w2": 5.0,
          "combined_weight": 55.0
        },
        {
          "t1": "EXPD",
          "t2": "SGLN.AS",
          "corr": 0.1428,
          "w1": 5.0,
          "w2": 5.0,
          "combined_weight": 10.0
        },
        {
          "t1": "VWCE.DE",
          "t2": "AGGH.AS",
          "corr": 0.0808,
          "w1": 50.0,
          "w2": 15.0,
          "combined_weight": 65.0
        }
      ],
      "least_correlated": [
        {
          "t1": "EXPD",
          "t2": "IBGS.AS",
          "corr": 0.0336,
          "w1": 5.0,
          "w2": 5.0,
          "combined_weight": 10.0
        },
        {
          "t1": "NOVN",
          "t2": "EXPD",
          "corr": 0.0319,
          "w1": 5.0,
          "w2": 5.0,
          "combined_weight": 10.0
        },
        {
          "t1": "AGGH.AS",
          "t2": "IBCI.AS",
          "corr": 0.0176,
          "w1": 15.0,
          "w2": 5.0,
          "combined_weight": 20.0
        },
        {
          "t1": "AGGH.AS",
          "t2": "IBGS.AS",
          "corr": 0.0176,
          "w1": 15.0,
          "w2": 5.0,
          "combined_weight": 20.0
        },
        {
          "t1": "IBCI.AS",
          "t2": "IBGS.AS",
          "corr": 0.0176,
          "w1": 5.0,
          "w2": 5.0,
          "combined_weight": 10.0
        }
      ],
      "high_corr_high_weight": []
    },
    "Stable": {
      "n_assets": 9,
      "weighted_avg_correlation": 0.0863,
      "most_correlated": [
        {
          "t1": "BVI",
          "t2": "PUB",
          "corr": 0.5472,
          "w1": 2.5,
          "w2": 2.5,
          "combined_weight": 5.0
        },
        {
          "t1": "VWCE.DE",
          "t2": "PUB",
          "corr": 0.4201,
          "w1": 20.0,
          "w2": 2.5,
          "combined_weight": 22.5
        },
        {
          "t1": "SGLN.AS",
          "t2": "PUB",
          "corr": 0.4201,
          "w1": 10.0,
          "w2": 2.5,
          "combined_weight": 12.5
        },
        {
          "t1": "VWCE.DE",
          "t2": "SGLN.AS",
          "corr": 0.3711,
          "w1": 20.0,
          "w2": 10.0,
          "combined_weight": 30.0
        },
        {
          "t1": "VWCE.DE",
          "t2": "BVI",
          "corr": 0.3368,
          "w1": 20.0,
          "w2": 2.5,
          "combined_weight": 22.5
        },
        {
          "t1": "SGLN.AS",
          "t2": "BVI",
          "corr": 0.3368,
          "w1": 10.0,
          "w2": 2.5,
          "combined_weight": 12.5
        },
        {
          "t1": "PUB",
          "t2": "NTGY",
          "corr": 0.1413,
          "w1": 2.5,
          "w2": 2.5,
          "combined_weight": 5.0
        },
        {
          "t1": "VWCE.DE",
          "t2": "NTGY",
          "corr": 0.1363,
          "w1": 20.0,
          "w2": 2.5,
          "combined_weight": 22.5
        },
        {
          "t1": "SGLN.AS",
          "t2": "NTGY",
          "corr": 0.1363,
          "w1": 10.0,
          "w2": 2.5,
          "combined_weight": 12.5
        },
        {
          "t1": "VWCE.DE",
          "t2": "ADM",
          "corr": 0.1253,
          "w1": 20.0,
          "w2": 2.5,
          "combined_weight": 22.5
        }
      ],
      "least_correlated": [
        {
          "t1": "AGGH.AS",
          "t2": "IBCI.AS",
          "corr": 0.0176,
          "w1": 25.0,
          "w2": 20.0,
          "combined_weight": 45.0
        },
        {
          "t1": "AGGH.AS",
          "t2": "IBGS.AS",
          "corr": 0.0176,
          "w1": 25.0,
          "w2": 15.0,
          "combined_weight": 40.0
        },
        {
          "t1": "IBCI.AS",
          "t2": "IBGS.AS",
          "corr": 0.0176,
          "w1": 20.0,
          "w2": 15.0,
          "combined_weight": 35.0
        },
        {
          "t1": "ADM",
          "t2": "PUB",
          "corr": -0.003,
          "w1": 2.5,
          "w2": 2.5,
          "combined_weight": 5.0
        },
        {
          "t1": "ADM",
          "t2": "BVI",
          "corr": -0.0285,
          "w1": 2.5,
          "w2": 2.5,
          "combined_weight": 5.0
        }
      ],
      "high_corr_high_weight": []
    }
  },
  "all_pairs_top_30": [
    {
      "t1": "BVI",
      "t2": "PUB",
      "corr_hybrid": 0.5472,
      "corr_structured": null,
      "cat1": "Act",
      "cat2": "Act",
      "exp1": null,
      "exp2": null,
      "fam1": null,
      "fam2": null
    },
    {
      "t1": "ADM",
      "t2": "CF",
      "corr_hybrid": 0.5155,
      "corr_structured": null,
      "cat1": "Act",
      "cat2": "Act",
      "exp1": null,
      "exp2": null,
      "fam1": null,
      "fam2": null
    },
    {
      "t1": "IWDA.AS",
      "t2": "PUB",
      "corr_hybrid": 0.4201,
      "corr_structured": null,
      "cat1": "ETF",
      "cat2": "Act",
      "exp1": null,
      "exp2": null,
      "fam1": null,
      "fam2": null
    },
    {
      "t1": "PUB",
      "t2": "SGLN.AS",
      "corr_hybrid": 0.4201,
      "corr_structured": null,
      "cat1": "Act",
      "cat2": "ETF",
      "exp1": null,
      "exp2": null,
      "fam1": null,
      "fam2": null
    },
    {
      "t1": "PUB",
      "t2": "VWCE.DE",
      "corr_hybrid": 0.4201,
      "corr_structured": null,
      "cat1": "Act",
      "cat2": "ETF",
      "exp1": null,
      "exp2": null,
      "fam1": null,
      "fam2": null
    },
    {
      "t1": "IWDA.AS",
      "t2": "SGLN.AS",
      "corr_hybrid": 0.3711,
      "corr_structured": null,
      "cat1": "ETF",
      "cat2": "ETF",
      "exp1": null,
      "exp2": null,
      "fam1": null,
      "fam2": null
    },
    {
      "t1": "IWDA.AS",
      "t2": "VWCE.DE",
      "corr_hybrid": 0.3711,
      "corr_structured": null,
      "cat1": "ETF",
      "cat2": "ETF",
      "exp1": null,
      "exp2": null,
      "fam1": null,
      "fam2": null
    },
    {
      "t1": "SGLN.AS",
      "t2": "VWCE.DE",
      "corr_hybrid": 0.3711,
      "corr_structured": null,
      "cat1": "ETF",
      "cat2": "ETF",
      "exp1": null,
      "exp2": null,
      "fam1": null,
      "fam2": null
    },
    {
      "t1": "BVI",
      "t2": "IWDA.AS",
      "corr_hybrid": 0.3368,
      "corr_structured": null,
      "cat1": "Act",
      "cat2": "ETF",
      "exp1": null,
      "exp2": null,
      "fam1": null,
      "fam2": null
    },
    {
      "t1": "BVI",
      "t2": "SGLN.AS",
      "corr_hybrid": 0.3368,
      "corr_structured": null,
      "cat1": "Act",
      "cat2": "ETF",
      "exp1": null,
      "exp2": null,
      "fam1": null,
      "fam2": null
    },
    {
      "t1": "BVI",
      "t2": "VWCE.DE",
      "corr_hybrid": 0.3368,
      "corr_structured": null,
      "cat1": "Act",
      "cat2": "ETF",
      "exp1": null,
      "exp2": null,
      "fam1": null,
      "fam2": null
    },
    {
      "t1": "EXPD",
      "t2": "ITX",
      "corr_hybrid": 0.3075,
      "corr_structured": null,
      "cat1": "Act",
      "cat2": "Act",
      "exp1": null,
      "exp2": null,
      "fam1": null,
      "fam2": null
    },
    {
      "t1": "NOVN",
      "t2": "PUB",
      "corr_hybrid": 0.2477,
      "corr_structured": null,
      "cat1": "Act",
      "cat2": "Act",
      "exp1": null,
      "exp2": null,
      "fam1": null,
      "fam2": null
    },
    {
      "t1": "IWDA.AS",
      "t2": "LOGN",
      "corr_hybrid": 0.2336,
      "corr_structured": null,
      "cat1": "ETF",
      "cat2": "Act",
      "exp1": null,
      "exp2": null,
      "fam1": null,
      "fam2": null
    },
    {
      "t1": "LOGN",
      "t2": "SGLN.AS",
      "corr_hybrid": 0.2336,
      "corr_structured": null,
      "cat1": "Act",
      "cat2": "ETF",
      "exp1": null,
      "exp2": null,
      "fam1": null,
      "fam2": null
    },
    {
      "t1": "LOGN",
      "t2": "VWCE.DE",
      "corr_hybrid": 0.2336,
      "corr_structured": null,
      "cat1": "Act",
      "cat2": "ETF",
      "exp1": null,
      "exp2": null,
      "fam1": null,
      "fam2": null
    },
    {
      "t1": "LOGN",
      "t2": "PUB",
      "corr_hybrid": 0.2296,
      "corr_structured": null,
      "cat1": "Act",
      "cat2": "Act",
      "exp1": null,
      "exp2": null,
      "fam1": null,
      "fam2": null
    },
    {
      "t1": "CF",
      "t2": "EXPD",
      "corr_hybrid": 0.2252,
      "corr_structured": null,
      "cat1": "Act",
      "cat2": "Act",
      "exp1": null,
      "exp2": null,
      "fam1": null,
      "fam2": null
    },
    {
      "t1": "BVI",
      "t2": "NOVN",
      "corr_hybrid": 0.2133,
      "corr_structured": null,
      "cat1": "Act",
      "cat2": "Act",
      "exp1": null,
      "exp2": null,
      "fam1": null,
      "fam2": null
    },
    {
      "t1": "ITX",
      "t2": "IWDA.AS",
      "corr_hybrid": 0.2027,
      "corr_structured": null,
      "cat1": "Act",
      "cat2": "ETF",
      "exp1": null,
      "exp2": null,
      "fam1": null,
      "fam2": null
    },
    {
      "t1": "ITX",
      "t2": "SGLN.AS",
      "corr_hybrid": 0.2027,
      "corr_structured": null,
      "cat1": "Act",
      "cat2": "ETF",
      "exp1": null,
      "exp2": null,
      "fam1": null,
      "fam2": null
    },
    {
      "t1": "ITX",
      "t2": "VWCE.DE",
      "corr_hybrid": 0.2027,
      "corr_structured": null,
      "cat1": "Act",
      "cat2": "ETF",
      "exp1": null,
      "exp2": null,
      "fam1": null,
      "fam2": null
    },
    {
      "t1": "CF",
      "t2": "IWDA.AS",
      "corr_hybrid": 0.1963,
      "corr_structured": null,
      "cat1": "Act",
      "cat2": "ETF",
      "exp1": null,
      "exp2": null,
      "fam1": null,
      "fam2": null
    },
    {
      "t1": "CF",
      "t2": "SGLN.AS",
      "corr_hybrid": 0.1963,
      "corr_structured": null,
      "cat1": "Act",
      "cat2": "ETF",
      "exp1": null,
      "exp2": null,
      "fam1": null,
      "fam2": null
    },
    {
      "t1": "CF",
      "t2": "VWCE.DE",
      "corr_hybrid": 0.1963,
      "corr_structured": null,
      "cat1": "Act",
      "cat2": "ETF",
      "exp1": null,
      "exp2": null,
      "fam1": null,
      "fam2": null
    },
    {
      "t1": "DECK",
      "t2": "EXPD",
      "corr_hybrid": 0.1958,
      "corr_structured": null,
      "cat1": "Act",
      "cat2": "Act",
      "exp1": null,
      "exp2": null,
      "fam1": null,
      "fam2": null
    },
    {
      "t1": "DECK",
      "t2": "LOGN",
      "corr_hybrid": 0.1898,
      "corr_structured": null,
      "cat1": "Act",
      "cat2": "Act",
      "exp1": null,
      "exp2": null,
      "fam1": null,
      "fam2": null
    },
    {
      "t1": "ADM",
      "t2": "EXPD",
      "corr_hybrid": 0.1885,
      "corr_structured": null,
      "cat1": "Act",
      "cat2": "Act",
      "exp1": null,
      "exp2": null,
      "fam1": null,
      "fam2": null
    },
    {
      "t1": "IWDA.AS",
      "t2": "NOVN",
      "corr_hybrid": 0.184,
      "corr_structured": null,
      "cat1": "ETF",
      "cat2": "Act",
      "exp1": null,
      "exp2": null,
      "fam1": null,
      "fam2": null
    },
    {
      "t1": "NOVN",
      "t2": "SGLN.AS",
      "corr_hybrid": 0.184,
      "corr_structured": null,
      "cat1": "Act",
      "cat2": "ETF",
      "exp1": null,
      "exp2": null,
      "fam1": null,
      "fam2": null
    }
  ],
  "all_pairs_bottom_10": [
    {
      "t1": "ADM",
      "t2": "BVI",
      "corr_hybrid": -0.0285,
      "corr_structured": null,
      "cat1": "Act",
      "cat2": "Act",
      "exp1": null,
      "exp2": null,
      "fam1": null,
      "fam2": null
    },
    {
      "t1": "DECK",
      "t2": "NOVN",
      "corr_hybrid": -0.0222,
      "corr_structured": null,
      "cat1": "Act",
      "cat2": "Act",
      "exp1": null,
      "exp2": null,
      "fam1": null,
      "fam2": null
    },
    {
      "t1": "ITX",
      "t2": "PUB",
      "corr_hybrid": -0.022,
      "corr_structured": null,
      "cat1": "Act",
      "cat2": "Act",
      "exp1": null,
      "exp2": null,
      "fam1": null,
      "fam2": null
    },
    {
      "t1": "AGGH.AS",
      "t2": "IBCI.AS",
      "corr_hybrid": 0.0176,
      "corr_structured": null,
      "cat1": "Obl",
      "cat2": "Obl",
      "exp1": null,
      "exp2": null,
      "fam1": null,
      "fam2": null
    },
    {
      "t1": "AGGH.AS",
      "t2": "IBGS.AS",
      "corr_hybrid": 0.0176,
      "corr_structured": null,
      "cat1": "Obl",
      "cat2": "Obl",
      "exp1": null,
      "exp2": null,
      "fam1": null,
      "fam2": null
    },
    {
      "t1": "IBCI.AS",
      "t2": "IBGS.AS",
      "corr_hybrid": 0.0176,
      "corr_structured": null,
      "cat1": "Obl",
      "cat2": "Obl",
      "exp1": null,
      "exp2": null,
      "fam1": null,
      "fam2": null
    },
    {
      "t1": "ITX",
      "t2": "NOVN",
      "corr_hybrid": 0.0069,
      "corr_structured": null,
      "cat1": "Act",
      "cat2": "Act",
      "exp1": null,
      "exp2": null,
      "fam1": null,
      "fam2": null
    },
    {
      "t1": "CF",
      "t2": "ITX",
      "corr_hybrid": -0.0058,
      "corr_structured": null,
      "cat1": "Act",
      "cat2": "Act",
      "exp1": null,
      "exp2": null,
      "fam1": null,
      "fam2": null
    },
    {
      "t1": "EXPD",
      "t2": "PUB",
      "corr_hybrid": 0.0046,
      "corr_structured": null,
      "cat1": "Act",
      "cat2": "Act",
      "exp1": null,
      "exp2": null,
      "fam1": null,
      "fam2": null
    },
    {
      "t1": "ADM",
      "t2": "PUB",
      "corr_hybrid": -0.003,
      "corr_structured": null,
      "cat1": "Act",
      "cat2": "Act",
      "exp1": null,
      "exp2": null,
      "fam1": null,
      "fam2": null
    }
  ],
  "correlation_matrix": {
    "tickers": [
      "ADM",
      "AGGH.AS",
      "BVI",
      "CF",
      "DECK",
      "EXPD",
      "IBCI.AS",
      "IBGS.AS",
      "ITX",
      "IWDA.AS",
      "LOGN",
      "NOVN",
      "NTGY",
      "PUB",
      "SGLN.AS",
      "VWCE.DE"
    ],
    "matrix": [
      [
        1.0,
        0.0303,
        -0.0285,
        0.5155,
        0.0814,
        0.1885,
        0.0303,
        0.0303,
        0.0658,
        0.1253,
        0.1162,
        0.0657,
        0.0504,
        -0.003,
        0.1253,
        0.1253
      ],
      [
        0.0303,
        1.0,
        0.0707,
        0.0463,
        0.0372,
        0.0336,
        0.0176,
        0.0176,
        0.0464,
        0.0808,
        0.0515,
        0.0395,
        0.0298,
        0.0889,
        0.0808,
        0.0808
      ],
      [
        -0.0285,
        0.0707,
        1.0,
        0.0461,
        -0.0568,
        -0.0314,
        0.0707,
        0.0707,
        -0.0439,
        0.3368,
        0.1701,
        0.2133,
        0.111,
        0.5472,
        0.3368,
        0.3368
      ],
      [
        0.5155,
        0.0463,
        0.0461,
        1.0,
        -0.1614,
        0.2252,
        0.0463,
        0.0463,
        -0.0058,
        0.1963,
        0.1522,
        0.1489,
        0.0723,
        0.0628,
        0.1963,
        0.1963
      ],
      [
        0.0814,
        0.0372,
        -0.0568,
        -0.1614,
        1.0,
        0.1958,
        0.0372,
        0.0372,
        0.0498,
        0.1579,
        0.1898,
        -0.0222,
        0.0648,
        0.0608,
        0.1579,
        0.1579
      ],
      [
        0.1885,
        0.0336,
        -0.0314,
        0.2252,
        0.1958,
        1.0,
        0.0336,
        0.0336,
        0.3075,
        0.1428,
        0.1253,
        0.0319,
        0.0647,
        0.0046,
        0.1428,
        0.1428
      ],
      [
        0.0303,
        0.0176,
        0.0707,
        0.0463,
        0.0372,
        0.0336,
        1.0,
        0.0176,
        0.0464,
        0.0808,
        0.0515,
        0.0395,
        0.0298,
        0.0889,
        0.0808,
        0.0808
      ],
      [
        0.0303,
        0.0176,
        0.0707,
        0.0463,
        0.0372,
        0.0336,
        0.0176,
        1.0,
        0.0464,
        0.0808,
        0.0515,
        0.0395,
        0.0298,
        0.0889,
        0.0808,
        0.0808
      ],
      [
        0.0658,
        0.0464,
        -0.0439,
        -0.0058,
        0.0498,
        0.3075,
        0.0464,
        0.0464,
        1.0,
        0.2027,
        0.1434,
        0.0069,
        0.1072,
        -0.022,
        0.2027,
        0.2027
      ],
      [
        0.1253,
        0.0808,
        0.3368,
        0.1963,
        0.1579,
        0.1428,
        0.0808,
        0.0808,
        0.2027,
        1.0,
        0.2336,
        0.184,
        0.1363,
        0.4201,
        0.3711,
        0.3711
      ],
      [
        0.1162,
        0.0515,
        0.1701,
        0.1522,
        0.1898,
        0.1253,
        0.0515,
        0.0515,
        0.1434,
        0.2336,
        1.0,
        0.1044,
        0.0877,
        0.2296,
        0.2336,
        0.2336
      ],
      [
        0.0657,
        0.0395,
        0.2133,
        0.1489,
        -0.0222,
        0.0319,
        0.0395,
        0.0395,
        0.0069,
        0.184,
        0.1044,
        1.0,
        0.0631,
        0.2477,
        0.184,
        0.184
      ],
      [
        0.0504,
        0.0298,
        0.111,
        0.0723,
        0.0648,
        0.0647,
        0.0298,
        0.0298,
        0.1072,
        0.1363,
        0.0877,
        0.0631,
        1.0,
        0.1413,
        0.1363,
        0.1363
      ],
      [
        -0.003,
        0.0889,
        0.5472,
        0.0628,
        0.0608,
        0.0046,
        0.0889,
        0.0889,
        -0.022,
        0.4201,
        0.2296,
        0.2477,
        0.1413,
        1.0,
        0.4201,
        0.4201
      ],
      [
        0.1253,
        0.0808,
        0.3368,
        0.1963,
        0.1579,
        0.1428,
        0.0808,
        0.0808,
        0.2027,
        0.3711,
        0.2336,
        0.184,
        0.1363,
        0.4201,
        1.0,
        0.3711
      ],
      [
        0.1253,
        0.0808,
        0.3368,
        0.1963,
        0.1579,
        0.1428,
        0.0808,
        0.0808,
        0.2027,
        0.3711,
        0.2336,
        0.184,
        0.1363,
        0.4201,
        0.3711,
        1.0
      ]
    ]
  }
}