{
  "_meta": {
    "generated": "2026-05-19T10:59:25",
    "portfolio_generated": "2026-05-19T10:55:46.398607",
    "n_assets": 42,
    "n_with_returns": 33,
    "covariance_method": "hybrid_shrunk",
    "condition_number": 345.48,
    "pca_factors": 6
  },
  "profiles": {
    "Agressif": {
      "n_assets": 18,
      "weighted_avg_correlation": 0.2047,
      "most_correlated": [
        {
          "t1": "SLV",
          "t2": "GLD",
          "corr": 0.7657,
          "w1": 4.5,
          "w2": 9.5,
          "combined_weight": 14.0
        },
        {
          "t1": "XLK",
          "t2": "SOXX",
          "corr": 0.7638,
          "w1": 3.1,
          "w2": 6.1,
          "combined_weight": 9.3
        },
        {
          "t1": "FLKR",
          "t2": "SOXX",
          "corr": 0.7479,
          "w1": 3.7,
          "w2": 6.1,
          "combined_weight": 9.8
        },
        {
          "t1": "SOXX",
          "t2": "FLTW",
          "corr": 0.7419,
          "w1": 6.1,
          "w2": 5.2,
          "combined_weight": 11.3
        },
        {
          "t1": "FLKR",
          "t2": "XLK",
          "corr": 0.7173,
          "w1": 3.7,
          "w2": 3.1,
          "combined_weight": 6.8
        },
        {
          "t1": "XLK",
          "t2": "FLTW",
          "corr": 0.7147,
          "w1": 3.1,
          "w2": 5.2,
          "combined_weight": 8.3
        },
        {
          "t1": "FLKR",
          "t2": "FLTW",
          "corr": 0.7021,
          "w1": 3.7,
          "w2": 5.2,
          "combined_weight": 8.8
        },
        {
          "t1": "SLVP",
          "t2": "SLV",
          "corr": 0.6833,
          "w1": 3.0,
          "w2": 4.5,
          "combined_weight": 7.6
        },
        {
          "t1": "REMX",
          "t2": "SLV",
          "corr": 0.5961,
          "w1": 4.0,
          "w2": 4.5,
          "combined_weight": 8.6
        },
        {
          "t1": "NVDA",
          "t2": "SOXX",
          "corr": 0.5943,
          "w1": 5.2,
          "w2": 6.1,
          "combined_weight": 11.4
        }
      ],
      "least_correlated": [
        {
          "t1": "XLK",
          "t2": "XLE",
          "corr": -0.0468,
          "w1": 3.1,
          "w2": 6.3,
          "combined_weight": 9.5
        },
        {
          "t1": "XLE",
          "t2": "INCY",
          "corr": -0.0563,
          "w1": 6.3,
          "w2": 9.0,
          "combined_weight": 15.3
        },
        {
          "t1": "XLE",
          "t2": "XBI",
          "corr": -0.0688,
          "w1": 6.3,
          "w2": 3.2,
          "combined_weight": 9.5
        },
        {
          "t1": "NVDA",
          "t2": "XLE",
          "corr": -0.0751,
          "w1": 5.2,
          "w2": 6.3,
          "combined_weight": 11.6
        },
        {
          "t1": "XLE",
          "t2": "SLVP",
          "corr": -0.1385,
          "w1": 6.3,
          "w2": 3.0,
          "combined_weight": 9.3
        }
      ],
      "high_corr_high_weight": [
        {
          "t1": "SLV",
          "t2": "GLD",
          "corr": 0.7657,
          "w1": 4.5,
          "w2": 9.5,
          "combined_weight": 14.0
        },
        {
          "t1": "SOXX",
          "t2": "FLTW",
          "corr": 0.7419,
          "w1": 6.1,
          "w2": 5.2,
          "combined_weight": 11.3
        }
      ]
    },
    "Mod\u00e9r\u00e9": {
      "n_assets": 15,
      "weighted_avg_correlation": 0.1719,
      "most_correlated": [
        {
          "t1": "FNDX",
          "t2": "FNDF",
          "corr": 0.5341,
          "w1": 8.1,
          "w2": 7.3,
          "combined_weight": 15.3
        },
        {
          "t1": "FNDX",
          "t2": "DIVB",
          "corr": 0.4646,
          "w1": 8.1,
          "w2": 6.1,
          "combined_weight": 14.1
        },
        {
          "t1": "FNDF",
          "t2": "BMED",
          "corr": 0.4612,
          "w1": 7.3,
          "w2": 5.4,
          "combined_weight": 12.7
        },
        {
          "t1": "FNDF",
          "t2": "DIVB",
          "corr": 0.4564,
          "w1": 7.3,
          "w2": 6.1,
          "combined_weight": 13.3
        },
        {
          "t1": "FNDX",
          "t2": "BMED",
          "corr": 0.4553,
          "w1": 8.1,
          "w2": 5.4,
          "combined_weight": 13.5
        },
        {
          "t1": "DIVB",
          "t2": "BMED",
          "corr": 0.4171,
          "w1": 6.1,
          "w2": 5.4,
          "combined_weight": 11.5
        },
        {
          "t1": "FNDF",
          "t2": "GOOG",
          "corr": 0.4045,
          "w1": 7.3,
          "w2": 5.4,
          "combined_weight": 12.7
        },
        {
          "t1": "BMED",
          "t2": "XLV",
          "corr": 0.3847,
          "w1": 5.4,
          "w2": 3.3,
          "combined_weight": 8.7
        },
        {
          "t1": "FNDX",
          "t2": "SCHD",
          "corr": 0.3703,
          "w1": 8.1,
          "w2": 9.0,
          "combined_weight": 17.1
        },
        {
          "t1": "FNDF",
          "t2": "GLD",
          "corr": 0.3609,
          "w1": 7.3,
          "w2": 8.3,
          "combined_weight": 15.6
        }
      ],
      "least_correlated": [
        {
          "t1": "STIP",
          "t2": "VGSH",
          "corr": 0.0168,
          "w1": 4.2,
          "w2": 9.0,
          "combined_weight": 13.2
        },
        {
          "t1": "STIP",
          "t2": "GTIP",
          "corr": 0.0168,
          "w1": 4.2,
          "w2": 9.0,
          "combined_weight": 13.2
        },
        {
          "t1": "VGSH",
          "t2": "GTIP",
          "corr": 0.0168,
          "w1": 9.0,
          "w2": 9.0,
          "combined_weight": 18.0
        },
        {
          "t1": "EOG",
          "t2": "GLD",
          "corr": 0.0036,
          "w1": 4.3,
          "w2": 8.3,
          "combined_weight": 12.7
        },
        {
          "t1": "GOOG",
          "t2": "EOG",
          "corr": -0.0849,
          "w1": 5.4,
          "w2": 4.3,
          "combined_weight": 9.8
        }
      ],
      "high_corr_high_weight": []
    },
    "Stable": {
      "n_assets": 14,
      "weighted_avg_correlation": 0.1471,
      "most_correlated": [
        {
          "t1": "VICI",
          "t2": "SUNPHARMA",
          "corr": 0.427,
          "w1": 7.5,
          "w2": 5.4,
          "combined_weight": 12.8
        },
        {
          "t1": "GD",
          "t2": "SUNPHARMA",
          "corr": 0.393,
          "w1": 7.5,
          "w2": 5.4,
          "combined_weight": 12.8
        },
        {
          "t1": "ACWV",
          "t2": "SUNPHARMA",
          "corr": 0.3845,
          "w1": 6.7,
          "w2": 5.4,
          "combined_weight": 12.0
        },
        {
          "t1": "SPYV",
          "t2": "SUNPHARMA",
          "corr": 0.3836,
          "w1": 6.1,
          "w2": 5.4,
          "combined_weight": 11.5
        },
        {
          "t1": "PG",
          "t2": "SUNPHARMA",
          "corr": 0.3742,
          "w1": 7.5,
          "w2": 5.4,
          "combined_weight": 12.8
        },
        {
          "t1": "ACWV",
          "t2": "SPYV",
          "corr": 0.3684,
          "w1": 6.7,
          "w2": 6.1,
          "combined_weight": 12.8
        },
        {
          "t1": "SUNPHARMA",
          "t2": "SHEL",
          "corr": 0.3659,
          "w1": 5.4,
          "w2": 5.4,
          "combined_weight": 10.8
        },
        {
          "t1": "SPLV",
          "t2": "SUNPHARMA",
          "corr": 0.3649,
          "w1": 7.4,
          "w2": 5.4,
          "combined_weight": 12.8
        },
        {
          "t1": "SUNPHARMA",
          "t2": "XLV",
          "corr": 0.3385,
          "w1": 5.4,
          "w2": 4.8,
          "combined_weight": 10.2
        },
        {
          "t1": "SPYV",
          "t2": "XLV",
          "corr": 0.3359,
          "w1": 6.1,
          "w2": 4.8,
          "combined_weight": 10.9
        }
      ],
      "least_correlated": [
        {
          "t1": "GLD",
          "t2": "STIP",
          "corr": 0.0417,
          "w1": 4.4,
          "w2": 13.0,
          "combined_weight": 17.4
        },
        {
          "t1": "SRG",
          "t2": "GLD",
          "corr": 0.0398,
          "w1": 5.5,
          "w2": 4.4,
          "combined_weight": 9.9
        },
        {
          "t1": "VGSH",
          "t2": "BSV",
          "corr": 0.0168,
          "w1": 5.9,
          "w2": 13.0,
          "combined_weight": 18.9
        },
        {
          "t1": "VGSH",
          "t2": "STIP",
          "corr": 0.0168,
          "w1": 5.9,
          "w2": 13.0,
          "combined_weight": 18.9
        },
        {
          "t1": "BSV",
          "t2": "STIP",
          "corr": 0.0168,
          "w1": 13.0,
          "w2": 13.0,
          "combined_weight": 26.0
        }
      ],
      "high_corr_high_weight": []
    }
  },
  "all_pairs_top_30": [
    {
      "t1": "GLD",
      "t2": "SLV",
      "corr_hybrid": 0.7657,
      "corr_structured": 0.85,
      "cat1": "ETF",
      "cat2": "ETF",
      "exp1": "gold_physical",
      "exp2": "silver_physical",
      "fam1": "gold",
      "fam2": "precious_metals"
    },
    {
      "t1": "SOXX",
      "t2": "XLK",
      "corr_hybrid": 0.7638,
      "corr_structured": 0.9,
      "cat1": "ETF",
      "cat2": "ETF",
      "exp1": "semiconductor",
      "exp2": "tech",
      "fam1": "sector_tech",
      "fam2": "sector_tech"
    },
    {
      "t1": "FLKR",
      "t2": "SOXX",
      "corr_hybrid": 0.7479,
      "corr_structured": 0.2,
      "cat1": "ETF",
      "cat2": "ETF",
      "exp1": "south_korea",
      "exp2": "semiconductor",
      "fam1": "em_equity",
      "fam2": "sector_tech"
    },
    {
      "t1": "FLTW",
      "t2": "SOXX",
      "corr_hybrid": 0.7419,
      "corr_structured": 0.2,
      "cat1": "ETF",
      "cat2": "ETF",
      "exp1": "taiwan",
      "exp2": "semiconductor",
      "fam1": "em_equity",
      "fam2": "sector_tech"
    },
    {
      "t1": "FLKR",
      "t2": "XLK",
      "corr_hybrid": 0.7173,
      "corr_structured": 0.2,
      "cat1": "ETF",
      "cat2": "ETF",
      "exp1": "south_korea",
      "exp2": "tech",
      "fam1": "em_equity",
      "fam2": "sector_tech"
    },
    {
      "t1": "FLTW",
      "t2": "XLK",
      "corr_hybrid": 0.7147,
      "corr_structured": 0.2,
      "cat1": "ETF",
      "cat2": "ETF",
      "exp1": "taiwan",
      "exp2": "tech",
      "fam1": "em_equity",
      "fam2": "sector_tech"
    },
    {
      "t1": "FLKR",
      "t2": "FLTW",
      "corr_hybrid": 0.7021,
      "corr_structured": 0.9,
      "cat1": "ETF",
      "cat2": "ETF",
      "exp1": "south_korea",
      "exp2": "taiwan",
      "fam1": "em_equity",
      "fam2": "em_equity"
    },
    {
      "t1": "EOG",
      "t2": "XLE",
      "corr_hybrid": 0.6874,
      "corr_structured": null,
      "cat1": "Act",
      "cat2": "ETF",
      "exp1": null,
      "exp2": "energy",
      "fam1": null,
      "fam2": "sector_energy"
    },
    {
      "t1": "SLV",
      "t2": "SLVP",
      "corr_hybrid": 0.6833,
      "corr_structured": 0.9,
      "cat1": "ETF",
      "cat2": "ETF",
      "exp1": "silver_physical",
      "exp2": "silver_miners",
      "fam1": "precious_metals",
      "fam2": "precious_metals"
    },
    {
      "t1": "FNDF",
      "t2": "SOXX",
      "corr_hybrid": 0.6178,
      "corr_structured": 0.2,
      "cat1": "ETF",
      "cat2": "ETF",
      "exp1": "international",
      "exp2": "semiconductor",
      "fam1": "intl_equity",
      "fam2": "sector_tech"
    },
    {
      "t1": "EOG",
      "t2": "SHEL",
      "corr_hybrid": 0.6136,
      "corr_structured": null,
      "cat1": "Act",
      "cat2": "Act",
      "exp1": null,
      "exp2": null,
      "fam1": null,
      "fam2": null
    },
    {
      "t1": "FLTW",
      "t2": "FNDF",
      "corr_hybrid": 0.6132,
      "corr_structured": 0.62,
      "cat1": "ETF",
      "cat2": "ETF",
      "exp1": "taiwan",
      "exp2": "international",
      "fam1": "em_equity",
      "fam2": "intl_equity"
    },
    {
      "t1": "FNDF",
      "t2": "XLK",
      "corr_hybrid": 0.6027,
      "corr_structured": 0.2,
      "cat1": "ETF",
      "cat2": "ETF",
      "exp1": "international",
      "exp2": "tech",
      "fam1": "intl_equity",
      "fam2": "sector_tech"
    },
    {
      "t1": "FLKR",
      "t2": "FNDF",
      "corr_hybrid": 0.5982,
      "corr_structured": 0.62,
      "cat1": "ETF",
      "cat2": "ETF",
      "exp1": "south_korea",
      "exp2": "international",
      "fam1": "em_equity",
      "fam2": "intl_equity"
    },
    {
      "t1": "REMX",
      "t2": "SLV",
      "corr_hybrid": 0.5961,
      "corr_structured": 0.2,
      "cat1": "ETF",
      "cat2": "ETF",
      "exp1": "rare_earth",
      "exp2": "silver_physical",
      "fam1": null,
      "fam2": "precious_metals"
    },
    {
      "t1": "SHEL",
      "t2": "XLE",
      "corr_hybrid": 0.5949,
      "corr_structured": null,
      "cat1": "Act",
      "cat2": "ETF",
      "exp1": null,
      "exp2": "energy",
      "fam1": null,
      "fam2": "sector_energy"
    },
    {
      "t1": "NVDA",
      "t2": "SOXX",
      "corr_hybrid": 0.5943,
      "corr_structured": null,
      "cat1": "Act",
      "cat2": "ETF",
      "exp1": null,
      "exp2": "semiconductor",
      "fam1": null,
      "fam2": "sector_tech"
    },
    {
      "t1": "NVDA",
      "t2": "XLK",
      "corr_hybrid": 0.5834,
      "corr_structured": null,
      "cat1": "Act",
      "cat2": "ETF",
      "exp1": null,
      "exp2": "tech",
      "fam1": null,
      "fam2": "sector_tech"
    },
    {
      "t1": "GLD",
      "t2": "SLVP",
      "corr_hybrid": 0.5818,
      "corr_structured": 0.85,
      "cat1": "ETF",
      "cat2": "ETF",
      "exp1": "gold_physical",
      "exp2": "silver_miners",
      "fam1": "gold",
      "fam2": "precious_metals"
    },
    {
      "t1": "000660",
      "t2": "2059",
      "corr_hybrid": 0.568,
      "corr_structured": null,
      "cat1": "Act",
      "cat2": "Act",
      "exp1": null,
      "exp2": null,
      "fam1": null,
      "fam2": null
    },
    {
      "t1": "000660",
      "t2": "SUNPHARMA",
      "corr_hybrid": 0.568,
      "corr_structured": null,
      "cat1": "Act",
      "cat2": "Act",
      "exp1": null,
      "exp2": null,
      "fam1": null,
      "fam2": null
    },
    {
      "t1": "2059",
      "t2": "SUNPHARMA",
      "corr_hybrid": 0.568,
      "corr_structured": null,
      "cat1": "Act",
      "cat2": "Act",
      "exp1": null,
      "exp2": null,
      "fam1": null,
      "fam2": null
    },
    {
      "t1": "FRES",
      "t2": "SLVP",
      "corr_hybrid": 0.5588,
      "corr_structured": null,
      "cat1": "Act",
      "cat2": "ETF",
      "exp1": null,
      "exp2": "silver_miners",
      "fam1": null,
      "fam2": "precious_metals"
    },
    {
      "t1": "FLKR",
      "t2": "NVDA",
      "corr_hybrid": 0.5559,
      "corr_structured": null,
      "cat1": "ETF",
      "cat2": "Act",
      "exp1": "south_korea",
      "exp2": null,
      "fam1": "em_equity",
      "fam2": null
    },
    {
      "t1": "FLTW",
      "t2": "NVDA",
      "corr_hybrid": 0.5488,
      "corr_structured": null,
      "cat1": "ETF",
      "cat2": "Act",
      "exp1": "taiwan",
      "exp2": null,
      "fam1": "em_equity",
      "fam2": null
    },
    {
      "t1": "FNDF",
      "t2": "FNDX",
      "corr_hybrid": 0.5341,
      "corr_structured": 0.2,
      "cat1": "ETF",
      "cat2": "ETF",
      "exp1": "international",
      "exp2": "value",
      "fam1": "intl_equity",
      "fam2": "factor_value"
    },
    {
      "t1": "BKR",
      "t2": "EOG",
      "corr_hybrid": 0.5306,
      "corr_structured": null,
      "cat1": "Act",
      "cat2": "Act",
      "exp1": null,
      "exp2": null,
      "fam1": null,
      "fam2": null
    },
    {
      "t1": "FNDX",
      "t2": "SOXX",
      "corr_hybrid": 0.5278,
      "corr_structured": 0.2,
      "cat1": "ETF",
      "cat2": "ETF",
      "exp1": "value",
      "exp2": "semiconductor",
      "fam1": "factor_value",
      "fam2": "sector_tech"
    },
    {
      "t1": "BKR",
      "t2": "XLE",
      "corr_hybrid": 0.5266,
      "corr_structured": null,
      "cat1": "Act",
      "cat2": "ETF",
      "exp1": null,
      "exp2": "energy",
      "fam1": null,
      "fam2": "sector_energy"
    },
    {
      "t1": "FLTW",
      "t2": "FNDX",
      "corr_hybrid": 0.5265,
      "corr_structured": 0.2,
      "cat1": "ETF",
      "cat2": "ETF",
      "exp1": "taiwan",
      "exp2": "value",
      "fam1": "em_equity",
      "fam2": "factor_value"
    }
  ],
  "all_pairs_bottom_10": [
    {
      "t1": "SOXX",
      "t2": "VICI",
      "corr_hybrid": 0.0135,
      "corr_structured": null,
      "cat1": "ETF",
      "cat2": "Act",
      "exp1": "semiconductor",
      "exp2": null,
      "fam1": "sector_tech",
      "fam2": null
    },
    {
      "t1": "FRES",
      "t2": "SRG",
      "corr_hybrid": 0.0127,
      "corr_structured": null,
      "cat1": "Act",
      "cat2": "Act",
      "exp1": null,
      "exp2": null,
      "fam1": null,
      "fam2": null
    },
    {
      "t1": "FRES",
      "t2": "XLE",
      "corr_hybrid": 0.0124,
      "corr_structured": null,
      "cat1": "Act",
      "cat2": "ETF",
      "exp1": null,
      "exp2": "energy",
      "fam1": null,
      "fam2": "sector_energy"
    },
    {
      "t1": "EOG",
      "t2": "SLV",
      "corr_hybrid": 0.0117,
      "corr_structured": null,
      "cat1": "Act",
      "cat2": "ETF",
      "exp1": null,
      "exp2": "silver_physical",
      "fam1": null,
      "fam2": "precious_metals"
    },
    {
      "t1": "FLKR",
      "t2": "PG",
      "corr_hybrid": -0.0053,
      "corr_structured": null,
      "cat1": "ETF",
      "cat2": "Act",
      "exp1": "south_korea",
      "exp2": null,
      "fam1": "em_equity",
      "fam2": null
    },
    {
      "t1": "PG",
      "t2": "XLK",
      "corr_hybrid": 0.0052,
      "corr_structured": null,
      "cat1": "Act",
      "cat2": "ETF",
      "exp1": null,
      "exp2": "tech",
      "fam1": null,
      "fam2": "sector_tech"
    },
    {
      "t1": "ITX",
      "t2": "XLE",
      "corr_hybrid": 0.0045,
      "corr_structured": null,
      "cat1": "Act",
      "cat2": "ETF",
      "exp1": null,
      "exp2": "energy",
      "fam1": null,
      "fam2": "sector_energy"
    },
    {
      "t1": "NVDA",
      "t2": "SHEL",
      "corr_hybrid": 0.0042,
      "corr_structured": null,
      "cat1": "Act",
      "cat2": "Act",
      "exp1": null,
      "exp2": null,
      "fam1": null,
      "fam2": null
    },
    {
      "t1": "EOG",
      "t2": "GLD",
      "corr_hybrid": 0.0036,
      "corr_structured": null,
      "cat1": "Act",
      "cat2": "ETF",
      "exp1": null,
      "exp2": "gold_physical",
      "fam1": null,
      "fam2": "gold"
    },
    {
      "t1": "EOG",
      "t2": "FRES",
      "corr_hybrid": -0.0026,
      "corr_structured": null,
      "cat1": "Act",
      "cat2": "Act",
      "exp1": null,
      "exp2": null,
      "fam1": null,
      "fam2": null
    }
  ],
  "correlation_matrix": {
    "tickers": [
      "000660",
      "2059",
      "ACWV",
      "BKR",
      "BMED",
      "BSV",
      "DIVB",
      "EOG",
      "FLKR",
      "FLTR",
      "FLTW",
      "FNDF",
      "FNDX",
      "FRES",
      "GD",
      "GLD",
      "GOOG",
      "GTIP",
      "INCY",
      "ITX",
      "LI",
      "MTBA",
      "NVDA",
      "PEG",
      "PG",
      "REMX",
      "SCHD",
      "SHEL",
      "SLV",
      "SLVP",
      "SOXX",
      "SPLV",
      "SPYV",
      "SRG",
      "STIP",
      "SUNPHARMA",
      "VGSH",
      "VICI",
      "XBI",
      "XLE",
      "XLK",
      "XLV"
    ],
    "matrix": [
      [
        1.0,
        0.568,
        0.3845,
        0.3412,
        0.4506,
        0.0834,
        0.3851,
        0.3089,
        0.1495,
        0.0834,
        0.1828,
        0.3239,
        0.3818,
        0.1753,
        0.393,
        0.0676,
        0.2472,
        0.0834,
        0.3243,
        0.3669,
        0.2047,
        0.0834,
        0.174,
        0.3803,
        0.3742,
        0.0761,
        0.3908,
        0.3659,
        0.0575,
        0.0763,
        0.1481,
        0.3649,
        0.3836,
        0.2093,
        0.0834,
        0.568,
        0.0834,
        0.427,
        0.226,
        0.2633,
        0.1716,
        0.3385
      ],
      [
        0.568,
        1.0,
        0.3845,
        0.3412,
        0.4506,
        0.0834,
        0.3851,
        0.3089,
        0.1495,
        0.0834,
        0.1828,
        0.3239,
        0.3818,
        0.1753,
        0.393,
        0.0676,
        0.2472,
        0.0834,
        0.3243,
        0.3669,
        0.2047,
        0.0834,
        0.174,
        0.3803,
        0.3742,
        0.0761,
        0.3908,
        0.3659,
        0.0575,
        0.0763,
        0.1481,
        0.3649,
        0.3836,
        0.2093,
        0.0834,
        0.568,
        0.0834,
        0.427,
        0.226,
        0.2633,
        0.1716,
        0.3385
      ],
      [
        0.3845,
        0.3845,
        1.0,
        0.2142,
        0.4154,
        0.0712,
        0.3503,
        0.0873,
        0.2788,
        0.0712,
        0.3065,
        0.3817,
        0.3751,
        0.1269,
        0.287,
        0.1987,
        0.2666,
        0.0712,
        0.3083,
        0.2326,
        0.2473,
        0.0712,
        0.2519,
        0.2685,
        0.264,
        0.212,
        0.2884,
        0.2014,
        0.2202,
        0.2237,
        0.2835,
        0.268,
        0.3684,
        0.2732,
        0.0712,
        0.3845,
        0.0712,
        0.2938,
        0.3139,
        0.089,
        0.3009,
        0.3219
      ],
      [
        0.3412,
        0.3412,
        0.2142,
        1.0,
        0.2341,
        0.0733,
        0.3572,
        0.5306,
        0.2688,
        0.0733,
        0.299,
        0.3329,
        0.3697,
        0.0911,
        0.297,
        0.1243,
        0.1536,
        0.0733,
        0.0954,
        0.0324,
        0.1201,
        0.0733,
        0.182,
        0.1984,
        0.0817,
        0.3215,
        0.3859,
        0.5218,
        0.1575,
        -0.0251,
        0.2886,
        0.1618,
        0.3342,
        0.1397,
        0.0733,
        0.3412,
        0.0733,
        0.2054,
        0.1223,
        0.5266,
        0.2537,
        0.1607
      ],
      [
        0.4506,
        0.4506,
        0.4154,
        0.2341,
        1.0,
        0.084,
        0.4171,
        0.057,
        0.362,
        0.084,
        0.3895,
        0.4612,
        0.4553,
        0.156,
        0.3243,
        0.1927,
        0.347,
        0.084,
        0.3832,
        0.263,
        0.3079,
        0.084,
        0.3366,
        0.3123,
        0.3039,
        0.2274,
        0.3295,
        0.1936,
        0.2093,
        0.2404,
        0.3726,
        0.3059,
        0.4467,
        0.3127,
        0.084,
        0.4506,
        0.084,
        0.3316,
        0.3885,
        0.0596,
        0.3951,
        0.3847
      ],
      [
        0.0834,
        0.0834,
        0.0712,
        0.0733,
        0.084,
        1.0,
        0.0824,
        0.0455,
        0.0733,
        0.0168,
        0.0786,
        0.0901,
        0.0893,
        0.0305,
        0.0638,
        0.0417,
        0.0597,
        0.0168,
        0.0572,
        0.0361,
        0.0513,
        0.0168,
        0.0608,
        0.0559,
        0.0453,
        0.0596,
        0.0719,
        0.0649,
        0.048,
        0.0359,
        0.0758,
        0.0514,
        0.0851,
        0.0462,
        0.0168,
        0.0834,
        0.0168,
        0.0579,
        0.0621,
        0.0458,
        0.0753,
        0.0625
      ],
      [
        0.3851,
        0.3851,
        0.3503,
        0.3572,
        0.4171,
        0.0824,
        1.0,
        0.2055,
        0.3907,
        0.0824,
        0.4234,
        0.4564,
        0.4646,
        0.1464,
        0.3085,
        0.1784,
        0.2933,
        0.0824,
        0.287,
        0.1215,
        0.2632,
        0.0824,
        0.3249,
        0.2438,
        0.1869,
        0.3237,
        0.3608,
        0.3002,
        0.2039,
        0.1719,
        0.4134,
        0.237,
        0.4383,
        0.3365,
        0.0824,
        0.3851,
        0.0824,
        0.2572,
        0.3369,
        0.2262,
        0.4136,
        0.317
      ],
      [
        0.3089,
        0.3089,
        0.0873,
        0.5306,
        0.057,
        0.0455,
        0.2055,
        1.0,
        -0.0869,
        0.0455,
        -0.0426,
        0.0537,
        0.1556,
        -0.0026,
        0.289,
        0.0036,
        -0.0849,
        0.0455,
        -0.0547,
        0.0719,
        -0.0648,
        0.0455,
        -0.1102,
        0.1659,
        0.0808,
        0.1366,
        0.3446,
        0.6136,
        0.0117,
        -0.1925,
        -0.0833,
        0.1541,
        0.1376,
        0.1067,
        0.0455,
        0.3089,
        0.0455,
        0.2197,
        -0.1142,
        0.6874,
        -0.1117,
        0.0382
      ],
      [
        0.1495,
        0.1495,
        0.2788,
        0.2688,
        0.362,
        0.0733,
        0.3907,
        -0.0869,
        1.0,
        0.0733,
        0.7021,
        0.5982,
        0.499,
        0.1331,
        0.1238,
        0.2792,
        0.4369,
        0.0733,
        0.2614,
        -0.0977,
        0.3471,
        0.0733,
        0.5559,
        0.1049,
        -0.0053,
        0.4811,
        0.2176,
        0.0708,
        0.3438,
        0.2612,
        0.7479,
        0.0517,
        0.4524,
        0.1397,
        0.0733,
        0.1495,
        0.0733,
        0.0284,
        0.4388,
        -0.0269,
        0.7173,
        0.252
      ],
      [
        0.0834,
        0.0834,
        0.0712,
        0.0733,
        0.084,
        0.0168,
        0.0824,
        0.0455,
        0.0733,
        1.0,
        0.0786,
        0.0901,
        0.0893,
        0.0305,
        0.0638,
        0.0417,
        0.0597,
        0.0168,
        0.0572,
        0.0361,
        0.0513,
        0.0168,
        0.0608,
        0.0559,
        0.0453,
        0.0596,
        0.0719,
        0.0649,
        0.048,
        0.0359,
        0.0758,
        0.0514,
        0.0851,
        0.0462,
        0.0168,
        0.0834,
        0.0168,
        0.0579,
        0.0621,
        0.0458,
        0.0753,
        0.0625
      ],
      [
        0.1828,
        0.1828,
        0.3065,
        0.299,
        0.3895,
        0.0786,
        0.4234,
        -0.0426,
        0.7021,
        0.0786,
        1.0,
        0.6132,
        0.5265,
        0.1286,
        0.1623,
        0.2924,
        0.4283,
        0.0786,
        0.2768,
        -0.0858,
        0.3541,
        0.0786,
        0.5488,
        0.1217,
        0.0135,
        0.5074,
        0.2561,
        0.1155,
        0.3572,
        0.2728,
        0.7419,
        0.0806,
        0.4787,
        0.2254,
        0.0786,
        0.1828,
        0.0786,
        0.0596,
        0.4566,
        0.0225,
        0.7147,
        0.2798
      ],
      [
        0.3239,
        0.3239,
        0.3817,
        0.3329,
        0.4612,
        0.0901,
        0.4564,
        0.0537,
        0.5982,
        0.0901,
        0.6132,
        1.0,
        0.5341,
        0.2091,
        0.2585,
        0.3609,
        0.4045,
        0.0901,
        0.3184,
        0.0789,
        0.3512,
        0.0901,
        0.4634,
        0.2282,
        0.1555,
        0.481,
        0.3264,
        0.2251,
        0.4293,
        0.358,
        0.6178,
        0.1995,
        0.4978,
        0.2381,
        0.0901,
        0.3239,
        0.0901,
        0.2049,
        0.4453,
        0.0933,
        0.6027,
        0.3401
      ],
      [
        0.3818,
        0.3818,
        0.3751,
        0.3697,
        0.4553,
        0.0893,
        0.4646,
        0.1556,
        0.499,
        0.0893,
        0.5265,
        0.5341,
        1.0,
        0.1851,
        0.3012,
        0.2036,
        0.3587,
        0.0893,
        0.3182,
        0.0901,
        0.3111,
        0.0893,
        0.4106,
        0.2414,
        0.1704,
        0.3817,
        0.3703,
        0.2746,
        0.2357,
        0.2129,
        0.5278,
        0.2267,
        0.4911,
        0.3391,
        0.0893,
        0.3818,
        0.0893,
        0.2388,
        0.3981,
        0.1871,
        0.5238,
        0.3409
      ],
      [
        0.1753,
        0.1753,
        0.1269,
        0.0911,
        0.156,
        0.0305,
        0.1464,
        -0.0026,
        0.1331,
        0.0305,
        0.1286,
        0.2091,
        0.1851,
        1.0,
        0.0385,
        0.1579,
        0.0881,
        0.0305,
        0.0569,
        0.0726,
        0.0826,
        0.0305,
        0.0239,
        0.0847,
        0.1302,
        0.1935,
        0.1592,
        0.1127,
        0.1716,
        0.5588,
        0.1023,
        0.1394,
        0.1551,
        0.0127,
        0.0305,
        0.1753,
        0.0305,
        0.1373,
        0.1148,
        0.0124,
        0.1067,
        0.0968
      ],
      [
        0.393,
        0.393,
        0.287,
        0.297,
        0.3243,
        0.0638,
        0.3085,
        0.289,
        0.1238,
        0.0638,
        0.1623,
        0.2585,
        0.3012,
        0.0385,
        1.0,
        0.1104,
        0.15,
        0.0638,
        0.2196,
        0.2227,
        0.1494,
        0.0638,
        0.1224,
        0.2588,
        0.2408,
        0.1456,
        0.3138,
        0.3279,
        0.1183,
        0.0623,
        0.1284,
        0.2602,
        0.2971,
        0.2655,
        0.0638,
        0.393,
        0.0638,
        0.3025,
        0.1819,
        0.274,
        0.1401,
        0.2549
      ],
      [
        0.0676,
        0.0676,
        0.1987,
        0.1243,
        0.1927,
        0.0417,
        0.1784,
        0.0036,
        0.2792,
        0.0417,
        0.2924,
        0.3609,
        0.2036,
        0.1579,
        0.1104,
        1.0,
        0.1138,
        0.0417,
        0.0814,
        0.0903,
        0.1677,
        0.0417,
        0.1146,
        0.1049,
        0.1051,
        0.488,
        0.1168,
        0.181,
        0.7657,
        0.5818,
        0.2466,
        0.1118,
        0.1875,
        0.0398,
        0.0417,
        0.0676,
        0.0417,
        0.12,
        0.2287,
        0.0391,
        0.2215,
        0.1561
      ],
      [
        0.2472,
        0.2472,
        0.2666,
        0.1536,
        0.347,
        0.0597,
        0.2933,
        -0.0849,
        0.4369,
        0.0597,
        0.4283,
        0.4045,
        0.3587,
        0.0881,
        0.15,
        0.1138,
        1.0,
        0.0597,
        0.2817,
        0.0993,
        0.2696,
        0.0597,
        0.3924,
        0.1819,
        0.1348,
        0.1829,
        0.1763,
        0.0275,
        0.1314,
        0.1261,
        0.4567,
        0.1309,
        0.3439,
        0.0498,
        0.0597,
        0.2472,
        0.0597,
        0.1346,
        0.3183,
        -0.0801,
        0.456,
        0.2438
      ],
      [
        0.0834,
        0.0834,
        0.0712,
        0.0733,
        0.084,
        0.0168,
        0.0824,
        0.0455,
        0.0733,
        0.0168,
        0.0786,
        0.0901,
        0.0893,
        0.0305,
        0.0638,
        0.0417,
        0.0597,
        1.0,
        0.0572,
        0.0361,
        0.0513,
        0.0168,
        0.0608,
        0.0559,
        0.0453,
        0.0596,
        0.0719,
        0.0649,
        0.048,
        0.0359,
        0.0758,
        0.0514,
        0.0851,
        0.0462,
        0.0168,
        0.0834,
        0.0168,
        0.0579,
        0.0621,
        0.0458,
        0.0753,
        0.0625
      ],
      [
        0.3243,
        0.3243,
        0.3083,
        0.0954,
        0.3832,
        0.0572,
        0.287,
        -0.0547,
        0.2614,
        0.0572,
        0.2768,
        0.3184,
        0.3182,
        0.0569,
        0.2196,
        0.0814,
        0.2817,
        0.0572,
        1.0,
        0.213,
        0.2406,
        0.0572,
        0.2731,
        0.2295,
        0.2364,
        0.0918,
        0.2032,
        0.0486,
        0.0782,
        0.1321,
        0.273,
        0.2215,
        0.3193,
        0.2313,
        0.0572,
        0.3243,
        0.0572,
        0.2353,
        0.3037,
        -0.0563,
        0.2999,
        0.2953
      ],
      [
        0.3669,
        0.3669,
        0.2326,
        0.0324,
        0.263,
        0.0361,
        0.1215,
        0.0719,
        -0.0977,
        0.0361,
        -0.0858,
        0.0789,
        0.0901,
        0.0726,
        0.2227,
        0.0903,
        0.0993,
        0.0361,
        0.213,
        1.0,
        0.0863,
        0.0361,
        -0.0272,
        0.2881,
        0.357,
        -0.1214,
        0.1438,
        0.1269,
        0.0838,
        0.1119,
        -0.1303,
        0.2786,
        0.1216,
        -0.0244,
        0.0361,
        0.3669,
        0.0361,
        0.3346,
        0.0735,
        0.0045,
        -0.0956,
        0.2028
      ],
      [
        0.2047,
        0.2047,
        0.2473,
        0.1201,
        0.3079,
        0.0513,
        0.2632,
        -0.0648,
        0.3471,
        0.0513,
        0.3541,
        0.3512,
        0.3111,
        0.0826,
        0.1494,
        0.1677,
        0.2696,
        0.0513,
        0.2406,
        0.0863,
        1.0,
        0.0513,
        0.2985,
        0.1491,
        0.1256,
        0.2155,
        0.1665,
        0.0471,
        0.1934,
        0.1924,
        0.3608,
        0.1339,
        0.2978,
        0.1675,
        0.0513,
        0.2047,
        0.0513,
        0.1334,
        0.2953,
        -0.0446,
        0.3654,
        0.2316
      ],
      [
        0.0834,
        0.0834,
        0.0712,
        0.0733,
        0.084,
        0.0168,
        0.0824,
        0.0455,
        0.0733,
        0.0168,
        0.0786,
        0.0901,
        0.0893,
        0.0305,
        0.0638,
        0.0417,
        0.0597,
        0.0168,
        0.0572,
        0.0361,
        0.0513,
        1.0,
        0.0608,
        0.0559,
        0.0453,
        0.0596,
        0.0719,
        0.0649,
        0.048,
        0.0359,
        0.0758,
        0.0514,
        0.0851,
        0.0462,
        0.0168,
        0.0834,
        0.0168,
        0.0579,
        0.0621,
        0.0458,
        0.0753,
        0.0625
      ],
      [
        0.174,
        0.174,
        0.2519,
        0.182,
        0.3366,
        0.0608,
        0.3249,
        -0.1102,
        0.5559,
        0.0608,
        0.5488,
        0.4634,
        0.4106,
        0.0239,
        0.1224,
        0.1146,
        0.3924,
        0.0608,
        0.2731,
        -0.0272,
        0.2985,
        0.0608,
        1.0,
        0.12,
        0.0387,
        0.2791,
        0.1752,
        0.0042,
        0.1394,
        0.101,
        0.5943,
        0.0686,
        0.3821,
        0.1338,
        0.0608,
        0.174,
        0.0608,
        0.053,
        0.3706,
        -0.0751,
        0.5834,
        0.2376
      ],
      [
        0.3803,
        0.3803,
        0.2685,
        0.1984,
        0.3123,
        0.0559,
        0.2438,
        0.1659,
        0.1049,
        0.0559,
        0.1217,
        0.2282,
        0.2414,
        0.0847,
        0.2588,
        0.1049,
        0.1819,
        0.0559,
        0.2295,
        0.2881,
        0.1491,
        0.0559,
        0.12,
        1.0,
        0.2774,
        0.0496,
        0.2383,
        0.2227,
        0.1103,
        0.0884,
        0.0962,
        0.2522,
        0.2483,
        0.0716,
        0.0559,
        0.3803,
        0.0559,
        0.2981,
        0.1583,
        0.127,
        0.1114,
        0.2331
      ],
      [
        0.3742,
        0.3742,
        0.264,
        0.0817,
        0.3039,
        0.0453,
        0.1869,
        0.0808,
        -0.0053,
        0.0453,
        0.0135,
        0.1555,
        0.1704,
        0.1302,
        0.2408,
        0.1051,
        0.1348,
        0.0453,
        0.2364,
        0.357,
        0.1256,
        0.0453,
        0.0387,
        0.2774,
        1.0,
        -0.0307,
        0.1908,
        0.1504,
        0.1017,
        0.1543,
        -0.0271,
        0.2795,
        0.1898,
        0.0886,
        0.0453,
        0.3742,
        0.0453,
        0.3252,
        0.1386,
        0.0359,
        0.0052,
        0.2363
      ],
      [
        0.0761,
        0.0761,
        0.212,
        0.3215,
        0.2274,
        0.0596,
        0.3237,
        0.1366,
        0.4811,
        0.0596,
        0.5074,
        0.481,
        0.3817,
        0.1935,
        0.1456,
        0.488,
        0.1829,
        0.0596,
        0.0918,
        -0.1214,
        0.2155,
        0.0596,
        0.2791,
        0.0496,
        -0.0307,
        1.0,
        0.2413,
        0.2759,
        0.5961,
        0.4413,
        0.4927,
        0.062,
        0.3321,
        0.2752,
        0.0596,
        0.0761,
        0.0596,
        0.0482,
        0.3103,
        0.2163,
        0.453,
        0.1782
      ],
      [
        0.3908,
        0.3908,
        0.2884,
        0.3859,
        0.3295,
        0.0719,
        0.3608,
        0.3446,
        0.2176,
        0.0719,
        0.2561,
        0.3264,
        0.3703,
        0.1592,
        0.3138,
        0.1168,
        0.1763,
        0.0719,
        0.2032,
        0.1438,
        0.1665,
        0.0719,
        0.1752,
        0.2383,
        0.1908,
        0.2413,
        1.0,
        0.3853,
        0.1303,
        0.0953,
        0.2305,
        0.2404,
        0.3496,
        0.292,
        0.0719,
        0.3908,
        0.0719,
        0.2759,
        0.207,
        0.3456,
        0.2302,
        0.2515
      ],
      [
        0.3659,
        0.3659,
        0.2014,
        0.5218,
        0.1936,
        0.0649,
        0.3002,
        0.6136,
        0.0708,
        0.0649,
        0.1155,
        0.2251,
        0.2746,
        0.1127,
        0.3279,
        0.181,
        0.0275,
        0.0649,
        0.0486,
        0.1269,
        0.0471,
        0.0649,
        0.0042,
        0.2227,
        0.1504,
        0.2759,
        0.3853,
        1.0,
        0.2191,
        0.0367,
        0.0684,
        0.2158,
        0.252,
        0.1625,
        0.0649,
        0.3659,
        0.0649,
        0.2761,
        0.0371,
        0.5949,
        0.0434,
        0.1443
      ],
      [
        0.0575,
        0.0575,
        0.2202,
        0.1575,
        0.2093,
        0.048,
        0.2039,
        0.0117,
        0.3438,
        0.048,
        0.3572,
        0.4293,
        0.2357,
        0.1716,
        0.1183,
        0.7657,
        0.1314,
        0.048,
        0.0782,
        0.0838,
        0.1934,
        0.048,
        0.1394,
        0.1103,
        0.1017,
        0.5961,
        0.1303,
        0.2191,
        1.0,
        0.6833,
        0.3059,
        0.1132,
        0.2146,
        0.0218,
        0.048,
        0.0575,
        0.048,
        0.1218,
        0.2622,
        0.0555,
        0.2706,
        0.1684
      ],
      [
        0.0763,
        0.0763,
        0.2237,
        -0.0251,
        0.2404,
        0.0359,
        0.1719,
        -0.1925,
        0.2612,
        0.0359,
        0.2728,
        0.358,
        0.2129,
        0.5588,
        0.0623,
        0.5818,
        0.1261,
        0.0359,
        0.1321,
        0.1119,
        0.1924,
        0.0359,
        0.101,
        0.0884,
        0.1543,
        0.4413,
        0.0953,
