{
  "_meta": {
    "generated": "2026-06-27T10:00:18",
    "portfolio_generated": "2026-06-27T09:57:54.741345",
    "n_assets": 16,
    "n_with_returns": 11,
    "covariance_method": "hybrid_shrunk",
    "condition_number": 92.28,
    "pca_factors": 4
  },
  "profiles": {
    "Agressif": {
      "n_assets": 9,
      "weighted_avg_correlation": 0.1937,
      "most_correlated": [
        {
          "t1": "EXPD",
          "t2": "NTAP",
          "corr": 0.5198,
          "w1": 5.0,
          "w2": 5.0,
          "combined_weight": 10.0
        },
        {
          "t1": "VWCE.DE",
          "t2": "SGLN.AS",
          "corr": 0.4423,
          "w1": 50.0,
          "w2": 5.0,
          "combined_weight": 55.0
        },
        {
          "t1": "IEMG",
          "t2": "NTAP",
          "corr": 0.3735,
          "w1": 15.0,
          "w2": 5.0,
          "combined_weight": 20.0
        },
        {
          "t1": "VWCE.DE",
          "t2": "IEMG",
          "corr": 0.287,
          "w1": 50.0,
          "w2": 15.0,
          "combined_weight": 65.0
        },
        {
          "t1": "IEMG",
          "t2": "SGLN.AS",
          "corr": 0.287,
          "w1": 15.0,
          "w2": 5.0,
          "combined_weight": 20.0
        },
        {
          "t1": "ITX",
          "t2": "NTAP",
          "corr": 0.2407,
          "w1": 5.0,
          "w2": 5.0,
          "combined_weight": 10.0
        },
        {
          "t1": "VWCE.DE",
          "t2": "LOGN",
          "corr": 0.2389,
          "w1": 50.0,
          "w2": 5.0,
          "combined_weight": 55.0
        },
        {
          "t1": "LOGN",
          "t2": "SGLN.AS",
          "corr": 0.2389,
          "w1": 5.0,
          "w2": 5.0,
          "combined_weight": 10.0
        },
        {
          "t1": "VWCE.DE",
          "t2": "NTAP",
          "corr": 0.2003,
          "w1": 50.0,
          "w2": 5.0,
          "combined_weight": 55.0
        },
        {
          "t1": "NTAP",
          "t2": "SGLN.AS",
          "corr": 0.2003,
          "w1": 5.0,
          "w2": 5.0,
          "combined_weight": 10.0
        }
      ],
      "least_correlated": [
        {
          "t1": "ITX",
          "t2": "CF",
          "corr": 0.0322,
          "w1": 5.0,
          "w2": 5.0,
          "combined_weight": 10.0
        },
        {
          "t1": "CF",
          "t2": "IBGS.AS",
          "corr": 0.029,
          "w1": 5.0,
          "w2": 5.0,
          "combined_weight": 10.0
        },
        {
          "t1": "IEMG",
          "t2": "ITX",
          "corr": 0.0041,
          "w1": 15.0,
          "w2": 5.0,
          "combined_weight": 20.0
        },
        {
          "t1": "NTAP",
          "t2": "CF",
          "corr": -0.0078,
          "w1": 5.0,
          "w2": 5.0,
          "combined_weight": 10.0
        },
        {
          "t1": "IEMG",
          "t2": "CF",
          "corr": -0.2921,
          "w1": 15.0,
          "w2": 5.0,
          "combined_weight": 20.0
        }
      ],
      "high_corr_high_weight": []
    },
    "Mod\u00e9r\u00e9": {
      "n_assets": 9,
      "weighted_avg_correlation": 0.1368,
      "most_correlated": [
        {
          "t1": "VWCE.DE",
          "t2": "SGLN.AS",
          "corr": 0.4423,
          "w1": 50.0,
          "w2": 5.0,
          "combined_weight": 55.0
        },
        {
          "t1": "VWCE.DE",
          "t2": "LOGN",
          "corr": 0.2389,
          "w1": 50.0,
          "w2": 5.0,
          "combined_weight": 55.0
        },
        {
          "t1": "LOGN",
          "t2": "SGLN.AS",
          "corr": 0.2389,
          "w1": 5.0,
          "w2": 5.0,
          "combined_weight": 10.0
        },
        {
          "t1": "VWCE.DE",
          "t2": "NOVN",
          "corr": 0.199,
          "w1": 50.0,
          "w2": 5.0,
          "combined_weight": 55.0
        },
        {
          "t1": "NOVN",
          "t2": "SGLN.AS",
          "corr": 0.199,
          "w1": 5.0,
          "w2": 5.0,
          "combined_weight": 10.0
        },
        {
          "t1": "EXPD",
          "t2": "ITX",
          "corr": 0.1982,
          "w1": 5.0,
          "w2": 5.0,
          "combined_weight": 10.0
        },
        {
          "t1": "VWCE.DE",
          "t2": "EXPD",
          "corr": 0.179,
          "w1": 50.0,
          "w2": 5.0,
          "combined_weight": 55.0
        },
        {
          "t1": "EXPD",
          "t2": "SGLN.AS",
          "corr": 0.179,
          "w1": 5.0,
          "w2": 5.0,
          "combined_weight": 10.0
        },
        {
          "t1": "LOGN",
          "t2": "ITX",
          "corr": 0.1459,
          "w1": 5.0,
          "w2": 5.0,
          "combined_weight": 10.0
        },
        {
          "t1": "VWCE.DE",
          "t2": "ITX",
          "corr": 0.1338,
          "w1": 50.0,
          "w2": 5.0,
          "combined_weight": 55.0
        }
      ],
      "least_correlated": [
        {
          "t1": "AGGH.AS",
          "t2": "IBCI.AS",
          "corr": 0.0204,
          "w1": 15.0,
          "w2": 5.0,
          "combined_weight": 20.0
        },
        {
          "t1": "AGGH.AS",
          "t2": "IBGS.AS",
          "corr": 0.0204,
          "w1": 15.0,
          "w2": 5.0,
          "combined_weight": 20.0
        },
        {
          "t1": "IBCI.AS",
          "t2": "IBGS.AS",
          "corr": 0.0204,
          "w1": 5.0,
          "w2": 5.0,
          "combined_weight": 10.0
        },
        {
          "t1": "ITX",
          "t2": "NOVN",
          "corr": 0.0003,
          "w1": 5.0,
          "w2": 5.0,
          "combined_weight": 10.0
        },
        {
          "t1": "EXPD",
          "t2": "NOVN",
          "corr": -0.0377,
          "w1": 5.0,
          "w2": 5.0,
          "combined_weight": 10.0
        }
      ],
      "high_corr_high_weight": []
    },
    "Stable": {
      "n_assets": 9,
      "weighted_avg_correlation": 0.1041,
      "most_correlated": [
        {
          "t1": "VWCE.DE",
          "t2": "PUB",
          "corr": 0.4574,
          "w1": 20.0,
          "w2": 2.5,
          "combined_weight": 22.5
        },
        {
          "t1": "SGLN.AS",
          "t2": "PUB",
          "corr": 0.4574,
          "w1": 10.0,
          "w2": 2.5,
          "combined_weight": 12.5
        },
        {
          "t1": "BVI",
          "t2": "PUB",
          "corr": 0.4524,
          "w1": 2.5,
          "w2": 2.5,
          "combined_weight": 5.0
        },
        {
          "t1": "VWCE.DE",
          "t2": "SGLN.AS",
          "corr": 0.4423,
          "w1": 20.0,
          "w2": 10.0,
          "combined_weight": 30.0
        },
        {
          "t1": "VWCE.DE",
          "t2": "BVI",
          "corr": 0.3587,
          "w1": 20.0,
          "w2": 2.5,
          "combined_weight": 22.5
        },
        {
          "t1": "SGLN.AS",
          "t2": "BVI",
          "corr": 0.3587,
          "w1": 10.0,
          "w2": 2.5,
          "combined_weight": 12.5
        },
        {
          "t1": "VWCE.DE",
          "t2": "SHEL",
          "corr": 0.2677,
          "w1": 20.0,
          "w2": 2.5,
          "combined_weight": 22.5
        },
        {
          "t1": "SGLN.AS",
          "t2": "SHEL",
          "corr": 0.2677,
          "w1": 10.0,
          "w2": 2.5,
          "combined_weight": 12.5
        },
        {
          "t1": "PUB",
          "t2": "SHEL",
          "corr": 0.2365,
          "w1": 2.5,
          "w2": 2.5,
          "combined_weight": 5.0
        },
        {
          "t1": "SREN",
          "t2": "PUB",
          "corr": 0.223,
          "w1": 2.5,
          "w2": 2.5,
          "combined_weight": 5.0
        }
      ],
      "least_correlated": [
        {
          "t1": "IBCI.AS",
          "t2": "SREN",
          "corr": 0.0388,
          "w1": 20.0,
          "w2": 2.5,
          "combined_weight": 22.5
        },
        {
          "t1": "IBGS.AS",
          "t2": "SREN",
          "corr": 0.0388,
          "w1": 15.0,
          "w2": 2.5,
          "combined_weight": 17.5
        },
        {
          "t1": "AGGH.AS",
          "t2": "IBCI.AS",
          "corr": 0.0204,
          "w1": 25.0,
          "w2": 20.0,
          "combined_weight": 45.0
        },
        {
          "t1": "AGGH.AS",
          "t2": "IBGS.AS",
          "corr": 0.0204,
          "w1": 25.0,
          "w2": 15.0,
          "combined_weight": 40.0
        },
        {
          "t1": "IBCI.AS",
          "t2": "IBGS.AS",
          "corr": 0.0204,
          "w1": 20.0,
          "w2": 15.0,
          "combined_weight": 35.0
        }
      ],
      "high_corr_high_weight": []
    }
  },
  "all_pairs_top_30": [
    {
      "t1": "EXPD",
      "t2": "NTAP",
      "corr_hybrid": 0.5198,
      "corr_structured": null,
      "cat1": "Act",
      "cat2": "Act",
      "exp1": null,
      "exp2": null,
      "fam1": null,
      "fam2": null
    },
    {
      "t1": "CF",
      "t2": "SHEL",
      "corr_hybrid": 0.4921,
      "corr_structured": null,
      "cat1": "Act",
      "cat2": "Act",
      "exp1": null,
      "exp2": null,
      "fam1": null,
      "fam2": null
    },
    {
      "t1": "PUB",
      "t2": "SGLN.AS",
      "corr_hybrid": 0.4574,
      "corr_structured": null,
      "cat1": "Act",
      "cat2": "ETF",
      "exp1": null,
      "exp2": null,
      "fam1": null,
      "fam2": null
    },
    {
      "t1": "PUB",
      "t2": "VWCE.DE",
      "corr_hybrid": 0.4574,
      "corr_structured": null,
      "cat1": "Act",
      "cat2": "ETF",
      "exp1": null,
      "exp2": null,
      "fam1": null,
      "fam2": null
    },
    {
      "t1": "BVI",
      "t2": "PUB",
      "corr_hybrid": 0.4524,
      "corr_structured": null,
      "cat1": "Act",
      "cat2": "Act",
      "exp1": null,
      "exp2": null,
      "fam1": null,
      "fam2": null
    },
    {
      "t1": "SGLN.AS",
      "t2": "VWCE.DE",
      "corr_hybrid": 0.4423,
      "corr_structured": null,
      "cat1": "ETF",
      "cat2": "ETF",
      "exp1": null,
      "exp2": null,
      "fam1": null,
      "fam2": null
    },
    {
      "t1": "IEMG",
      "t2": "NTAP",
      "corr_hybrid": 0.3735,
      "corr_structured": null,
      "cat1": "ETF",
      "cat2": "Act",
      "exp1": "emerging_markets",
      "exp2": null,
      "fam1": "em_equity",
      "fam2": null
    },
    {
      "t1": "BVI",
      "t2": "SGLN.AS",
      "corr_hybrid": 0.3587,
      "corr_structured": null,
      "cat1": "Act",
      "cat2": "ETF",
      "exp1": null,
      "exp2": null,
      "fam1": null,
      "fam2": null
    },
    {
      "t1": "BVI",
      "t2": "VWCE.DE",
      "corr_hybrid": 0.3587,
      "corr_structured": null,
      "cat1": "Act",
      "cat2": "ETF",
      "exp1": null,
      "exp2": null,
      "fam1": null,
      "fam2": null
    },
    {
      "t1": "CF",
      "t2": "IEMG",
      "corr_hybrid": -0.2921,
      "corr_structured": null,
      "cat1": "Act",
      "cat2": "ETF",
      "exp1": null,
      "exp2": "emerging_markets",
      "fam1": null,
      "fam2": "em_equity"
    },
    {
      "t1": "IEMG",
      "t2": "SGLN.AS",
      "corr_hybrid": 0.287,
      "corr_structured": null,
      "cat1": "ETF",
      "cat2": "ETF",
      "exp1": "emerging_markets",
      "exp2": null,
      "fam1": "em_equity",
      "fam2": null
    },
    {
      "t1": "IEMG",
      "t2": "VWCE.DE",
      "corr_hybrid": 0.287,
      "corr_structured": null,
      "cat1": "ETF",
      "cat2": "ETF",
      "exp1": "emerging_markets",
      "exp2": null,
      "fam1": "em_equity",
      "fam2": null
    },
    {
      "t1": "SGLN.AS",
      "t2": "SHEL",
      "corr_hybrid": 0.2677,
      "corr_structured": null,
      "cat1": "ETF",
      "cat2": "Act",
      "exp1": null,
      "exp2": null,
      "fam1": null,
      "fam2": null
    },
    {
      "t1": "SHEL",
      "t2": "VWCE.DE",
      "corr_hybrid": 0.2677,
      "corr_structured": null,
      "cat1": "Act",
      "cat2": "ETF",
      "exp1": null,
      "exp2": null,
      "fam1": null,
      "fam2": null
    },
    {
      "t1": "IEMG",
      "t2": "PUB",
      "corr_hybrid": 0.2655,
      "corr_structured": null,
      "cat1": "ETF",
      "cat2": "Act",
      "exp1": "emerging_markets",
      "exp2": null,
      "fam1": "em_equity",
      "fam2": null
    },
    {
      "t1": "NOVN",
      "t2": "PUB",
      "corr_hybrid": 0.2614,
      "corr_structured": null,
      "cat1": "Act",
      "cat2": "Act",
      "exp1": null,
      "exp2": null,
      "fam1": null,
      "fam2": null
    },
    {
      "t1": "BVI",
      "t2": "NOVN",
      "corr_hybrid": 0.2504,
      "corr_structured": null,
      "cat1": "Act",
      "cat2": "Act",
      "exp1": null,
      "exp2": null,
      "fam1": null,
      "fam2": null
    },
    {
      "t1": "LOGN",
      "t2": "PUB",
      "corr_hybrid": 0.2439,
      "corr_structured": null,
      "cat1": "Act",
      "cat2": "Act",
      "exp1": null,
      "exp2": null,
      "fam1": null,
      "fam2": null
    },
    {
      "t1": "ITX",
      "t2": "NTAP",
      "corr_hybrid": 0.2407,
      "corr_structured": null,
      "cat1": "Act",
      "cat2": "Act",
      "exp1": null,
      "exp2": null,
      "fam1": null,
      "fam2": null
    },
    {
      "t1": "LOGN",
      "t2": "SGLN.AS",
      "corr_hybrid": 0.2389,
      "corr_structured": null,
      "cat1": "Act",
      "cat2": "ETF",
      "exp1": null,
      "exp2": null,
      "fam1": null,
      "fam2": null
    },
    {
      "t1": "LOGN",
      "t2": "VWCE.DE",
      "corr_hybrid": 0.2389,
      "corr_structured": null,
      "cat1": "Act",
      "cat2": "ETF",
      "exp1": null,
      "exp2": null,
      "fam1": null,
      "fam2": null
    },
    {
      "t1": "PUB",
      "t2": "SHEL",
      "corr_hybrid": 0.2365,
      "corr_structured": null,
      "cat1": "Act",
      "cat2": "Act",
      "exp1": null,
      "exp2": null,
      "fam1": null,
      "fam2": null
    },
    {
      "t1": "EXPD",
      "t2": "SHEL",
      "corr_hybrid": 0.2234,
      "corr_structured": null,
      "cat1": "Act",
      "cat2": "Act",
      "exp1": null,
      "exp2": null,
      "fam1": null,
      "fam2": null
    },
    {
      "t1": "PUB",
      "t2": "SREN",
      "corr_hybrid": 0.223,
      "corr_structured": null,
      "cat1": "Act",
      "cat2": "Act",
      "exp1": null,
      "exp2": null,
      "fam1": null,
      "fam2": null
    },
    {
      "t1": "NTAP",
      "t2": "SGLN.AS",
      "corr_hybrid": 0.2003,
      "corr_structured": null,
      "cat1": "Act",
      "cat2": "ETF",
      "exp1": null,
      "exp2": null,
      "fam1": null,
      "fam2": null
    },
    {
      "t1": "NTAP",
      "t2": "VWCE.DE",
      "corr_hybrid": 0.2003,
      "corr_structured": null,
      "cat1": "Act",
      "cat2": "ETF",
      "exp1": null,
      "exp2": null,
      "fam1": null,
      "fam2": null
    },
    {
      "t1": "NOVN",
      "t2": "SGLN.AS",
      "corr_hybrid": 0.199,
      "corr_structured": null,
      "cat1": "Act",
      "cat2": "ETF",
      "exp1": null,
      "exp2": null,
      "fam1": null,
      "fam2": null
    },
    {
      "t1": "NOVN",
      "t2": "VWCE.DE",
      "corr_hybrid": 0.199,
      "corr_structured": null,
      "cat1": "Act",
      "cat2": "ETF",
      "exp1": null,
      "exp2": null,
      "fam1": null,
      "fam2": null
    },
    {
      "t1": "BVI",
      "t2": "LOGN",
      "corr_hybrid": 0.1985,
      "corr_structured": null,
      "cat1": "Act",
      "cat2": "Act",
      "exp1": null,
      "exp2": null,
      "fam1": null,
      "fam2": null
    },
    {
      "t1": "EXPD",
      "t2": "ITX",
      "corr_hybrid": 0.1982,
      "corr_structured": null,
      "cat1": "Act",
      "cat2": "Act",
      "exp1": null,
      "exp2": null,
      "fam1": null,
      "fam2": null
    }
  ],
  "all_pairs_bottom_10": [
    {
      "t1": "CF",
      "t2": "IBGS.AS",
      "corr_hybrid": 0.029,
      "corr_structured": null,
      "cat1": "Act",
      "cat2": "Obl",
      "exp1": null,
      "exp2": null,
      "fam1": null,
      "fam2": null
    },
    {
      "t1": "AGGH.AS",
      "t2": "IBCI.AS",
      "corr_hybrid": 0.0204,
      "corr_structured": null,
      "cat1": "Obl",
      "cat2": "Obl",
      "exp1": null,
      "exp2": null,
      "fam1": null,
      "fam2": null
    },
    {
      "t1": "AGGH.AS",
      "t2": "IBGS.AS",
      "corr_hybrid": 0.0204,
      "corr_structured": null,
      "cat1": "Obl",
      "cat2": "Obl",
      "exp1": null,
      "exp2": null,
      "fam1": null,
      "fam2": null
    },
    {
      "t1": "IBCI.AS",
      "t2": "IBGS.AS",
      "corr_hybrid": 0.0204,
      "corr_structured": null,
      "cat1": "Obl",
      "cat2": "Obl",
      "exp1": null,
      "exp2": null,
      "fam1": null,
      "fam2": null
    },
    {
      "t1": "EXPD",
      "t2": "SREN",
      "corr_hybrid": 0.0092,
      "corr_structured": null,
      "cat1": "Act",
      "cat2": "Act",
      "exp1": null,
      "exp2": null,
      "fam1": null,
      "fam2": null
    },
    {
      "t1": "CF",
      "t2": "NTAP",
      "corr_hybrid": -0.0078,
      "corr_structured": null,
      "cat1": "Act",
      "cat2": "Act",
      "exp1": null,
      "exp2": null,
      "fam1": null,
      "fam2": null
    },
    {
      "t1": "NTAP",
      "t2": "PUB",
      "corr_hybrid": 0.0076,
      "corr_structured": null,
      "cat1": "Act",
      "cat2": "Act",
      "exp1": null,
      "exp2": null,
      "fam1": null,
      "fam2": null
    },
    {
      "t1": "IEMG",
      "t2": "ITX",
      "corr_hybrid": 0.0041,
      "corr_structured": null,
      "cat1": "ETF",
      "cat2": "Act",
      "exp1": "emerging_markets",
      "exp2": null,
      "fam1": "em_equity",
      "fam2": null
    },
    {
      "t1": "BVI",
      "t2": "ITX",
      "corr_hybrid": -0.0005,
      "corr_structured": null,
      "cat1": "Act",
      "cat2": "Act",
      "exp1": null,
      "exp2": null,
      "fam1": null,
      "fam2": null
    },
    {
      "t1": "ITX",
      "t2": "NOVN",
      "corr_hybrid": 0.0003,
      "corr_structured": null,
      "cat1": "Act",
      "cat2": "Act",
      "exp1": null,
      "exp2": null,
      "fam1": null,
      "fam2": null
    }
  ],
  "correlation_matrix": {
    "tickers": [
      "AGGH.AS",
      "BVI",
      "CF",
      "EXPD",
      "IBCI.AS",
      "IBGS.AS",
      "IEMG",
      "ITX",
      "LOGN",
      "NOVN",
      "NTAP",
      "PUB",
      "SGLN.AS",
      "SHEL",
      "SREN",
      "VWCE.DE"
    ],
    "matrix": [
      [
        1.0,
        0.0756,
        0.029,
        0.0412,
        0.0204,
        0.0204,
        0.0596,
        0.0331,
        0.0523,
        0.0424,
        0.0455,
        0.097,
        0.095,
        0.0603,
        0.0388,
        0.095
      ],
      [
        0.0756,
        1.0,
        0.0648,
        -0.0334,
        0.0756,
        0.0756,
        0.1612,
        -0.0005,
        0.1985,
        0.2504,
        -0.1452,
        0.4524,
        0.3587,
        0.1753,
        0.1961,
        0.3587
      ],
      [
        0.029,
        0.0648,
        1.0,
        0.1951,
        0.029,
        0.029,
        -0.2921,
        0.0322,
        0.1819,
        0.1341,
        -0.0078,
        0.0653,
        0.1075,
        0.4921,
        0.0561,
        0.1075
      ],
      [
        0.0412,
        -0.0334,
        0.1951,
        1.0,
        0.0412,
        0.0412,
        0.1763,
        0.1982,
        0.1041,
        -0.0377,
        0.5198,
        0.062,
        0.179,
        0.2234,
        0.0092,
        0.179
      ],
      [
        0.0204,
        0.0756,
        0.029,
        0.0412,
        1.0,
        0.0204,
        0.0596,
        0.0331,
        0.0523,
        0.0424,
        0.0455,
        0.097,
        0.095,
        0.0603,
        0.0388,
        0.095
      ],
      [
        0.0204,
        0.0756,
        0.029,
        0.0412,
        0.0204,
        1.0,
        0.0596,
        0.0331,
        0.0523,
        0.0424,
        0.0455,
        0.097,
        0.095,
        0.0603,
        0.0388,
        0.095
      ],
      [
        0.0596,
        0.1612,
        -0.2921,
        0.1763,
        0.0596,
        0.0596,
        1.0,
        0.0041,
        0.088,
        0.0321,
        0.3735,
        0.2655,
        0.287,
        0.0404,
        0.0967,
        0.287
      ],
      [
        0.0331,
        -0.0005,
        0.0322,
        0.1982,
        0.0331,
        0.0331,
        0.0041,
        1.0,
        0.1459,
        0.0003,
        0.2407,
        0.0421,
        0.1338,
        0.0599,
        -0.0586,
        0.1338
      ],
      [
        0.0523,
        0.1985,
        0.1819,
        0.1041,
        0.0523,
        0.0523,
        0.088,
        0.1459,
        1.0,
        0.1265,
        0.0719,
        0.2439,
        0.2389,
        0.1938,
        0.0971,
        0.2389
      ],
      [
        0.0424,
        0.2504,
        0.1341,
        -0.0377,
        0.0424,
        0.0424,
        0.0321,
        0.0003,
        0.1265,
        1.0,
        -0.1498,
        0.2614,
        0.199,
        0.1339,
        0.1174,
        0.199
      ],
      [
        0.0455,
        -0.1452,
        -0.0078,
        0.5198,
        0.0455,
        0.0455,
        0.3735,
        0.2407,
        0.0719,
        -0.1498,
        1.0,
        0.0076,
        0.2003,
        0.1824,
        -0.0296,
        0.2003
      ],
      [
        0.097,
        0.4524,
        0.0653,
        0.062,
        0.097,
        0.097,
        0.2655,
        0.0421,
        0.2439,
        0.2614,
        0.0076,
        1.0,
        0.4574,
        0.2365,
        0.223,
        0.4574
      ],
      [
        0.095,
        0.3587,
        0.1075,
        0.179,
        0.095,
        0.095,
        0.287,
        0.1338,
        0.2389,
        0.199,
        0.2003,
        0.4574,
        1.0,
        0.2677,
        0.184,
        0.4423
      ],
      [
        0.0603,
        0.1753,
        0.4921,
        0.2234,
        0.0603,
        0.0603,
        0.0404,
        0.0599,
        0.1938,
        0.1339,
        0.1824,
        0.2365,
        0.2677,
        1.0,
        0.1083,
        0.2677
      ],
      [
        0.0388,
        0.1961,
        0.0561,
        0.0092,
        0.0388,
        0.0388,
        0.0967,
        -0.0586,
        0.0971,
        0.1174,
        -0.0296,
        0.223,
        0.184,
        0.1083,
        1.0,
        0.184
      ],
      [
        0.095,
        0.3587,
        0.1075,
        0.179,
        0.095,
        0.095,
        0.287,
        0.1338,
        0.2389,
        0.199,
        0.2003,
        0.4574,
        0.4423,
        0.2677,
        0.184,
        1.0
      ]
    ]
  }
}