{
  "_meta": {
    "generated": "2026-05-12T10:26:47",
    "portfolio_generated": "2026-05-12T10:23:20.134984",
    "n_assets": 39,
    "n_with_returns": 30,
    "covariance_method": "hybrid_shrunk",
    "condition_number": 305.7,
    "pca_factors": 5
  },
  "profiles": {
    "Agressif": {
      "n_assets": 17,
      "weighted_avg_correlation": 0.2236,
      "most_correlated": [
        {
          "t1": "SLV",
          "t2": "GLD",
          "corr": 0.8088,
          "w1": 3.1,
          "w2": 9.8,
          "combined_weight": 12.9
        },
        {
          "t1": "SOXX",
          "t2": "XLK",
          "corr": 0.7363,
          "w1": 5.3,
          "w2": 4.0,
          "combined_weight": 9.3
        },
        {
          "t1": "XCEM",
          "t2": "SOXX",
          "corr": 0.7147,
          "w1": 6.2,
          "w2": 5.3,
          "combined_weight": 11.5
        },
        {
          "t1": "SOXX",
          "t2": "FLKR",
          "corr": 0.7004,
          "w1": 5.3,
          "w2": 2.4,
          "combined_weight": 7.7
        },
        {
          "t1": "OIH",
          "t2": "BKR",
          "corr": 0.6917,
          "w1": 7.2,
          "w2": 4.1,
          "combined_weight": 11.4
        },
        {
          "t1": "XCEM",
          "t2": "XLK",
          "corr": 0.6734,
          "w1": 6.2,
          "w2": 4.0,
          "combined_weight": 10.2
        },
        {
          "t1": "XCEM",
          "t2": "FLKR",
          "corr": 0.665,
          "w1": 6.2,
          "w2": 2.4,
          "combined_weight": 8.6
        },
        {
          "t1": "XLK",
          "t2": "FLKR",
          "corr": 0.6566,
          "w1": 4.0,
          "w2": 2.4,
          "combined_weight": 6.4
        },
        {
          "t1": "FIX",
          "t2": "XLK",
          "corr": 0.6547,
          "w1": 8.1,
          "w2": 4.0,
          "combined_weight": 12.1
        },
        {
          "t1": "FIX",
          "t2": "SOXX",
          "corr": 0.6546,
          "w1": 8.1,
          "w2": 5.3,
          "combined_weight": 13.5
        }
      ],
      "least_correlated": [
        {
          "t1": "FLTR",
          "t2": "PAAA",
          "corr": 0.017,
          "w1": 5.8,
          "w2": 5.8,
          "combined_weight": 11.5
        },
        {
          "t1": "OIH",
          "t2": "UTHR",
          "corr": 0.0039,
          "w1": 7.2,
          "w2": 5.2,
          "combined_weight": 12.4
        },
        {
          "t1": "UTHR",
          "t2": "BKR",
          "corr": 0.0032,
          "w1": 5.2,
          "w2": 4.1,
          "combined_weight": 9.3
        },
        {
          "t1": "UTHR",
          "t2": "NVDA",
          "corr": -0.0041,
          "w1": 5.2,
          "w2": 8.0,
          "combined_weight": 13.2
        },
        {
          "t1": "FIX",
          "t2": "UTHR",
          "corr": -0.0532,
          "w1": 8.1,
          "w2": 5.2,
          "combined_weight": 13.3
        }
      ],
      "high_corr_high_weight": [
        {
          "t1": "SLV",
          "t2": "GLD",
          "corr": 0.8088,
          "w1": 3.1,
          "w2": 9.8,
          "combined_weight": 12.9
        },
        {
          "t1": "XCEM",
          "t2": "SOXX",
          "corr": 0.7147,
          "w1": 6.2,
          "w2": 5.3,
          "combined_weight": 11.5
        }
      ]
    },
    "Mod\u00e9r\u00e9": {
      "n_assets": 15,
      "weighted_avg_correlation": 0.1679,
      "most_correlated": [
        {
          "t1": "FNDF",
          "t2": "VSS",
          "corr": 0.5809,
          "w1": 7.7,
          "w2": 9.0,
          "combined_weight": 16.7
        },
        {
          "t1": "FNDF",
          "t2": "FDVV",
          "corr": 0.5165,
          "w1": 7.7,
          "w2": 6.4,
          "combined_weight": 14.1
        },
        {
          "t1": "FDVV",
          "t2": "VSS",
          "corr": 0.5034,
          "w1": 6.4,
          "w2": 9.0,
          "combined_weight": 15.4
        },
        {
          "t1": "VSS",
          "t2": "GLD",
          "corr": 0.4106,
          "w1": 9.0,
          "w2": 8.1,
          "combined_weight": 17.1
        },
        {
          "t1": "SCHD",
          "t2": "EOG",
          "corr": 0.4068,
          "w1": 9.0,
          "w2": 2.9,
          "combined_weight": 11.9
        },
        {
          "t1": "SCHD",
          "t2": "FNDF",
          "corr": 0.3642,
          "w1": 9.0,
          "w2": 7.7,
          "combined_weight": 16.7
        },
        {
          "t1": "SCHD",
          "t2": "FDVV",
          "corr": 0.3609,
          "w1": 9.0,
          "w2": 6.4,
          "combined_weight": 15.4
        },
        {
          "t1": "SNA",
          "t2": "FDVV",
          "corr": 0.3531,
          "w1": 6.8,
          "w2": 6.4,
          "combined_weight": 13.2
        },
        {
          "t1": "SNA",
          "t2": "FNDF",
          "corr": 0.3386,
          "w1": 6.8,
          "w2": 7.7,
          "combined_weight": 14.5
        },
        {
          "t1": "FNDF",
          "t2": "GLD",
          "corr": 0.3255,
          "w1": 7.7,
          "w2": 8.1,
          "combined_weight": 15.8
        }
      ],
      "least_correlated": [
        {
          "t1": "STIP",
          "t2": "GBIL",
          "corr": 0.017,
          "w1": 9.0,
          "w2": 9.0,
          "combined_weight": 18.0
        },
        {
          "t1": "STIP",
          "t2": "VGSH",
          "corr": 0.017,
          "w1": 9.0,
          "w2": 3.4,
          "combined_weight": 12.4
        },
        {
          "t1": "GBIL",
          "t2": "VGSH",
          "corr": 0.017,
          "w1": 9.0,
          "w2": 3.4,
          "combined_weight": 12.4
        },
        {
          "t1": "EOG",
          "t2": "LI",
          "corr": 0.0024,
          "w1": 2.9,
          "w2": 4.7,
          "combined_weight": 7.6
        },
        {
          "t1": "EOG",
          "t2": "GLD",
          "corr": -0.014,
          "w1": 2.9,
          "w2": 8.1,
          "combined_weight": 11.0
        }
      ],
      "high_corr_high_weight": []
    },
    "Stable": {
      "n_assets": 14,
      "weighted_avg_correlation": 0.1185,
      "most_correlated": [
        {
          "t1": "VICI",
          "t2": "SUNPHARMA",
          "corr": 0.4384,
          "w1": 5.8,
          "w2": 5.9,
          "combined_weight": 11.7
        },
        {
          "t1": "IBE",
          "t2": "SUNPHARMA",
          "corr": 0.4266,
          "w1": 5.7,
          "w2": 5.9,
          "combined_weight": 11.7
        },
        {
          "t1": "SUNPHARMA",
          "t2": "KO",
          "corr": 0.4122,
          "w1": 5.9,
          "w2": 4.9,
          "combined_weight": 10.8
        },
        {
          "t1": "GD",
          "t2": "SUNPHARMA",
          "corr": 0.4004,
          "w1": 5.8,
          "w2": 5.9,
          "combined_weight": 11.7
        },
        {
          "t1": "SHEL",
          "t2": "SUNPHARMA",
          "corr": 0.385,
          "w1": 5.8,
          "w2": 5.9,
          "combined_weight": 11.7
        },
        {
          "t1": "GD",
          "t2": "SHEL",
          "corr": 0.3342,
          "w1": 5.8,
          "w2": 5.8,
          "combined_weight": 11.6
        },
        {
          "t1": "ACWV",
          "t2": "SUNPHARMA",
          "corr": 0.3305,
          "w1": 5.2,
          "w2": 5.9,
          "combined_weight": 11.1
        },
        {
          "t1": "SPLV",
          "t2": "SUNPHARMA",
          "corr": 0.3245,
          "w1": 5.2,
          "w2": 5.9,
          "combined_weight": 11.1
        },
        {
          "t1": "VICI",
          "t2": "KO",
          "corr": 0.3197,
          "w1": 5.8,
          "w2": 4.9,
          "combined_weight": 10.6
        },
        {
          "t1": "VICI",
          "t2": "SHEL",
          "corr": 0.3195,
          "w1": 5.8,
          "w2": 5.8,
          "combined_weight": 11.6
        }
      ],
      "least_correlated": [
        {
          "t1": "IBE",
          "t2": "GLD",
          "corr": 0.0277,
          "w1": 5.7,
          "w2": 5.6,
          "combined_weight": 11.3
        },
        {
          "t1": "KO",
          "t2": "GLD",
          "corr": 0.0269,
          "w1": 4.9,
          "w2": 5.6,
          "combined_weight": 10.4
        },
        {
          "t1": "VGSH",
          "t2": "CLTL",
          "corr": 0.017,
          "w1": 13.0,
          "w2": 13.0,
          "combined_weight": 26.0
        },
        {
          "t1": "VGSH",
          "t2": "STIP",
          "corr": 0.017,
          "w1": 13.0,
          "w2": 13.0,
          "combined_weight": 26.0
        },
        {
          "t1": "CLTL",
          "t2": "STIP",
          "corr": 0.017,
          "w1": 13.0,
          "w2": 13.0,
          "combined_weight": 26.0
        }
      ],
      "high_corr_high_weight": []
    }
  },
  "all_pairs_top_30": [
    {
      "t1": "GLD",
      "t2": "SLV",
      "corr_hybrid": 0.8088,
      "corr_structured": 0.85,
      "cat1": "ETF",
      "cat2": "ETF",
      "exp1": "gold_physical",
      "exp2": "silver_physical",
      "fam1": "gold",
      "fam2": "precious_metals"
    },
    {
      "t1": "SOXX",
      "t2": "XLK",
      "corr_hybrid": 0.7363,
      "corr_structured": 0.9,
      "cat1": "ETF",
      "cat2": "ETF",
      "exp1": "semiconductor",
      "exp2": "tech",
      "fam1": "sector_tech",
      "fam2": "sector_tech"
    },
    {
      "t1": "SOXX",
      "t2": "XCEM",
      "corr_hybrid": 0.7147,
      "corr_structured": 0.2,
      "cat1": "ETF",
      "cat2": "ETF",
      "exp1": "semiconductor",
      "exp2": "emerging_markets",
      "fam1": "sector_tech",
      "fam2": "em_equity"
    },
    {
      "t1": "FLKR",
      "t2": "SOXX",
      "corr_hybrid": 0.7004,
      "corr_structured": 0.2,
      "cat1": "ETF",
      "cat2": "ETF",
      "exp1": "south_korea",
      "exp2": "semiconductor",
      "fam1": "em_equity",
      "fam2": "sector_tech"
    },
    {
      "t1": "BKR",
      "t2": "OIH",
      "corr_hybrid": 0.6917,
      "corr_structured": null,
      "cat1": "Act",
      "cat2": "ETF",
      "exp1": null,
      "exp2": "energy",
      "fam1": null,
      "fam2": "sector_energy"
    },
    {
      "t1": "XCEM",
      "t2": "XLK",
      "corr_hybrid": 0.6734,
      "corr_structured": 0.2,
      "cat1": "ETF",
      "cat2": "ETF",
      "exp1": "emerging_markets",
      "exp2": "tech",
      "fam1": "em_equity",
      "fam2": "sector_tech"
    },
    {
      "t1": "FLKR",
      "t2": "XCEM",
      "corr_hybrid": 0.665,
      "corr_structured": 0.9,
      "cat1": "ETF",
      "cat2": "ETF",
      "exp1": "south_korea",
      "exp2": "emerging_markets",
      "fam1": "em_equity",
      "fam2": "em_equity"
    },
    {
      "t1": "FLKR",
      "t2": "XLK",
      "corr_hybrid": 0.6566,
      "corr_structured": 0.2,
      "cat1": "ETF",
      "cat2": "ETF",
      "exp1": "south_korea",
      "exp2": "tech",
      "fam1": "em_equity",
      "fam2": "sector_tech"
    },
    {
      "t1": "FIX",
      "t2": "XLK",
      "corr_hybrid": 0.6547,
      "corr_structured": null,
      "cat1": "Act",
      "cat2": "ETF",
      "exp1": null,
      "exp2": "tech",
      "fam1": null,
      "fam2": "sector_tech"
    },
    {
      "t1": "FIX",
      "t2": "SOXX",
      "corr_hybrid": 0.6546,
      "corr_structured": null,
      "cat1": "Act",
      "cat2": "ETF",
      "exp1": null,
      "exp2": "semiconductor",
      "fam1": null,
      "fam2": "sector_tech"
    },
    {
      "t1": "VSS",
      "t2": "XCEM",
      "corr_hybrid": 0.6253,
      "corr_structured": 0.2,
      "cat1": "ETF",
      "cat2": "ETF",
      "exp1": "intl_small_cap",
      "exp2": "emerging_markets",
      "fam1": null,
      "fam2": "em_equity"
    },
    {
      "t1": "FNDF",
      "t2": "XCEM",
      "corr_hybrid": 0.6125,
      "corr_structured": 0.62,
      "cat1": "ETF",
      "cat2": "ETF",
      "exp1": "international",
      "exp2": "emerging_markets",
      "fam1": "intl_equity",
      "fam2": "em_equity"
    },
    {
      "t1": "000660",
      "t2": "2059",
      "corr_hybrid": 0.6111,
      "corr_structured": null,
      "cat1": "Act",
      "cat2": "Act",
      "exp1": null,
      "exp2": null,
      "fam1": null,
      "fam2": null
    },
    {
      "t1": "000660",
      "t2": "SUNPHARMA",
      "corr_hybrid": 0.6111,
      "corr_structured": null,
      "cat1": "Act",
      "cat2": "Act",
      "exp1": null,
      "exp2": null,
      "fam1": null,
      "fam2": null
    },
    {
      "t1": "2059",
      "t2": "SUNPHARMA",
      "corr_hybrid": 0.6111,
      "corr_structured": null,
      "cat1": "Act",
      "cat2": "Act",
      "exp1": null,
      "exp2": null,
      "fam1": null,
      "fam2": null
    },
    {
      "t1": "SOXX",
      "t2": "VSS",
      "corr_hybrid": 0.6102,
      "corr_structured": 0.2,
      "cat1": "ETF",
      "cat2": "ETF",
      "exp1": "semiconductor",
      "exp2": "intl_small_cap",
      "fam1": "sector_tech",
      "fam2": null
    },
    {
      "t1": "REMX",
      "t2": "SLV",
      "corr_hybrid": 0.601,
      "corr_structured": 0.2,
      "cat1": "ETF",
      "cat2": "ETF",
      "exp1": "rare_earth",
      "exp2": "silver_physical",
      "fam1": null,
      "fam2": "precious_metals"
    },
    {
      "t1": "FNDF",
      "t2": "SOXX",
      "corr_hybrid": 0.5977,
      "corr_structured": 0.2,
      "cat1": "ETF",
      "cat2": "ETF",
      "exp1": "international",
      "exp2": "semiconductor",
      "fam1": "intl_equity",
      "fam2": "sector_tech"
    },
    {
      "t1": "FIX",
      "t2": "NVDA",
      "corr_hybrid": 0.5962,
      "corr_structured": null,
      "cat1": "Act",
      "cat2": "Act",
      "exp1": null,
      "exp2": null,
      "fam1": null,
      "fam2": null
    },
    {
      "t1": "FLKR",
      "t2": "VSS",
      "corr_hybrid": 0.5811,
      "corr_structured": 0.2,
      "cat1": "ETF",
      "cat2": "ETF",
      "exp1": "south_korea",
      "exp2": "intl_small_cap",
      "fam1": "em_equity",
      "fam2": null
    },
    {
      "t1": "FNDF",
      "t2": "VSS",
      "corr_hybrid": 0.5809,
      "corr_structured": 0.2,
      "cat1": "ETF",
      "cat2": "ETF",
      "exp1": "international",
      "exp2": "intl_small_cap",
      "fam1": "intl_equity",
      "fam2": null
    },
    {
      "t1": "VSS",
      "t2": "XLK",
      "corr_hybrid": 0.5786,
      "corr_structured": 0.2,
      "cat1": "ETF",
      "cat2": "ETF",
      "exp1": "intl_small_cap",
      "exp2": "tech",
      "fam1": null,
      "fam2": "sector_tech"
    },
    {
      "t1": "FLKR",
      "t2": "FNDF",
      "corr_hybrid": 0.5688,
      "corr_structured": 0.62,
      "cat1": "ETF",
      "cat2": "ETF",
      "exp1": "south_korea",
      "exp2": "international",
      "fam1": "em_equity",
      "fam2": "intl_equity"
    },
    {
      "t1": "FIX",
      "t2": "XCEM",
      "corr_hybrid": 0.5624,
      "corr_structured": null,
      "cat1": "Act",
      "cat2": "ETF",
      "exp1": null,
      "exp2": "emerging_markets",
      "fam1": null,
      "fam2": "em_equity"
    },
    {
      "t1": "FNDF",
      "t2": "XLK",
      "corr_hybrid": 0.5614,
      "corr_structured": 0.2,
      "cat1": "ETF",
      "cat2": "ETF",
      "exp1": "international",
      "exp2": "tech",
      "fam1": "intl_equity",
      "fam2": "sector_tech"
    },
    {
      "t1": "NVDA",
      "t2": "SOXX",
      "corr_hybrid": 0.553,
      "corr_structured": null,
      "cat1": "Act",
      "cat2": "ETF",
      "exp1": null,
      "exp2": "semiconductor",
      "fam1": null,
      "fam2": "sector_tech"
    },
    {
      "t1": "REMX",
      "t2": "XCEM",
      "corr_hybrid": 0.5447,
      "corr_structured": 0.2,
      "cat1": "ETF",
      "cat2": "ETF",
      "exp1": "rare_earth",
      "exp2": "emerging_markets",
      "fam1": null,
      "fam2": "em_equity"
    },
    {
      "t1": "REMX",
      "t2": "VSS",
      "corr_hybrid": 0.5436,
      "corr_structured": 0.2,
      "cat1": "ETF",
      "cat2": "ETF",
      "exp1": "rare_earth",
      "exp2": "intl_small_cap",
      "fam1": null,
      "fam2": null
    },
    {
      "t1": "NVDA",
      "t2": "XLK",
      "corr_hybrid": 0.5434,
      "corr_structured": null,
      "cat1": "Act",
      "cat2": "ETF",
      "exp1": null,
      "exp2": "tech",
      "fam1": null,
      "fam2": "sector_tech"
    },
    {
      "t1": "FIX",
      "t2": "FLKR",
      "corr_hybrid": 0.5422,
      "corr_structured": null,
      "cat1": "Act",
      "cat2": "ETF",
      "exp1": null,
      "exp2": "south_korea",
      "fam1": null,
      "fam2": "em_equity"
    }
  ],
  "all_pairs_bottom_10": [
    {
      "t1": "EOG",
      "t2": "FLKR",
      "corr_hybrid": -0.0054,
      "corr_structured": null,
      "cat1": "Act",
      "cat2": "ETF",
      "exp1": null,
      "exp2": "south_korea",
      "fam1": null,
      "fam2": "em_equity"
    },
    {
      "t1": "VICI",
      "t2": "XLK",
      "corr_hybrid": 0.0053,
      "corr_structured": null,
      "cat1": "Act",
      "cat2": "ETF",
      "exp1": null,
      "exp2": "tech",
      "fam1": null,
      "fam2": "sector_tech"
    },
    {
      "t1": "EOG",
      "t2": "SLV",
      "corr_hybrid": 0.0046,
      "corr_structured": null,
      "cat1": "Act",
      "cat2": "ETF",
      "exp1": null,
      "exp2": "silver_physical",
      "fam1": null,
      "fam2": "precious_metals"
    },
    {
      "t1": "NVDA",
      "t2": "UTHR",
      "corr_hybrid": -0.0041,
      "corr_structured": null,
      "cat1": "Act",
      "cat2": "Act",
      "exp1": null,
      "exp2": null,
      "fam1": null,
      "fam2": null
    },
    {
      "t1": "OIH",
      "t2": "UTHR",
      "corr_hybrid": 0.0039,
      "corr_structured": null,
      "cat1": "ETF",
      "cat2": "Act",
      "exp1": "energy",
      "exp2": null,
      "fam1": "sector_energy",
      "fam2": null
    },
    {
      "t1": "FLKR",
      "t2": "NOVN",
      "corr_hybrid": 0.0037,
      "corr_structured": null,
      "cat1": "ETF",
      "cat2": "Act",
      "exp1": "south_korea",
      "exp2": null,
      "fam1": "em_equity",
      "fam2": null
    },
    {
      "t1": "IBE",
      "t2": "SLV",
      "corr_hybrid": -0.0037,
      "corr_structured": null,
      "cat1": "Act",
      "cat2": "ETF",
      "exp1": null,
      "exp2": "silver_physical",
      "fam1": null,
      "fam2": "precious_metals"
    },
    {
      "t1": "BKR",
      "t2": "UTHR",
      "corr_hybrid": 0.0032,
      "corr_structured": null,
      "cat1": "Act",
      "cat2": "Act",
      "exp1": null,
      "exp2": null,
      "fam1": null,
      "fam2": null
    },
    {
      "t1": "EOG",
      "t2": "LI",
      "corr_hybrid": 0.0024,
      "corr_structured": null,
      "cat1": "Act",
      "cat2": "Act",
      "exp1": null,
      "exp2": null,
      "fam1": null,
      "fam2": null
    },
    {
      "t1": "KO",
      "t2": "NVDA",
      "corr_hybrid": 0.0008,
      "corr_structured": null,
      "cat1": "Act",
      "cat2": "Act",
      "exp1": null,
      "exp2": null,
      "fam1": null,
      "fam2": null
    }
  ],
  "correlation_matrix": {
    "tickers": [
      "000660",
      "2059",
      "ACWV",
      "BKR",
      "CLTL",
      "EOG",
      "FDVV",
      "FIX",
      "FLKR",
      "FLTR",
      "FNDF",
      "GBIL",
      "GD",
      "GLD",
      "IBE",
      "KO",
      "LI",
      "NOVN",
      "NVDA",
      "OIH",
      "PAAA",
      "REMX",
      "SCHD",
      "SHEL",
      "SLV",
      "SNA",
      "SOXX",
      "SPLV",
      "SPYV",
      "STIP",
      "SUNPHARMA",
      "UTHR",
      "VGSH",
      "VICI",
      "VSS",
      "XBI",
      "XCEM",
      "XLK",
      "XLV"
    ],
    "matrix": [
      [
        1.0,
        0.6111,
        0.3305,
        0.2951,
        0.0693,
        0.3461,
        0.3085,
        0.2208,
        0.0854,
        0.0693,
        0.2534,
        0.0693,
        0.4004,
        0.0975,
        0.4266,
        0.4122,
        0.3198,
        0.3806,
        0.1846,
        0.2072,
        0.0693,
        0.0588,
        0.3461,
        0.385,
        0.0715,
        0.421,
        0.11,
        0.3245,
        0.3193,
        0.0693,
        0.6111,
        0.1963,
        0.0693,
        0.4384,
        0.2205,
        0.1798,
        0.1598,
        0.1351,
        0.2628
      ],
      [
        0.6111,
        1.0,
        0.3305,
        0.2951,
        0.0693,
        0.3461,
        0.3085,
        0.2208,
        0.0854,
        0.0693,
        0.2534,
        0.0693,
        0.4004,
        0.0975,
        0.4266,
        0.4122,
        0.3198,
        0.3806,
        0.1846,
        0.2072,
        0.0693,
        0.0588,
        0.3461,
        0.385,
        0.0715,
        0.421,
        0.11,
        0.3245,
        0.3193,
        0.0693,
        0.6111,
        0.1963,
        0.0693,
        0.4384,
        0.2205,
        0.1798,
        0.1598,
        0.1351,
        0.2628
      ],
      [
        0.3305,
        0.3305,
        1.0,
        0.288,
        0.0642,
        0.2106,
        0.3206,
        0.2128,
        0.2557,
        0.0642,
        0.3368,
        0.0642,
        0.2463,
        0.1858,
        0.2016,
        0.1691,
        0.2402,
        0.1799,
        0.2005,
        0.2793,
        0.0642,
        0.2479,
        0.2904,
        0.2782,
        0.2144,
        0.2905,
        0.2654,
        0.1971,
        0.3146,
        0.0642,
        0.3305,
        0.22,
        0.0642,
        0.2236,
        0.3177,
        0.2507,
        0.3043,
        0.2569,
        0.2429
      ],
      [
        0.2951,
        0.2951,
        0.288,
        1.0,
        0.0909,
        0.502,
        0.4132,
        0.1189,
        0.3315,
        0.0909,
        0.4199,
        0.0909,
        0.3273,
        0.0389,
        0.1592,
        0.1094,
        0.0854,
        0.1261,
        0.1818,
        0.6917,
        0.0909,
        0.3359,
        0.4945,
        0.4828,
        0.0983,
        0.2996,
        0.3491,
        0.2316,
        0.4432,
        0.0909,
        0.2951,
        0.0032,
        0.0909,
        0.2011,
        0.3475,
        0.233,
        0.3592,
        0.3108,
        0.274
      ],
      [
        0.0693,
        0.0693,
        0.0642,
        0.0909,
        1.0,
        0.0643,
        0.0832,
        0.0455,
        0.0712,
        0.017,
        0.0881,
        0.017,
        0.0594,
        0.0337,
        0.0395,
        0.0299,
        0.0462,
        0.0342,
        0.0479,
        0.0949,
        0.017,
        0.0684,
        0.0813,
        0.0753,
        0.0433,
        0.0667,
        0.0739,
        0.0456,
        0.0839,
        0.017,
        0.0693,
        0.0436,
        0.017,
        0.0452,
        0.0798,
        0.0622,
        0.0806,
        0.069,
        0.0605
      ],
      [
        0.3461,
        0.3461,
        0.2106,
        0.502,
        0.0643,
        1.0,
        0.1935,
        -0.1614,
        -0.0054,
        0.0643,
        0.1645,
        0.0643,
        0.3129,
        -0.014,
        0.2152,
        0.2397,
        0.0024,
        0.1833,
        -0.0596,
        0.5013,
        0.0643,
        0.1044,
        0.4068,
        0.4904,
        0.0046,
        0.2292,
        -0.0234,
        0.2633,
        0.2484,
        0.0643,
        0.3461,
        -0.0248,
        0.0643,
        0.2923,
        0.0881,
        0.0381,
        0.0295,
        -0.0342,
        0.181
      ],
      [
        0.3085,
        0.3085,
        0.3206,
        0.4132,
        0.0832,
        0.1935,
        1.0,
        0.4434,
        0.4957,
        0.0832,
        0.5165,
        0.0832,
        0.2812,
        0.2075,
        0.1795,
        0.0843,
        0.2859,
        0.1518,
        0.3938,
        0.438,
        0.0832,
        0.4028,
        0.3609,
        0.2913,
        0.2652,
        0.3531,
        0.5412,
        0.1792,
        0.463,
        0.0832,
        0.3085,
        0.1351,
        0.0832,
        0.1732,
        0.5034,
        0.3627,
        0.5368,
        0.516,
        0.2925
      ],
      [
        0.2208,
        0.2208,
        0.2128,
        0.1189,
        0.0455,
        -0.1614,
        0.4434,
        1.0,
        0.5422,
        0.0455,
        0.4342,
        0.0455,
        0.1832,
        0.1256,
        0.1679,
        0.0075,
        0.3526,
        0.1381,
        0.5962,
        0.1052,
        0.0455,
        0.2605,
        0.1182,
        -0.0175,
        0.145,
        0.3119,
        0.6546,
        0.0399,
        0.3726,
        0.0455,
        0.2208,
        -0.0532,
        0.0455,
        0.0597,
        0.4802,
        0.3214,
        0.5624,
        0.6547,
        0.1667
      ],
      [
        0.0854,
        0.0854,
        0.2557,
        0.3315,
        0.0712,
        -0.0054,
        0.4957,
        0.5422,
        1.0,
        0.0712,
        0.5688,
        0.0712,
        0.1444,
        0.2547,
        0.0141,
        -0.1139,
        0.2575,
        0.0037,
        0.4704,
        0.4046,
        0.0712,
        0.5123,
        0.2606,
        0.1301,
        0.3425,
        0.2541,
        0.7004,
        0.051,
        0.4457,
        0.0712,
        0.0854,
        0.124,
        0.0712,
        -0.0139,
        0.5811,
        0.4185,
        0.665,
        0.6566,
        0.2542
      ],
      [
        0.0693,
        0.0693,
        0.0642,
        0.0909,
        0.017,
        0.0643,
        0.0832,
        0.0455,
        0.0712,
        1.0,
        0.0881,
        0.017,
        0.0594,
        0.0337,
        0.0395,
        0.0299,
        0.0462,
        0.0342,
        0.0479,
        0.0949,
        0.017,
        0.0684,
        0.0813,
        0.0753,
        0.0433,
        0.0667,
        0.0739,
        0.0456,
        0.0839,
        0.017,
        0.0693,
        0.0436,
        0.017,
        0.0452,
        0.0798,
        0.0622,
        0.0806,
        0.069,
        0.0605
      ],
      [
        0.2534,
        0.2534,
        0.3368,
        0.4199,
        0.0881,
        0.1645,
        0.5165,
        0.4342,
        0.5688,
        0.0881,
        1.0,
        0.0881,
        0.2513,
        0.3255,
        0.124,
        0.0301,
        0.2961,
        0.1058,
        0.397,
        0.4682,
        0.0881,
        0.5185,
        0.3642,
        0.2938,
        0.4121,
        0.3386,
        0.5977,
        0.1655,
        0.4821,
        0.0881,
        0.2534,
        0.1987,
        0.0881,
        0.141,
        0.5809,
        0.4168,
        0.6125,
        0.5614,
        0.3153
      ],
      [
        0.0693,
        0.0693,
        0.0642,
        0.0909,
        0.017,
        0.0643,
        0.0832,
        0.0455,
        0.0712,
        0.017,
        0.0881,
        1.0,
        0.0594,
        0.0337,
        0.0395,
        0.0299,
        0.0462,
        0.0342,
        0.0479,
        0.0949,
        0.017,
        0.0684,
        0.0813,
        0.0753,
        0.0433,
        0.0667,
        0.0739,
        0.0456,
        0.0839,
        0.017,
        0.0693,
        0.0436,
        0.017,
        0.0452,
        0.0798,
        0.0622,
        0.0806,
        0.069,
        0.0605
      ],
      [
        0.4004,
        0.4004,
        0.2463,
        0.3273,
        0.0594,
        0.3129,
        0.2812,
        0.1832,
        0.1444,
        0.0594,
        0.2513,
        0.0594,
        1.0,
        0.0866,
        0.2725,
        0.2432,
        0.1886,
        0.2376,
        0.1685,
        0.2923,
        0.0594,
        0.1322,
        0.3051,
        0.3342,
        0.0942,
        0.3074,
        0.168,
        0.2294,
        0.2886,
        0.0594,
        0.4004,
        0.0219,
        0.0594,
        0.2913,
        0.2252,
        0.1409,
        0.1902,
        0.1734,
        0.1946
      ],
      [
        0.0975,
        0.0975,
        0.1858,
        0.0389,
        0.0337,
        -0.014,
        0.2075,
        0.1256,
        0.2547,
        0.0337,
        0.3255,
        0.0337,
        0.0866,
        1.0,
        0.0277,
        0.0269,
        0.2027,
        0.0421,
        0.1077,
        0.0511,
        0.0337,
        0.4751,
        0.0659,
        0.1711,
        0.8088,
        0.1434,
        0.2015,
        0.0962,
        0.1437,
        0.0337,
        0.0975,
        0.0819,
        0.0337,
        0.1534,
        0.4106,
        0.1893,
        0.31,
        0.1941,
        0.1186
      ],
      [
        0.4266,
        0.4266,
        0.2016,
        0.1592,
        0.0395,
        0.2152,
        0.1795,
        0.1679,
        0.0141,
        0.0395,
        0.124,
        0.0395,
        0.2725,
        0.0277,
        1.0,
        0.2988,
        0.212,
        0.276,
        0.1271,
        0.084,
        0.0395,
        -0.0233,
        0.2012,
        0.2337,
        -0.0037,
        0.2811,
        0.0399,
        0.2133,
        0.1859,
        0.0395,
        0.4266,
        0.0733,
        0.0395,
        0.3062,
        0.1067,
        0.081,
        0.0624,
        0.0655,
        0.1474
      ],
      [
        0.4122,
        0.4122,
        0.1691,
        0.1094,
        0.0299,
        0.2397,
        0.0843,
        0.0075,
        -0.1139,
        0.0299,
        0.0301,
        0.0299,
        0.2432,
        0.0269,
        0.2988,
        1.0,
        0.1651,
        0.2703,
        0.0008,
        0.0262,
        0.0299,
        -0.0857,
        0.1703,
        0.238,
        -0.0125,
        0.231,
        -0.1143,
        0.2184,
        0.1032,
        0.0299,
        0.4122,
        0.1184,
        0.0299,
        0.3197,
        0.0071,
        0.0187,
        -0.0635,
        -0.0842,
        0.1197
      ],
      [
        0.3198,
        0.3198,
        0.2402,
        0.0854,
        0.0462,
        0.0024,
        0.2859,
        0.3526,
        0.2575,
        0.0462,
        0.2961,
        0.0462,
        0.1886,
        0.2027,
        0.212,
        0.1651,
        1.0,
        0.1939,
        0.2739,
        0.0469,
        0.0462,
        0.1805,
        0.1576,
        0.1145,
        0.208,
        0.2803,
        0.2846,
        0.1456,
        0.2551,
        0.0462,
        0.3198,
        0.2791,
        0.0462,
        0.1931,
        0.3086,
        0.2639,
        0.3076,
        0.2919,
        0.2091
      ],
      [
        0.3806,
        0.3806,
        0.1799,
        0.1261,
        0.0342,
        0.1833,
        0.1518,
        0.1381,
        0.0037,
        0.0342,
        0.1058,
        0.0342,
        0.2376,
        0.0421,
        0.276,
        0.2703,
        0.1939,
        1.0,
        0.103,
        0.0571,
        0.0342,
        -0.0197,
        0.1714,
        0.2044,
        0.0145,
        0.2475,
        0.0224,
        0.1909,
        0.1566,
        0.0342,
        0.3806,
        0.0853,
        0.0342,
        0.2763,
        0.0926,
        0.0727,
        0.0486,
        0.0461,
        0.1315
      ],
      [
        0.1846,
        0.1846,
        0.2005,
        0.1818,
        0.0479,
        -0.0596,
        0.3938,
        0.5962,
        0.4704,
        0.0479,
        0.397,
        0.0479,
        0.1685,
        0.1077,
        0.1271,
        0.0008,
        0.2739,
        0.103,
        1.0,
        0.1874,
        0.0479,
        0.2637,
        0.16,
        0.0485,
        0.1353,
        0.2657,
        0.553,
        0.0546,
        0.3451,
        0.0479,
        0.1846,
        -0.0041,
        0.0479,
        0.0539,
        0.4194,
        0.2907,
        0.4883,
        0.5434,
        0.1715
      ],
      [
        0.2072,
        0.2072,
        0.2793,
        0.6917,
        0.0949,
        0.5013,
        0.438,
        0.1052,
        0.4046,
        0.0949,
        0.4682,
        0.0949,
        0.2923,
        0.0511,
        0.084,
        0.0262,
        0.0469,
        0.0571,
        0.1874,
        1.0,
        0.0949,
        0.4162,
        0.5128,
        0.4816,
        0.1326,
        0.2654,
        0.4175,
        0.2002,
        0.4678,
        0.0949,
        0.2072,
        0.0039,
        0.0949,
        0.1323,
        0.3912,
        0.265,
        0.4226,
        0.3636,
        0.2819
      ],
      [
        0.0693,
        0.0693,
        0.0642,
        0.0909,
        0.017,
        0.0643,
        0.0832,
        0.0455,
        0.0712,
        0.017,
        0.0881,
        0.017,
        0.0594,
        0.0337,
        0.0395,
        0.0299,
        0.0462,
        0.0342,
        0.0479,
        0.0949,
        1.0,
        0.0684,
        0.0813,
        0.0753,
        0.0433,
        0.0667,
        0.0739,
        0.0456,
        0.0839,
        0.017,
        0.0693,
        0.0436,
        0.017,
        0.0452,
        0.0798,
        0.0622,
        0.0806,
        0.069,
        0.0605
      ],
      [
        0.0588,
        0.0588,
        0.2479,
        0.3359,
        0.0684,
        0.1044,
        0.4028,
        0.2605,
        0.5123,
        0.0684,
        0.5185,
        0.0684,
        0.1322,
        0.4751,
        -0.0233,
        -0.0857,
        0.1805,
        -0.0197,
        0.2637,
        0.4162,
        0.0684,
        1.0,
        0.2614,
        0.2446,
        0.601,
        0.1974,
        0.4999,
        0.0907,
        0.3598,
        0.0684,
        0.0588,
        0.1176,
        0.0684,
        0.0495,
        0.5436,
        0.3409,
        0.5447,
        0.4547,
        0.2295
      ],
      [
        0.3461,
        0.3461,
        0.2904,
        0.4945,
        0.0813,
        0.4068,
        0.3609,
        0.1182,
        0.2606,
        0.0813,
        0.3642,
        0.0813,
        0.3051,
        0.0659,
        0.2012,
        0.1703,
        0.1576,
        0.1714,
        0.16,
        0.5128,
        0.0813,
        0.2614,
        1.0,
        0.4126,
        0.1006,
        0.3053,
        0.2703,
        0.2378,
        0.3846,
        0.0813,
        0.3461,
        0.1587,
        0.0813,
        0.2343,
        0.3024,
        0.2397,
        0.301,
        0.2469,
        0.2762
      ],
      [
        0.385,
        0.385,
        0.2782,
        0.4828,
        0.0753,
        0.4904,
        0.2913,
        -0.0175,
        0.1301,
        0.0753,
        0.2938,
        0.0753,
        0.3342,
        0.1711,
        0.2337,
        0.238,
        0.1145,
        0.2044,
        0.0485,
        0.4816,
        0.0753,
        0.2446,
        0.4126,
        1.0,
        0.215,
        0.2947,
        0.1131,
        0.2779,
        0.3183,
        0.0753,
        0.385,
        0.0459,
        0.0753,
        0.3195,
        0.2465,
        0.1412,
        0.1811,
        0.1012,
        0.233
      ],
      [
        0.0715,
        0.0715,
        0.2144,
        0.0983,
        0.0433,
        0.0046,
        0.2652,
        0.145,
        0.3425,
        0.0433,
        0.4121,
        0.0433,
        0.0942,
        0.8088,
        -0.0037,
        -0.0125,
        0.208,
        0.0145,
        0.1353,
        0.1326,
        0.0433,
        0.601,
        0.1006,
        0.215,
        1.0,
        0.1551,
        0.2811,
        0.0998,
        0.1921,
        0.0433,
        0.0715,
        0.0629,
        0.0433,
        0.1465,
        0.5071,
        0.2333,
        0.4007,
        0.2632,
        0.1423
      ],
      [
        0.421,
        0.421,
        0.2905,
        0.2996,
        0.0667,
        0.2292,
        0.3531,
        0.3119,
        0.2541,
        0.0667,
        0.3386,
        0.0667,
        0.3074,
        0.1434,
        0.2811,
        0.231,
        0.2803,
        0.2475,
        0.2657,
        0.2654,
        0.0667,
        0.1974,
        0.3053,
        0.2947,
        0.1551,
        1.0,
        0.2874,
        0.2259,
        0.3444,
        0.0667,
        0.421,
        0.1389,
        0.0667,
        0.2815,
        0.3224,
        0.2378,
        0.3071,
        0.2905,
        0.2433
      ],
      [
        0.11,
        0.11,
        0.2654,
        0.3491,
        0.0739,
        -0.0234,
        0.5412,
        0.6546,
        0.7004,
        0.0739,
        0.5977,
        0.0739,
        0.168,
        0.2015,
        0.0399,
        -0.1143,
        0.2846,
        0.0224,
        0.553,
        0.4175,
        0.0739,
        0.4999,
        0.2703,
        0.1131,
        0.2811,
        0.2874,
        1.0,
        0.0469,
        0.4862,
        0.0739,
        0.11,
        0.0746,
        0.0739,
        -0.0173,
        0.6102,
        0.4373,
        0.7147,
        0.7363,
        0.2598
      ],
      [
        0.3245,
        0.3245,
        0.1971,
        0.2316,
        0.0456,
        0.2633,
        0.1792,
        0.0399,
        0.051,
        0.0456,
        0.1655,
        0.0456,
        0.2294,
        0.0962,
        0.2133,
        0.2184,
        0.1456,
        0.1909,
        0.0546,
        0.2002,
        0.0456,
        0.0907,
        0.2378,
        0.2779,
        0.0998,
        0.2259,
        0.0469,
        1.0,
        0.1926,
        0.0456,
        0.3245,
        0.1219,
        0.0456,
        0.2488,
        0.1389,
        0.1053,
        0.0939,
        0.0521,
        0.1636
      ],
      [
        0.3193,
        0.3193,
        0.3146,
        0.4432,
        0.0839,
        0.2484,
        0.463,
        0.3726,
        0.4457,
        0.0839,
        0.4821,
        0.0839,
        0.2886,
        0.1437,
        0.1859,
        0.1032,
        0.2551,
        0.1566,
        0.3451,
        0.4678,
        0.0839,
        0.3598,
        0.3846,
        0.3183,
        0.1921,
        0.3444,
        0.4862,
        0.1926,
        1.0,
        0.0839,
        0.3193,
        0.1518,
        0.0839,
        0.1818,
        0.4518,
        0.3397,
        0.4849,
        0.4603,
        0.2944
      ],
      [
        0.0693,
        0.0693,
        0.0642,
        0.0909,
        0.017,
        0.0643,
        0.0832,
        0.0455,
        0.0712,
        0.017,
        0.0881,
        0.017,
        0.0594,
        0.0337,
        0.0395,
        0.0299,
        0.0462,
        0.0342,
        0.0479,
        0.0949,
        0.017,
        0.0684,
        0.0813,
        0.0753,
        0.0433,
        0.0667,
        0.0739,
        0.0456,
        0.0839,
        1.0,
        0.0693,
        0.0436,
        0.017,
        0.0452,
        0.0798,
        0.0622,
        0.0806,
        0.069,
        0.0605
      ],
      [
        0.6111,
        0.6111,
        0.3305,
        0.2951,
        0.0693,
        0.3461,
        0.3085,
        0.2208,
        0.0854,
        0.0693,
        0.2534,
        0.0693,
        0.4004,
        0.0975,
        0.4266,
        0.4122,
        0.3198,
        0.3806,
        0.1846,
        0.2072,
        0.0693,
        0.0588,
        0.3461,
        0.385,
        0.0715,
        0.421,
        0.11,
        0.3245,
        0.3193,
        0.0693,
        1.0,
        0.1963,
        0.0693,
        0.4384,
        0.2205,
        0.1798,
        0.1598,
        0.1351,
        0.2628
      ],
      [
        0.1963,
        0.1963,
        0.22,
        0.0032,
        0.0436,
        -0.0248,
        0.1351,
        -0.0532,
        0.124,
        0.0436,
        0.1987,
        0.0436,
        0.0219,
        0.0819,
        0.0733,
        0.1184,
        0.2791,
        0.0853,
        -0.0041,
        0.0039,
        0.0436,
        0.1176,
        0.1587,
        0.0459,
        0.0629,
        0.1389,
        0.0746,
        0.1219,
        0.1518,
        0.0436,
        0.1963,
        1.0,
        0.0436,
        0.074,
        0.1401,
        0.3538,
        0.1735,
