{
  "_meta": {
    "generated": "2026-05-29T11:10:00",
    "portfolio_generated": "2026-05-29T11:06:07.466067",
    "n_assets": 41,
    "n_with_returns": 31,
    "covariance_method": "hybrid_shrunk",
    "condition_number": 327.15,
    "pca_factors": 6
  },
  "profiles": {
    "Agressif": {
      "n_assets": 17,
      "weighted_avg_correlation": 0.2616,
      "most_correlated": [
        {
          "t1": "XCEM",
          "t2": "FLKR",
          "corr": 0.7881,
          "w1": 6.3,
          "w2": 4.1,
          "combined_weight": 10.4
        },
        {
          "t1": "SOXX",
          "t2": "XCEM",
          "corr": 0.7622,
          "w1": 8.0,
          "w2": 6.3,
          "combined_weight": 14.3
        },
        {
          "t1": "XCEM",
          "t2": "PICK",
          "corr": 0.7606,
          "w1": 6.3,
          "w2": 8.1,
          "combined_weight": 14.4
        },
        {
          "t1": "SOXX",
          "t2": "FLKR",
          "corr": 0.7575,
          "w1": 8.0,
          "w2": 4.1,
          "combined_weight": 12.1
        },
        {
          "t1": "SOXX",
          "t2": "XLK",
          "corr": 0.7521,
          "w1": 8.0,
          "w2": 4.1,
          "combined_weight": 12.1
        },
        {
          "t1": "PICK",
          "t2": "FLKR",
          "corr": 0.7216,
          "w1": 8.1,
          "w2": 4.1,
          "combined_weight": 12.2
        },
        {
          "t1": "XCEM",
          "t2": "XLK",
          "corr": 0.7163,
          "w1": 6.3,
          "w2": 4.1,
          "combined_weight": 10.4
        },
        {
          "t1": "FLKR",
          "t2": "XLK",
          "corr": 0.711,
          "w1": 4.1,
          "w2": 4.1,
          "combined_weight": 8.2
        },
        {
          "t1": "SOXX",
          "t2": "PICK",
          "corr": 0.6631,
          "w1": 8.0,
          "w2": 8.1,
          "combined_weight": 16.1
        },
        {
          "t1": "SOXX",
          "t2": "ICLN",
          "corr": 0.6464,
          "w1": 8.0,
          "w2": 4.4,
          "combined_weight": 12.4
        }
      ],
      "least_correlated": [
        {
          "t1": "FLTR",
          "t2": "PAAA",
          "corr": 0.0225,
          "w1": 5.7,
          "w2": 5.7,
          "combined_weight": 11.3
        },
        {
          "t1": "FLTR",
          "t2": "FRES",
          "corr": 0.0224,
          "w1": 5.7,
          "w2": 6.2,
          "combined_weight": 11.9
        },
        {
          "t1": "PAAA",
          "t2": "FRES",
          "corr": 0.0224,
          "w1": 5.7,
          "w2": 6.2,
          "combined_weight": 11.9
        },
        {
          "t1": "FLTR",
          "t2": "FIX",
          "corr": 0.02,
          "w1": 5.7,
          "w2": 4.6,
          "combined_weight": 10.2
        },
        {
          "t1": "PAAA",
          "t2": "FIX",
          "corr": 0.02,
          "w1": 5.7,
          "w2": 4.6,
          "combined_weight": 10.2
        }
      ],
      "high_corr_high_weight": [
        {
          "t1": "XCEM",
          "t2": "FLKR",
          "corr": 0.7881,
          "w1": 6.3,
          "w2": 4.1,
          "combined_weight": 10.4
        },
        {
          "t1": "SOXX",
          "t2": "XCEM",
          "corr": 0.7622,
          "w1": 8.0,
          "w2": 6.3,
          "combined_weight": 14.3
        },
        {
          "t1": "XCEM",
          "t2": "PICK",
          "corr": 0.7606,
          "w1": 6.3,
          "w2": 8.1,
          "combined_weight": 14.4
        },
        {
          "t1": "SOXX",
          "t2": "FLKR",
          "corr": 0.7575,
          "w1": 8.0,
          "w2": 4.1,
          "combined_weight": 12.1
        },
        {
          "t1": "SOXX",
          "t2": "XLK",
          "corr": 0.7521,
          "w1": 8.0,
          "w2": 4.1,
          "combined_weight": 12.1
        }
      ]
    },
    "Mod\u00e9r\u00e9": {
      "n_assets": 15,
      "weighted_avg_correlation": 0.1749,
      "most_correlated": [
        {
          "t1": "FNDF",
          "t2": "RIO",
          "corr": 0.6318,
          "w1": 8.0,
          "w2": 6.1,
          "combined_weight": 14.1
        },
        {
          "t1": "FNDF",
          "t2": "FNDX",
          "corr": 0.593,
          "w1": 8.0,
          "w2": 7.9,
          "combined_weight": 15.9
        },
        {
          "t1": "FNDF",
          "t2": "DIVB",
          "corr": 0.5229,
          "w1": 8.0,
          "w2": 5.5,
          "combined_weight": 13.5
        },
        {
          "t1": "FNDX",
          "t2": "RIO",
          "corr": 0.5182,
          "w1": 7.9,
          "w2": 6.1,
          "combined_weight": 14.1
        },
        {
          "t1": "RIO",
          "t2": "DIVB",
          "corr": 0.4757,
          "w1": 6.1,
          "w2": 5.5,
          "combined_weight": 11.7
        },
        {
          "t1": "FNDX",
          "t2": "DIVB",
          "corr": 0.4715,
          "w1": 7.9,
          "w2": 5.5,
          "combined_weight": 13.5
        },
        {
          "t1": "FNDF",
          "t2": "GLD",
          "corr": 0.4129,
          "w1": 8.0,
          "w2": 4.0,
          "combined_weight": 12.0
        },
        {
          "t1": "SCHD",
          "t2": "FNDF",
          "corr": 0.4011,
          "w1": 8.6,
          "w2": 8.0,
          "combined_weight": 16.6
        },
        {
          "t1": "SCHD",
          "t2": "RIO",
          "corr": 0.3945,
          "w1": 8.6,
          "w2": 6.1,
          "combined_weight": 14.8
        },
        {
          "t1": "RIO",
          "t2": "GLD",
          "corr": 0.386,
          "w1": 6.1,
          "w2": 4.0,
          "combined_weight": 10.1
        }
      ],
      "least_correlated": [
        {
          "t1": "GBIL",
          "t2": "STIP",
          "corr": 0.0225,
          "w1": 8.0,
          "w2": 8.0,
          "combined_weight": 16.1
        },
        {
          "t1": "GBIL",
          "t2": "VGSH",
          "corr": 0.0225,
          "w1": 8.0,
          "w2": 8.0,
          "combined_weight": 16.1
        },
        {
          "t1": "STIP",
          "t2": "VGSH",
          "corr": 0.0225,
          "w1": 8.0,
          "w2": 8.0,
          "combined_weight": 16.1
        },
        {
          "t1": "NOVN",
          "t2": "GLD",
          "corr": -0.013,
          "w1": 6.1,
          "w2": 4.0,
          "combined_weight": 10.1
        },
        {
          "t1": "EOG",
          "t2": "GLD",
          "corr": -0.0132,
          "w1": 5.2,
          "w2": 4.0,
          "combined_weight": 9.2
        }
      ],
      "high_corr_high_weight": []
    },
    "Stable": {
      "n_assets": 16,
      "weighted_avg_correlation": 0.1123,
      "most_correlated": [
        {
          "t1": "VICI",
          "t2": "SUNPHARMA",
          "corr": 0.4331,
          "w1": 4.4,
          "w2": 4.5,
          "combined_weight": 9.0
        },
        {
          "t1": "SUNPHARMA",
          "t2": "KO",
          "corr": 0.4256,
          "w1": 4.5,
          "w2": 4.5,
          "combined_weight": 9.1
        },
        {
          "t1": "GD",
          "t2": "SUNPHARMA",
          "corr": 0.4248,
          "w1": 4.4,
          "w2": 4.5,
          "combined_weight": 9.0
        },
        {
          "t1": "PG",
          "t2": "SUNPHARMA",
          "corr": 0.3873,
          "w1": 5.1,
          "w2": 4.5,
          "combined_weight": 9.6
        },
        {
          "t1": "ACWV",
          "t2": "SPYV",
          "corr": 0.3806,
          "w1": 5.1,
          "w2": 4.5,
          "combined_weight": 9.6
        },
        {
          "t1": "CS",
          "t2": "GLD",
          "corr": 0.3726,
          "w1": 4.5,
          "w2": 4.2,
          "combined_weight": 8.8
        },
        {
          "t1": "SCHN",
          "t2": "SUNPHARMA",
          "corr": 0.3536,
          "w1": 5.4,
          "w2": 4.5,
          "combined_weight": 10.0
        },
        {
          "t1": "ACWV",
          "t2": "SUNPHARMA",
          "corr": 0.3457,
          "w1": 5.1,
          "w2": 4.5,
          "combined_weight": 9.6
        },
        {
          "t1": "SPYV",
          "t2": "SUNPHARMA",
          "corr": 0.3448,
          "w1": 4.5,
          "w2": 4.5,
          "combined_weight": 9.1
        },
        {
          "t1": "SPLV",
          "t2": "SUNPHARMA",
          "corr": 0.3445,
          "w1": 5.1,
          "w2": 4.5,
          "combined_weight": 9.6
        }
      ],
      "least_correlated": [
        {
          "t1": "VGSH",
          "t2": "BSV",
          "corr": 0.0225,
          "w1": 11.2,
          "w2": 13.0,
          "combined_weight": 24.2
        },
        {
          "t1": "VGSH",
          "t2": "STIP",
          "corr": 0.0225,
          "w1": 11.2,
          "w2": 13.0,
          "combined_weight": 24.2
        },
        {
          "t1": "CLTL",
          "t2": "BSV",
          "corr": 0.0225,
          "w1": 7.0,
          "w2": 13.0,
          "combined_weight": 20.0
        },
        {
          "t1": "CLTL",
          "t2": "STIP",
          "corr": 0.0225,
          "w1": 7.0,
          "w2": 13.0,
          "combined_weight": 20.0
        },
        {
          "t1": "BSV",
          "t2": "STIP",
          "corr": 0.0225,
          "w1": 13.0,
          "w2": 13.0,
          "combined_weight": 26.0
        }
      ],
      "high_corr_high_weight": []
    }
  },
  "all_pairs_top_30": [
    {
      "t1": "FLKR",
      "t2": "XCEM",
      "corr_hybrid": 0.7881,
      "corr_structured": 0.9,
      "cat1": "ETF",
      "cat2": "ETF",
      "exp1": "south_korea",
      "exp2": "emerging_markets",
      "fam1": "em_equity",
      "fam2": "em_equity"
    },
    {
      "t1": "SOXX",
      "t2": "XCEM",
      "corr_hybrid": 0.7622,
      "corr_structured": 0.2,
      "cat1": "ETF",
      "cat2": "ETF",
      "exp1": "semiconductor",
      "exp2": "emerging_markets",
      "fam1": "sector_tech",
      "fam2": "em_equity"
    },
    {
      "t1": "PICK",
      "t2": "XCEM",
      "corr_hybrid": 0.7606,
      "corr_structured": 0.2,
      "cat1": "ETF",
      "cat2": "ETF",
      "exp1": "metals_mining",
      "exp2": "emerging_markets",
      "fam1": null,
      "fam2": "em_equity"
    },
    {
      "t1": "FLKR",
      "t2": "SOXX",
      "corr_hybrid": 0.7575,
      "corr_structured": 0.2,
      "cat1": "ETF",
      "cat2": "ETF",
      "exp1": "south_korea",
      "exp2": "semiconductor",
      "fam1": "em_equity",
      "fam2": "sector_tech"
    },
    {
      "t1": "SOXX",
      "t2": "XLK",
      "corr_hybrid": 0.7521,
      "corr_structured": 0.9,
      "cat1": "ETF",
      "cat2": "ETF",
      "exp1": "semiconductor",
      "exp2": "tech",
      "fam1": "sector_tech",
      "fam2": "sector_tech"
    },
    {
      "t1": "FNDF",
      "t2": "PICK",
      "corr_hybrid": 0.7423,
      "corr_structured": 0.2,
      "cat1": "ETF",
      "cat2": "ETF",
      "exp1": "international",
      "exp2": "metals_mining",
      "fam1": "intl_equity",
      "fam2": null
    },
    {
      "t1": "FNDF",
      "t2": "XCEM",
      "corr_hybrid": 0.7352,
      "corr_structured": 0.62,
      "cat1": "ETF",
      "cat2": "ETF",
      "exp1": "international",
      "exp2": "emerging_markets",
      "fam1": "intl_equity",
      "fam2": "em_equity"
    },
    {
      "t1": "FLKR",
      "t2": "PICK",
      "corr_hybrid": 0.7216,
      "corr_structured": 0.2,
      "cat1": "ETF",
      "cat2": "ETF",
      "exp1": "south_korea",
      "exp2": "metals_mining",
      "fam1": "em_equity",
      "fam2": null
    },
    {
      "t1": "XCEM",
      "t2": "XLK",
      "corr_hybrid": 0.7163,
      "corr_structured": 0.2,
      "cat1": "ETF",
      "cat2": "ETF",
      "exp1": "emerging_markets",
      "exp2": "tech",
      "fam1": "em_equity",
      "fam2": "sector_tech"
    },
    {
      "t1": "FLKR",
      "t2": "XLK",
      "corr_hybrid": 0.711,
      "corr_structured": 0.2,
      "cat1": "ETF",
      "cat2": "ETF",
      "exp1": "south_korea",
      "exp2": "tech",
      "fam1": "em_equity",
      "fam2": "sector_tech"
    },
    {
      "t1": "FLKR",
      "t2": "FNDF",
      "corr_hybrid": 0.6934,
      "corr_structured": 0.62,
      "cat1": "ETF",
      "cat2": "ETF",
      "exp1": "south_korea",
      "exp2": "international",
      "fam1": "em_equity",
      "fam2": "intl_equity"
    },
    {
      "t1": "PICK",
      "t2": "SOXX",
      "corr_hybrid": 0.6631,
      "corr_structured": 0.2,
      "cat1": "ETF",
      "cat2": "ETF",
      "exp1": "metals_mining",
      "exp2": "semiconductor",
      "fam1": null,
      "fam2": "sector_tech"
    },
    {
      "t1": "PICK",
      "t2": "RIO",
      "corr_hybrid": 0.6598,
      "corr_structured": null,
      "cat1": "ETF",
      "cat2": "Act",
      "exp1": "metals_mining",
      "exp2": null,
      "fam1": null,
      "fam2": null
    },
    {
      "t1": "ICLN",
      "t2": "SOXX",
      "corr_hybrid": 0.6464,
      "corr_structured": 0.2,
      "cat1": "ETF",
      "cat2": "ETF",
      "exp1": "clean_energy",
      "exp2": "semiconductor",
      "fam1": null,
      "fam2": "sector_tech"
    },
    {
      "t1": "FNDF",
      "t2": "SOXX",
      "corr_hybrid": 0.6446,
      "corr_structured": 0.2,
      "cat1": "ETF",
      "cat2": "ETF",
      "exp1": "international",
      "exp2": "semiconductor",
      "fam1": "intl_equity",
      "fam2": "sector_tech"
    },
    {
      "t1": "ICLN",
      "t2": "XCEM",
      "corr_hybrid": 0.6443,
      "corr_structured": 0.2,
      "cat1": "ETF",
      "cat2": "ETF",
      "exp1": "clean_energy",
      "exp2": "emerging_markets",
      "fam1": null,
      "fam2": "em_equity"
    },
    {
      "t1": "FNDF",
      "t2": "RIO",
      "corr_hybrid": 0.6318,
      "corr_structured": null,
      "cat1": "ETF",
      "cat2": "Act",
      "exp1": "international",
      "exp2": null,
      "fam1": "intl_equity",
      "fam2": null
    },
    {
      "t1": "FSLR",
      "t2": "ICLN",
      "corr_hybrid": 0.6258,
      "corr_structured": null,
      "cat1": "Act",
      "cat2": "ETF",
      "exp1": null,
      "exp2": "clean_energy",
      "fam1": null,
      "fam2": null
    },
    {
      "t1": "FLKR",
      "t2": "ICLN",
      "corr_hybrid": 0.6254,
      "corr_structured": 0.2,
      "cat1": "ETF",
      "cat2": "ETF",
      "exp1": "south_korea",
      "exp2": "clean_energy",
      "fam1": "em_equity",
      "fam2": null
    },
    {
      "t1": "000660",
      "t2": "2059",
      "corr_hybrid": 0.6233,
      "corr_structured": null,
      "cat1": "Act",
      "cat2": "Act",
      "exp1": null,
      "exp2": null,
      "fam1": null,
      "fam2": null
    },
    {
      "t1": "000660",
      "t2": "SUNPHARMA",
      "corr_hybrid": 0.6233,
      "corr_structured": null,
      "cat1": "Act",
      "cat2": "Act",
      "exp1": null,
      "exp2": null,
      "fam1": null,
      "fam2": null
    },
    {
      "t1": "2059",
      "t2": "SUNPHARMA",
      "corr_hybrid": 0.6233,
      "corr_structured": null,
      "cat1": "Act",
      "cat2": "Act",
      "exp1": null,
      "exp2": null,
      "fam1": null,
      "fam2": null
    },
    {
      "t1": "FIX",
      "t2": "SOXX",
      "corr_hybrid": 0.6169,
      "corr_structured": null,
      "cat1": "Act",
      "cat2": "ETF",
      "exp1": null,
      "exp2": "semiconductor",
      "fam1": null,
      "fam2": "sector_tech"
    },
    {
      "t1": "PICK",
      "t2": "XLK",
      "corr_hybrid": 0.6136,
      "corr_structured": 0.2,
      "cat1": "ETF",
      "cat2": "ETF",
      "exp1": "metals_mining",
      "exp2": "tech",
      "fam1": null,
      "fam2": "sector_tech"
    },
    {
      "t1": "FIX",
      "t2": "XLK",
      "corr_hybrid": 0.6125,
      "corr_structured": null,
      "cat1": "Act",
      "cat2": "ETF",
      "exp1": null,
      "exp2": "tech",
      "fam1": null,
      "fam2": "sector_tech"
    },
    {
      "t1": "CS",
      "t2": "PICK",
      "corr_hybrid": 0.6068,
      "corr_structured": null,
      "cat1": "Act",
      "cat2": "ETF",
      "exp1": null,
      "exp2": "metals_mining",
      "fam1": null,
      "fam2": null
    },
    {
      "t1": "FNDF",
      "t2": "XLK",
      "corr_hybrid": 0.6062,
      "corr_structured": 0.2,
      "cat1": "ETF",
      "cat2": "ETF",
      "exp1": "international",
      "exp2": "tech",
      "fam1": "intl_equity",
      "fam2": "sector_tech"
    },
    {
      "t1": "ICLN",
      "t2": "XLK",
      "corr_hybrid": 0.6037,
      "corr_structured": 0.2,
      "cat1": "ETF",
      "cat2": "ETF",
      "exp1": "clean_energy",
      "exp2": "tech",
      "fam1": null,
      "fam2": "sector_tech"
    },
    {
      "t1": "RIO",
      "t2": "XCEM",
      "corr_hybrid": 0.6008,
      "corr_structured": null,
      "cat1": "Act",
      "cat2": "ETF",
      "exp1": null,
      "exp2": "emerging_markets",
      "fam1": null,
      "fam2": "em_equity"
    },
    {
      "t1": "FIX",
      "t2": "NVDA",
      "corr_hybrid": 0.5981,
      "corr_structured": null,
      "cat1": "Act",
      "cat2": "Act",
      "exp1": null,
      "exp2": null,
      "fam1": null,
      "fam2": null
    }
  ],
  "all_pairs_bottom_10": [
    {
      "t1": "FSLR",
      "t2": "KO",
      "corr_hybrid": 0.0134,
      "corr_structured": null,
      "cat1": "Act",
      "cat2": "Act",
      "exp1": null,
      "exp2": null,
      "fam1": null,
      "fam2": null
    },
    {
      "t1": "EOG",
      "t2": "GLD",
      "corr_hybrid": -0.0132,
      "corr_structured": null,
      "cat1": "Act",
      "cat2": "ETF",
      "exp1": null,
      "exp2": "gold_physical",
      "fam1": null,
      "fam2": "gold"
    },
    {
      "t1": "GLD",
      "t2": "NOVN",
      "corr_hybrid": -0.013,
      "corr_structured": null,
      "cat1": "ETF",
      "cat2": "Act",
      "exp1": "gold_physical",
      "exp2": null,
      "fam1": "gold",
      "fam2": null
    },
    {
      "t1": "NVDA",
      "t2": "SPLV",
      "corr_hybrid": 0.0126,
      "corr_structured": null,
      "cat1": "Act",
      "cat2": "ETF",
      "exp1": null,
      "exp2": "sp500",
      "fam1": null,
      "fam2": "us_equity_large"
    },
    {
      "t1": "EOG",
      "t2": "FRES",
      "corr_hybrid": -0.0096,
      "corr_structured": null,
      "cat1": "Act",
      "cat2": "Act",
      "exp1": null,
      "exp2": null,
      "fam1": null,
      "fam2": null
    },
    {
      "t1": "CS",
      "t2": "NOVN",
      "corr_hybrid": -0.0075,
      "corr_structured": null,
      "cat1": "Act",
      "cat2": "Act",
      "exp1": null,
      "exp2": null,
      "fam1": null,
      "fam2": null
    },
    {
      "t1": "NOVN",
      "t2": "XBI",
      "corr_hybrid": 0.007,
      "corr_structured": null,
      "cat1": "Act",
      "cat2": "ETF",
      "exp1": null,
      "exp2": "biotech",
      "fam1": null,
      "fam2": "sector_healthcare"
    },
    {
      "t1": "ICLN",
      "t2": "NOVN",
      "corr_hybrid": -0.0056,
      "corr_structured": null,
      "cat1": "ETF",
      "cat2": "Act",
      "exp1": "clean_energy",
      "exp2": null,
      "fam1": null,
      "fam2": null
    },
    {
      "t1": "SOXX",
      "t2": "VICI",
      "corr_hybrid": 0.0053,
      "corr_structured": null,
      "cat1": "ETF",
      "cat2": "Act",
      "exp1": "semiconductor",
      "exp2": null,
      "fam1": "sector_tech",
      "fam2": null
    },
    {
      "t1": "EOG",
      "t2": "XBI",
      "corr_hybrid": 0.0013,
      "corr_structured": null,
      "cat1": "Act",
      "cat2": "ETF",
      "exp1": null,
      "exp2": "biotech",
      "fam1": null,
      "fam2": "sector_healthcare"
    }
  ],
  "correlation_matrix": {
    "tickers": [
      "000660",
      "2059",
      "ACWV",
      "BKR",
      "BSV",
      "CLTL",
      "CS",
      "DIVB",
      "EOG",
      "FIX",
      "FLKR",
      "FLTR",
      "FNDF",
      "FNDX",
      "FRES",
      "FSLR",
      "GBIL",
      "GD",
      "GLD",
      "ICLN",
      "KO",
      "NOVN",
      "NVDA",
      "PAAA",
      "PEG",
      "PG",
      "PICK",
      "RIO",
      "SCHD",
      "SCHN",
      "SOXX",
      "SPLV",
      "SPYV",
      "STIP",
      "SUNPHARMA",
      "VGSH",
      "VICI",
      "XBI",
      "XCEM",
      "XLK",
      "XLV"
    ],
    "matrix": [
      [
        1.0,
        0.6233,
        0.3457,
        0.3643,
        0.0786,
        0.0786,
        0.1775,
        0.3464,
        0.3786,
        0.2182,
        0.0755,
        0.0786,
        0.2553,
        0.3443,
        0.1765,
        0.167,
        0.0786,
        0.4248,
        0.1052,
        0.1705,
        0.4256,
        0.3391,
        0.1827,
        0.0786,
        0.4084,
        0.3873,
        0.177,
        0.2792,
        0.3776,
        0.3536,
        0.1107,
        0.3445,
        0.3448,
        0.0786,
        0.6233,
        0.0786,
        0.4331,
        0.156,
        0.1539,
        0.1362,
        0.2702
      ],
      [
        0.6233,
        1.0,
        0.3457,
        0.3643,
        0.0786,
        0.0786,
        0.1775,
        0.3464,
        0.3786,
        0.2182,
        0.0755,
        0.0786,
        0.2553,
        0.3443,
        0.1765,
        0.167,
        0.0786,
        0.4248,
        0.1052,
        0.1705,
        0.4256,
        0.3391,
        0.1827,
        0.0786,
        0.4084,
        0.3873,
        0.177,
        0.2792,
        0.3776,
        0.3536,
        0.1107,
        0.3445,
        0.3448,
        0.0786,
        0.6233,
        0.0786,
        0.4331,
        0.156,
        0.1539,
        0.1362,
        0.2702
      ],
      [
        0.3457,
        0.3457,
        1.0,
        0.3406,
        0.0812,
        0.0812,
        0.3118,
        0.3839,
        0.1945,
        0.0993,
        0.3187,
        0.0812,
        0.4306,
        0.3951,
        0.1017,
        0.1373,
        0.0812,
        0.2702,
        0.2438,
        0.2756,
        0.2262,
        0.1447,
        0.175,
        0.0812,
        0.2294,
        0.2698,
        0.4115,
        0.4138,
        0.3628,
        0.1822,
        0.2748,
        0.2835,
        0.3806,
        0.0812,
        0.3457,
        0.0812,
        0.2833,
        0.2719,
        0.3733,
        0.2632,
        0.2931
      ],
      [
        0.3643,
        0.3643,
        0.3406,
        1.0,
        0.0931,
        0.0931,
        0.1081,
        0.3792,
        0.2675,
        0.1161,
        0.3361,
        0.0931,
        0.4155,
        0.4051,
        0.0482,
        0.0406,
        0.0931,
        0.2843,
        0.1943,
        0.2435,
        0.2018,
        0.1669,
        0.2312,
        0.0931,
        0.2389,
        0.2263,
        0.3557,
        0.361,
        0.3603,
        0.185,
        0.3022,
        0.2592,
        0.3896,
        0.0931,
        0.3643,
        0.0931,
        0.2825,
        0.2625,
        0.3766,
        0.3028,
        0.2672
      ],
      [
        0.0786,
        0.0786,
        0.0812,
        0.0931,
        1.0,
        0.0225,
        0.0269,
        0.092,
        0.0577,
        0.02,
        0.0874,
        0.0225,
        0.1033,
        0.0985,
        0.0224,
        0.0283,
        0.0225,
        0.0617,
        0.0529,
        0.0695,
        0.0411,
        0.0336,
        0.049,
        0.0225,
        0.0492,
        0.0506,
        0.0927,
        0.0903,
        0.0866,
        0.0392,
        0.0758,
        0.0604,
        0.0943,
        0.0225,
        0.0786,
        0.0225,
        0.0636,
        0.0648,
        0.0961,
        0.0742,
        0.0646
      ],
      [
        0.0786,
        0.0786,
        0.0812,
        0.0931,
        0.0225,
        1.0,
        0.0269,
        0.092,
        0.0577,
        0.02,
        0.0874,
        0.0225,
        0.1033,
        0.0985,
        0.0224,
        0.0283,
        0.0225,
        0.0617,
        0.0529,
        0.0695,
        0.0411,
        0.0336,
        0.049,
        0.0225,
        0.0492,
        0.0506,
        0.0927,
        0.0903,
        0.0866,
        0.0392,
        0.0758,
        0.0604,
        0.0943,
        0.0225,
        0.0786,
        0.0225,
        0.0636,
        0.0648,
        0.0961,
        0.0742,
        0.0646
      ],
      [
        0.1775,
        0.1775,
        0.3118,
        0.1081,
        0.0269,
        0.0269,
        1.0,
        0.3306,
        -0.1575,
        0.284,
        0.3526,
        0.0269,
        0.4986,
        0.3454,
        0.3173,
        0.1192,
        0.0269,
        0.1428,
        0.3726,
        0.3103,
        0.1689,
        -0.0075,
        0.1926,
        0.0269,
        0.1705,
        0.2521,
        0.6068,
        0.5481,
        0.2465,
        0.1026,
        0.3332,
        0.2262,
        0.3142,
        0.0269,
        0.1775,
        0.0269,
        0.1488,
        0.3421,
        0.4274,
        0.2916,
        0.2923
      ],
      [
        0.3464,
        0.3464,
        0.3839,
        0.3792,
        0.092,
        0.092,
        0.3306,
        1.0,
        0.1691,
        0.2041,
        0.4443,
        0.092,
        0.5229,
        0.4715,
        0.1172,
        0.2116,
        0.092,
        0.2798,
        0.2885,
        0.3929,
        0.1844,
        0.1265,
        0.2639,
        0.092,
        0.2337,
        0.24,
        0.5069,
        0.4757,
        0.3824,
        0.18,
        0.4081,
        0.2707,
        0.4463,
        0.092,
        0.3464,
        0.092,
        0.2677,
        0.3411,
        0.495,
        0.3899,
        0.3174
      ],
      [
        0.3786,
        0.3786,
        0.1945,
        0.2675,
        0.0577,
        0.0577,
        -0.1575,
        0.1691,
        1.0,
        -0.1336,
        -0.0803,
        0.0577,
        0.0493,
        0.1395,
        -0.0096,
        -0.0435,
        0.0577,
        0.2577,
        -0.0132,
        -0.066,
        0.2938,
        0.2456,
        -0.0216,
        0.0577,
        0.2229,
        0.2583,
        -0.0421,
        0.068,
        0.2527,
        0.2061,
        -0.104,
        0.2414,
        0.1576,
        0.0577,
        0.3786,
        0.0577,
        0.3077,
        0.0013,
        -0.0415,
        -0.075,
        0.1389
      ],
      [
        0.2182,
        0.2182,
        0.0993,
        0.1161,
        0.02,
        0.02,
        0.284,
        0.2041,
        -0.1336,
        1.0,
        0.4368,
        0.02,
        0.3279,
        0.3186,
        0.0999,
        0.3115,
        0.02,
        0.1724,
        0.1044,
        0.5021,
        -0.0529,
        0.0399,
        0.5981,
        0.02,
        0.2152,
        -0.0797,
        0.323,
        0.2185,
        0.016,
        0.1372,
        0.6169,
        -0.0752,
        0.2672,
        0.02,
        0.2182,
        0.02,
        -0.0256,
        0.2898,
        0.4495,
        0.6125,
        0.0812
      ],
      [
        0.0755,
        0.0755,
        0.3187,
        0.3361,
        0.0874,
        0.0874,
        0.3526,
        0.4443,
        -0.0803,
        0.4368,
        1.0,
        0.0874,
        0.6934,
        0.5462,
        0.1064,
        0.261,
        0.0874,
        0.1196,
        0.3775,
        0.6254,
        -0.1201,
        -0.079,
        0.4685,
        0.0874,
        0.077,
        -0.016,
        0.7216,
        0.5471,
        0.2705,
        0.0163,
        0.7575,
        0.0824,
        0.4873,
        0.0874,
        0.0755,
        0.0874,
        0.0297,
        0.4856,
        0.7881,
        0.711,
        0.27
      ],
      [
        0.0786,
        0.0786,
        0.0812,
        0.0931,
        0.0225,
        0.0225,
        0.0269,
        0.092,
        0.0577,
        0.02,
        0.0874,
        1.0,
        0.1033,
        0.0985,
        0.0224,
        0.0283,
        0.0225,
        0.0617,
        0.0529,
        0.0695,
        0.0411,
        0.0336,
        0.049,
        0.0225,
        0.0492,
        0.0506,
        0.0927,
        0.0903,
        0.0866,
        0.0392,
        0.0758,
        0.0604,
        0.0943,
        0.0225,
        0.0786,
        0.0225,
        0.0636,
        0.0648,
        0.0961,
        0.0742,
        0.0646
      ],
      [
        0.2553,
        0.2553,
        0.4306,
        0.4155,
        0.1033,
        0.1033,
        0.4986,
        0.5229,
        0.0493,
        0.3279,
        0.6934,
        0.1033,
        1.0,
        0.593,
        0.1809,
        0.1998,
        0.1033,
        0.2342,
        0.4129,
        0.5456,
        0.0736,
        0.0293,
        0.3987,
        0.1033,
        0.1911,
        0.172,
        0.7423,
        0.6318,
        0.4011,
        0.118,
        0.6446,
        0.2399,
        0.5452,
        0.1033,
        0.2553,
        0.1033,
        0.1968,
        0.4869,
        0.7352,
        0.6062,
        0.3622
      ],
      [
        0.3443,
        0.3443,
        0.3951,
        0.4051,
        0.0985,
        0.0985,
        0.3454,
        0.4715,
        0.1395,
        0.3186,
        0.5462,
        0.0985,
        0.593,
        1.0,
        0.1682,
        0.2324,
        0.0985,
        0.2797,
        0.3195,
        0.4747,
        0.1411,
        0.108,
        0.3562,
        0.0985,
        0.2389,
        0.2011,
        0.5796,
        0.5182,
        0.384,
        0.1753,
        0.5252,
        0.2466,
        0.4926,
        0.0985,
        0.3443,
        0.0985,
        0.2448,
        0.3968,
        0.5912,
        0.5043,
        0.3251
      ],
      [
        0.1765,
        0.1765,
        0.1017,
        0.0482,
        0.0224,
        0.0224,
        0.3173,
        0.1172,
        -0.0096,
        0.0999,
        0.1064,
        0.0224,
        0.1809,
        0.1682,
        1.0,
        0.0573,
        0.0224,
        0.0146,
        0.2104,
        0.1269,
        0.0807,
        0.0297,
        0.0388,
        0.0224,
        0.0855,
        0.1004,
        0.2554,
        0.231,
        0.1279,
        0.078,
        0.1026,
        0.1074,
        0.1372,
        0.0224,
        0.1765,
        0.0224,
        0.127,
        0.1076,
        0.1243,
        0.1057,
        0.0829
      ],
      [
        0.167,
        0.167,
        0.1373,
        0.0406,
        0.0283,
        0.0283,
        0.1192,
        0.2116,
        -0.0435,
        0.3115,
        0.261,
        0.0283,
        0.1998,
        0.2324,
        0.0573,
        1.0,
        0.0283,
        0.1414,
        0.1463,
        0.6258,
        0.0134,
        0.0505,
        0.0996,
        0.0283,
        0.0758,
        0.0582,
        0.2406,
        0.1832,
        0.1261,
        0.1211,
        0.296,
        0.0518,
        0.2184,
        0.0283,
        0.167,
        0.0283,
        0.0714,
        0.1496,
        0.2836,
        0.2596,
        0.1386
      ],
      [
        0.0786,
        0.0786,
        0.0812,
        0.0931,
        0.0225,
        0.0225,
        0.0269,
        0.092,
        0.0577,
        0.02,
        0.0874,
        0.0225,
        0.1033,
        0.0985,
        0.0224,
        0.0283,
        1.0,
        0.0617,
        0.0529,
        0.0695,
        0.0411,
        0.0336,
        0.049,
        0.0225,
        0.0492,
        0.0506,
        0.0927,
        0.0903,
        0.0866,
        0.0392,
        0.0758,
        0.0604,
        0.0943,
        0.0225,
        0.0786,
        0.0225,
        0.0636,
        0.0648,
        0.0961,
        0.0742,
        0.0646
      ],
      [
        0.4248,
        0.4248,
        0.2702,
        0.2843,
        0.0617,
        0.0617,
        0.1428,
        0.2798,
        0.2577,
        0.1724,
        0.1196,
        0.0617,
        0.2342,
        0.2797,
        0.0146,
        0.1414,
        0.0617,
        1.0,
        0.0947,
        0.1687,
        0.2836,
        0.2261,
        0.1619,
        0.0617,
        0.2844,
        0.2681,
        0.1763,
        0.2342,
        0.2844,
        0.2411,
        0.1376,
        0.246,
        0.2784,
        0.0617,
        0.4248,
        0.0617,
        0.2971,
        0.1488,
        0.1752,
        0.149,
        0.2145
      ],
      [
        0.1052,
        0.1052,
        0.2438,
        0.1943,
        0.0529,
        0.0529,
        0.3726,
        0.2885,
        -0.0132,
        0.1044,
        0.3775,
        0.0529,
        0.4129,
        0.3195,
        0.2104,
        0.1463,
        0.0529,
        0.0947,
        1.0,
        0.3071,
        0.0388,
        -0.013,
        0.1534,
        0.0529,
        0.0734,
        0.1131,
        0.4537,
        0.386,
        0.2298,
        0.0438,
        0.3255,
        0.1491,
        0.2928,
        0.0529,
        0.1052,
        0.0529,
        0.1062,
        0.2708,
        0.4039,
        0.296,
        0.2123
      ],
      [
        0.1705,
        0.1705,
        0.2756,
        0.2435,
        0.0695,
        0.0695,
        0.3103,
        0.3929,
        -0.066,
        0.5021,
        0.6254,
        0.0695,
        0.5456,
        0.4747,
        0.1269,
        0.6258,
        0.0695,
        0.1687,
        0.3071,
        1.0,
        -0.0494,
        -0.0056,
        0.3907,
        0.0695,
        0.1208,
        0.0277,
        0.5785,
        0.4436,
        0.2349,
        0.0936,
        0.6464,
        0.0811,
        0.4278,
        0.0695,
        0.1705,
        0.0695,
        0.0674,
        0.3913,
        0.6443,
        0.6037,
        0.2421
      ],
      [
        0.4256,
        0.4256,
        0.2262,
        0.2018,
        0.0411,
        0.0411,
        0.1689,
        0.1844,
        0.2938,
        -0.0529,
        -0.1201,
        0.0411,
        0.0736,
        0.1411,
        0.0807,
        0.0134,
        0.0411,
        0.2836,
        0.0388,
        -0.0494,
        1.0,
        0.255,
        -0.0325,
        0.0411,
        0.2732,
        0.344,
        0.025,
        0.1453,
        0.2607,
        0.2452,
        -0.1267,
        0.2877,
        0.1588,
        0.0411,
        0.4256,
        0.0411,
        0.3382,
        0.0233,
        -0.0532,
        -0.1053,
        0.1802
      ],
      [
        0.3391,
        0.3391,
        0.1447,
        0.1669,
        0.0336,
        0.0336,
        -0.0075,
        0.1265,
        0.2456,
        0.0399,
        -0.079,
        0.0336,
        0.0293,
        0.108,
        0.0297,
        0.0505,
        0.0336,
        0.2261,
        -0.013,
        -0.0056,
        0.255,
        1.0,
        0.0299,
        0.0336,
        0.2161,
        0.2153,
        -0.0295,
        0.0579,
        0.1732,
        0.196,
        -0.0577,
        0.1794,
        0.1193,
        0.0336,
        0.3391,
        0.0336,
        0.2404,
        0.007,
        -0.0383,
        -0.0349,
        0.1077
      ],
      [
        0.1827,
        0.1827,
        0.175,
        0.2312,
        0.049,
        0.049,
        0.1926,
        0.2639,
        -0.0216,
        0.5981,
        0.4685,
        0.049,
        0.3987,
        0.3562,
        0.0388,
        0.0996,
        0.049,
        0.1619,
        0.1534,
        0.3907,
        -0.0325,
        0.0299,
        1.0,
        0.049,
        0.1704,
        -0.0262,
        0.3756,
        0.2835,
        0.1243,
        0.0959,
        0.5518,
        0.0126,
        0.3127,
        0.049,
        0.1827,
        0.049,
        0.0326,
        0.3063,
        0.4778,
        0.5446,
        0.137
      ],
      [
        0.0786,
        0.0786,
        0.0812,
        0.0931,
        0.0225,
        0.0225,
        0.0269,
        0.092,
        0.0577,
        0.02,
        0.0874,
        0.0225,
        0.1033,
        0.0985,
        0.0224,
        0.0283,
        0.0225,
        0.0617,
        0.0529,
        0.0695,
        0.0411,
        0.0336,
        0.049,
        1.0,
        0.0492,
        0.0506,
        0.0927,
        0.0903,
        0.0866,
        0.0392,
        0.0758,
        0.0604,
        0.0943,
        0.0225,
        0.0786,
        0.0225,
        0.0636,
        0.0648,
        0.0961,
        0.0742,
        0.0646
      ],
      [
        0.4084,
        0.4084,
        0.2294,
        0.2389,
        0.0492,
        0.0492,
        0.1705,
        0.2337,
        0.2229,
        0.2152,
        0.077,
        0.0492,
        0.1911,
        0.2389,
        0.0855,
        0.0758,
        0.0492,
        0.2844,
        0.0734,
        0.1208,
        0.2732,
        0.2161,
        0.1704,
        0.0492,
        1.0,
        0.2456,
        0.1406,
        0.1997,
        0.2378,
        0.2331,
        0.1144,
        0.2155,
        0.2357,
        0.0492,
        0.4084,
        0.0492,
        0.2708,
        0.1252,
        0.1303,
        0.1306,
        0.1801
      ],
      [
        0.3873,
        0.3873,
        0.2698,
        0.2263,
        0.0506,
        0.0506,
        0.2521,
        0.24,
        0.2583,
        -0.0797,
        -0.016,
        0.0506,
        0.172,
        0.2011,
        0.1004,
        0.0582,
        0.0506,
        0.2681,
        0.1131,
        0.0277,
        0.344,
        0.2153,
        -0.0262,
        0.0506,
        0.2456,
        1.0,
        0.1436,
        0.2347,
        0.2998,
        0.2187,
        -0.0517,
        0.305,
        0.2128,
        0.0506,
        0.3873,
        0.0506,
        0.3301,
        0.0861,
        0.051,
        -0.0436,
        0.2221
      ],
      [
        0.177,
        0.177,
        0.4115,
        0.3557,
        0.0927,
        0.0927,
        0.6068,
        0.5069,
        -0.0421,
        0.323,
        0.7216,
        0.0927,
        0.7423,
        0.5796,
        0.2554,
        0.2406,
        0.0927,
        0.1763,
        0.4537,
        0.5785,
        0.025,
        -0.0295,
        0.3756,
        0.0927,
        0.1406,
        0.1436,
        1.0,
        0.6598,
        0.3712,
        0.0745,
        0.6631,
        0.2137,
        0.5271,
        0.0927,
        0.177,
        0.0927,
        0.1469,
        0.5014,
        0.7606,
        0.6136,
        0.3553
      ],
      [
        0.2792,
        0.2792,
        0.4138,
        0.361,
        0.0903,
        0.0903,
        0.5481,
        0.4757,
        0.068,
        0.2185,
        0.5471,
        0.0903,
        0.6318,
        0.5182,
        0.231,
        0.1832,
        0.0903,
        0.2342,
        0.386,
        0.4436,
        0.1453,
        0.0579,
        0.2835,
        0.0903,
        0.1997,
        0.2347,
        0.6598,
        1.0,
        0.3945,
        0.1372,
        0.4896,
        0.2751,
        0.4821,
        0.0903,
        0.2792,
        0.0903,
        0.2342,
        0.4156,
        0.6008,
        0.4559,
        0.352
      ],
      [
        0.3776,
        0.3776,
        0.3628,
        0.3603,
        0.0866,
        0.0866,
        0.2465,
        0.3824,
        0.2527,
        0.016,
        0.2705,
        0.0866,
        0.4011,
        0.384,
        0.1279,
        0.1261,
        0.0866,
        0.2844,
        0.2298,
        0.2349,
        0.2607,
        0.1732,
        0.1243,
        0.0866,
        0.2378,
        0.2998,
        0.3712,
        0.3945,
        1.0,
        0.1978,
        0.2128,
        0.3123,
        0.3751,
        0.0866,
        0.3776,
        0.0866,
        0.3212,
        0.2428,
        0.3266,
        0.2063,
        0.296
      ],
      [
        0.3536,
        0.3536,
        0.1822,
        0.185,
        0.0392,
        0.0392,
        0.1026,
        0.18,
        0.2061,
        0.1372,
        0.0163,
        0.0392,
        0.118,
        0.1753,
        0.078,
        0.1211,
        0.0392,
        0.2411,
        0.0438,
        0.0936,
        0.2452,
        0.196,
        0.0959,
        0.0392,
        0.2331,
