{
  "_meta": {
    "generated": "2026-03-31T14:20:04",
    "portfolio_generated": "2026-03-31T14:18:32.824091",
    "n_assets": 39,
    "n_with_returns": 29,
    "covariance_method": "hybrid_shrunk",
    "condition_number": 499.19,
    "pca_factors": 4
  },
  "profiles": {
    "Agressif": {
      "n_assets": 17,
      "weighted_avg_correlation": 0.2557,
      "most_correlated": [
        {
          "t1": "SOXX",
          "t2": "MU",
          "corr": 0.8147,
          "w1": 8.1,
          "w2": 3.7,
          "combined_weight": 11.8
        },
        {
          "t1": "VRT",
          "t2": "SOXX",
          "corr": 0.7652,
          "w1": 4.4,
          "w2": 8.1,
          "combined_weight": 12.5
        },
        {
          "t1": "VRT",
          "t2": "MU",
          "corr": 0.7624,
          "w1": 4.4,
          "w2": 3.7,
          "combined_weight": 8.1
        },
        {
          "t1": "VRT",
          "t2": "NVDA",
          "corr": 0.712,
          "w1": 4.4,
          "w2": 2.5,
          "combined_weight": 6.9
        },
        {
          "t1": "SLV",
          "t2": "GLD",
          "corr": 0.7076,
          "w1": 6.8,
          "w2": 9.4,
          "combined_weight": 16.2
        },
        {
          "t1": "SOXX",
          "t2": "NVDA",
          "corr": 0.698,
          "w1": 8.1,
          "w2": 2.5,
          "combined_weight": 10.6
        },
        {
          "t1": "NVDA",
          "t2": "MU",
          "corr": 0.682,
          "w1": 2.5,
          "w2": 3.7,
          "combined_weight": 6.2
        },
        {
          "t1": "SLVP",
          "t2": "SLV",
          "corr": 0.6622,
          "w1": 4.5,
          "w2": 6.8,
          "combined_weight": 11.3
        },
        {
          "t1": "HAL",
          "t2": "XLE",
          "corr": 0.6465,
          "w1": 3.7,
          "w2": 9.1,
          "combined_weight": 12.8
        },
        {
          "t1": "FLKR",
          "t2": "SOXX",
          "corr": 0.6189,
          "w1": 5.7,
          "w2": 8.1,
          "combined_weight": 13.7
        }
      ],
      "least_correlated": [
        {
          "t1": "PAAA",
          "t2": "PULS",
          "corr": 0.0142,
          "w1": 6.3,
          "w2": 8.4,
          "combined_weight": 14.7
        },
        {
          "t1": "3017",
          "t2": "SLV",
          "corr": 0.0119,
          "w1": 3.7,
          "w2": 6.8,
          "combined_weight": 10.5
        },
        {
          "t1": "XLE",
          "t2": "SLVP",
          "corr": 0.0119,
          "w1": 9.1,
          "w2": 4.5,
          "combined_weight": 13.6
        },
        {
          "t1": "HAL",
          "t2": "SLVP",
          "corr": 0.0,
          "w1": 3.7,
          "w2": 4.5,
          "combined_weight": 8.2
        },
        {
          "t1": "3017",
          "t2": "GLD",
          "corr": -0.0046,
          "w1": 3.7,
          "w2": 9.4,
          "combined_weight": 13.2
        }
      ],
      "high_corr_high_weight": [
        {
          "t1": "SOXX",
          "t2": "MU",
          "corr": 0.8147,
          "w1": 8.1,
          "w2": 3.7,
          "combined_weight": 11.8
        },
        {
          "t1": "VRT",
          "t2": "SOXX",
          "corr": 0.7652,
          "w1": 4.4,
          "w2": 8.1,
          "combined_weight": 12.5
        },
        {
          "t1": "SLV",
          "t2": "GLD",
          "corr": 0.7076,
          "w1": 6.8,
          "w2": 9.4,
          "combined_weight": 16.2
        }
      ]
    },
    "Mod\u00e9r\u00e9": {
      "n_assets": 14,
      "weighted_avg_correlation": 0.2359,
      "most_correlated": [
        {
          "t1": "EOG",
          "t2": "SCHD",
          "corr": 0.6111,
          "w1": 7.4,
          "w2": 8.1,
          "combined_weight": 15.5
        },
        {
          "t1": "SCHD",
          "t2": "HDV",
          "corr": 0.6066,
          "w1": 8.1,
          "w2": 7.5,
          "combined_weight": 15.7
        },
        {
          "t1": "VSS",
          "t2": "RIO",
          "corr": 0.5559,
          "w1": 6.7,
          "w2": 6.4,
          "combined_weight": 13.2
        },
        {
          "t1": "EOG",
          "t2": "HDV",
          "corr": 0.5415,
          "w1": 7.4,
          "w2": 7.5,
          "combined_weight": 14.9
        },
        {
          "t1": "VSS",
          "t2": "SCHD",
          "corr": 0.534,
          "w1": 6.7,
          "w2": 8.1,
          "combined_weight": 14.9
        },
        {
          "t1": "SCHY",
          "t2": "SCHD",
          "corr": 0.4972,
          "w1": 8.2,
          "w2": 8.1,
          "combined_weight": 16.4
        },
        {
          "t1": "VSS",
          "t2": "SCHY",
          "corr": 0.4933,
          "w1": 6.7,
          "w2": 8.2,
          "combined_weight": 15.0
        },
        {
          "t1": "SCHD",
          "t2": "XLV",
          "corr": 0.4878,
          "w1": 8.1,
          "w2": 3.1,
          "combined_weight": 11.2
        },
        {
          "t1": "SCHD",
          "t2": "RIO",
          "corr": 0.4872,
          "w1": 8.1,
          "w2": 6.4,
          "combined_weight": 14.6
        },
        {
          "t1": "VSS",
          "t2": "HDV",
          "corr": 0.4781,
          "w1": 6.7,
          "w2": 7.5,
          "combined_weight": 14.3
        }
      ],
      "least_correlated": [
        {
          "t1": "VGSH",
          "t2": "GLD",
          "corr": 0.0384,
          "w1": 9.0,
          "w2": 8.1,
          "combined_weight": 17.1
        },
        {
          "t1": "STIP",
          "t2": "GLD",
          "corr": 0.0384,
          "w1": 9.0,
          "w2": 8.1,
          "combined_weight": 17.1
        },
        {
          "t1": "VGSH",
          "t2": "STIP",
          "corr": 0.0142,
          "w1": 9.0,
          "w2": 9.0,
          "combined_weight": 18.0
        },
        {
          "t1": "AGS",
          "t2": "GLD",
          "corr": -0.0046,
          "w1": 5.2,
          "w2": 8.1,
          "combined_weight": 13.3
        },
        {
          "t1": "ITX",
          "t2": "GLD",
          "corr": -0.0353,
          "w1": 7.2,
          "w2": 8.1,
          "combined_weight": 15.3
        }
      ],
      "high_corr_high_weight": []
    },
    "Stable": {
      "n_assets": 15,
      "weighted_avg_correlation": 0.1164,
      "most_correlated": [
        {
          "t1": "SPYV",
          "t2": "SCHD",
          "corr": 0.6341,
          "w1": 5.8,
          "w2": 5.5,
          "combined_weight": 11.3
        },
        {
          "t1": "SCHD",
          "t2": "EOG",
          "corr": 0.6111,
          "w1": 5.5,
          "w2": 6.4,
          "combined_weight": 11.9
        },
        {
          "t1": "SPYV",
          "t2": "EOG",
          "corr": 0.5586,
          "w1": 5.8,
          "w2": 6.4,
          "combined_weight": 12.2
        },
        {
          "t1": "SCHD",
          "t2": "ACWV",
          "corr": 0.5056,
          "w1": 5.5,
          "w2": 4.4,
          "combined_weight": 9.9
        },
        {
          "t1": "SCHD",
          "t2": "XLV",
          "corr": 0.4878,
          "w1": 5.5,
          "w2": 3.0,
          "combined_weight": 8.6
        },
        {
          "t1": "SPYV",
          "t2": "ACWV",
          "corr": 0.4827,
          "w1": 5.8,
          "w2": 4.4,
          "combined_weight": 10.2
        },
        {
          "t1": "SPYV",
          "t2": "XLV",
          "corr": 0.4711,
          "w1": 5.8,
          "w2": 3.0,
          "combined_weight": 8.8
        },
        {
          "t1": "SCHD",
          "t2": "VICI",
          "corr": 0.4436,
          "w1": 5.5,
          "w2": 4.5,
          "combined_weight": 10.0
        },
        {
          "t1": "EOG",
          "t2": "ACWV",
          "corr": 0.4318,
          "w1": 6.4,
          "w2": 4.4,
          "combined_weight": 10.8
        },
        {
          "t1": "EOG",
          "t2": "XLV",
          "corr": 0.4249,
          "w1": 6.4,
          "w2": 3.0,
          "combined_weight": 9.4
        }
      ],
      "least_correlated": [
        {
          "t1": "CLTL",
          "t2": "VGSH",
          "corr": 0.0142,
          "w1": 6.4,
          "w2": 14.2,
          "combined_weight": 20.6
        },
        {
          "t1": "CLTL",
          "t2": "STIP",
          "corr": 0.0142,
          "w1": 6.4,
          "w2": 14.2,
          "combined_weight": 20.6
        },
        {
          "t1": "VGSH",
          "t2": "STIP",
          "corr": 0.0142,
          "w1": 14.2,
          "w2": 14.2,
          "combined_weight": 28.3
        },
        {
          "t1": "SCHP",
          "t2": "GLD",
          "corr": -0.0118,
          "w1": 5.0,
          "w2": 5.1,
          "combined_weight": 10.1
        },
        {
          "t1": "SCHN",
          "t2": "GLD",
          "corr": -0.0471,
          "w1": 5.8,
          "w2": 5.1,
          "combined_weight": 10.8
        }
      ],
      "high_corr_high_weight": []
    }
  },
  "all_pairs_top_30": [
    {
      "t1": "MU",
      "t2": "SOXX",
      "corr_hybrid": 0.8147,
      "corr_structured": null,
      "cat1": "Act",
      "cat2": "ETF",
      "exp1": null,
      "exp2": "semiconductor",
      "fam1": null,
      "fam2": "sector_tech"
    },
    {
      "t1": "SOXX",
      "t2": "VRT",
      "corr_hybrid": 0.7652,
      "corr_structured": null,
      "cat1": "ETF",
      "cat2": "Act",
      "exp1": "semiconductor",
      "exp2": null,
      "fam1": "sector_tech",
      "fam2": null
    },
    {
      "t1": "MU",
      "t2": "VRT",
      "corr_hybrid": 0.7624,
      "corr_structured": null,
      "cat1": "Act",
      "cat2": "Act",
      "exp1": null,
      "exp2": null,
      "fam1": null,
      "fam2": null
    },
    {
      "t1": "NVDA",
      "t2": "VRT",
      "corr_hybrid": 0.712,
      "corr_structured": null,
      "cat1": "Act",
      "cat2": "Act",
      "exp1": null,
      "exp2": null,
      "fam1": null,
      "fam2": null
    },
    {
      "t1": "GLD",
      "t2": "SLV",
      "corr_hybrid": 0.7076,
      "corr_structured": 0.85,
      "cat1": "ETF",
      "cat2": "ETF",
      "exp1": "gold_physical",
      "exp2": "silver_physical",
      "fam1": "gold",
      "fam2": "precious_metals"
    },
    {
      "t1": "NVDA",
      "t2": "SOXX",
      "corr_hybrid": 0.698,
      "corr_structured": null,
      "cat1": "Act",
      "cat2": "ETF",
      "exp1": null,
      "exp2": "semiconductor",
      "fam1": null,
      "fam2": "sector_tech"
    },
    {
      "t1": "MU",
      "t2": "NVDA",
      "corr_hybrid": 0.682,
      "corr_structured": null,
      "cat1": "Act",
      "cat2": "Act",
      "exp1": null,
      "exp2": null,
      "fam1": null,
      "fam2": null
    },
    {
      "t1": "SLV",
      "t2": "SLVP",
      "corr_hybrid": 0.6622,
      "corr_structured": 0.9,
      "cat1": "ETF",
      "cat2": "ETF",
      "exp1": "silver_physical",
      "exp2": "silver_miners",
      "fam1": "precious_metals",
      "fam2": "precious_metals"
    },
    {
      "t1": "SCHD",
      "t2": "XLE",
      "corr_hybrid": 0.6585,
      "corr_structured": 0.2,
      "cat1": "ETF",
      "cat2": "ETF",
      "exp1": "dividend",
      "exp2": "energy",
      "fam1": "factor_dividend",
      "fam2": "sector_energy"
    },
    {
      "t1": "HAL",
      "t2": "XLE",
      "corr_hybrid": 0.6465,
      "corr_structured": null,
      "cat1": "Act",
      "cat2": "ETF",
      "exp1": null,
      "exp2": "energy",
      "fam1": null,
      "fam2": "sector_energy"
    },
    {
      "t1": "HAL",
      "t2": "SCHD",
      "corr_hybrid": 0.6423,
      "corr_structured": null,
      "cat1": "Act",
      "cat2": "ETF",
      "exp1": null,
      "exp2": "dividend",
      "fam1": null,
      "fam2": "factor_dividend"
    },
    {
      "t1": "SCHD",
      "t2": "SPYV",
      "corr_hybrid": 0.6341,
      "corr_structured": 0.8,
      "cat1": "ETF",
      "cat2": "ETF",
      "exp1": "dividend",
      "exp2": "sp500_value",
      "fam1": "factor_dividend",
      "fam2": "factor_value"
    },
    {
      "t1": "FLKR",
      "t2": "SOXX",
      "corr_hybrid": 0.6189,
      "corr_structured": 0.2,
      "cat1": "ETF",
      "cat2": "ETF",
      "exp1": "south_korea",
      "exp2": "semiconductor",
      "fam1": "em_equity",
      "fam2": "sector_tech"
    },
    {
      "t1": "SOXX",
      "t2": "SPYV",
      "corr_hybrid": 0.6182,
      "corr_structured": 0.2,
      "cat1": "ETF",
      "cat2": "ETF",
      "exp1": "semiconductor",
      "exp2": "sp500_value",
      "fam1": "sector_tech",
      "fam2": "factor_value"
    },
    {
      "t1": "EOG",
      "t2": "XLE",
      "corr_hybrid": 0.6167,
      "corr_structured": null,
      "cat1": "Act",
      "cat2": "ETF",
      "exp1": null,
      "exp2": "energy",
      "fam1": null,
      "fam2": "sector_energy"
    },
    {
      "t1": "REMX",
      "t2": "SLV",
      "corr_hybrid": 0.6143,
      "corr_structured": 0.2,
      "cat1": "ETF",
      "cat2": "ETF",
      "exp1": "rare_earth",
      "exp2": "silver_physical",
      "fam1": null,
      "fam2": "precious_metals"
    },
    {
      "t1": "SPYV",
      "t2": "XLE",
      "corr_hybrid": 0.6131,
      "corr_structured": 0.2,
      "cat1": "ETF",
      "cat2": "ETF",
      "exp1": "sp500_value",
      "exp2": "energy",
      "fam1": "factor_value",
      "fam2": "sector_energy"
    },
    {
      "t1": "HWM",
      "t2": "VRT",
      "corr_hybrid": 0.6115,
      "corr_structured": null,
      "cat1": "Act",
      "cat2": "Act",
      "exp1": null,
      "exp2": null,
      "fam1": null,
      "fam2": null
    },
    {
      "t1": "EOG",
      "t2": "SCHD",
      "corr_hybrid": 0.6111,
      "corr_structured": null,
      "cat1": "Act",
      "cat2": "ETF",
      "exp1": null,
      "exp2": "dividend",
      "fam1": null,
      "fam2": "factor_dividend"
    },
    {
      "t1": "HDV",
      "t2": "SCHD",
      "corr_hybrid": 0.6066,
      "corr_structured": 0.95,
      "cat1": "ETF",
      "cat2": "ETF",
      "exp1": "dividend",
      "exp2": "dividend",
      "fam1": "factor_dividend",
      "fam2": "factor_dividend"
    },
    {
      "t1": "HAL",
      "t2": "SPYV",
      "corr_hybrid": 0.6023,
      "corr_structured": null,
      "cat1": "Act",
      "cat2": "ETF",
      "exp1": null,
      "exp2": "sp500_value",
      "fam1": null,
      "fam2": "factor_value"
    },
    {
      "t1": "EOG",
      "t2": "HAL",
      "corr_hybrid": 0.6001,
      "corr_structured": null,
      "cat1": "Act",
      "cat2": "Act",
      "exp1": null,
      "exp2": null,
      "fam1": null,
      "fam2": null
    },
    {
      "t1": "SOXX",
      "t2": "VSS",
      "corr_hybrid": 0.5874,
      "corr_structured": 0.2,
      "cat1": "ETF",
      "cat2": "ETF",
      "exp1": "semiconductor",
      "exp2": "intl_small_cap",
      "fam1": "sector_tech",
      "fam2": null
    },
    {
      "t1": "FLKR",
      "t2": "MU",
      "corr_hybrid": 0.5834,
      "corr_structured": null,
      "cat1": "ETF",
      "cat2": "Act",
      "exp1": "south_korea",
      "exp2": null,
      "fam1": "em_equity",
      "fam2": null
    },
    {
      "t1": "HDV",
      "t2": "XLE",
      "corr_hybrid": 0.581,
      "corr_structured": 0.2,
      "cat1": "ETF",
      "cat2": "ETF",
      "exp1": "dividend",
      "exp2": "energy",
      "fam1": "factor_dividend",
      "fam2": "sector_energy"
    },
    {
      "t1": "SPYV",
      "t2": "VSS",
      "corr_hybrid": 0.5736,
      "corr_structured": 0.2,
      "cat1": "ETF",
      "cat2": "ETF",
      "exp1": "sp500_value",
      "exp2": "intl_small_cap",
      "fam1": "factor_value",
      "fam2": null
    },
    {
      "t1": "HWM",
      "t2": "SOXX",
      "corr_hybrid": 0.5681,
      "corr_structured": null,
      "cat1": "Act",
      "cat2": "ETF",
      "exp1": null,
      "exp2": "semiconductor",
      "fam1": null,
      "fam2": "sector_tech"
    },
    {
      "t1": "HAL",
      "t2": "HDV",
      "corr_hybrid": 0.5639,
      "corr_structured": null,
      "cat1": "Act",
      "cat2": "ETF",
      "exp1": null,
      "exp2": "dividend",
      "fam1": null,
      "fam2": "factor_dividend"
    },
    {
      "t1": "EOG",
      "t2": "SPYV",
      "corr_hybrid": 0.5586,
      "corr_structured": null,
      "cat1": "Act",
      "cat2": "ETF",
      "exp1": null,
      "exp2": "sp500_value",
      "fam1": null,
      "fam2": "factor_value"
    },
    {
      "t1": "RIO",
      "t2": "VSS",
      "corr_hybrid": 0.5559,
      "corr_structured": null,
      "cat1": "Act",
      "cat2": "ETF",
      "exp1": null,
      "exp2": "intl_small_cap",
      "fam1": null,
      "fam2": null
    }
  ],
  "all_pairs_bottom_10": [
    {
      "t1": "GLD",
      "t2": "SCHP",
      "corr_hybrid": -0.0118,
      "corr_structured": 0.04,
      "cat1": "ETF",
      "cat2": "Act",
      "exp1": "gold_physical",
      "exp2": "bonds_tips",
      "fam1": "gold",
      "fam2": "bonds_gov"
    },
    {
      "t1": "SCHP",
      "t2": "SLV",
      "corr_hybrid": -0.0115,
      "corr_structured": 0.2,
      "cat1": "Act",
      "cat2": "ETF",
      "exp1": "bonds_tips",
      "exp2": "silver_physical",
      "fam1": "bonds_gov",
      "fam2": "precious_metals"
    },
    {
      "t1": "3017",
      "t2": "GLD",
      "corr_hybrid": -0.0046,
      "corr_structured": null,
      "cat1": "Act",
      "cat2": "ETF",
      "exp1": null,
      "exp2": "gold_physical",
      "fam1": null,
      "fam2": "gold"
    },
    {
      "t1": "AGS",
      "t2": "GLD",
      "corr_hybrid": -0.0046,
      "corr_structured": null,
      "cat1": "Act",
      "cat2": "ETF",
      "exp1": null,
      "exp2": "gold_physical",
      "fam1": null,
      "fam2": "gold"
    },
    {
      "t1": "FLKR",
      "t2": "PG",
      "corr_hybrid": 0.0046,
      "corr_structured": null,
      "cat1": "ETF",
      "cat2": "Act",
      "exp1": "south_korea",
      "exp2": null,
      "fam1": "em_equity",
      "fam2": null
    },
    {
      "t1": "NVDA",
      "t2": "PG",
      "corr_hybrid": 0.0044,
      "corr_structured": null,
      "cat1": "Act",
      "cat2": "Act",
      "exp1": null,
      "exp2": null,
      "fam1": null,
      "fam2": null
    },
    {
      "t1": "PG",
      "t2": "SOXX",
      "corr_hybrid": -0.0034,
      "corr_structured": null,
      "cat1": "Act",
      "cat2": "ETF",
      "exp1": null,
      "exp2": "semiconductor",
      "fam1": null,
      "fam2": "sector_tech"
    },
    {
      "t1": "JNJ",
      "t2": "NVDA",
      "corr_hybrid": 0.0029,
      "corr_structured": null,
      "cat1": "Act",
      "cat2": "Act",
      "exp1": null,
      "exp2": null,
      "fam1": null,
      "fam2": null
    },
    {
      "t1": "HWM",
      "t2": "SCHN",
      "corr_hybrid": 0.0011,
      "corr_structured": null,
      "cat1": "Act",
      "cat2": "Act",
      "exp1": null,
      "exp2": null,
      "fam1": null,
      "fam2": null
    },
    {
      "t1": "HAL",
      "t2": "SLVP",
      "corr_hybrid": 0.0,
      "corr_structured": null,
      "cat1": "Act",
      "cat2": "ETF",
      "exp1": null,
      "exp2": "silver_miners",
      "fam1": null,
      "fam2": "precious_metals"
    }
  ],
  "correlation_matrix": {
    "tickers": [
      "3017",
      "ACWV",
      "AGS",
      "BSV",
      "CLTL",
      "EOG",
      "FLKR",
      "GLD",
      "HAL",
      "HDV",
      "HWM",
      "ITX",
      "JAAA",
      "JNJ",
      "MU",
      "NBIX",
      "NVDA",
      "PAAA",
      "PG",
      "PULS",
      "REMX",
      "RIO",
      "SCHD",
      "SCHN",
      "SCHO",
      "SCHP",
      "SCHY",
      "SLV",
      "SLVP",
      "SOXX",
      "SPYV",
      "STIP",
      "VGSH",
      "VICI",
      "VRT",
      "VSS",
      "XBI",
      "XLE",
      "XLV"
    ],
    "matrix": [
      [
        1.0,
        0.352,
        0.3741,
        0.0631,
        0.0631,
        0.308,
        0.1046,
        -0.0046,
        0.3203,
        0.3837,
        0.2953,
        0.3585,
        0.0631,
        0.2803,
        0.0832,
        0.2599,
        0.1942,
        0.0631,
        0.3102,
        0.0631,
        0.1175,
        0.2233,
        0.3814,
        0.1494,
        0.0631,
        0.2737,
        0.2991,
        0.0119,
        0.1497,
        0.174,
        0.3561,
        0.0631,
        0.0631,
        0.3584,
        0.1723,
        0.2654,
        0.261,
        0.3207,
        0.3202
      ],
      [
        0.352,
        1.0,
        0.352,
        0.0766,
        0.0766,
        0.4318,
        0.2667,
        0.1783,
        0.4554,
        0.4851,
        0.325,
        0.2434,
        0.0766,
        0.2957,
        0.229,
        0.3307,
        0.2673,
        0.0766,
        0.3012,
        0.0766,
        0.3359,
        0.4061,
        0.5056,
        0.1264,
        0.0766,
        0.2468,
        0.4227,
        0.2312,
        0.2233,
        0.3382,
        0.4827,
        0.0766,
        0.0766,
        0.3901,
        0.2453,
        0.4368,
        0.363,
        0.4679,
        0.3951
      ],
      [
        0.3741,
        0.352,
        1.0,
        0.0631,
        0.0631,
        0.308,
        0.1046,
        -0.0046,
        0.3203,
        0.3837,
        0.2953,
        0.3585,
        0.0631,
        0.2803,
        0.0832,
        0.2599,
        0.1942,
        0.0631,
        0.3102,
        0.0631,
        0.1175,
        0.2233,
        0.3814,
        0.1494,
        0.0631,
        0.2737,
        0.2991,
        0.0119,
        0.1497,
        0.174,
        0.3561,
        0.0631,
        0.0631,
        0.3584,
        0.1723,
        0.2654,
        0.261,
        0.3207,
        0.3202
      ],
      [
        0.0631,
        0.0766,
        0.0631,
        1.0,
        0.0142,
        0.0736,
        0.0388,
        0.0384,
        0.0766,
        0.0865,
        0.0477,
        0.0487,
        0.0142,
        0.0581,
        0.024,
        0.0543,
        0.0332,
        0.0142,
        0.0592,
        0.0142,
        0.0585,
        0.0721,
        0.0866,
        0.0259,
        0.0142,
        0.046,
        0.0753,
        0.047,
        0.046,
        0.0452,
        0.0791,
        0.0142,
        0.0142,
        0.0727,
        0.0278,
        0.074,
        0.0604,
        0.0794,
        0.0686
      ],
      [
        0.0631,
        0.0766,
        0.0631,
        0.0142,
        1.0,
        0.0736,
        0.0388,
        0.0384,
        0.0766,
        0.0865,
        0.0477,
        0.0487,
        0.0142,
        0.0581,
        0.024,
        0.0543,
        0.0332,
        0.0142,
        0.0592,
        0.0142,
        0.0585,
        0.0721,
        0.0866,
        0.0259,
        0.0142,
        0.046,
        0.0753,
        0.047,
        0.046,
        0.0452,
        0.0791,
        0.0142,
        0.0142,
        0.0727,
        0.0278,
        0.074,
        0.0604,
        0.0794,
        0.0686
      ],
      [
        0.308,
        0.4318,
        0.308,
        0.0736,
        0.0736,
        1.0,
        0.3239,
        0.0947,
        0.6001,
        0.5415,
        0.3002,
        0.0681,
        0.0736,
        0.2735,
        0.3312,
        0.3744,
        0.3016,
        0.0736,
        0.2561,
        0.0736,
        0.3578,
        0.4184,
        0.6111,
        0.1366,
        0.0736,
        0.2099,
        0.4235,
        0.1166,
        -0.024,
        0.4326,
        0.5586,
        0.0736,
        0.0736,
        0.3814,
        0.2281,
        0.4529,
        0.3912,
        0.6167,
        0.4249
      ],
      [
        0.1046,
        0.2667,
        0.1046,
        0.0388,
        0.0388,
        0.3239,
        1.0,
        0.2587,
        0.372,
        0.288,
        0.3797,
        -0.0987,
        0.0388,
        0.0302,
        0.5834,
        0.2905,
        0.4761,
        0.0388,
        0.0046,
        0.0388,
        0.4668,
        0.4208,
        0.3739,
        -0.0673,
        0.0388,
        0.025,
        0.3358,
        0.3678,
        0.2113,
        0.6189,
        0.4568,
        0.0388,
        0.0388,
        0.1236,
        0.5295,
        0.4836,
        0.3531,
        0.3815,
        0.2708
      ],
      [
        -0.0046,
        0.1783,
        -0.0046,
        0.0384,
        0.0384,
        0.0947,
        0.2587,
        1.0,
        0.1124,
        0.169,
        0.0253,
        -0.0353,
        0.0384,
        0.0958,
        0.1101,
        0.0805,
        0.0314,
        0.0384,
        0.0653,
        0.0384,
        0.4883,
        0.419,
        0.1401,
        -0.0471,
        0.0384,
        -0.0118,
        0.2914,
        0.7076,
        0.5171,
        0.1736,
        0.1585,
        0.0384,
        0.0384,
        0.1022,
        0.0833,
        0.3615,
        0.1766,
        0.1404,
        0.1254
      ],
      [
        0.3203,
        0.4554,
        0.3203,
        0.0766,
        0.0766,
        0.6001,
        0.372,
        0.1124,
        1.0,
        0.5639,
        0.3468,
        0.0647,
        0.0766,
        0.272,
        0.3945,
        0.4028,
        0.3574,
        0.0766,
        0.2536,
        0.0766,
        0.3972,
        0.4538,
        0.6423,
        0.1271,
        0.0766,
        0.2129,
        0.4525,
        0.146,
        0.0,
        0.4977,
        0.6023,
        0.0766,
        0.0766,
        0.3899,
        0.2929,
        0.4978,
        0.4252,
        0.6465,
        0.4494
      ],
      [
        0.3837,
        0.4851,
        0.3837,
        0.0865,
        0.0865,
        0.5415,
        0.288,
        0.169,
        0.5639,
        1.0,
        0.3209,
        0.2202,
        0.0865,
        0.3441,
        0.2408,
        0.377,
        0.2658,
        0.0865,
        0.3418,
        0.0865,
        0.3704,
        0.4525,
        0.6066,
        0.1634,
        0.0865,
        0.273,
        0.4722,
        0.208,
        0.1477,
        0.366,
        0.5536,
        0.0865,
        0.0865,
        0.4496,
        0.2099,
        0.4781,
        0.4045,
        0.581,
        0.4531
      ],
      [
        0.2953,
        0.325,
        0.2953,
        0.0477,
        0.0477,
        0.3002,
        0.3797,
        0.0253,
        0.3468,
        0.3209,
        1.0,
        0.1926,
        0.0477,
        0.1053,
        0.5234,
        0.3356,
        0.5478,
        0.0477,
        0.1244,
        0.0477,
        0.2669,
        0.3031,
        0.3892,
        0.0011,
        0.0477,
        0.1685,
        0.3191,
        0.1102,
        0.2061,
        0.5681,
        0.4842,
        0.0477,
        0.0477,
        0.2223,
        0.6115,
        0.4163,
        0.364,
        0.3385,
        0.3237
      ],
      [
        0.3585,
        0.2434,
        0.3585,
        0.0487,
        0.0487,
        0.0681,
        -0.0987,
        -0.0353,
        0.0647,
        0.2202,
        0.1926,
        1.0,
        0.0487,
        0.2664,
        -0.1755,
        0.1206,
        0.0206,
        0.0487,
        0.323,
        0.0487,
        -0.0643,
        0.059,
        0.1537,
        0.1509,
        0.0487,
        0.2808,
        0.17,
        -0.0294,
        0.268,
        -0.0976,
        0.1326,
        0.0487,
        0.0487,
        0.3018,
        0.0277,
        0.0814,
        0.1127,
        0.0573,
        0.1915
      ],
      [
        0.0631,
        0.0766,
        0.0631,
        0.0142,
        0.0142,
        0.0736,
        0.0388,
        0.0384,
        0.0766,
        0.0865,
        0.0477,
        0.0487,
        1.0,
        0.0581,
        0.024,
        0.0543,
        0.0332,
        0.0142,
        0.0592,
        0.0142,
        0.0585,
        0.0721,
        0.0866,
        0.0259,
        0.0142,
        0.046,
        0.0753,
        0.047,
        0.046,
        0.0452,
        0.0791,
        0.0142,
        0.0142,
        0.0727,
        0.0278,
        0.074,
        0.0604,
        0.0794,
        0.0686
      ],
      [
        0.2803,
        0.2957,
        0.2803,
        0.0581,
        0.0581,
        0.2735,
        0.0302,
        0.0958,
        0.272,
        0.3441,
        0.1053,
        0.2664,
        0.0581,
        1.0,
        -0.0756,
        0.1776,
        0.0029,
        0.0581,
        0.2959,
        0.0581,
        0.1343,
        0.2187,
        0.3186,
        0.1573,
        0.0581,
        0.2218,
        0.2646,
        0.0978,
        0.1352,
        0.0189,
        0.2479,
        0.0581,
        0.0581,
        0.3259,
        -0.0489,
        0.2063,
        0.1847,
        0.2832,
        0.2561
      ],
      [
        0.0832,
        0.229,
        0.0832,
        0.024,
        0.024,
        0.3312,
        0.5834,
        0.1101,
        0.3945,
        0.2408,
        0.5234,
        -0.1755,
        0.024,
        -0.0756,
        1.0,
        0.334,
        0.682,
        0.024,
        -0.0996,
        0.024,
        0.431,
        0.371,
        0.3788,
        -0.126,
        0.024,
        -0.0154,
        0.2905,
        0.2236,
        0.0897,
        0.8147,
        0.519,
        0.024,
        0.024,
        0.0446,
        0.7624,
        0.492,
        0.3848,
        0.3923,
        0.2649
      ],
      [
        0.2599,
        0.3307,
        0.2599,
        0.0543,
        0.0543,
        0.3744,
        0.2905,
        0.0805,
        0.4028,
        0.377,
        0.3356,
        0.1206,
        0.0543,
        0.1776,
        0.334,
        1.0,
        0.3341,
        0.0543,
        0.1775,
        0.0543,
        0.2789,
        0.321,
        0.4284,
        0.0662,
        0.0543,
        0.1666,
        0.3274,
        0.1272,
        0.1015,
        0.4025,
        0.4387,
        0.0543,
        0.0543,
        0.2699,
        0.3268,
        0.375,
        0.3204,
        0.4085,
        0.322
      ],
      [
        0.1942,
        0.2673,
        0.1942,
        0.0332,
        0.0332,
        0.3016,
        0.4761,
        0.0314,
        0.3574,
        0.2658,
        0.5478,
        0.0206,
        0.0332,
        0.0029,
        0.682,
        0.3341,
        1.0,
        0.0332,
        0.0044,
        0.0332,
        0.3213,
        0.3128,
        0.3716,
        -0.0665,
        0.0332,
        0.0782,
        0.2887,
        0.1285,
        0.1341,
        0.698,
        0.4972,
        0.0332,
        0.0332,
        0.1237,
        0.712,
        0.439,
        0.3693,
        0.3492,
        0.2877
      ],
      [
        0.0631,
        0.0766,
        0.0631,
        0.0142,
        0.0142,
        0.0736,
        0.0388,
        0.0384,
        0.0766,
        0.0865,
        0.0477,
        0.0487,
        0.0142,
        0.0581,
        0.024,
        0.0543,
        0.0332,
        1.0,
        0.0592,
        0.0142,
        0.0585,
        0.0721,
        0.0866,
        0.0259,
        0.0142,
        0.046,
        0.0753,
        0.047,
        0.046,
        0.0452,
        0.0791,
        0.0142,
        0.0142,
        0.0727,
        0.0278,
        0.074,
        0.0604,
        0.0794,
        0.0686
      ],
      [
        0.3102,
        0.3012,
        0.3102,
        0.0592,
        0.0592,
        0.2561,
        0.0046,
        0.0653,
        0.2536,
        0.3418,
        0.1244,
        0.323,
        0.0592,
        0.2959,
        -0.0996,
        0.1775,
        0.0044,
        0.0592,
        1.0,
        0.0592,
        0.0983,
        0.196,
        0.309,
        0.1676,
        0.0592,
        0.2453,
        0.2584,
        0.0647,
        0.1502,
        -0.0034,
        0.2409,
        0.0592,
        0.0592,
        0.3399,
        -0.043,
        0.1897,
        0.18,
        0.2619,
        0.2586
      ],
      [
        0.0631,
        0.0766,
        0.0631,
        0.0142,
        0.0142,
        0.0736,
        0.0388,
        0.0384,
        0.0766,
        0.0865,
        0.0477,
        0.0487,
        0.0142,
        0.0581,
        0.024,
        0.0543,
        0.0332,
        0.0142,
        0.0592,
        1.0,
        0.0585,
        0.0721,
        0.0866,
        0.0259,
        0.0142,
        0.046,
        0.0753,
        0.047,
        0.046,
        0.0452,
        0.0791,
        0.0142,
        0.0142,
        0.0727,
        0.0278,
        0.074,
        0.0604,
        0.0794,
        0.0686
      ],
      [
        0.1175,
        0.3359,
        0.1175,
        0.0585,
        0.0585,
        0.3578,
        0.4668,
        0.4883,
        0.3972,
        0.3704,
        0.2669,
        -0.0643,
        0.0585,
        0.1343,
        0.431,
        0.2789,
        0.3213,
        0.0585,
        0.0983,
        0.0585,
        1.0,
        0.5496,
        0.4145,
        -0.0271,
        0.0585,
        0.0522,
        0.4338,
        0.6143,
        0.3841,
        0.5091,
        0.4507,
        0.0585,
        0.0585,
        0.2094,
        0.3567,
        0.5543,
        0.3686,
        0.4226,
        0.3069
      ],
      [
        0.2233,
        0.4061,
        0.2233,
        0.0721,
        0.0721,
        0.4184,
        0.4208,
        0.419,
        0.4538,
        0.4525,
        0.3031,
        0.059,
        0.0721,
        0.2187,
        0.371,
        0.321,
        0.3128,
        0.0721,
        0.196,
        0.0721,
        0.5496,
        1.0,
        0.4872,
        0.0362,
        0.0721,
        0.1377,
        0.4713,
        0.5267,
        0.3635,
        0.4712,
        0.4988,
        0.0721,
        0.0721,
        0.3062,
        0.3265,
        0.5559,
        0.3967,
        0.4772,
        0.3698
      ],
      [
        0.3814,
        0.5056,
        0.3814,
        0.0866,
        0.0866,
        0.6111,
        0.3739,
        0.1401,
        0.6423,
        0.6066,
        0.3892,
        0.1537,
        0.0866,
        0.3186,
        0.3788,
        0.4284,
        0.3716,
        0.0866,
        0.309,
        0.0866,
        0.4145,
        0.4872,
        1.0,
        0.1461,
        0.0866,
        0.2591,
        0.4972,
        0.184,
        0.0834,
        0.4976,
        0.6341,
        0.0866,
        0.0866,
        0.4436,
        0.3154,
        0.534,
        0.4556,
        0.6585,
        0.4878
      ],
      [
        0.1494,
        0.1264,
        0.1494,
        0.0259,
        0.0259,
        0.1366,
        -0.0673,
        -0.0471,
        0.1271,
        0.1634,
        0.0011,
        0.1509,
        0.0259,
        0.1573,
        -0.126,
        0.0662,
        -0.0665,
        0.0259,
        0.1676,
        0.0259,
        -0.0271,
        0.0362,
        0.1461,
        1.0,
        0.0259,
        0.1273,
        0.0866,
        -0.0783,
        -0.0382,
        -0.0801,
        0.0832,
        0.0259,
        0.0259,
        0.1713,
        -0.1202,
        0.025,
        0.0498,
        0.1307,
        0.111
      ],
      [
        0.0631,
        0.0766,
        0.0631,
        0.0142,
        0.0142,
        0.0736,
        0.0388,
        0.0384,
        0.0766,
        0.0865,
        0.0477,
        0.0487,
        0.0142,
        0.0581,
        0.024,
        0.0543,
        0.0332,
        0.0142,
        0.0592,
        0.0142,
        0.0585,
        0.0721,
        0.0866,
        0.0259,
        1.0,
        0.046,
        0.0753,
        0.047,
        0.046,
        0.0452,
        0.0791,
        0.0142,
        0.0142,
        0.0727,
        0.0278,
        0.074,
        0.0604,
        0.0794,
        0.0686
      ],
      [
        0.2737,
        0.2468,
        0.2737,
        0.046,
        0.046,
        0.2099,
        0.025,
        -0.0118,
        0.2129,
        0.273,
        0.1685,
        0.2808,
        0.046,
        0.2218,
        -0.0154,
        0.1666,
        0.0782,
        0.046,
        0.2453,
        0.046,
        0.0522,
        0.1377,
        0.2591,
        0.1273,
        0.046,
        1.0,
        0.2015,
        -0.0115,
        0.0969,
        0.0545,
        0.2234,
        0.046,
        0.046,
        0.2696,
        0.0505,
        0.1564,
        0.1625,
        0.2141,
        0.2197
      ],
      [
        0.2991,
        0.4227,
        0.2991,
        0.0753,
        0.0753,
        0.4235,
        0.3358,
        0.2914,
        0.4525,
        0.4722,
        0.3191,
        0.17,
        0.0753,
        0.2646,
        0.2905,
        0.3274,
        0.2887,
        0.0753,
        0.2584,
        0.0753,
        0.4338,
        0.4713,
        0.4972,
        0.0866,
        0.0753,
        0.2015,
        1.0,
        0.3706,
        0.2985,
        0.3969,
        0.4909,
        0.0753,
        0.0753,
        0.3561,
        0.2846,
        0.4933,
        0.38,
        0.4698,
        0.3858
      ],
      [
        0.0119,
        0.2312,
        0.0119,
        0.047,
        0.047,
        0.1166,
        0.3678,
        0.7076,
        0.146,
        0.208,
        0.1102,
        -0.0294,
        0.047,
        0.0978,
        0.2236,
        0.1272,
        0.1285,
        0.047,
        0.0647,
        0.047,
        0.6143,
        0.5267,
        0.184,
        -0.0783,
        0.047,
        -0.0115,
        0.3706,
        1.0,
        0.6622,
        0.2958,
        0.2345,
        0.047,
        0.047,
        0.1188,
        0.2133,
        0.4781,
        0.2483,
        0.1766,
        0.17
      ],
      [
        0.1497,
        0.2233,
        0.1497,
        0.046,
        0.046,
        -0.024,
        0.2113,
        0.5171,
        0.0,
        0.1477,
        0.2061,
        0.268,
        0.046,
        0.1352,
        0.0897,
        0.1015,
        0.1341,
        0.046,
        0.1502,
        0.046,
        0.3841,
        0.3635,
        0.0834,
        -0.0382,
        0.046,
        0.0969,
        0.2985,
        0.6622,
        1.0,
        0.1592,
        0.1584,
        0.046,
        0.046,
        0.1575,
        0.2515,
        0.3516,
        0.195,
        0.0119,
        0.1496
      ],
      [
        0.174,
        0.3382,
        0.174,
        0.0452,
        0.0452,
        0.4326,
        0.6189,
        0.1736,
        0.4977,
        0.366,
        0.5681,
        -0.0976,
        0.0452,
        0.0189,
        0.8147,
        0.4025,
        0.698,
        0.0452,
        -0.0034,
        0.0452,
        0.5091,
        0.4712,
        0.4976,
        -0.0801,
        0.0452,
        0.0545,
        0.3969,
        0.2958,
        0.1592,
        1.0,
        0.6182,
        0.0452,
        0.0452,
        0.1557,
        0.7652,
        0.5874,
        0.4614,
        0.5006,
        0.3595
      ],
      [
        0.3561,
        0.4827,
        0.3561,
        0.0791,
        0.0791,
        0.5586,
        0.4568,
        0.1585,
        0.6023,
        0.5536,
        0.4842,
        0.1326,
        0.0791,
        0.2479,
        0.519,
        0.4387,
        0.4972,
        0.0791,
        0.2409,
        0.0791,
        0.4507,
        0.4988,
        0.6341,
        0.0832,
        0.0791,
        0.2234,
        0.4909,
        0.2345,
        0.1584,
        0.6182,
        1.0,
        0.0791,
        0.0791,
        0.3827,
        0.4883,
        0.5736,
        0.4784,
        0.6131,
        0.4711
      ],
      [
        0.0631,
        0.0766,
        0.0631,
        0.0142,
        0.0142,
        0.0736,
        0.0388,
        0.0384,
        0.0766,
        0.0865,
        0.0477,
        0.0487,
        0.0142,
        0.0581,
        0.024,
        0.0543,
        0.0332,
        0.0142,
        0.0592,
        0.0142,
        0.0585,
        0.0721,
        0.0866,
        0.0259,
        0.0142,
        0.046,
        0.0753,
        0.047,
        0.046,
        0.0452,
        0.0791,
        1.0,
        0.0142,
        0.0727,
        0.0278,
