{
  "_meta": {
    "generated": "2026-04-21T15:51:21",
    "portfolio_generated": "2026-04-21T15:47:47.421049",
    "n_assets": 41,
    "n_with_returns": 29,
    "covariance_method": "hybrid_shrunk",
    "condition_number": 325.2,
    "pca_factors": 6
  },
  "profiles": {
    "Agressif": {
      "n_assets": 15,
      "weighted_avg_correlation": 0.2692,
      "most_correlated": [
        {
          "t1": "COPX",
          "t2": "PICK",
          "corr": 0.8176,
          "w1": 8.0,
          "w2": 8.0,
          "combined_weight": 15.9
        },
        {
          "t1": "PICK",
          "t2": "GDE",
          "corr": 0.7313,
          "w1": 8.0,
          "w2": 9.7,
          "combined_weight": 17.7
        },
        {
          "t1": "COPX",
          "t2": "GDE",
          "corr": 0.731,
          "w1": 8.0,
          "w2": 9.7,
          "combined_weight": 17.7
        },
        {
          "t1": "VRT",
          "t2": "NVDA",
          "corr": 0.7204,
          "w1": 3.9,
          "w2": 6.5,
          "combined_weight": 10.4
        },
        {
          "t1": "URA",
          "t2": "COPX",
          "corr": 0.6688,
          "w1": 8.7,
          "w2": 8.0,
          "combined_weight": 16.7
        },
        {
          "t1": "URA",
          "t2": "PICK",
          "corr": 0.6385,
          "w1": 8.7,
          "w2": 8.0,
          "combined_weight": 16.7
        },
        {
          "t1": "FLKR",
          "t2": "PICK",
          "corr": 0.637,
          "w1": 5.9,
          "w2": 8.0,
          "combined_weight": 13.8
        },
        {
          "t1": "URA",
          "t2": "GDE",
          "corr": 0.6308,
          "w1": 8.7,
          "w2": 9.7,
          "combined_weight": 18.4
        },
        {
          "t1": "FLKR",
          "t2": "COPX",
          "corr": 0.6258,
          "w1": 5.9,
          "w2": 8.0,
          "combined_weight": 13.8
        },
        {
          "t1": "GDE",
          "t2": "GLD",
          "corr": 0.606,
          "w1": 9.7,
          "w2": 9.6,
          "combined_weight": 19.3
        }
      ],
      "least_correlated": [
        {
          "t1": "FLTR",
          "t2": "PAAA",
          "corr": 0.0243,
          "w1": 7.0,
          "w2": 7.0,
          "combined_weight": 13.9
        },
        {
          "t1": "FLTR",
          "t2": "VRT",
          "corr": 0.0213,
          "w1": 7.0,
          "w2": 3.9,
          "combined_weight": 10.9
        },
        {
          "t1": "PAAA",
          "t2": "VRT",
          "corr": 0.0213,
          "w1": 7.0,
          "w2": 3.9,
          "combined_weight": 10.9
        },
        {
          "t1": "URA",
          "t2": "INCY",
          "corr": 0.0108,
          "w1": 8.7,
          "w2": 7.4,
          "combined_weight": 16.1
        },
        {
          "t1": "INCY",
          "t2": "GLD",
          "corr": -0.0278,
          "w1": 7.4,
          "w2": 9.6,
          "combined_weight": 17.0
        }
      ],
      "high_corr_high_weight": [
        {
          "t1": "COPX",
          "t2": "PICK",
          "corr": 0.8176,
          "w1": 8.0,
          "w2": 8.0,
          "combined_weight": 15.9
        },
        {
          "t1": "PICK",
          "t2": "GDE",
          "corr": 0.7313,
          "w1": 8.0,
          "w2": 9.7,
          "combined_weight": 17.7
        },
        {
          "t1": "COPX",
          "t2": "GDE",
          "corr": 0.731,
          "w1": 8.0,
          "w2": 9.7,
          "combined_weight": 17.7
        },
        {
          "t1": "VRT",
          "t2": "NVDA",
          "corr": 0.7204,
          "w1": 3.9,
          "w2": 6.5,
          "combined_weight": 10.4
        }
      ]
    },
    "Mod\u00e9r\u00e9": {
      "n_assets": 16,
      "weighted_avg_correlation": 0.1532,
      "most_correlated": [
        {
          "t1": "FNDF",
          "t2": "VSS",
          "corr": 0.6742,
          "w1": 6.6,
          "w2": 9.2,
          "combined_weight": 15.8
        },
        {
          "t1": "FNDF",
          "t2": "FDVV",
          "corr": 0.5768,
          "w1": 6.6,
          "w2": 5.5,
          "combined_weight": 12.2
        },
        {
          "t1": "FDVV",
          "t2": "VSS",
          "corr": 0.5683,
          "w1": 5.5,
          "w2": 9.2,
          "combined_weight": 14.7
        },
        {
          "t1": "FNDF",
          "t2": "XLV",
          "corr": 0.4653,
          "w1": 6.6,
          "w2": 3.1,
          "combined_weight": 9.7
        },
        {
          "t1": "VSS",
          "t2": "GLD",
          "corr": 0.4575,
          "w1": 9.2,
          "w2": 5.1,
          "combined_weight": 14.3
        },
        {
          "t1": "FDVV",
          "t2": "XLV",
          "corr": 0.4533,
          "w1": 5.5,
          "w2": 3.1,
          "combined_weight": 8.6
        },
        {
          "t1": "SCHD",
          "t2": "FNDF",
          "corr": 0.4487,
          "w1": 9.2,
          "w2": 6.6,
          "combined_weight": 15.8
        },
        {
          "t1": "VSS",
          "t2": "XLV",
          "corr": 0.4376,
          "w1": 9.2,
          "w2": 3.1,
          "combined_weight": 12.2
        },
        {
          "t1": "SCHD",
          "t2": "XLV",
          "corr": 0.4374,
          "w1": 9.2,
          "w2": 3.1,
          "combined_weight": 12.2
        },
        {
          "t1": "SCHD",
          "t2": "FDVV",
          "corr": 0.4173,
          "w1": 9.2,
          "w2": 5.5,
          "combined_weight": 14.7
        }
      ],
      "least_correlated": [
        {
          "t1": "ITX",
          "t2": "GLD",
          "corr": -0.0014,
          "w1": 8.2,
          "w2": 5.1,
          "combined_weight": 13.3
        },
        {
          "t1": "ITX",
          "t2": "FNDF",
          "corr": -0.0034,
          "w1": 8.2,
          "w2": 6.6,
          "combined_weight": 14.8
        },
        {
          "t1": "NOVN",
          "t2": "GLD",
          "corr": -0.0159,
          "w1": 3.1,
          "w2": 5.1,
          "combined_weight": 8.2
        },
        {
          "t1": "EOG",
          "t2": "XLV",
          "corr": -0.0318,
          "w1": 5.1,
          "w2": 3.1,
          "combined_weight": 8.2
        },
        {
          "t1": "ITX",
          "t2": "EOG",
          "corr": -0.0471,
          "w1": 8.2,
          "w2": 5.1,
          "combined_weight": 13.3
        }
      ],
      "high_corr_high_weight": []
    },
    "Stable": {
      "n_assets": 15,
      "weighted_avg_correlation": 0.1238,
      "most_correlated": [
        {
          "t1": "ACWV",
          "t2": "XLV",
          "corr": 0.5093,
          "w1": 4.8,
          "w2": 4.4,
          "combined_weight": 9.2
        },
        {
          "t1": "IG",
          "t2": "SUNPHARMA",
          "corr": 0.5002,
          "w1": 5.3,
          "w2": 5.4,
          "combined_weight": 10.7
        },
        {
          "t1": "SPYV",
          "t2": "XLV",
          "corr": 0.4876,
          "w1": 4.4,
          "w2": 4.4,
          "combined_weight": 8.8
        },
        {
          "t1": "ACWV",
          "t2": "SPYV",
          "corr": 0.4691,
          "w1": 4.8,
          "w2": 4.4,
          "combined_weight": 9.2
        },
        {
          "t1": "SPLV",
          "t2": "XLV",
          "corr": 0.4498,
          "w1": 5.9,
          "w2": 4.4,
          "combined_weight": 10.2
        },
        {
          "t1": "ACWV",
          "t2": "SPLV",
          "corr": 0.4316,
          "w1": 4.8,
          "w2": 5.9,
          "combined_weight": 10.7
        },
        {
          "t1": "SUNPHARMA",
          "t2": "SHEL",
          "corr": 0.4246,
          "w1": 5.4,
          "w2": 4.4,
          "combined_weight": 9.9
        },
        {
          "t1": "VICI",
          "t2": "SUNPHARMA",
          "corr": 0.4122,
          "w1": 5.3,
          "w2": 5.4,
          "combined_weight": 10.7
        },
        {
          "t1": "VICI",
          "t2": "JNJ",
          "corr": 0.3859,
          "w1": 5.3,
          "w2": 5.3,
          "combined_weight": 10.6
        },
        {
          "t1": "SPLV",
          "t2": "JNJ",
          "corr": 0.3819,
          "w1": 5.9,
          "w2": 5.3,
          "combined_weight": 11.1
        }
      ],
      "least_correlated": [
        {
          "t1": "BSV",
          "t2": "STIP",
          "corr": 0.0243,
          "w1": 11.8,
          "w2": 13.0,
          "combined_weight": 24.8
        },
        {
          "t1": "CLTL",
          "t2": "VGSH",
          "corr": 0.0243,
          "w1": 7.6,
          "w2": 13.0,
          "combined_weight": 20.6
        },
        {
          "t1": "CLTL",
          "t2": "STIP",
          "corr": 0.0243,
          "w1": 7.6,
          "w2": 13.0,
          "combined_weight": 20.6
        },
        {
          "t1": "VGSH",
          "t2": "STIP",
          "corr": 0.0243,
          "w1": 13.0,
          "w2": 13.0,
          "combined_weight": 26.0
        },
        {
          "t1": "IG",
          "t2": "GLD",
          "corr": 0.0152,
          "w1": 5.3,
          "w2": 4.1,
          "combined_weight": 9.4
        }
      ],
      "high_corr_high_weight": []
    }
  },
  "all_pairs_top_30": [
    {
      "t1": "COPX",
      "t2": "PICK",
      "corr_hybrid": 0.8176,
      "corr_structured": 0.2,
      "cat1": "ETF",
      "cat2": "ETF",
      "exp1": "copper",
      "exp2": "metals_mining",
      "fam1": "commodities",
      "fam2": null
    },
    {
      "t1": "GDE",
      "t2": "PICK",
      "corr_hybrid": 0.7313,
      "corr_structured": 0.2,
      "cat1": "ETF",
      "cat2": "ETF",
      "exp1": "gold_leveraged",
      "exp2": "metals_mining",
      "fam1": null,
      "fam2": null
    },
    {
      "t1": "COPX",
      "t2": "GDE",
      "corr_hybrid": 0.731,
      "corr_structured": 0.2,
      "cat1": "ETF",
      "cat2": "ETF",
      "exp1": "copper",
      "exp2": "gold_leveraged",
      "fam1": "commodities",
      "fam2": null
    },
    {
      "t1": "PICK",
      "t2": "VSS",
      "corr_hybrid": 0.7205,
      "corr_structured": 0.2,
      "cat1": "ETF",
      "cat2": "ETF",
      "exp1": "metals_mining",
      "exp2": "intl_small_cap",
      "fam1": null,
      "fam2": null
    },
    {
      "t1": "NVDA",
      "t2": "VRT",
      "corr_hybrid": 0.7204,
      "corr_structured": null,
      "cat1": "Act",
      "cat2": "Act",
      "exp1": null,
      "exp2": null,
      "fam1": null,
      "fam2": null
    },
    {
      "t1": "COPX",
      "t2": "VSS",
      "corr_hybrid": 0.7021,
      "corr_structured": 0.2,
      "cat1": "ETF",
      "cat2": "ETF",
      "exp1": "copper",
      "exp2": "intl_small_cap",
      "fam1": "commodities",
      "fam2": null
    },
    {
      "t1": "FNDF",
      "t2": "PICK",
      "corr_hybrid": 0.6909,
      "corr_structured": 0.2,
      "cat1": "ETF",
      "cat2": "ETF",
      "exp1": "international",
      "exp2": "metals_mining",
      "fam1": "intl_equity",
      "fam2": null
    },
    {
      "t1": "FNDF",
      "t2": "VSS",
      "corr_hybrid": 0.6742,
      "corr_structured": 0.2,
      "cat1": "ETF",
      "cat2": "ETF",
      "exp1": "international",
      "exp2": "intl_small_cap",
      "fam1": "intl_equity",
      "fam2": null
    },
    {
      "t1": "COPX",
      "t2": "URA",
      "corr_hybrid": 0.6688,
      "corr_structured": 0.9,
      "cat1": "ETF",
      "cat2": "ETF",
      "exp1": "copper",
      "exp2": "uranium",
      "fam1": "commodities",
      "fam2": "commodities"
    },
    {
      "t1": "COPX",
      "t2": "FNDF",
      "corr_hybrid": 0.665,
      "corr_structured": 0.2,
      "cat1": "ETF",
      "cat2": "ETF",
      "exp1": "copper",
      "exp2": "international",
      "fam1": "commodities",
      "fam2": "intl_equity"
    },
    {
      "t1": "GDE",
      "t2": "VSS",
      "corr_hybrid": 0.6505,
      "corr_structured": 0.2,
      "cat1": "ETF",
      "cat2": "ETF",
      "exp1": "gold_leveraged",
      "exp2": "intl_small_cap",
      "fam1": null,
      "fam2": null
    },
    {
      "t1": "PICK",
      "t2": "URA",
      "corr_hybrid": 0.6385,
      "corr_structured": 0.2,
      "cat1": "ETF",
      "cat2": "ETF",
      "exp1": "metals_mining",
      "exp2": "uranium",
      "fam1": null,
      "fam2": "commodities"
    },
    {
      "t1": "FLKR",
      "t2": "PICK",
      "corr_hybrid": 0.637,
      "corr_structured": 0.2,
      "cat1": "ETF",
      "cat2": "ETF",
      "exp1": "south_korea",
      "exp2": "metals_mining",
      "fam1": "em_equity",
      "fam2": null
    },
    {
      "t1": "GDE",
      "t2": "URA",
      "corr_hybrid": 0.6308,
      "corr_structured": 0.2,
      "cat1": "ETF",
      "cat2": "ETF",
      "exp1": "gold_leveraged",
      "exp2": "uranium",
      "fam1": null,
      "fam2": "commodities"
    },
    {
      "t1": "COPX",
      "t2": "FLKR",
      "corr_hybrid": 0.6258,
      "corr_structured": 0.2,
      "cat1": "ETF",
      "cat2": "ETF",
      "exp1": "copper",
      "exp2": "south_korea",
      "fam1": "commodities",
      "fam2": "em_equity"
    },
    {
      "t1": "FLKR",
      "t2": "VSS",
      "corr_hybrid": 0.6132,
      "corr_structured": 0.2,
      "cat1": "ETF",
      "cat2": "ETF",
      "exp1": "south_korea",
      "exp2": "intl_small_cap",
      "fam1": "em_equity",
      "fam2": null
    },
    {
      "t1": "COPX",
      "t2": "CS",
      "corr_hybrid": 0.6087,
      "corr_structured": null,
      "cat1": "ETF",
      "cat2": "Act",
      "exp1": "copper",
      "exp2": null,
      "fam1": "commodities",
      "fam2": null
    },
    {
      "t1": "GDE",
      "t2": "GLD",
      "corr_hybrid": 0.606,
      "corr_structured": 0.2,
      "cat1": "ETF",
      "cat2": "ETF",
      "exp1": "gold_leveraged",
      "exp2": "gold_physical",
      "fam1": null,
      "fam2": "gold"
    },
    {
      "t1": "FNDF",
      "t2": "GDE",
      "corr_hybrid": 0.599,
      "corr_structured": 0.2,
      "cat1": "ETF",
      "cat2": "ETF",
      "exp1": "international",
      "exp2": "gold_leveraged",
      "fam1": "intl_equity",
      "fam2": null
    },
    {
      "t1": "INCY",
      "t2": "XLV",
      "corr_hybrid": 0.5978,
      "corr_structured": null,
      "cat1": "Act",
      "cat2": "ETF",
      "exp1": null,
      "exp2": "healthcare",
      "fam1": null,
      "fam2": "sector_healthcare"
    },
    {
      "t1": "FLKR",
      "t2": "FNDF",
      "corr_hybrid": 0.5864,
      "corr_structured": 0.62,
      "cat1": "ETF",
      "cat2": "ETF",
      "exp1": "south_korea",
      "exp2": "international",
      "fam1": "em_equity",
      "fam2": "intl_equity"
    },
    {
      "t1": "2059",
      "t2": "2345",
      "corr_hybrid": 0.586,
      "corr_structured": null,
      "cat1": "Act",
      "cat2": "Act",
      "exp1": null,
      "exp2": null,
      "fam1": null,
      "fam2": null
    },
    {
      "t1": "2059",
      "t2": "SUNPHARMA",
      "corr_hybrid": 0.586,
      "corr_structured": null,
      "cat1": "Act",
      "cat2": "Act",
      "exp1": null,
      "exp2": null,
      "fam1": null,
      "fam2": null
    },
    {
      "t1": "2345",
      "t2": "SUNPHARMA",
      "corr_hybrid": 0.586,
      "corr_structured": null,
      "cat1": "Act",
      "cat2": "Act",
      "exp1": null,
      "exp2": null,
      "fam1": null,
      "fam2": null
    },
    {
      "t1": "COPX",
      "t2": "GLD",
      "corr_hybrid": 0.5857,
      "corr_structured": 0.45,
      "cat1": "ETF",
      "cat2": "ETF",
      "exp1": "copper",
      "exp2": "gold_physical",
      "fam1": "commodities",
      "fam2": "gold"
    },
    {
      "t1": "FDVV",
      "t2": "FNDF",
      "corr_hybrid": 0.5768,
      "corr_structured": 0.2,
      "cat1": "ETF",
      "cat2": "ETF",
      "exp1": "dividend",
      "exp2": "international",
      "fam1": "factor_dividend",
      "fam2": "intl_equity"
    },
    {
      "t1": "FLKR",
      "t2": "GDE",
      "corr_hybrid": 0.5717,
      "corr_structured": 0.2,
      "cat1": "ETF",
      "cat2": "ETF",
      "exp1": "south_korea",
      "exp2": "gold_leveraged",
      "fam1": "em_equity",
      "fam2": null
    },
    {
      "t1": "GLD",
      "t2": "PICK",
      "corr_hybrid": 0.5706,
      "corr_structured": 0.2,
      "cat1": "ETF",
      "cat2": "ETF",
      "exp1": "gold_physical",
      "exp2": "metals_mining",
      "fam1": "gold",
      "fam2": null
    },
    {
      "t1": "FDVV",
      "t2": "VSS",
      "corr_hybrid": 0.5683,
      "corr_structured": 0.2,
      "cat1": "ETF",
      "cat2": "ETF",
      "exp1": "dividend",
      "exp2": "intl_small_cap",
      "fam1": "factor_dividend",
      "fam2": null
    },
    {
      "t1": "INCY",
      "t2": "XBI",
      "corr_hybrid": 0.568,
      "corr_structured": null,
      "cat1": "Act",
      "cat2": "ETF",
      "exp1": null,
      "exp2": "biotech",
      "fam1": null,
      "fam2": "sector_healthcare"
    }
  ],
  "all_pairs_bottom_10": [
    {
      "t1": "EOG",
      "t2": "FLKR",
      "corr_hybrid": -0.01,
      "corr_structured": null,
      "cat1": "Act",
      "cat2": "ETF",
      "exp1": null,
      "exp2": "south_korea",
      "fam1": null,
      "fam2": "em_equity"
    },
    {
      "t1": "ITX",
      "t2": "SHEL",
      "corr_hybrid": -0.0099,
      "corr_structured": null,
      "cat1": "Act",
      "cat2": "Act",
      "exp1": null,
      "exp2": null,
      "fam1": null,
      "fam2": null
    },
    {
      "t1": "CS",
      "t2": "EOG",
      "corr_hybrid": -0.0093,
      "corr_structured": null,
      "cat1": "Act",
      "cat2": "Act",
      "exp1": null,
      "exp2": null,
      "fam1": null,
      "fam2": null
    },
    {
      "t1": "ITX",
      "t2": "XBI",
      "corr_hybrid": 0.0093,
      "corr_structured": null,
      "cat1": "Act",
      "cat2": "ETF",
      "exp1": null,
      "exp2": "biotech",
      "fam1": null,
      "fam2": "sector_healthcare"
    },
    {
      "t1": "SPLV",
      "t2": "URA",
      "corr_hybrid": -0.0067,
      "corr_structured": 0.2,
      "cat1": "ETF",
      "cat2": "ETF",
      "exp1": "sp500",
      "exp2": "uranium",
      "fam1": "us_equity_large",
      "fam2": "commodities"
    },
    {
      "t1": "NOVN",
      "t2": "URA",
      "corr_hybrid": -0.0064,
      "corr_structured": null,
      "cat1": "Act",
      "cat2": "ETF",
      "exp1": null,
      "exp2": "uranium",
      "fam1": null,
      "fam2": "commodities"
    },
    {
      "t1": "ITX",
      "t2": "URA",
      "corr_hybrid": -0.0037,
      "corr_structured": null,
      "cat1": "Act",
      "cat2": "ETF",
      "exp1": null,
      "exp2": "uranium",
      "fam1": null,
      "fam2": "commodities"
    },
    {
      "t1": "FNDF",
      "t2": "ITX",
      "corr_hybrid": -0.0034,
      "corr_structured": null,
      "cat1": "ETF",
      "cat2": "Act",
      "exp1": "international",
      "exp2": null,
      "fam1": "intl_equity",
      "fam2": null
    },
    {
      "t1": "NVDA",
      "t2": "VICI",
      "corr_hybrid": 0.0016,
      "corr_structured": null,
      "cat1": "Act",
      "cat2": "Act",
      "exp1": null,
      "exp2": null,
      "fam1": null,
      "fam2": null
    },
    {
      "t1": "GLD",
      "t2": "ITX",
      "corr_hybrid": -0.0014,
      "corr_structured": null,
      "cat1": "ETF",
      "cat2": "Act",
      "exp1": "gold_physical",
      "exp2": null,
      "fam1": "gold",
      "fam2": null
    }
  ],
  "correlation_matrix": {
    "tickers": [
      "2059",
      "2345",
      "ACWV",
      "BKR",
      "BMED",
      "BSV",
      "CLTL",
      "COPX",
      "CS",
      "EOG",
      "FDVV",
      "FLKR",
      "FLTR",
      "FNDF",
      "GBIL",
      "GDE",
      "GLD",
      "GTIP",
      "IG",
      "INCY",
      "ITX",
      "JAAA",
      "JNJ",
      "LI",
      "NOVN",
      "NVDA",
      "PAAA",
      "PICK",
      "SCHD",
      "SHEL",
      "SPLV",
      "SPYV",
      "STIP",
      "SUNPHARMA",
      "URA",
      "VGSH",
      "VICI",
      "VRT",
      "VSS",
      "XBI",
      "XLV"
    ],
    "matrix": [
      [
        1.0,
        0.586,
        0.3093,
        0.3835,
        0.3272,
        0.0761,
        0.0761,
        0.1366,
        0.1624,
        0.3994,
        0.3207,
        0.124,
        0.0761,
        0.2843,
        0.0761,
        0.1312,
        0.058,
        0.0761,
        0.5002,
        0.261,
        0.3478,
        0.0761,
        0.3765,
        0.2437,
        0.358,
        0.2254,
        0.0761,
        0.1981,
        0.3478,
        0.4246,
        0.2811,
        0.3248,
        0.0761,
        0.586,
        0.0429,
        0.0761,
        0.4122,
        0.1961,
        0.2398,
        0.1843,
        0.2691
      ],
      [
        0.586,
        1.0,
        0.3093,
        0.3835,
        0.3272,
        0.0761,
        0.0761,
        0.1366,
        0.1624,
        0.3994,
        0.3207,
        0.124,
        0.0761,
        0.2843,
        0.0761,
        0.1312,
        0.058,
        0.0761,
        0.5002,
        0.261,
        0.3478,
        0.0761,
        0.3765,
        0.2437,
        0.358,
        0.2254,
        0.0761,
        0.1981,
        0.3478,
        0.4246,
        0.2811,
        0.3248,
        0.0761,
        0.586,
        0.0429,
        0.0761,
        0.4122,
        0.1961,
        0.2398,
        0.1843,
        0.2691
      ],
      [
        0.3093,
        0.3093,
        1.0,
        0.1961,
        0.1158,
        0.1047,
        0.1047,
        0.368,
        0.244,
        0.0377,
        0.4479,
        0.3506,
        0.1047,
        0.4898,
        0.1047,
        0.3723,
        0.2339,
        0.1047,
        0.2063,
        0.4864,
        0.168,
        0.1047,
        0.381,
        0.1715,
        0.1809,
        0.1125,
        0.1047,
        0.4176,
        0.4291,
        0.1609,
        0.4316,
        0.4691,
        0.1047,
        0.3093,
        0.1665,
        0.1047,
        0.3426,
        0.0687,
        0.4767,
        0.4658,
        0.5093
      ],
      [
        0.3835,
        0.3835,
        0.1961,
        1.0,
        0.1954,
        0.0603,
        0.0603,
        0.3045,
        0.1688,
        0.5176,
        0.3087,
        0.2572,
        0.0603,
        0.3315,
        0.0603,
        0.2747,
        0.2009,
        0.0603,
        0.3208,
        0.1093,
        -0.1158,
        0.0603,
        0.1846,
        0.0735,
        0.1654,
        0.2419,
        0.0603,
        0.3452,
        0.3364,
        0.5341,
        0.1468,
        0.2879,
        0.0603,
        0.3835,
        0.1479,
        0.0603,
        0.2258,
        0.242,
        0.2858,
        0.1298,
        0.1406
      ],
      [
        0.3272,
        0.3272,
        0.1158,
        0.1954,
        1.0,
        0.0331,
        0.0331,
        0.024,
        0.028,
        0.2373,
        0.1204,
        0.0135,
        0.0331,
        0.0919,
        0.0331,
        0.0382,
        0.0245,
        0.0331,
        0.292,
        0.0717,
        0.2364,
        0.0331,
        0.1849,
        0.1538,
        0.207,
        0.1149,
        0.0331,
        0.0555,
        0.1381,
        0.2339,
        0.1078,
        0.1196,
        0.0331,
        0.3272,
        0.0241,
        0.0331,
        0.2162,
        0.0974,
        0.0745,
        0.0284,
        0.0765
      ],
      [
        0.0761,
        0.0761,
        0.1047,
        0.0603,
        0.0331,
        1.0,
        0.0243,
        0.0801,
        0.0246,
        0.03,
        0.0984,
        0.0803,
        0.0243,
        0.1064,
        0.0243,
        0.0908,
        0.0619,
        0.0243,
        0.0547,
        0.0992,
        0.0305,
        0.0243,
        0.0822,
        0.0404,
        0.0435,
        0.0318,
        0.0243,
        0.0933,
        0.0952,
        0.052,
        0.0885,
        0.102,
        0.0243,
        0.0761,
        0.0464,
        0.0243,
        0.0775,
        0.0213,
        0.1049,
        0.0944,
        0.1024
      ],
      [
        0.0761,
        0.0761,
        0.1047,
        0.0603,
        0.0331,
        0.0243,
        1.0,
        0.0801,
        0.0246,
        0.03,
        0.0984,
        0.0803,
        0.0243,
        0.1064,
        0.0243,
        0.0908,
        0.0619,
        0.0243,
        0.0547,
        0.0992,
        0.0305,
        0.0243,
        0.0822,
        0.0404,
        0.0435,
        0.0318,
        0.0243,
        0.0933,
        0.0952,
        0.052,
        0.0885,
        0.102,
        0.0243,
        0.0761,
        0.0464,
        0.0243,
        0.0775,
        0.0213,
        0.1049,
        0.0944,
        0.1024
      ],
      [
        0.1366,
        0.1366,
        0.368,
        0.3045,
        0.024,
        0.0801,
        0.0801,
        1.0,
        0.6087,
        0.0342,
        0.5021,
        0.6258,
        0.0801,
        0.665,
        0.0801,
        0.731,
        0.5857,
        0.0801,
        0.0317,
        0.171,
        -0.0832,
        0.0801,
        0.1307,
        0.3095,
        0.0114,
        0.3232,
        0.0801,
        0.8176,
        0.3263,
        0.2569,
        0.2142,
        0.4441,
        0.0801,
        0.1366,
        0.6688,
        0.0801,
        0.1132,
        0.3852,
        0.7021,
        0.3987,
        0.2759
      ],
      [
        0.1624,
        0.1624,
        0.244,
        0.1688,
        0.028,
        0.0246,
        0.0246,
        0.6087,
        1.0,
        -0.0093,
        0.337,
        0.3302,
        0.0246,
        0.4602,
        0.0246,
        0.3343,
        0.2431,
        0.0246,
        0.0675,
        0.0699,
        0.0767,
        0.0246,
        0.12,
        0.224,
        0.0441,
        0.2109,
        0.0246,
        0.5571,
        0.2283,
        0.1949,
        0.1769,
        0.2909,
        0.0246,
        0.1624,
        0.3147,
        0.0246,
        0.0994,
        0.2835,
        0.4371,
        0.2483,
        0.2014
      ],
      [
        0.3994,
        0.3994,
        0.0377,
        0.5176,
        0.2373,
        0.03,
        0.03,
        0.0342,
        -0.0093,
        1.0,
        0.0969,
        -0.01,
        0.03,
        0.0794,
        0.03,
        0.0409,
        0.0667,
        0.03,
        0.3809,
        -0.0691,
        -0.0471,
        0.03,
        0.1596,
        -0.0176,
        0.1878,
        0.0887,
        0.03,
        0.0776,
        0.2254,
        0.5655,
        0.0598,
        0.0918,
        0.03,
        0.3994,
        -0.0785,
        0.03,
        0.2272,
        0.0474,
        0.017,
        -0.1084,
        -0.0318
      ],
      [
        0.3207,
        0.3207,
        0.4479,
        0.3087,
        0.1204,
        0.0984,
        0.0984,
        0.5021,
        0.337,
        0.0969,
        1.0,
        0.5027,
        0.0984,
        0.5768,
        0.0984,
        0.4534,
        0.2512,
        0.0984,
        0.2014,
        0.4592,
        0.0312,
        0.0984,
        0.2742,
        0.2366,
        0.1664,
        0.351,
        0.0984,
        0.542,
        0.4173,
        0.2372,
        0.3243,
        0.518,
        0.0984,
        0.3207,
        0.3457,
        0.0984,
        0.2523,
        0.3861,
        0.5683,
        0.4964,
        0.4533
      ],
      [
        0.124,
        0.124,
        0.3506,
        0.2572,
        0.0135,
        0.0803,
        0.0803,
        0.6258,
        0.3302,
        -0.01,
        0.5027,
        1.0,
        0.0803,
        0.5864,
        0.0803,
        0.5717,
        0.3654,
        0.0803,
        0.0218,
        0.3379,
        -0.15,
        0.0803,
        0.1029,
        0.2368,
        0.0292,
        0.4013,
        0.0803,
        0.637,
        0.3105,
        0.1538,
        0.1894,
        0.4596,
        0.0803,
        0.124,
        0.5368,
        0.0803,
        0.0783,
        0.4815,
        0.6132,
        0.4671,
        0.3361
      ],
      [
        0.0761,
        0.0761,
        0.1047,
        0.0603,
        0.0331,
        0.0243,
        0.0243,
        0.0801,
        0.0246,
        0.03,
        0.0984,
        0.0803,
        1.0,
        0.1064,
        0.0243,
        0.0908,
        0.0619,
        0.0243,
        0.0547,
        0.0992,
        0.0305,
        0.0243,
        0.0822,
        0.0404,
        0.0435,
        0.0318,
        0.0243,
        0.0933,
        0.0952,
        0.052,
        0.0885,
        0.102,
        0.0243,
        0.0761,
        0.0464,
        0.0243,
        0.0775,
        0.0213,
        0.1049,
        0.0944,
        0.1024
      ],
      [
        0.2843,
        0.2843,
        0.4898,
        0.3315,
        0.0919,
        0.1064,
        0.1064,
        0.665,
        0.4602,
        0.0794,
        0.5768,
        0.5864,
        0.1064,
        1.0,
        0.1064,
        0.599,
        0.4026,
        0.1064,
        0.1584,
        0.4254,
        -0.0034,
        0.1064,
        0.2779,
        0.2634,
        0.126,
        0.3306,
        0.1064,
        0.6909,
        0.4487,
        0.2634,
        0.3522,
        0.5523,
        0.1064,
        0.2843,
        0.4625,
        0.1064,
        0.2496,
        0.3621,
        0.6742,
        0.5245,
        0.4653
      ],
      [
        0.0761,
        0.0761,
        0.1047,
        0.0603,
        0.0331,
        0.0243,
        0.0243,
        0.0801,
        0.0246,
        0.03,
        0.0984,
        0.0803,
        0.0243,
        0.1064,
        1.0,
        0.0908,
        0.0619,
        0.0243,
        0.0547,
        0.0992,
        0.0305,
        0.0243,
        0.0822,
        0.0404,
        0.0435,
        0.0318,
        0.0243,
        0.0933,
        0.0952,
        0.052,
        0.0885,
        0.102,
        0.0243,
        0.0761,
        0.0464,
        0.0243,
        0.0775,
        0.0213,
        0.1049,
        0.0944,
        0.1024
      ],
      [
        0.1312,
        0.1312,
        0.3723,
        0.2747,
        0.0382,
        0.0908,
        0.0908,
        0.731,
        0.3343,
        0.0409,
        0.4534,
        0.5717,
        0.0908,
        0.599,
        0.0908,
        1.0,
        0.606,
        0.0908,
        0.0434,
        0.1872,
        -0.0461,
        0.0908,
        0.1629,
        0.289,
        0.0242,
        0.2418,
        0.0908,
        0.7313,
        0.3144,
        0.2262,
        0.2316,
        0.4126,
        0.0908,
        0.1312,
        0.6308,
        0.0908,
        0.1478,
        0.2623,
        0.6505,
        0.3714,
        0.2743
      ],
      [
        0.058,
        0.058,
        0.2339,
        0.2009,
        0.0245,
        0.0619,
        0.0619,
        0.5857,
        0.2431,
        0.0667,
        0.2512,
        0.3654,
        0.0619,
        0.4026,
        0.0619,
        0.606,
        1.0,
        0.0619,
        0.0152,
        -0.0278,
        -0.0014,
        0.0619,
        0.1154,
        0.2188,
        -0.0159,
        0.0472,
        0.0619,
        0.5706,
        0.1918,
        0.2071,
        0.1529,
        0.2199,
        0.0619,
        0.058,
        0.5113,
        0.0619,
        0.1143,
        0.0252,
        0.4575,
        0.1548,
        0.1016
      ],
      [
        0.0761,
        0.0761,
        0.1047,
        0.0603,
        0.0331,
        0.0243,
        0.0243,
        0.0801,
        0.0246,
        0.03,
        0.0984,
        0.0803,
        0.0243,
        0.1064,
        0.0243,
        0.0908,
        0.0619,
        1.0,
        0.0547,
        0.0992,
        0.0305,
        0.0243,
        0.0822,
        0.0404,
        0.0435,
        0.0318,
        0.0243,
        0.0933,
        0.0952,
        0.052,
        0.0885,
        0.102,
        0.0243,
        0.0761,
        0.0464,
        0.0243,
        0.0775,
        0.0213,
        0.1049,
        0.0944,
        0.1024
      ],
      [
        0.5002,
        0.5002,
        0.2063,
        0.3208,
        0.292,
        0.0547,
        0.0547,
        0.0317,
        0.0675,
        0.3809,
        0.2014,
        0.0218,
        0.0547,
        0.1584,
        0.0547,
        0.0434,
        0.0152,
        0.0547,
        1.0,
        0.1551,
        0.3142,
        0.0547,
        0.3062,
        0.1812,
        0.3092,
        0.1451,
        0.0547,
        0.0846,
        0.2547,
        0.3732,
        0.2036,
        0.2086,
        0.0547,
        0.5002,
        -0.0252,
        0.0547,
        0.3466,
        0.1075,
        0.1176,
        0.0738,
        0.1639
      ],
      [
        0.261,
        0.261,
        0.4864,
        0.1093,
        0.0717,
        0.0992,
        0.0992,
        0.171,
        0.0699,
        -0.0691,
        0.4592,
        0.3379,
        0.0992,
        0.4254,
        0.0992,
        0.1872,
        -0.0278,
        0.0992,
        0.1551,
        1.0,
        0.0796,
        0.0992,
        0.3393,
        0.0796,
        0.176,
        0.1929,
        0.0992,
        0.2435,
        0.4124,
        0.0116,
        0.414,
        0.4953,
        0.0992,
        0.261,
        0.0108,
        0.0992,
        0.2821,
        0.1805,
        0.3949,
        0.568,
        0.5978
      ],
      [
        0.3478,
        0.3478,
        0.168,
        -0.1158,
        0.2364,
        0.0305,
        0.0305,
        -0.0832,
        0.0767,
        -0.0471,
        0.0312,
        -0.15,
        0.0305,
        -0.0034,
        0.0305,
        -0.0461,
        -0.0014,
        0.0305,
        0.3142,
        0.0796,
        1.0,
        0.0305,
        0.2979,
        0.3216,
        0.2889,
        -0.0344,
        0.0305,
        -0.0645,
        0.0399,
        -0.0099,
        0.1914,
        0.0509,
        0.0305,
        0.3478,
        -0.0037,
        0.0305,
        0.3104,
        -0.0913,
        0.0123,
        0.0093,
        0.1132
      ],
      [
        0.0761,
        0.0761,
        0.1047,
        0.0603,
        0.0331,
        0.0243,
        0.0243,
        0.0801,
        0.0246,
        0.03,
        0.0984,
        0.0803,
        0.0243,
        0.1064,
        0.0243,
        0.0908,
        0.0619,
        0.0243,
        0.0547,
        0.0992,
        0.0305,
        1.0,
        0.0822,
        0.0404,
        0.0435,
        0.0318,
        0.0243,
        0.0933,
        0.0952,
        0.052,
        0.0885,
        0.102,
        0.0243,
        0.0761,
        0.0464,
        0.0243,
        0.0775,
        0.0213,
        0.1049,
        0.0944,
        0.1024
      ],
      [
        0.3765,
        0.3765,
        0.381,
        0.1846,
        0.1849,
        0.0822,
        0.0822,
        0.1307,
        0.12,
        0.1596,
        0.2742,
        0.1029,
        0.0822,
        0.2779,
        0.0822,
        0.1629,
        0.1154,
        0.0822,
        0.3062,
        0.3393,
        0.2979,
        0.0822,
        1.0,
        0.123,
        0.2377,
        -0.0208,
        0.0822,
        0.1851,
        0.3495,
        0.2112,
        0.3819,
        0.3107,
        0.0822,
        0.3765,
        -0.0387,
        0.0822,
        0.3859,
        -0.107,
        0.2472,
        0.2589,
        0.3745
      ],
      [
        0.2437,
        0.2437,
        0.1715,
        0.0735,
        0.1538,
        0.0404,
        0.0404,
        0.3095,
        0.224,
        -0.0176,
        0.2366,
        0.2368,
        0.0404,
        0.2634,
        0.0404,
        0.289,
        0.2188,
        0.0404,
        0.1812,
        0.0796,
        0.3216,
        0.0404,
        0.123,
        1.0,
        0.1667,
        0.2853,
        0.0404,
        0.3085,
        0.0851,
        0.0881,
        0.0797,
        0.1986,
        0.0404,
        0.2437,
        0.4027,
        0.0404,
        0.1389,
        0.3359,
        0.3056,
        0.1563,
        0.0972
      ],
      [
        0.358,
        0.358,
        0.1809,
        0.1654,
        0.207,
        0.0435,
        0.0435,
        0.0114,
        0.0441,
        0.1878,
        0.1664,
        0.0292,
        0.0435,
        0.126,
        0.0435,
        0.0242,
        -0.0159,
        0.0435,
        0.3092,
        0.176,
        0.2889,
        0.0435,
        0.2377,
        0.1667,
        1.0,
        0.1237,
        0.0435,
        0.0517,
        0.179,
        0.1951,
        0.17,
        0.1747,
        0.0435,
        0.358,
        -0.0064,
        0.0435,
        0.2572,
        0.1026,
        0.1037,
        0.1053,
        0.1656
      ],
      [
        0.2254,
        0.2254,
        0.1125,
        0.2419,
        0.1149,
        0.0318,
        0.0318,
        0.3232,
        0.2109,
        0.0887,
        0.351,
        0.4013,
        0.0318,
        0.3306,
        0.0318,
        0.2418,
        0.0472,
        0.0318,
        0.1451,
        0.1929,
        -0.0344,
        0.0318,
        -0.0208,
        0.2853,
        0.1237,
        1.0,
        0.0318,
        0.3346,
        0.1214,
        0.1635,
        -0.0346,
        0.2881,
        0.0318,
        0.2254,
        0.4135,
        0.0318,
        0.0016,
        0.7204,
        0.3415,
        0.2585,
        0.111
      ],
      [
        0.0761,
        0.0761,
        0.1047,
        0.0603,
        0.0331,
        0.0243,
        0.0243,
        0.0801,
        0.0246,
        0.03,
        0.0984,
        0.0803,
        0.0243,
        0.1064,
        0.0243,
        0.0908,
        0.0619,
        0.0243,
        0.0547,
        0.0992,
        0.0305,
        0.0243,
        0.0822,
        0.0404,
        0.0435,
        0.0318,
        1.0,
        0.0933,
        0.0952,
        0.052,
        0.0885,
        0.102,
        0.0243,
        0.0761,
        0.0464,
        0.0243,
        0.0775,
        0.0213,
        0.1049,
        0.0944,
        0.1024
      ],
      [
        0.1981,
        0.1981,
        0.4176,
        0.3452,
        0.0555,
        0.0933,
        0.0933,
        0.8176,
        0.5571,
        0.0776,
        0.542,
        0.637,
        0.0933,
        0.6909,
        0.0933,
        0.7313,
        0.5706,
        0.0933,
        0.0846,
        0.2435,
        -0.0645,
        0.0933,
        0.1851,
        0.3085,
        0.0517,
        0.3346,
        0.0933,
        1.0,
        0.3806,
        0.2917,
        0.2632,
        0.492,
        0.0933,
        0.1981,
        0.6385,
        0.0933,
        0.1677,
        0.3845,
        0.7205,
        0.4405,
        0.3348
      ],
      [
        0.3478,
        0.3478,
        0.4291,
        0.3364,
        0.1381,
        0.0952,
        0.0952,
        0.3263,
        0.2283,
        0.2254,
        0.4173,
        0.3105,
        0.0952,
        0.4487,
        0.0952,
        0.3144,
        0.1918,
        0.0952,
        0.2547,
        0.4124,
        0.0399,
        0.0952,
        0.3495,
        0.0851,
        0.179,
        0.1214,
        0.0952,
        0.3806,
        1.0,
        0.3062,
        0.3814,
        0.435,
        0.0952,
        0.3478,
        0.0846,
        0.0952,
        0.3313,
        0.0777,
        0.409,
        0.3822,
        0.4374
      ],
      [
        0.4246,
        0.4246,
        0.1609,
        0.5341,
        0.2339,
        0.052,
        0.052,
        0.2569,
        0.1949,
        0.5655,
        0.2372,
        0.1538,
        0.052,
        0.2634,
        0.052,
        0.2262,
        0.2071,
        0.052,
        0.3732,
        0.0116,
        -0.0099,
        0.052,
        0.2112,
        0.0881,
        0.1951,
        0.1635,
        0.052,
        0.2917,
        0.3062,
        1.0,
        0.1417,
        0.2201,
        0.052,
        0.4246,
        0.0979,
        0.052,
        0.2641,
        0.1394,
        0.2148,
        0.03,
        0.0765
