{
  "_meta": {
    "generated": "2026-05-01T09:32:06",
    "portfolio_generated": "2026-05-01T09:28:22.507938",
    "n_assets": 44,
    "n_with_returns": 31,
    "covariance_method": "hybrid_shrunk",
    "condition_number": 302.46,
    "pca_factors": 6
  },
  "profiles": {
    "Agressif": {
      "n_assets": 18,
      "weighted_avg_correlation": 0.2364,
      "most_correlated": [
        {
          "t1": "REMX",
          "t2": "PICK",
          "corr": 0.769,
          "w1": 6.7,
          "w2": 4.9,
          "combined_weight": 11.5
        },
        {
          "t1": "SOXX",
          "t2": "VRT",
          "corr": 0.7125,
          "w1": 5.4,
          "w2": 3.6,
          "combined_weight": 9.0
        },
        {
          "t1": "XCEM",
          "t2": "PICK",
          "corr": 0.7124,
          "w1": 8.6,
          "w2": 4.9,
          "combined_weight": 13.5
        },
        {
          "t1": "FLKR",
          "t2": "XCEM",
          "corr": 0.7073,
          "w1": 4.9,
          "w2": 8.6,
          "combined_weight": 13.5
        },
        {
          "t1": "SOXX",
          "t2": "XCEM",
          "corr": 0.6849,
          "w1": 5.4,
          "w2": 8.6,
          "combined_weight": 14.0
        },
        {
          "t1": "VRT",
          "t2": "NVDA",
          "corr": 0.6779,
          "w1": 3.6,
          "w2": 6.0,
          "combined_weight": 9.6
        },
        {
          "t1": "OIH",
          "t2": "BKR",
          "corr": 0.6606,
          "w1": 7.6,
          "w2": 2.9,
          "combined_weight": 10.5
        },
        {
          "t1": "FLKR",
          "t2": "SOXX",
          "corr": 0.6579,
          "w1": 4.9,
          "w2": 5.4,
          "combined_weight": 10.3
        },
        {
          "t1": "FLKR",
          "t2": "PICK",
          "corr": 0.6573,
          "w1": 4.9,
          "w2": 4.9,
          "combined_weight": 9.8
        },
        {
          "t1": "SOXX",
          "t2": "PICK",
          "corr": 0.6044,
          "w1": 5.4,
          "w2": 4.9,
          "combined_weight": 10.3
        }
      ],
      "least_correlated": [
        {
          "t1": "SOXX",
          "t2": "CF",
          "corr": -0.2148,
          "w1": 5.4,
          "w2": 2.8,
          "combined_weight": 8.2
        },
        {
          "t1": "GOOG",
          "t2": "CF",
          "corr": -0.2386,
          "w1": 6.2,
          "w2": 2.8,
          "combined_weight": 9.0
        },
        {
          "t1": "CF",
          "t2": "XBI",
          "corr": -0.2709,
          "w1": 2.8,
          "w2": 3.2,
          "combined_weight": 6.0
        },
        {
          "t1": "FLKR",
          "t2": "CF",
          "corr": -0.3168,
          "w1": 4.9,
          "w2": 2.8,
          "combined_weight": 7.7
        },
        {
          "t1": "XCEM",
          "t2": "CF",
          "corr": -0.3216,
          "w1": 8.6,
          "w2": 2.8,
          "combined_weight": 11.4
        }
      ],
      "high_corr_high_weight": [
        {
          "t1": "REMX",
          "t2": "PICK",
          "corr": 0.769,
          "w1": 6.7,
          "w2": 4.9,
          "combined_weight": 11.5
        },
        {
          "t1": "XCEM",
          "t2": "PICK",
          "corr": 0.7124,
          "w1": 8.6,
          "w2": 4.9,
          "combined_weight": 13.5
        },
        {
          "t1": "FLKR",
          "t2": "XCEM",
          "corr": 0.7073,
          "w1": 4.9,
          "w2": 8.6,
          "combined_weight": 13.5
        }
      ]
    },
    "Mod\u00e9r\u00e9": {
      "n_assets": 16,
      "weighted_avg_correlation": 0.1434,
      "most_correlated": [
        {
          "t1": "VSS",
          "t2": "FNDF",
          "corr": 0.6747,
          "w1": 6.3,
          "w2": 5.4,
          "combined_weight": 11.7
        },
        {
          "t1": "CF",
          "t2": "EOG",
          "corr": 0.648,
          "w1": 6.2,
          "w2": 6.2,
          "combined_weight": 12.4
        },
        {
          "t1": "FDVV",
          "t2": "FNDF",
          "corr": 0.5965,
          "w1": 7.6,
          "w2": 5.4,
          "combined_weight": 13.0
        },
        {
          "t1": "VSS",
          "t2": "RIO",
          "corr": 0.5835,
          "w1": 6.3,
          "w2": 5.2,
          "combined_weight": 11.4
        },
        {
          "t1": "VSS",
          "t2": "FDVV",
          "corr": 0.5821,
          "w1": 6.3,
          "w2": 7.6,
          "combined_weight": 13.8
        },
        {
          "t1": "FNDF",
          "t2": "RIO",
          "corr": 0.5673,
          "w1": 5.4,
          "w2": 5.2,
          "combined_weight": 10.6
        },
        {
          "t1": "FDVV",
          "t2": "RIO",
          "corr": 0.4755,
          "w1": 7.6,
          "w2": 5.2,
          "combined_weight": 12.8
        },
        {
          "t1": "FNDF",
          "t2": "XLV",
          "corr": 0.46,
          "w1": 5.4,
          "w2": 3.1,
          "combined_weight": 8.5
        },
        {
          "t1": "SCHD",
          "t2": "FNDF",
          "corr": 0.4524,
          "w1": 8.7,
          "w2": 5.4,
          "combined_weight": 14.1
        },
        {
          "t1": "VSS",
          "t2": "XLV",
          "corr": 0.4352,
          "w1": 6.3,
          "w2": 3.1,
          "combined_weight": 9.3
        }
      ],
      "least_correlated": [
        {
          "t1": "ITX",
          "t2": "XLV",
          "corr": -0.0572,
          "w1": 6.2,
          "w2": 3.1,
          "combined_weight": 9.3
        },
        {
          "t1": "FDVV",
          "t2": "CF",
          "corr": -0.1241,
          "w1": 7.6,
          "w2": 6.2,
          "combined_weight": 13.8
        },
        {
          "t1": "CF",
          "t2": "FNDF",
          "corr": -0.1787,
          "w1": 6.2,
          "w2": 5.4,
          "combined_weight": 11.6
        },
        {
          "t1": "CF",
          "t2": "XLV",
          "corr": -0.1795,
          "w1": 6.2,
          "w2": 3.1,
          "combined_weight": 9.3
        },
        {
          "t1": "VSS",
          "t2": "CF",
          "corr": -0.2342,
          "w1": 6.3,
          "w2": 6.2,
          "combined_weight": 12.5
        }
      ],
      "high_corr_high_weight": []
    },
    "Stable": {
      "n_assets": 15,
      "weighted_avg_correlation": 0.1332,
      "most_correlated": [
        {
          "t1": "SUNPHARMA",
          "t2": "2912",
          "corr": 0.5408,
          "w1": 5.4,
          "w2": 4.4,
          "combined_weight": 9.9
        },
        {
          "t1": "ACWV",
          "t2": "SPYV",
          "corr": 0.4634,
          "w1": 4.8,
          "w2": 4.4,
          "combined_weight": 9.2
        },
        {
          "t1": "ACWV",
          "t2": "XLV",
          "corr": 0.4611,
          "w1": 4.8,
          "w2": 4.4,
          "combined_weight": 9.2
        },
        {
          "t1": "SPYV",
          "t2": "XLV",
          "corr": 0.4512,
          "w1": 4.4,
          "w2": 4.4,
          "combined_weight": 8.8
        },
        {
          "t1": "VICI",
          "t2": "PG",
          "corr": 0.4334,
          "w1": 5.3,
          "w2": 5.3,
          "combined_weight": 10.6
        },
        {
          "t1": "VICI",
          "t2": "SUNPHARMA",
          "corr": 0.4243,
          "w1": 5.3,
          "w2": 5.4,
          "combined_weight": 10.7
        },
        {
          "t1": "VICI",
          "t2": "2912",
          "corr": 0.4243,
          "w1": 5.3,
          "w2": 4.4,
          "combined_weight": 9.7
        },
        {
          "t1": "ACWV",
          "t2": "SPLV",
          "corr": 0.4109,
          "w1": 4.8,
          "w2": 5.9,
          "combined_weight": 10.7
        },
        {
          "t1": "SPLV",
          "t2": "PG",
          "corr": 0.3978,
          "w1": 5.9,
          "w2": 5.3,
          "combined_weight": 11.1
        },
        {
          "t1": "ACWV",
          "t2": "PG",
          "corr": 0.3932,
          "w1": 4.8,
          "w2": 5.3,
          "combined_weight": 10.1
        }
      ],
      "least_correlated": [
        {
          "t1": "BSV",
          "t2": "VGSH",
          "corr": 0.0204,
          "w1": 11.8,
          "w2": 13.0,
          "combined_weight": 24.8
        },
        {
          "t1": "BSV",
          "t2": "STIP",
          "corr": 0.0204,
          "w1": 11.8,
          "w2": 13.0,
          "combined_weight": 24.8
        },
        {
          "t1": "CLTL",
          "t2": "VGSH",
          "corr": 0.0204,
          "w1": 7.6,
          "w2": 13.0,
          "combined_weight": 20.6
        },
        {
          "t1": "CLTL",
          "t2": "STIP",
          "corr": 0.0204,
          "w1": 7.6,
          "w2": 13.0,
          "combined_weight": 20.6
        },
        {
          "t1": "VGSH",
          "t2": "STIP",
          "corr": 0.0204,
          "w1": 13.0,
          "w2": 13.0,
          "combined_weight": 26.0
        }
      ],
      "high_corr_high_weight": []
    }
  },
  "all_pairs_top_30": [
    {
      "t1": "PICK",
      "t2": "REMX",
      "corr_hybrid": 0.769,
      "corr_structured": 0.2,
      "cat1": "ETF",
      "cat2": "ETF",
      "exp1": "metals_mining",
      "exp2": "rare_earth",
      "fam1": null,
      "fam2": null
    },
    {
      "t1": "PICK",
      "t2": "VSS",
      "corr_hybrid": 0.7132,
      "corr_structured": 0.2,
      "cat1": "ETF",
      "cat2": "ETF",
      "exp1": "metals_mining",
      "exp2": "intl_small_cap",
      "fam1": null,
      "fam2": null
    },
    {
      "t1": "SOXX",
      "t2": "VRT",
      "corr_hybrid": 0.7125,
      "corr_structured": null,
      "cat1": "ETF",
      "cat2": "Act",
      "exp1": "semiconductor",
      "exp2": null,
      "fam1": "sector_tech",
      "fam2": null
    },
    {
      "t1": "PICK",
      "t2": "XCEM",
      "corr_hybrid": 0.7124,
      "corr_structured": 0.2,
      "cat1": "ETF",
      "cat2": "ETF",
      "exp1": "metals_mining",
      "exp2": "emerging_markets",
      "fam1": null,
      "fam2": "em_equity"
    },
    {
      "t1": "FLKR",
      "t2": "XCEM",
      "corr_hybrid": 0.7073,
      "corr_structured": 0.9,
      "cat1": "ETF",
      "cat2": "ETF",
      "exp1": "south_korea",
      "exp2": "emerging_markets",
      "fam1": "em_equity",
      "fam2": "em_equity"
    },
    {
      "t1": "VSS",
      "t2": "XCEM",
      "corr_hybrid": 0.7036,
      "corr_structured": 0.2,
      "cat1": "ETF",
      "cat2": "ETF",
      "exp1": "intl_small_cap",
      "exp2": "emerging_markets",
      "fam1": null,
      "fam2": "em_equity"
    },
    {
      "t1": "FNDF",
      "t2": "XCEM",
      "corr_hybrid": 0.6895,
      "corr_structured": 0.62,
      "cat1": "ETF",
      "cat2": "ETF",
      "exp1": "international",
      "exp2": "emerging_markets",
      "fam1": "intl_equity",
      "fam2": "em_equity"
    },
    {
      "t1": "FNDF",
      "t2": "PICK",
      "corr_hybrid": 0.6888,
      "corr_structured": 0.2,
      "cat1": "ETF",
      "cat2": "ETF",
      "exp1": "international",
      "exp2": "metals_mining",
      "fam1": "intl_equity",
      "fam2": null
    },
    {
      "t1": "SOXX",
      "t2": "XCEM",
      "corr_hybrid": 0.6849,
      "corr_structured": 0.2,
      "cat1": "ETF",
      "cat2": "ETF",
      "exp1": "semiconductor",
      "exp2": "emerging_markets",
      "fam1": "sector_tech",
      "fam2": "em_equity"
    },
    {
      "t1": "NVDA",
      "t2": "VRT",
      "corr_hybrid": 0.6779,
      "corr_structured": null,
      "cat1": "Act",
      "cat2": "Act",
      "exp1": null,
      "exp2": null,
      "fam1": null,
      "fam2": null
    },
    {
      "t1": "FNDF",
      "t2": "VSS",
      "corr_hybrid": 0.6747,
      "corr_structured": 0.2,
      "cat1": "ETF",
      "cat2": "ETF",
      "exp1": "international",
      "exp2": "intl_small_cap",
      "fam1": "intl_equity",
      "fam2": null
    },
    {
      "t1": "PICK",
      "t2": "RIO",
      "corr_hybrid": 0.6739,
      "corr_structured": null,
      "cat1": "ETF",
      "cat2": "Act",
      "exp1": "metals_mining",
      "exp2": null,
      "fam1": null,
      "fam2": null
    },
    {
      "t1": "BKR",
      "t2": "OIH",
      "corr_hybrid": 0.6606,
      "corr_structured": null,
      "cat1": "Act",
      "cat2": "ETF",
      "exp1": null,
      "exp2": "energy",
      "fam1": null,
      "fam2": "sector_energy"
    },
    {
      "t1": "FLKR",
      "t2": "SOXX",
      "corr_hybrid": 0.6579,
      "corr_structured": 0.2,
      "cat1": "ETF",
      "cat2": "ETF",
      "exp1": "south_korea",
      "exp2": "semiconductor",
      "fam1": "em_equity",
      "fam2": "sector_tech"
    },
    {
      "t1": "FLKR",
      "t2": "PICK",
      "corr_hybrid": 0.6573,
      "corr_structured": 0.2,
      "cat1": "ETF",
      "cat2": "ETF",
      "exp1": "south_korea",
      "exp2": "metals_mining",
      "fam1": "em_equity",
      "fam2": null
    },
    {
      "t1": "CF",
      "t2": "EOG",
      "corr_hybrid": 0.648,
      "corr_structured": null,
      "cat1": "Act",
      "cat2": "Act",
      "exp1": null,
      "exp2": null,
      "fam1": null,
      "fam2": null
    },
    {
      "t1": "FLKR",
      "t2": "VSS",
      "corr_hybrid": 0.6398,
      "corr_structured": 0.2,
      "cat1": "ETF",
      "cat2": "ETF",
      "exp1": "south_korea",
      "exp2": "intl_small_cap",
      "fam1": "em_equity",
      "fam2": null
    },
    {
      "t1": "REMX",
      "t2": "RIO",
      "corr_hybrid": 0.6315,
      "corr_structured": null,
      "cat1": "ETF",
      "cat2": "Act",
      "exp1": "rare_earth",
      "exp2": null,
      "fam1": null,
      "fam2": null
    },
    {
      "t1": "FLKR",
      "t2": "FNDF",
      "corr_hybrid": 0.6279,
      "corr_structured": 0.62,
      "cat1": "ETF",
      "cat2": "ETF",
      "exp1": "south_korea",
      "exp2": "international",
      "fam1": "em_equity",
      "fam2": "intl_equity"
    },
    {
      "t1": "PICK",
      "t2": "SOXX",
      "corr_hybrid": 0.6044,
      "corr_structured": 0.2,
      "cat1": "ETF",
      "cat2": "ETF",
      "exp1": "metals_mining",
      "exp2": "semiconductor",
      "fam1": null,
      "fam2": "sector_tech"
    },
    {
      "t1": "FDVV",
      "t2": "XCEM",
      "corr_hybrid": 0.6,
      "corr_structured": 0.2,
      "cat1": "ETF",
      "cat2": "ETF",
      "exp1": "dividend",
      "exp2": "emerging_markets",
      "fam1": "factor_dividend",
      "fam2": "em_equity"
    },
    {
      "t1": "FDVV",
      "t2": "FNDF",
      "corr_hybrid": 0.5965,
      "corr_structured": 0.2,
      "cat1": "ETF",
      "cat2": "ETF",
      "exp1": "dividend",
      "exp2": "international",
      "fam1": "factor_dividend",
      "fam2": "intl_equity"
    },
    {
      "t1": "SOXX",
      "t2": "VSS",
      "corr_hybrid": 0.5848,
      "corr_structured": 0.2,
      "cat1": "ETF",
      "cat2": "ETF",
      "exp1": "semiconductor",
      "exp2": "intl_small_cap",
      "fam1": "sector_tech",
      "fam2": null
    },
    {
      "t1": "RIO",
      "t2": "VSS",
      "corr_hybrid": 0.5835,
      "corr_structured": null,
      "cat1": "Act",
      "cat2": "ETF",
      "exp1": null,
      "exp2": "intl_small_cap",
      "fam1": null,
      "fam2": null
    },
    {
      "t1": "FDVV",
      "t2": "VSS",
      "corr_hybrid": 0.5821,
      "corr_structured": 0.2,
      "cat1": "ETF",
      "cat2": "ETF",
      "exp1": "dividend",
      "exp2": "intl_small_cap",
      "fam1": "factor_dividend",
      "fam2": null
    },
    {
      "t1": "EOG",
      "t2": "SHEL",
      "corr_hybrid": 0.5764,
      "corr_structured": null,
      "cat1": "Act",
      "cat2": "Act",
      "exp1": null,
      "exp2": null,
      "fam1": null,
      "fam2": null
    },
    {
      "t1": "FNDF",
      "t2": "SPYV",
      "corr_hybrid": 0.5724,
      "corr_structured": 0.2,
      "cat1": "ETF",
      "cat2": "ETF",
      "exp1": "international",
      "exp2": "sp500_value",
      "fam1": "intl_equity",
      "fam2": "factor_value"
    },
    {
      "t1": "FNDF",
      "t2": "SOXX",
      "corr_hybrid": 0.5715,
      "corr_structured": 0.2,
      "cat1": "ETF",
      "cat2": "ETF",
      "exp1": "international",
      "exp2": "semiconductor",
      "fam1": "intl_equity",
      "fam2": "sector_tech"
    },
    {
      "t1": "REMX",
      "t2": "VSS",
      "corr_hybrid": 0.5692,
      "corr_structured": 0.2,
      "cat1": "ETF",
      "cat2": "ETF",
      "exp1": "rare_earth",
      "exp2": "intl_small_cap",
      "fam1": null,
      "fam2": null
    },
    {
      "t1": "FNDF",
      "t2": "RIO",
      "corr_hybrid": 0.5673,
      "corr_structured": null,
      "cat1": "ETF",
      "cat2": "Act",
      "exp1": "international",
      "exp2": null,
      "fam1": "intl_equity",
      "fam2": null
    }
  ],
  "all_pairs_bottom_10": [
    {
      "t1": "CF",
      "t2": "CLTL",
      "corr_hybrid": 0.0043,
      "corr_structured": null,
      "cat1": "Act",
      "cat2": "Obl",
      "exp1": null,
      "exp2": "bonds_tbill",
      "fam1": null,
      "fam2": "bonds_short"
    },
    {
      "t1": "CF",
      "t2": "GBIL",
      "corr_hybrid": 0.0043,
      "corr_structured": null,
      "cat1": "Act",
      "cat2": "Obl",
      "exp1": null,
      "exp2": "bonds_tbill",
      "fam1": null,
      "fam2": "bonds_short"
    },
    {
      "t1": "CF",
      "t2": "PAAA",
      "corr_hybrid": 0.0043,
      "corr_structured": null,
      "cat1": "Act",
      "cat2": "Obl",
      "exp1": null,
      "exp2": "bonds_clo_aaa",
      "fam1": null,
      "fam2": "bonds_short"
    },
    {
      "t1": "CF",
      "t2": "SGOV",
      "corr_hybrid": 0.0043,
      "corr_structured": null,
      "cat1": "Act",
      "cat2": "Obl",
      "exp1": null,
      "exp2": "bonds_tbill",
      "fam1": null,
      "fam2": "bonds_short"
    },
    {
      "t1": "CF",
      "t2": "STIP",
      "corr_hybrid": 0.0043,
      "corr_structured": null,
      "cat1": "Act",
      "cat2": "Obl",
      "exp1": null,
      "exp2": "bonds_tips",
      "fam1": null,
      "fam2": "bonds_gov"
    },
    {
      "t1": "CF",
      "t2": "USFR",
      "corr_hybrid": 0.0043,
      "corr_structured": null,
      "cat1": "Act",
      "cat2": "Obl",
      "exp1": null,
      "exp2": "us_equity",
      "fam1": null,
      "fam2": "us_equity_large"
    },
    {
      "t1": "CF",
      "t2": "VGSH",
      "corr_hybrid": 0.0043,
      "corr_structured": null,
      "cat1": "Act",
      "cat2": "Obl",
      "exp1": null,
      "exp2": "bonds_short_treasury",
      "fam1": null,
      "fam2": "bonds_short"
    },
    {
      "t1": "CF",
      "t2": "GLD",
      "corr_hybrid": -0.0021,
      "corr_structured": null,
      "cat1": "Act",
      "cat2": "ETF",
      "exp1": null,
      "exp2": "gold_physical",
      "fam1": null,
      "fam2": "gold"
    },
    {
      "t1": "PG",
      "t2": "REMX",
      "corr_hybrid": -0.0011,
      "corr_structured": null,
      "cat1": "Act",
      "cat2": "ETF",
      "exp1": null,
      "exp2": "rare_earth",
      "fam1": null,
      "fam2": null
    },
    {
      "t1": "GLD",
      "t2": "INCY",
      "corr_hybrid": -0.0001,
      "corr_structured": null,
      "cat1": "ETF",
      "cat2": "Act",
      "exp1": "gold_physical",
      "exp2": null,
      "fam1": "gold",
      "fam2": null
    }
  ],
  "correlation_matrix": {
    "tickers": [
      "000660",
      "2059",
      "2912",
      "5274",
      "ACWV",
      "BKR",
      "BSV",
      "CF",
      "CLTL",
      "EOG",
      "FDVV",
      "FLKR",
      "FNDF",
      "GBIL",
      "GD",
      "GLD",
      "GOOG",
      "INCY",
      "ITX",
      "LI",
      "NOVN",
      "NVDA",
      "OIH",
      "PAAA",
      "PG",
      "PICK",
      "REMX",
      "RIO",
      "SCHD",
      "SGOV",
      "SHEL",
      "SOXX",
      "SPLV",
      "SPYV",
      "STIP",
      "SUNPHARMA",
      "USFR",
      "VGSH",
      "VICI",
      "VRT",
      "VSS",
      "XBI",
      "XCEM",
      "XLV"
    ],
    "matrix": [
      [
        1.0,
        0.5408,
        0.5408,
        0.5408,
        0.3212,
        0.2832,
        0.0682,
        0.2469,
        0.0682,
        0.3165,
        0.3134,
        0.1105,
        0.2603,
        0.0682,
        0.3745,
        0.0759,
        0.2539,
        0.3092,
        0.2606,
        0.2976,
        0.3436,
        0.2294,
        0.1943,
        0.0682,
        0.369,
        0.1722,
        0.0787,
        0.291,
        0.3219,
        0.0682,
        0.3702,
        0.1431,
        0.2954,
        0.3219,
        0.0682,
        0.5408,
        0.0682,
        0.0682,
        0.4243,
        0.1681,
        0.2365,
        0.1886,
        0.1854,
        0.253
      ],
      [
        0.5408,
        1.0,
        0.5408,
        0.5408,
        0.3212,
        0.2832,
        0.0682,
        0.2469,
        0.0682,
        0.3165,
        0.3134,
        0.1105,
        0.2603,
        0.0682,
        0.3745,
        0.0759,
        0.2539,
        0.3092,
        0.2606,
        0.2976,
        0.3436,
        0.2294,
        0.1943,
        0.0682,
        0.369,
        0.1722,
        0.0787,
        0.291,
        0.3219,
        0.0682,
        0.3702,
        0.1431,
        0.2954,
        0.3219,
        0.0682,
        0.5408,
        0.0682,
        0.0682,
        0.4243,
        0.1681,
        0.2365,
        0.1886,
        0.1854,
        0.253
      ],
      [
        0.5408,
        0.5408,
        1.0,
        0.5408,
        0.3212,
        0.2832,
        0.0682,
        0.2469,
        0.0682,
        0.3165,
        0.3134,
        0.1105,
        0.2603,
        0.0682,
        0.3745,
        0.0759,
        0.2539,
        0.3092,
        0.2606,
        0.2976,
        0.3436,
        0.2294,
        0.1943,
        0.0682,
        0.369,
        0.1722,
        0.0787,
        0.291,
        0.3219,
        0.0682,
        0.3702,
        0.1431,
        0.2954,
        0.3219,
        0.0682,
        0.5408,
        0.0682,
        0.0682,
        0.4243,
        0.1681,
        0.2365,
        0.1886,
        0.1854,
        0.253
      ],
      [
        0.5408,
        0.5408,
        0.5408,
        1.0,
        0.3212,
        0.2832,
        0.0682,
        0.2469,
        0.0682,
        0.3165,
        0.3134,
        0.1105,
        0.2603,
        0.0682,
        0.3745,
        0.0759,
        0.2539,
        0.3092,
        0.2606,
        0.2976,
        0.3436,
        0.2294,
        0.1943,
        0.0682,
        0.369,
        0.1722,
        0.0787,
        0.291,
        0.3219,
        0.0682,
        0.3702,
        0.1431,
        0.2954,
        0.3219,
        0.0682,
        0.5408,
        0.0682,
        0.0682,
        0.4243,
        0.1681,
        0.2365,
        0.1886,
        0.1854,
        0.253
      ],
      [
        0.3212,
        0.3212,
        0.3212,
        0.3212,
        1.0,
        0.2345,
        0.0917,
        -0.1104,
        0.0917,
        0.074,
        0.4487,
        0.3508,
        0.4766,
        0.0917,
        0.3442,
        0.2086,
        0.3369,
        0.4113,
        -0.0134,
        0.1923,
        0.2056,
        0.1196,
        0.2145,
        0.0917,
        0.3932,
        0.3983,
        0.2353,
        0.3933,
        0.4165,
        0.0917,
        0.1954,
        0.2423,
        0.4109,
        0.4634,
        0.0917,
        0.3212,
        0.0917,
        0.0917,
        0.3739,
        0.0494,
        0.4578,
        0.4062,
        0.4209,
        0.4611
      ],
      [
        0.2832,
        0.2832,
        0.2832,
        0.2832,
        0.2345,
        1.0,
        0.0814,
        0.2748,
        0.0814,
        0.4758,
        0.3802,
        0.3285,
        0.3924,
        0.0814,
        0.2976,
        0.0755,
        0.182,
        0.2274,
        0.1638,
        -0.0619,
        0.0959,
        0.237,
        0.6606,
        0.0814,
        0.0506,
        0.3546,
        0.2369,
        0.3064,
        0.4209,
        0.0814,
        0.4869,
        0.3776,
        0.157,
        0.3893,
        0.0814,
        0.2832,
        0.0814,
        0.0814,
        0.1446,
        0.28,
        0.3246,
        0.2316,
        0.3473,
        0.2262
      ],
      [
        0.0682,
        0.0682,
        0.0682,
        0.0682,
        0.0917,
        0.0814,
        1.0,
        0.0043,
        0.0204,
        0.0475,
        0.0966,
        0.0793,
        0.1044,
        0.0204,
        0.0747,
        0.0437,
        0.0628,
        0.0757,
        0.0153,
        0.0246,
        0.0368,
        0.0314,
        0.0841,
        0.0204,
        0.0632,
        0.0939,
        0.0642,
        0.0884,
        0.0962,
        0.0204,
        0.0682,
        0.0637,
        0.0752,
        0.0996,
        0.0204,
        0.0682,
        0.0204,
        0.0204,
        0.0679,
        0.0221,
        0.097,
        0.0783,
        0.0916,
        0.0869
      ],
      [
        0.2469,
        0.2469,
        0.2469,
        0.2469,
        -0.1104,
        0.2748,
        0.0043,
        1.0,
        0.0043,
        0.648,
        -0.1241,
        -0.3168,
        -0.1787,
        0.0043,
        0.1896,
        -0.0021,
        -0.2386,
        -0.1896,
        -0.0225,
        0.0391,
        0.094,
        -0.0916,
        0.2942,
        0.0043,
        -0.0423,
        -0.1354,
        -0.0247,
        0.0269,
        0.1143,
        0.0043,
        0.5121,
        -0.2148,
        -0.0128,
        -0.0902,
        0.0043,
        0.2469,
        0.0043,
        0.0043,
        0.1397,
        -0.0489,
        -0.2342,
        -0.2709,
        -0.3216,
        -0.1795
      ],
      [
        0.0682,
        0.0682,
        0.0682,
        0.0682,
        0.0917,
        0.0814,
        0.0204,
        0.0043,
        1.0,
        0.0475,
        0.0966,
        0.0793,
        0.1044,
        0.0204,
        0.0747,
        0.0437,
        0.0628,
        0.0757,
        0.0153,
        0.0246,
        0.0368,
        0.0314,
        0.0841,
        0.0204,
        0.0632,
        0.0939,
        0.0642,
        0.0884,
        0.0962,
        0.0204,
        0.0682,
        0.0637,
        0.0752,
        0.0996,
        0.0204,
        0.0682,
        0.0204,
        0.0204,
        0.0679,
        0.0221,
        0.097,
        0.0783,
        0.0916,
        0.0869
      ],
      [
        0.3165,
        0.3165,
        0.3165,
        0.3165,
        0.074,
        0.4758,
        0.0475,
        0.648,
        0.0475,
        1.0,
        0.1111,
        -0.0607,
        0.079,
        0.0475,
        0.2929,
        0.0305,
        -0.0612,
        0.0177,
        0.0562,
        -0.0215,
        0.1209,
        0.0202,
        0.5104,
        0.0475,
        0.0399,
        0.0723,
        0.078,
        0.1655,
        0.3072,
        0.0475,
        0.5764,
        0.0092,
        0.109,
        0.1461,
        0.0475,
        0.3165,
        0.0475,
        0.0475,
        0.1982,
        0.0475,
        0.0044,
        -0.0514,
        -0.0507,
        0.0254
      ],
      [
        0.3134,
        0.3134,
        0.3134,
        0.3134,
        0.4487,
        0.3802,
        0.0966,
        -0.1241,
        0.0966,
        0.1111,
        1.0,
        0.5391,
        0.5965,
        0.0966,
        0.3209,
        0.2371,
        0.4037,
        0.3989,
        0.0578,
        0.2284,
        0.1774,
        0.3412,
        0.3881,
        0.0966,
        0.2558,
        0.5536,
        0.3665,
        0.4755,
        0.4265,
        0.0966,
        0.2562,
        0.5136,
        0.3078,
        0.5367,
        0.0966,
        0.3134,
        0.0966,
        0.0966,
        0.2641,
        0.3621,
        0.5821,
        0.4663,
        0.6,
        0.4338
      ],
      [
        0.1105,
        0.1105,
        0.1105,
        0.1105,
        0.3508,
        0.3285,
        0.0793,
        -0.3168,
        0.0793,
        -0.0607,
        0.5391,
        1.0,
        0.6279,
        0.0793,
        0.1673,
        0.2775,
        0.3934,
        0.2976,
        0.0611,
        0.1861,
        0.0443,
        0.4038,
        0.3812,
        0.0793,
        0.0716,
        0.6573,
        0.4954,
        0.4743,
        0.3168,
        0.0793,
        0.1154,
        0.6579,
        0.162,
        0.492,
        0.0793,
        0.1105,
        0.0793,
        0.0793,
        0.0584,
        0.4828,
        0.6398,
        0.4762,
        0.7073,
        0.3603
      ],
      [
        0.2603,
        0.2603,
        0.2603,
        0.2603,
        0.4766,
        0.3924,
        0.1044,
        -0.1787,
        0.1044,
        0.079,
        0.5965,
        0.6279,
        1.0,
        0.1044,
        0.3128,
        0.3325,
        0.4117,
        0.3729,
        0.0555,
        0.2389,
        0.1364,
        0.3286,
        0.4316,
        0.1044,
        0.2308,
        0.6888,
        0.5225,
        0.5673,
        0.4524,
        0.1044,
        0.2557,
        0.5715,
        0.3157,
        0.5724,
        0.1044,
        0.2603,
        0.1044,
        0.1044,
        0.2395,
        0.354,
        0.6747,
        0.5061,
        0.6895,
        0.46
      ],
      [
        0.0682,
        0.0682,
        0.0682,
        0.0682,
        0.0917,
        0.0814,
        0.0204,
        0.0043,
        0.0204,
        0.0475,
        0.0966,
        0.0793,
        0.1044,
        1.0,
        0.0747,
        0.0437,
        0.0628,
        0.0757,
        0.0153,
        0.0246,
        0.0368,
        0.0314,
        0.0841,
        0.0204,
        0.0632,
        0.0939,
        0.0642,
        0.0884,
        0.0962,
        0.0204,
        0.0682,
        0.0637,
        0.0752,
        0.0996,
        0.0204,
        0.0682,
        0.0204,
        0.0204,
        0.0679,
        0.0221,
        0.097,
        0.0783,
        0.0916,
        0.0869
      ],
      [
        0.3745,
        0.3745,
        0.3745,
        0.3745,
        0.3442,
        0.2976,
        0.0747,
        0.1896,
        0.0747,
        0.2929,
        0.3209,
        0.1673,
        0.3128,
        0.0747,
        1.0,
        0.1369,
        0.2032,
        0.2822,
        0.0348,
        0.1685,
        0.2189,
        0.0963,
        0.2756,
        0.0747,
        0.3085,
        0.2499,
        0.1493,
        0.3094,
        0.3704,
        0.0747,
        0.3408,
        0.1314,
        0.3188,
        0.3429,
        0.0747,
        0.3745,
        0.0747,
        0.0747,
        0.3552,
        0.0512,
        0.277,
        0.23,
        0.2237,
        0.3027
      ],
      [
        0.0759,
        0.0759,
        0.0759,
        0.0759,
        0.2086,
        0.0755,
        0.0437,
        -0.0021,
        0.0437,
        0.0305,
        0.2371,
        0.2775,
        0.3325,
        0.0437,
        0.1369,
        1.0,
        0.1074,
        -0.0001,
        -0.0539,
        0.3012,
        0.0374,
        0.07,
        0.1282,
        0.0437,
        0.082,
        0.4818,
        0.5227,
        0.4293,
        0.1757,
        0.0437,
        0.1521,
        0.2147,
        0.1427,
        0.2129,
        0.0437,
        0.0759,
        0.0437,
        0.0437,
        0.1262,
        0.0988,
        0.3659,
        0.1755,
        0.3146,
        0.1576
      ],
      [
        0.2539,
        0.2539,
        0.2539,
        0.2539,
        0.3369,
        0.182,
        0.0628,
        -0.2386,
        0.0628,
        -0.0612,
        0.4037,
        0.3934,
        0.4117,
        0.0628,
        0.2032,
        0.1074,
        1.0,
        0.3599,
        0.1202,
        0.2023,
        0.174,
        0.3077,
        0.1414,
        0.0628,
        0.2437,
        0.3343,
        0.1659,
        0.286,
        0.251,
        0.0628,
        0.0647,
        0.382,
        0.2248,
        0.383,
        0.0628,
        0.2539,
        0.0628,
        0.0628,
        0.2054,
        0.2977,
        0.4152,
        0.3687,
        0.4468,
        0.333
      ],
      [
        0.3092,
        0.3092,
        0.3092,
        0.3092,
        0.4113,
        0.2274,
        0.0757,
        -0.1896,
        0.0757,
        0.0177,
        0.3989,
        0.2976,
        0.3729,
        0.0757,
        0.2822,
        -0.0001,
        0.3599,
        1.0,
        0.0452,
        0.0603,
        0.207,
        0.1829,
        0.1701,
        0.0757,
        0.363,
        0.1933,
        -0.0354,
        0.1933,
        0.3446,
        0.0757,
        0.0977,
        0.2399,
        0.3426,
        0.4162,
        0.0757,
        0.3092,
        0.0757,
        0.0757,
        0.3069,
        0.112,
        0.3388,
        0.3868,
        0.3532,
        0.4242
      ],
      [
        0.2606,
        0.2606,
        0.2606,
        0.2606,
        -0.0134,
        0.1638,
        0.0153,
        -0.0225,
        0.0153,
        0.0562,
        0.0578,
        0.0611,
        0.0555,
        0.0153,
        0.0348,
        -0.0539,
        0.1202,
        0.0452,
        1.0,
        -0.0085,
        0.1646,
        0.1886,
        0.0873,
        0.0153,
        0.0696,
        0.0834,
        0.1671,
        0.087,
        0.0066,
        0.0153,
        0.1163,
        0.1082,
        -0.0417,
        0.0346,
        0.0153,
        0.2606,
        0.0153,
        0.0153,
        0.0668,
        0.043,
        0.0762,
        -0.0383,
        0.096,
        -0.0572
      ],
      [
        0.2976,
        0.2976,
        0.2976,
        0.2976,
        0.1923,
        -0.0619,
        0.0246,
        0.0391,
        0.0246,
        -0.0215,
        0.2284,
        0.1861,
        0.2389,
        0.0246,
        0.1685,
        0.3012,
        0.2023,
        0.0603,
        -0.0085,
        1.0,
        0.228,
        0.2994,
        -0.1198,
        0.0246,
        0.192,
        0.3267,
        0.3329,
        0.3794,
        0.0626,
        0.0246,
        0.1116,
        0.2385,
        0.1203,
        0.1779,
        0.0246,
        0.2976,
        0.0246,
        0.0246,
        0.2387,
        0.3616,
        0.2992,
        0.1492,
        0.2512,
        0.1072
      ],
      [
        0.3436,
        0.3436,
        0.3436,
        0.3436,
        0.2056,
        0.0959,
        0.0368,
        0.094,
        0.0368,
        0.1209,
        0.1774,
        0.0443,
        0.1364,
        0.0368,
        0.2189,
        0.0374,
        0.174,
        0.207,
        0.1646,
        0.228,
        1.0,
        0.1408,
        0.0183,
        0.0368,
        0.2687,
        0.0704,
        0.0103,
        0.1586,
        0.1626,
        0.0368,
        0.1649,
        0.0574,
        0.1936,
        0.1804,
        0.0368,
        0.3436,
        0.0368,
        0.0368,
        0.2836,
        0.0871,
        0.1322,
        0.1179,
        0.0969,
        0.1611
      ],
      [
        0.2294,
        0.2294,
        0.2294,
        0.2294,
        0.1196,
        0.237,
        0.0314,
        -0.0916,
        0.0314,
        0.0202,
        0.3412,
        0.4038,
        0.3286,
        0.0314,
        0.0963,
        0.07,
        0.3077,
        0.1829,
        0.1886,
        0.2994,
        0.1408,
        1.0,
        0.2062,
        0.0314,
        -0.0088,
        0.3179,
        0.1945,
        0.2475,
        0.0986,
        0.0314,
        0.12,
        0.56,
        -0.03,
        0.2769,
        0.0314,
        0.2294,
        0.0314,
        0.0314,
        0.0177,
        0.6779,
        0.348,
        0.247,
        0.4326,
        0.1058
      ],
      [
        0.1943,
        0.1943,
        0.1943,
        0.1943,
        0.2145,
        0.6606,
        0.0841,
        0.2942,
        0.0841,
        0.5104,
        0.3881,
        0.3812,
        0.4316,
        0.0841,
        0.2756,
        0.1282,
        0.1414,
        0.1701,
        0.0873,
        -0.1198,
        0.0183,
        0.2062,
        1.0,
        0.0841,
        -0.0357,
        0.4367,
        0.3351,
        0.3447,
        0.4429,
        0.0841,
        0.5179,
        0.4196,
        0.1273,
        0.3965,
        0.0841,
        0.1943,
        0.0841,
        0.0841,
        0.075,
        0.2812,
        0.3589,
        0.2344,
        0.3864,
        0.2146
      ],
      [
        0.0682,
        0.0682,
        0.0682,
        0.0682,
        0.0917,
        0.0814,
        0.0204,
        0.0043,
        0.0204,
        0.0475,
        0.0966,
        0.0793,
        0.1044,
        0.0204,
        0.0747,
        0.0437,
        0.0628,
        0.0757,
        0.0153,
        0.0246,
        0.0368,
        0.0314,
        0.0841,
        1.0,
        0.0632,
        0.0939,
        0.0642,
        0.0884,
        0.0962,
        0.0204,
        0.0682,
        0.0637,
        0.0752,
        0.0996,
        0.0204,
        0.0682,
        0.0204,
        0.0204,
        0.0679,
        0.0221,
        0.097,
        0.0783,
        0.0916,
        0.0869
      ],
      [
        0.369,
        0.369,
        0.369,
        0.369,
        0.3932,
        0.0506,
        0.0632,
        -0.0423,
        0.0632,
        0.0399,
        0.2558,
        0.0716,
        0.2308,
        0.0632,
        0.3085,
        0.082,
        0.2437,
        0.363,
        0.0696,
        0.192,
        0.2687,
        -0.0088,
        -0.0357,
        0.0632,
        1.0,
        0.1105,
        -0.0011,
        0.2101,
        0.2871,
        0.0632,
        0.1145,
        -0.0387,
        0.3978,
        0.2877,
        0.0632,
        0.369,
        0.0632,
        0.0632,
        0.4334,
        -0.1537,
        0.2173,
        0.2427,
        0.1457,
        0.3569
      ],
      [
        0.1722,
        0.1722,
        0.1722,
        0.1722,
        0.3983,
        0.3546,
        0.0939,
        -0.1354,
        0.0939,
        0.0723,
        0.5536,
        0.6573,
        0.6888,
        0.0939,
        0.2499,
        0.4818,
        0.3343,
        0.1933,
        0.0834,
        0.3267,
        0.0704,
        0.3179,
        0.4367,
        0.0939,
        0.1105,
        1.0,
        0.769,
        0.6739,
        0.3883,
        0.0939,
        0.2755,
        0.6044,
        0.2261,
        0.5083,
        0.0939,
        0.1722,
        0.0939,
        0.0939,
        0.1551,
        0.3805,
        0.7132,
        0.4383,
        0.7124,
        0.358
      ],
      [
        0.0787,
        0.0787,
        0.0787,
        0.0787,
        0.2353,
        0.2369,
        0.0642,
        -0.0247,
        0.0642,
        0.078,
        0.3665,
        0.4954,
        0.5225,
        0.0642,
        0.1493,
        0.5227,
        0.1659,
        -0.0354,
        0.1671,
        0.3329,
        0.0103,
        0.1945,
        0.3351,
        0.0642,
        -0.0011,
        0.769,
        1.0,
        0.6315,
        0.2462,
        0.0642,
        0.2589,
        0.4442,
        0.1069,
        0.3165,
        0.0642,
        0.0787,
        0.0642,
        0.0642,
        0.0724,
        0.2473,
        0.5692,
        0.2452,
        0.5369,
        0.1708
      ],
      [
        0.291,
        0.291,
        0.291,
        0.291,
        0.3933,
        0.3064,
        0.0884,
        0.0269,
        0.0884,
        0.1655,
        0.4755,
        0.4743,
        0.5673,
        0.0884,
        0.3094,
        0.4293,
        0.286,
        0.1933,
        0.087,
        0.3794,
        0.1586,
        0.2475,
        0.3447,
        0.0884,
        0.2101,
        0.6739,
        0.6315,
        1.0,
        0.3804,
        0.0884,
        0.332,
        0.4277,
        0.2748,
        0.448,
        0.0884,
        0.291,
        0.0884,
        0.0884,
        0.272,
        0.2705,
        0.5835,
