{
  "_meta": {
    "generated": "2026-05-29T17:26:40",
    "portfolio_generated": "2026-05-29T17:22:45.975182",
    "n_assets": 43,
    "n_with_returns": 31,
    "covariance_method": "hybrid_shrunk",
    "condition_number": 287.98,
    "pca_factors": 6
  },
  "profiles": {
    "Agressif": {
      "n_assets": 17,
      "weighted_avg_correlation": 0.2775,
      "most_correlated": [
        {
          "t1": "XCEM",
          "t2": "FLKR",
          "corr": 0.8004,
          "w1": 7.6,
          "w2": 4.1,
          "combined_weight": 11.7
        },
        {
          "t1": "XCEM",
          "t2": "SOXX",
          "corr": 0.7608,
          "w1": 7.6,
          "w2": 5.5,
          "combined_weight": 13.1
        },
        {
          "t1": "XCEM",
          "t2": "PICK",
          "corr": 0.7587,
          "w1": 7.6,
          "w2": 8.3,
          "combined_weight": 15.9
        },
        {
          "t1": "FLKR",
          "t2": "SOXX",
          "corr": 0.7507,
          "w1": 4.1,
          "w2": 5.5,
          "combined_weight": 9.7
        },
        {
          "t1": "XLK",
          "t2": "SOXX",
          "corr": 0.735,
          "w1": 4.8,
          "w2": 5.5,
          "combined_weight": 10.4
        },
        {
          "t1": "FLKR",
          "t2": "PICK",
          "corr": 0.7329,
          "w1": 4.1,
          "w2": 8.3,
          "combined_weight": 12.4
        },
        {
          "t1": "XLK",
          "t2": "XCEM",
          "corr": 0.7087,
          "w1": 4.8,
          "w2": 7.6,
          "combined_weight": 12.4
        },
        {
          "t1": "XLK",
          "t2": "FLKR",
          "corr": 0.6965,
          "w1": 4.8,
          "w2": 4.1,
          "combined_weight": 9.0
        },
        {
          "t1": "PICK",
          "t2": "SOXX",
          "corr": 0.6714,
          "w1": 8.3,
          "w2": 5.5,
          "combined_weight": 13.8
        },
        {
          "t1": "ICLN",
          "t2": "XCEM",
          "corr": 0.6481,
          "w1": 5.7,
          "w2": 7.6,
          "combined_weight": 13.3
        }
      ],
      "least_correlated": [
        {
          "t1": "FSLR",
          "t2": "FLTR",
          "corr": 0.025,
          "w1": 4.9,
          "w2": 5.3,
          "combined_weight": 10.2
        },
        {
          "t1": "FSLR",
          "t2": "PAAA",
          "corr": 0.025,
          "w1": 4.9,
          "w2": 5.3,
          "combined_weight": 10.2
        },
        {
          "t1": "FLTR",
          "t2": "PAAA",
          "corr": 0.0234,
          "w1": 5.3,
          "w2": 5.3,
          "combined_weight": 10.7
        },
        {
          "t1": "FIX",
          "t2": "FLTR",
          "corr": 0.0184,
          "w1": 4.1,
          "w2": 5.3,
          "combined_weight": 9.5
        },
        {
          "t1": "FIX",
          "t2": "PAAA",
          "corr": 0.0184,
          "w1": 4.1,
          "w2": 5.3,
          "combined_weight": 9.5
        }
      ],
      "high_corr_high_weight": [
        {
          "t1": "XCEM",
          "t2": "FLKR",
          "corr": 0.8004,
          "w1": 7.6,
          "w2": 4.1,
          "combined_weight": 11.7
        },
        {
          "t1": "XCEM",
          "t2": "SOXX",
          "corr": 0.7608,
          "w1": 7.6,
          "w2": 5.5,
          "combined_weight": 13.1
        },
        {
          "t1": "XCEM",
          "t2": "PICK",
          "corr": 0.7587,
          "w1": 7.6,
          "w2": 8.3,
          "combined_weight": 15.9
        },
        {
          "t1": "XLK",
          "t2": "SOXX",
          "corr": 0.735,
          "w1": 4.8,
          "w2": 5.5,
          "combined_weight": 10.4
        },
        {
          "t1": "FLKR",
          "t2": "PICK",
          "corr": 0.7329,
          "w1": 4.1,
          "w2": 8.3,
          "combined_weight": 12.4
        }
      ]
    },
    "Mod\u00e9r\u00e9": {
      "n_assets": 15,
      "weighted_avg_correlation": 0.1511,
      "most_correlated": [
        {
          "t1": "FNDX",
          "t2": "FNDF",
          "corr": 0.612,
          "w1": 8.3,
          "w2": 8.3,
          "combined_weight": 16.6
        },
        {
          "t1": "DIVB",
          "t2": "FNDF",
          "corr": 0.5388,
          "w1": 4.3,
          "w2": 8.3,
          "combined_weight": 12.7
        },
        {
          "t1": "DIVB",
          "t2": "FNDX",
          "corr": 0.4885,
          "w1": 4.3,
          "w2": 8.3,
          "combined_weight": 12.6
        },
        {
          "t1": "SCHD",
          "t2": "FNDF",
          "corr": 0.4231,
          "w1": 9.2,
          "w2": 8.3,
          "combined_weight": 17.5
        },
        {
          "t1": "GLD",
          "t2": "FNDF",
          "corr": 0.4071,
          "w1": 5.1,
          "w2": 8.3,
          "combined_weight": 13.5
        },
        {
          "t1": "FNDX",
          "t2": "SCHD",
          "corr": 0.4062,
          "w1": 8.3,
          "w2": 9.2,
          "combined_weight": 17.5
        },
        {
          "t1": "DIVB",
          "t2": "SCHD",
          "corr": 0.4045,
          "w1": 4.3,
          "w2": 9.2,
          "combined_weight": 13.5
        },
        {
          "t1": "FNDF",
          "t2": "XLV",
          "corr": 0.3786,
          "w1": 8.3,
          "w2": 4.0,
          "combined_weight": 12.3
        },
        {
          "t1": "FNDX",
          "t2": "XLV",
          "corr": 0.3442,
          "w1": 8.3,
          "w2": 4.0,
          "combined_weight": 12.3
        },
        {
          "t1": "DIVB",
          "t2": "XLV",
          "corr": 0.3283,
          "w1": 4.3,
          "w2": 4.0,
          "combined_weight": 8.3
        }
      ],
      "least_correlated": [
        {
          "t1": "SCHN",
          "t2": "FNDF",
          "corr": 0.0182,
          "w1": 7.8,
          "w2": 8.3,
          "combined_weight": 16.1
        },
        {
          "t1": "GLD",
          "t2": "EOG",
          "corr": 0.0067,
          "w1": 5.1,
          "w2": 4.2,
          "combined_weight": 9.3
        },
        {
          "t1": "NOVN",
          "t2": "GLD",
          "corr": -0.0089,
          "w1": 7.0,
          "w2": 5.1,
          "combined_weight": 12.1
        },
        {
          "t1": "SCHN",
          "t2": "GLD",
          "corr": -0.0139,
          "w1": 7.8,
          "w2": 5.1,
          "combined_weight": 12.9
        },
        {
          "t1": "BZU",
          "t2": "EOG",
          "corr": -0.1617,
          "w1": 5.8,
          "w2": 4.2,
          "combined_weight": 10.0
        }
      ],
      "high_corr_high_weight": []
    },
    "Stable": {
      "n_assets": 15,
      "weighted_avg_correlation": 0.1207,
      "most_correlated": [
        {
          "t1": "VICI",
          "t2": "SUNPHARMA",
          "corr": 0.4199,
          "w1": 5.1,
          "w2": 5.2,
          "combined_weight": 10.3
        },
        {
          "t1": "SUNPHARMA",
          "t2": "KO",
          "corr": 0.4098,
          "w1": 5.2,
          "w2": 5.0,
          "combined_weight": 10.1
        },
        {
          "t1": "ACWV",
          "t2": "SPYV",
          "corr": 0.3966,
          "w1": 5.0,
          "w2": 4.7,
          "combined_weight": 9.7
        },
        {
          "t1": "SHEL",
          "t2": "SUNPHARMA",
          "corr": 0.3904,
          "w1": 4.9,
          "w2": 5.2,
          "combined_weight": 10.1
        },
        {
          "t1": "GD",
          "t2": "SUNPHARMA",
          "corr": 0.3839,
          "w1": 4.9,
          "w2": 5.2,
          "combined_weight": 10.1
        },
        {
          "t1": "PG",
          "t2": "SUNPHARMA",
          "corr": 0.3707,
          "w1": 4.9,
          "w2": 5.2,
          "combined_weight": 10.1
        },
        {
          "t1": "SHEL",
          "t2": "GD",
          "corr": 0.3591,
          "w1": 4.9,
          "w2": 4.9,
          "combined_weight": 9.8
        },
        {
          "t1": "VICI",
          "t2": "KO",
          "corr": 0.3307,
          "w1": 5.1,
          "w2": 5.0,
          "combined_weight": 10.1
        },
        {
          "t1": "SPYV",
          "t2": "XLV",
          "corr": 0.3306,
          "w1": 4.7,
          "w2": 5.1,
          "combined_weight": 9.8
        },
        {
          "t1": "VICI",
          "t2": "SHEL",
          "corr": 0.323,
          "w1": 5.1,
          "w2": 4.9,
          "combined_weight": 10.0
        }
      ],
      "least_correlated": [
        {
          "t1": "VGSH",
          "t2": "STIP",
          "corr": 0.0234,
          "w1": 7.3,
          "w2": 13.0,
          "combined_weight": 20.3
        },
        {
          "t1": "CLTL",
          "t2": "BSV",
          "corr": 0.0234,
          "w1": 12.2,
          "w2": 12.0,
          "combined_weight": 24.2
        },
        {
          "t1": "CLTL",
          "t2": "STIP",
          "corr": 0.0234,
          "w1": 12.2,
          "w2": 13.0,
          "combined_weight": 25.2
        },
        {
          "t1": "BSV",
          "t2": "STIP",
          "corr": 0.0234,
          "w1": 12.0,
          "w2": 13.0,
          "combined_weight": 25.0
        },
        {
          "t1": "KO",
          "t2": "GLD",
          "corr": 0.021,
          "w1": 5.0,
          "w2": 4.1,
          "combined_weight": 9.1
        }
      ],
      "high_corr_high_weight": []
    }
  },
  "all_pairs_top_30": [
    {
      "t1": "FLKR",
      "t2": "XCEM",
      "corr_hybrid": 0.8004,
      "corr_structured": 0.9,
      "cat1": "ETF",
      "cat2": "ETF",
      "exp1": "south_korea",
      "exp2": "emerging_markets",
      "fam1": "em_equity",
      "fam2": "em_equity"
    },
    {
      "t1": "SOXX",
      "t2": "XCEM",
      "corr_hybrid": 0.7608,
      "corr_structured": 0.2,
      "cat1": "ETF",
      "cat2": "ETF",
      "exp1": "semiconductor",
      "exp2": "emerging_markets",
      "fam1": "sector_tech",
      "fam2": "em_equity"
    },
    {
      "t1": "PICK",
      "t2": "XCEM",
      "corr_hybrid": 0.7587,
      "corr_structured": 0.2,
      "cat1": "ETF",
      "cat2": "ETF",
      "exp1": "metals_mining",
      "exp2": "emerging_markets",
      "fam1": null,
      "fam2": "em_equity"
    },
    {
      "t1": "FLKR",
      "t2": "SOXX",
      "corr_hybrid": 0.7507,
      "corr_structured": 0.2,
      "cat1": "ETF",
      "cat2": "ETF",
      "exp1": "south_korea",
      "exp2": "semiconductor",
      "fam1": "em_equity",
      "fam2": "sector_tech"
    },
    {
      "t1": "FNDF",
      "t2": "XCEM",
      "corr_hybrid": 0.7493,
      "corr_structured": 0.62,
      "cat1": "ETF",
      "cat2": "ETF",
      "exp1": "international",
      "exp2": "emerging_markets",
      "fam1": "intl_equity",
      "fam2": "em_equity"
    },
    {
      "t1": "SOXX",
      "t2": "XLK",
      "corr_hybrid": 0.735,
      "corr_structured": 0.9,
      "cat1": "ETF",
      "cat2": "ETF",
      "exp1": "semiconductor",
      "exp2": "tech",
      "fam1": "sector_tech",
      "fam2": "sector_tech"
    },
    {
      "t1": "FLKR",
      "t2": "PICK",
      "corr_hybrid": 0.7329,
      "corr_structured": 0.2,
      "cat1": "ETF",
      "cat2": "ETF",
      "exp1": "south_korea",
      "exp2": "metals_mining",
      "fam1": "em_equity",
      "fam2": null
    },
    {
      "t1": "FNDF",
      "t2": "PICK",
      "corr_hybrid": 0.7186,
      "corr_structured": 0.2,
      "cat1": "ETF",
      "cat2": "ETF",
      "exp1": "international",
      "exp2": "metals_mining",
      "fam1": "intl_equity",
      "fam2": null
    },
    {
      "t1": "FLKR",
      "t2": "FNDF",
      "corr_hybrid": 0.7154,
      "corr_structured": 0.62,
      "cat1": "ETF",
      "cat2": "ETF",
      "exp1": "south_korea",
      "exp2": "international",
      "fam1": "em_equity",
      "fam2": "intl_equity"
    },
    {
      "t1": "XCEM",
      "t2": "XLK",
      "corr_hybrid": 0.7087,
      "corr_structured": 0.2,
      "cat1": "ETF",
      "cat2": "ETF",
      "exp1": "emerging_markets",
      "exp2": "tech",
      "fam1": "em_equity",
      "fam2": "sector_tech"
    },
    {
      "t1": "FLKR",
      "t2": "XLK",
      "corr_hybrid": 0.6965,
      "corr_structured": 0.2,
      "cat1": "ETF",
      "cat2": "ETF",
      "exp1": "south_korea",
      "exp2": "tech",
      "fam1": "em_equity",
      "fam2": "sector_tech"
    },
    {
      "t1": "PICK",
      "t2": "SOXX",
      "corr_hybrid": 0.6714,
      "corr_structured": 0.2,
      "cat1": "ETF",
      "cat2": "ETF",
      "exp1": "metals_mining",
      "exp2": "semiconductor",
      "fam1": null,
      "fam2": "sector_tech"
    },
    {
      "t1": "FNDF",
      "t2": "SOXX",
      "corr_hybrid": 0.6542,
      "corr_structured": 0.2,
      "cat1": "ETF",
      "cat2": "ETF",
      "exp1": "international",
      "exp2": "semiconductor",
      "fam1": "intl_equity",
      "fam2": "sector_tech"
    },
    {
      "t1": "ICLN",
      "t2": "XCEM",
      "corr_hybrid": 0.6481,
      "corr_structured": 0.2,
      "cat1": "ETF",
      "cat2": "ETF",
      "exp1": "clean_energy",
      "exp2": "emerging_markets",
      "fam1": null,
      "fam2": "em_equity"
    },
    {
      "t1": "ICLN",
      "t2": "SOXX",
      "corr_hybrid": 0.6441,
      "corr_structured": 0.2,
      "cat1": "ETF",
      "cat2": "ETF",
      "exp1": "clean_energy",
      "exp2": "semiconductor",
      "fam1": null,
      "fam2": "sector_tech"
    },
    {
      "t1": "FLKR",
      "t2": "ICLN",
      "corr_hybrid": 0.6273,
      "corr_structured": 0.2,
      "cat1": "ETF",
      "cat2": "ETF",
      "exp1": "south_korea",
      "exp2": "clean_energy",
      "fam1": "em_equity",
      "fam2": null
    },
    {
      "t1": "FIX",
      "t2": "SOXX",
      "corr_hybrid": 0.6267,
      "corr_structured": null,
      "cat1": "Act",
      "cat2": "ETF",
      "exp1": null,
      "exp2": "semiconductor",
      "fam1": null,
      "fam2": "sector_tech"
    },
    {
      "t1": "PICK",
      "t2": "XLK",
      "corr_hybrid": 0.624,
      "corr_structured": 0.2,
      "cat1": "ETF",
      "cat2": "ETF",
      "exp1": "metals_mining",
      "exp2": "tech",
      "fam1": null,
      "fam2": "sector_tech"
    },
    {
      "t1": "FSLR",
      "t2": "ICLN",
      "corr_hybrid": 0.6221,
      "corr_structured": null,
      "cat1": "Act",
      "cat2": "ETF",
      "exp1": null,
      "exp2": "clean_energy",
      "fam1": null,
      "fam2": null
    },
    {
      "t1": "FIX",
      "t2": "XLK",
      "corr_hybrid": 0.6181,
      "corr_structured": null,
      "cat1": "Act",
      "cat2": "ETF",
      "exp1": null,
      "exp2": "tech",
      "fam1": null,
      "fam2": "sector_tech"
    },
    {
      "t1": "FNDF",
      "t2": "XLK",
      "corr_hybrid": 0.6122,
      "corr_structured": 0.2,
      "cat1": "ETF",
      "cat2": "ETF",
      "exp1": "international",
      "exp2": "tech",
      "fam1": "intl_equity",
      "fam2": "sector_tech"
    },
    {
      "t1": "FNDF",
      "t2": "FNDX",
      "corr_hybrid": 0.612,
      "corr_structured": 0.2,
      "cat1": "ETF",
      "cat2": "ETF",
      "exp1": "international",
      "exp2": "value",
      "fam1": "intl_equity",
      "fam2": "factor_value"
    },
    {
      "t1": "FIX",
      "t2": "NVDA",
      "corr_hybrid": 0.6092,
      "corr_structured": null,
      "cat1": "Act",
      "cat2": "Act",
      "exp1": null,
      "exp2": null,
      "fam1": null,
      "fam2": null
    },
    {
      "t1": "FNDX",
      "t2": "XCEM",
      "corr_hybrid": 0.6074,
      "corr_structured": 0.2,
      "cat1": "ETF",
      "cat2": "ETF",
      "exp1": "value",
      "exp2": "emerging_markets",
      "fam1": "factor_value",
      "fam2": "em_equity"
    },
    {
      "t1": "ICLN",
      "t2": "XLK",
      "corr_hybrid": 0.5956,
      "corr_structured": 0.2,
      "cat1": "ETF",
      "cat2": "ETF",
      "exp1": "clean_energy",
      "exp2": "tech",
      "fam1": null,
      "fam2": "sector_tech"
    },
    {
      "t1": "000660",
      "t2": "2059",
      "corr_hybrid": 0.5906,
      "corr_structured": null,
      "cat1": "Act",
      "cat2": "Act",
      "exp1": null,
      "exp2": null,
      "fam1": null,
      "fam2": null
    },
    {
      "t1": "000660",
      "t2": "BNB/USD",
      "corr_hybrid": 0.5906,
      "corr_structured": null,
      "cat1": "Act",
      "cat2": "Act",
      "exp1": null,
      "exp2": null,
      "fam1": null,
      "fam2": null
    },
    {
      "t1": "000660",
      "t2": "SUNPHARMA",
      "corr_hybrid": 0.5906,
      "corr_structured": null,
      "cat1": "Act",
      "cat2": "Act",
      "exp1": null,
      "exp2": null,
      "fam1": null,
      "fam2": null
    },
    {
      "t1": "2059",
      "t2": "BNB/USD",
      "corr_hybrid": 0.5906,
      "corr_structured": null,
      "cat1": "Act",
      "cat2": "Act",
      "exp1": null,
      "exp2": null,
      "fam1": null,
      "fam2": null
    },
    {
      "t1": "2059",
      "t2": "SUNPHARMA",
      "corr_hybrid": 0.5906,
      "corr_structured": null,
      "cat1": "Act",
      "cat2": "Act",
      "exp1": null,
      "exp2": null,
      "fam1": null,
      "fam2": null
    }
  ],
  "all_pairs_bottom_10": [
    {
      "t1": "KO",
      "t2": "NVDA",
      "corr_hybrid": -0.0131,
      "corr_structured": null,
      "cat1": "Act",
      "cat2": "Act",
      "exp1": null,
      "exp2": null,
      "fam1": null,
      "fam2": null
    },
    {
      "t1": "SOXX",
      "t2": "VICI",
      "corr_hybrid": 0.01,
      "corr_structured": null,
      "cat1": "ETF",
      "cat2": "Act",
      "exp1": "semiconductor",
      "exp2": null,
      "fam1": "sector_tech",
      "fam2": null
    },
    {
      "t1": "NVDA",
      "t2": "PG",
      "corr_hybrid": -0.0092,
      "corr_structured": null,
      "cat1": "Act",
      "cat2": "Act",
      "exp1": null,
      "exp2": null,
      "fam1": null,
      "fam2": null
    },
    {
      "t1": "GLD",
      "t2": "NOVN",
      "corr_hybrid": -0.0089,
      "corr_structured": null,
      "cat1": "ETF",
      "cat2": "Act",
      "exp1": "gold_physical",
      "exp2": null,
      "fam1": "gold",
      "fam2": null
    },
    {
      "t1": "KO",
      "t2": "PICK",
      "corr_hybrid": 0.0087,
      "corr_structured": null,
      "cat1": "Act",
      "cat2": "ETF",
      "exp1": null,
      "exp2": "metals_mining",
      "fam1": null,
      "fam2": null
    },
    {
      "t1": "EOG",
      "t2": "PICK",
      "corr_hybrid": -0.0084,
      "corr_structured": null,
      "cat1": "Act",
      "cat2": "ETF",
      "exp1": null,
      "exp2": "metals_mining",
      "fam1": null,
      "fam2": null
    },
    {
      "t1": "EOG",
      "t2": "GLD",
      "corr_hybrid": 0.0067,
      "corr_structured": null,
      "cat1": "Act",
      "cat2": "ETF",
      "exp1": null,
      "exp2": "gold_physical",
      "fam1": null,
      "fam2": "gold"
    },
    {
      "t1": "NVDA",
      "t2": "SPLV",
      "corr_hybrid": 0.0059,
      "corr_structured": null,
      "cat1": "Act",
      "cat2": "ETF",
      "exp1": null,
      "exp2": "sp500",
      "fam1": null,
      "fam2": "us_equity_large"
    },
    {
      "t1": "SCHN",
      "t2": "XBI",
      "corr_hybrid": 0.0009,
      "corr_structured": null,
      "cat1": "Act",
      "cat2": "ETF",
      "exp1": null,
      "exp2": "biotech",
      "fam1": null,
      "fam2": "sector_healthcare"
    },
    {
      "t1": "NOVN",
      "t2": "XBI",
      "corr_hybrid": 0.0006,
      "corr_structured": null,
      "cat1": "Act",
      "cat2": "ETF",
      "exp1": null,
      "exp2": "biotech",
      "fam1": null,
      "fam2": "sector_healthcare"
    }
  ],
  "correlation_matrix": {
    "tickers": [
      "000660",
      "2059",
      "ACWV",
      "BKR",
      "BNB/USD",
      "BSV",
      "BZU",
      "CLTL",
      "DIVB",
      "EOG",
      "FIX",
      "FLKR",
      "FLTR",
      "FNDF",
      "FNDX",
      "FSLR",
      "GD",
      "GLD",
      "ICLN",
      "KO",
      "LI",
      "NOVN",
      "NVDA",
      "PAAA",
      "PEG",
      "PG",
      "PICK",
      "SCHD",
      "SCHN",
      "SHEL",
      "SOXX",
      "SPLV",
      "SPYV",
      "STIP",
      "SUNPHARMA",
      "TDTF",
      "TDTT",
      "VGSH",
      "VICI",
      "XBI",
      "XCEM",
      "XLK",
      "XLV"
    ],
    "matrix": [
      [
        1.0,
        0.5906,
        0.3183,
        0.3218,
        0.5906,
        0.0732,
        0.2717,
        0.0732,
        0.3132,
        0.3626,
        0.2082,
        0.0838,
        0.0732,
        0.2425,
        0.3214,
        0.1596,
        0.3839,
        0.0916,
        0.1698,
        0.4098,
        0.2625,
        0.3466,
        0.1925,
        0.0732,
        0.4016,
        0.3707,
        0.1687,
        0.3429,
        0.3251,
        0.3904,
        0.1093,
        0.3113,
        0.3168,
        0.0732,
        0.5906,
        0.0732,
        0.0732,
        0.0732,
        0.4199,
        0.1567,
        0.1555,
        0.1312,
        0.2551
      ],
      [
        0.5906,
        1.0,
        0.3183,
        0.3218,
        0.5906,
        0.0732,
        0.2717,
        0.0732,
        0.3132,
        0.3626,
        0.2082,
        0.0838,
        0.0732,
        0.2425,
        0.3214,
        0.1596,
        0.3839,
        0.0916,
        0.1698,
        0.4098,
        0.2625,
        0.3466,
        0.1925,
        0.0732,
        0.4016,
        0.3707,
        0.1687,
        0.3429,
        0.3251,
        0.3904,
        0.1093,
        0.3113,
        0.3168,
        0.0732,
        0.5906,
        0.0732,
        0.0732,
        0.0732,
        0.4199,
        0.1567,
        0.1555,
        0.1312,
        0.2551
      ],
      [
        0.3183,
        0.3183,
        1.0,
        0.3343,
        0.3183,
        0.092,
        0.2167,
        0.092,
        0.3944,
        0.187,
        0.0844,
        0.3624,
        0.092,
        0.4514,
        0.4139,
        0.1323,
        0.2534,
        0.2502,
        0.2955,
        0.2074,
        0.1902,
        0.1387,
        0.1617,
        0.092,
        0.2202,
        0.2544,
        0.4156,
        0.3742,
        0.1049,
        0.2794,
        0.2974,
        0.2876,
        0.3966,
        0.092,
        0.3183,
        0.092,
        0.092,
        0.092,
        0.2741,
        0.2989,
        0.4066,
        0.2806,
        0.3069
      ],
      [
        0.3218,
        0.3218,
        0.3343,
        1.0,
        0.3218,
        0.0864,
        -0.0733,
        0.0864,
        0.4019,
        0.3944,
        0.1547,
        0.3088,
        0.0864,
        0.4251,
        0.4171,
        0.0626,
        0.3415,
        0.1981,
        0.2479,
        0.1666,
        -0.0256,
        0.1431,
        0.1866,
        0.0864,
        0.2171,
        0.1742,
        0.3647,
        0.406,
        0.1289,
        0.4775,
        0.2889,
        0.252,
        0.393,
        0.0864,
        0.3218,
        0.0864,
        0.0864,
        0.0864,
        0.2625,
        0.2187,
        0.3457,
        0.2817,
        0.2575
      ],
      [
        0.5906,
        0.5906,
        0.3183,
        0.3218,
        1.0,
        0.0732,
        0.2717,
        0.0732,
        0.3132,
        0.3626,
        0.2082,
        0.0838,
        0.0732,
        0.2425,
        0.3214,
        0.1596,
        0.3839,
        0.0916,
        0.1698,
        0.4098,
        0.2625,
        0.3466,
        0.1925,
        0.0732,
        0.4016,
        0.3707,
        0.1687,
        0.3429,
        0.3251,
        0.3904,
        0.1093,
        0.3113,
        0.3168,
        0.0732,
        0.5906,
        0.0732,
        0.0732,
        0.0732,
        0.4199,
        0.1567,
        0.1555,
        0.1312,
        0.2551
      ],
      [
        0.0732,
        0.0732,
        0.092,
        0.0864,
        0.0732,
        1.0,
        0.0523,
        0.0234,
        0.0997,
        0.0456,
        0.0184,
        0.095,
        0.0234,
        0.1163,
        0.1046,
        0.025,
        0.0615,
        0.064,
        0.0721,
        0.0472,
        0.038,
        0.0305,
        0.0396,
        0.0234,
        0.0511,
        0.0601,
        0.1072,
        0.0943,
        0.0215,
        0.07,
        0.077,
        0.0712,
        0.1001,
        0.0234,
        0.0732,
        0.0234,
        0.0234,
        0.0234,
        0.065,
        0.0765,
        0.1052,
        0.0723,
        0.077
      ],
      [
        0.2717,
        0.2717,
        0.2167,
        -0.0733,
        0.2717,
        0.0523,
        1.0,
        0.0523,
        0.1596,
        -0.1617,
        0.0478,
        0.1416,
        0.0523,
        0.1621,
        0.1611,
        0.0592,
        0.0953,
        0.0536,
        0.0821,
        0.2719,
        0.0225,
        0.1371,
        0.0315,
        0.0523,
        0.2119,
        0.3057,
        0.1235,
        0.1395,
        0.0628,
        -0.1148,
        0.0742,
        0.2354,
        0.1728,
        0.0523,
        0.2717,
        0.0523,
        0.0523,
        0.0523,
        0.2065,
        0.2252,
        0.1805,
        0.0641,
        0.2252
      ],
      [
        0.0732,
        0.0732,
        0.092,
        0.0864,
        0.0732,
        0.0234,
        0.0523,
        1.0,
        0.0997,
        0.0456,
        0.0184,
        0.095,
        0.0234,
        0.1163,
        0.1046,
        0.025,
        0.0615,
        0.064,
        0.0721,
        0.0472,
        0.038,
        0.0305,
        0.0396,
        0.0234,
        0.0511,
        0.0601,
        0.1072,
        0.0943,
        0.0215,
        0.07,
        0.077,
        0.0712,
        0.1001,
        0.0234,
        0.0732,
        0.0234,
        0.0234,
        0.0234,
        0.065,
        0.0765,
        0.1052,
        0.0723,
        0.077
      ],
      [
        0.3132,
        0.3132,
        0.3944,
        0.4019,
        0.3132,
        0.0997,
        0.1596,
        0.0997,
        1.0,
        0.1927,
        0.1975,
        0.4699,
        0.0997,
        0.5388,
        0.4885,
        0.2111,
        0.2835,
        0.2906,
        0.4059,
        0.1633,
        0.1803,
        0.1036,
        0.2369,
        0.0997,
        0.2212,
        0.2177,
        0.506,
        0.4045,
        0.0836,
        0.3123,
        0.4192,
        0.2763,
        0.4606,
        0.0997,
        0.3132,
        0.0997,
        0.0997,
        0.0997,
        0.2551,
        0.3516,
        0.5114,
        0.3942,
        0.3283
      ],
      [
        0.3626,
        0.3626,
        0.187,
        0.3944,
        0.3626,
        0.0456,
        -0.1617,
        0.0456,
        0.1927,
        1.0,
        -0.1025,
        -0.1221,
        0.0456,
        0.0668,
        0.1521,
        -0.0255,
        0.3201,
        0.0067,
        -0.0643,
        0.2752,
        -0.0877,
        0.2572,
        -0.044,
        0.0456,
        0.2152,
        0.221,
        -0.0084,
        0.3019,
        0.2274,
        0.5043,
        -0.1249,
        0.2314,
        0.1584,
        0.0456,
        0.3626,
        0.0456,
        0.0456,
        0.0456,
        0.3107,
        -0.0528,
        -0.0799,
        -0.0993,
        0.125
      ],
      [
        0.2082,
        0.2082,
        0.0844,
        0.1547,
        0.2082,
        0.0184,
        0.0478,
        0.0184,
        0.1975,
        -0.1025,
        1.0,
        0.445,
        0.0184,
        0.3255,
        0.3198,
        0.3171,
        0.1753,
        0.0891,
        0.5039,
        -0.0705,
        0.2319,
        -0.016,
        0.6092,
        0.0184,
        0.204,
        -0.0963,
        0.3238,
        0.014,
        0.0868,
        0.0258,
        0.6267,
        -0.0934,
        0.2659,
        0.0184,
        0.2082,
        0.0184,
        0.0184,
        0.0184,
        -0.0294,
        0.2763,
        0.4544,
        0.6181,
        0.0674
      ],
      [
        0.0838,
        0.0838,
        0.3624,
        0.3088,
        0.0838,
        0.095,
        0.1416,
        0.095,
        0.4699,
        -0.1221,
        0.445,
        1.0,
        0.095,
        0.7154,
        0.5662,
        0.2554,
        0.1362,
        0.3993,
        0.6273,
        -0.081,
        0.2797,
        -0.1065,
        0.4332,
        0.095,
        0.0985,
        0.0277,
        0.7329,
        0.2994,
        -0.0836,
        0.0794,
        0.7507,
        0.1332,
        0.5115,
        0.095,
        0.0838,
        0.095,
        0.095,
        0.095,
        0.0431,
        0.519,
        0.8004,
        0.6965,
        0.313
      ],
      [
        0.0732,
        0.0732,
        0.092,
        0.0864,
        0.0732,
        0.0234,
        0.0523,
        0.0234,
        0.0997,
        0.0456,
        0.0184,
        0.095,
        1.0,
        0.1163,
        0.1046,
        0.025,
        0.0615,
        0.064,
        0.0721,
        0.0472,
        0.038,
        0.0305,
        0.0396,
        0.0234,
        0.0511,
        0.0601,
        0.1072,
        0.0943,
        0.0215,
        0.07,
        0.077,
        0.0712,
        0.1001,
        0.0234,
        0.0732,
        0.0234,
        0.0234,
        0.0234,
        0.065,
        0.0765,
        0.1052,
        0.0723,
        0.077
      ],
      [
        0.2425,
        0.2425,
        0.4514,
        0.4251,
        0.2425,
        0.1163,
        0.1621,
        0.1163,
        0.5388,
        0.0668,
        0.3255,
        0.7154,
        0.1163,
        1.0,
        0.612,
        0.1959,
        0.245,
        0.4071,
        0.5572,
        0.0683,
        0.2914,
        0.0208,
        0.3792,
        0.1163,
        0.1932,
        0.162,
        0.7186,
        0.4231,
        0.0182,
        0.2502,
        0.6542,
        0.2559,
        0.5655,
        0.1163,
        0.2425,
        0.1163,
        0.1163,
        0.1163,
        0.1936,
        0.5026,
        0.7493,
        0.6122,
        0.3786
      ],
      [
        0.3214,
        0.3214,
        0.4139,
        0.4171,
        0.3214,
        0.1046,
        0.1611,
        0.1046,
        0.4885,
        0.1521,
        0.3198,
        0.5662,
        0.1046,
        0.612,
        1.0,
        0.2332,
        0.2898,
        0.3259,
        0.4871,
        0.1373,
        0.2484,
        0.0877,
        0.3344,
        0.1046,
        0.2379,
        0.197,
        0.5844,
        0.4062,
        0.0833,
        0.2981,
        0.533,
        0.2607,
        0.5081,
        0.1046,
        0.3214,
        0.1046,
        0.1046,
        0.1046,
        0.2398,
        0.4122,
        0.6074,
        0.5044,
        0.3442
      ],
      [
        0.1596,
        0.1596,
        0.1323,
        0.0626,
        0.1596,
        0.025,
        0.0592,
        0.025,
        0.2111,
        -0.0255,
        0.3171,
        0.2554,
        0.025,
        0.1959,
        0.2332,
        1.0,
        0.1494,
        0.1386,
        0.6221,
        0.0132,
        0.2345,
        -0.0505,
        0.0965,
        0.025,
        0.0804,
        0.0555,
        0.2366,
        0.1319,
        -0.0281,
        0.0141,
        0.2931,
        0.0514,
        0.2184,
        0.025,
        0.1596,
        0.025,
        0.025,
        0.025,
        0.0682,
        0.1431,
        0.2752,
        0.2522,
        0.137
      ],
      [
        0.3839,
        0.3839,
        0.2534,
        0.3415,
        0.3839,
        0.0615,
        0.0953,
        0.0615,
        0.2835,
        0.3201,
        0.1753,
        0.1362,
        0.0615,
        0.245,
        0.2898,
        0.1494,
        1.0,
        0.0934,
        0.1813,
        0.2394,
        0.0439,
        0.1999,
        0.1452,
        0.0615,
        0.2583,
        0.2191,
        0.1869,
        0.2996,
        0.1853,
        0.3591,
        0.1498,
        0.2239,
        0.2794,
        0.0615,
        0.3839,
        0.0615,
        0.0615,
        0.0615,
        0.278,
        0.1342,
        0.1804,
        0.1556,
        0.2006
      ],
      [
        0.0916,
        0.0916,
        0.2502,
        0.1981,
        0.0916,
        0.064,
        0.0536,
        0.064,
        0.2906,
        0.0067,
        0.0891,
        0.3993,
        0.064,
        0.4071,
        0.3259,
        0.1386,
        0.0934,
        1.0,
        0.318,
        0.021,
        0.2433,
        -0.0089,
        0.1645,
        0.064,
        0.0699,
        0.0903,
        0.4158,
        0.2298,
        -0.0139,
        0.1035,
        0.3412,
        0.1426,
        0.3025,
        0.064,
        0.0916,
        0.064,
        0.064,
        0.064,
        0.0966,
        0.2775,
        0.4165,
        0.3136,
        0.2113
      ],
      [
        0.1698,
        0.1698,
        0.2955,
        0.2479,
        0.1698,
        0.0721,
        0.0821,
        0.0721,
        0.4059,
        -0.0643,
        0.5039,
        0.6273,
        0.0721,
        0.5572,
        0.4871,
        0.6221,
        0.1813,
        0.318,
        1.0,
        -0.0332,
        0.3429,
        -0.0666,
        0.378,
        0.0721,
        0.1327,
        0.0444,
        0.5844,
        0.2534,
        -0.0291,
        0.0857,
        0.6441,
        0.1026,
        0.4414,
        0.0721,
        0.1698,
        0.0721,
        0.0721,
        0.0721,
        0.0737,
        0.4022,
        0.6481,
        0.5956,
        0.2605
      ],
      [
        0.4098,
        0.4098,
        0.2074,
        0.1666,
        0.4098,
        0.0472,
        0.2719,
        0.0472,
        0.1633,
        0.2752,
        -0.0705,
        -0.081,
        0.0472,
        0.0683,
        0.1373,
        0.0132,
        0.2394,
        0.021,
        -0.0332,
        1.0,
        0.1293,
        0.2823,
        -0.0131,
        0.0472,
        0.2667,
        0.3212,
        0.0087,
        0.2346,
        0.2359,
        0.2579,
        -0.1042,
        0.26,
        0.1507,
        0.0472,
        0.4098,
        0.0472,
        0.0472,
        0.0472,
        0.3307,
        0.04,
        -0.0275,
        -0.0821,
        0.1693
      ],
      [
        0.2625,
        0.2625,
        0.1902,
        -0.0256,
        0.2625,
        0.038,
        0.0225,
        0.038,
        0.1803,
        -0.0877,
        0.2319,
        0.2797,
        0.038,
        0.2914,
        0.2484,
        0.2345,
        0.0439,
        0.2433,
        0.3429,
        0.1293,
        1.0,
        0.1344,
        0.3156,
        0.038,
        0.1906,
        0.1658,
        0.3356,
        0.0943,
        0.1831,
        -0.0275,
        0.3008,
        0.0893,
        0.2259,
        0.038,
        0.2625,
        0.038,
        0.038,
        0.038,
        0.1629,
        0.243,
        0.3219,
        0.3032,
        0.1516
      ],
      [
        0.3466,
        0.3466,
        0.1387,
        0.1431,
        0.3466,
        0.0305,
        0.1371,
        0.0305,
        0.1036,
        0.2572,
        -0.016,
        -0.1065,
        0.0305,
        0.0208,
        0.0877,
        -0.0505,
        0.1999,
        -0.0089,
        -0.0666,
        0.2823,
        0.1344,
        1.0,
        0.0244,
        0.0305,
        0.2287,
        0.2399,
        -0.0307,
        0.1643,
        0.227,
        0.2351,
        -0.0991,
        0.1832,
        0.0967,
        0.0305,
        0.3466,
        0.0305,
        0.0305,
        0.0305,
        0.2642,
        0.0006,
        -0.0633,
        -0.0719,
        0.104
      ],
      [
        0.1925,
        0.1925,
        0.1617,
        0.1866,
        0.1925,
        0.0396,
        0.0315,
        0.0396,
        0.2369,
        -0.044,
        0.6092,
        0.4332,
        0.0396,
        0.3792,
        0.3344,
        0.0965,
        0.1452,
        0.1645,
        0.378,
        -0.0131,
        0.3156,
        0.0244,
        1.0,
        0.0396,
        0.1809,
        -0.0092,
        0.3754,
        0.101,
        0.0914,
        0.078,
        0.5262,
        0.0059,
        0.2896,
        0.0396,
        0.1925,
        0.0396,
        0.0396,
        0.0396,
        0.0399,
        0.2928,
        0.4495,
        0.5192,
        0.1259
      ],
      [
        0.0732,
        0.0732,
        0.092,
        0.0864,
        0.0732,
        0.0234,
        0.0523,
        0.0234,
        0.0997,
        0.0456,
        0.0184,
        0.095,
        0.0234,
        0.1163,
        0.1046,
        0.025,
        0.0615,
        0.064,
        0.0721,
        0.0472,
        0.038,
        0.0305,
        0.0396,
        1.0,
        0.0511,
        0.0601,
        0.1072,
        0.0943,
        0.0215,
        0.07,
        0.077,
        0.0712,
        0.1001,
        0.0234,
        0.0732,
        0.0234,
        0.0234,
        0.0234,
        0.065,
        0.0765,
        0.1052,
        0.0723,
        0.077
      ],
      [
        0.4016,
        0.4016,
        0.2202,
        0.2171,
        0.4016,
        0.0511,
        0.2119,
        0.0511,
        0.2212,
        0.2152,
        0.204,
        0.0985,
        0.0511,
        0.1932,
        0.2379,
        0.0804,
        0.2583,
        0.0699,
        0.1327,
        0.2667,
        0.1906,
        0.2287,
        0.1809,
        0.0511,
        1.0,
        0.2407,
        0.1428,
        0.2248,
        0.2202,
        0.2474,
        0.1246,
        0.2012,
        0.2306,
        0.0511,
        0.4016,
        0.0511,
        0.0511,
        0.0511,
        0.2732,
        0.1359,
        0.1462,
        0.139,
        0.1771
      ],
      [
        0.3707,
        0.3707,
        0.2544,
        0.1742,
        0.3707,
        0.0601,
        0.3057,
        0.0601,
        0.2177,
        0.221,
        -0.0963,
        0.0277,
        0.0601,
        0.162,
        0.197,
        0.0555,
        0.2191,
        0.0903,
        0.0444,
        0.3212,
        0.1658,
        0.2399,
        -0.0092,
        0.0601,
        0.2407,
        1.0,
        0.1139,
        0.2701,
        0.1867,
        0.2283,
        -0.027,
        0.2811,
        0.2064,
        0.0601,
        0.3707,
        0.0601,
        0.0601,
        0.0601,
        0.319,
        0.1104,
        0.0794,
        -0.0179,
        0.2145
      ],
      [
        0.1687,
        0.1687,
        0.4156,
        0.3647,
        0.1687,
        0.1072,
        0.1235,
        0.1072,
        0.506,
        -0.0084,
        0.3238,
        0.7329,
        0.1072,
        0.7186,
        0.5844,
        0.2366,
        0.1869,
        0.4158,
        0.5844,
        0.0087,
        0.3356,
        -0.0307,
        0.3754,
        0.1072,
        0.1428,
        0.1139,
        1.0,
        0.3741,
        -0.0244,
        0.1762,
        0.6714,
        0.2101,
        0.5364,
        0.1072,
        0.1687,
        0.1072,
        0.1072,
        0.1072,
        0.1364,
        0.5006,
        0.7587,
        0.624,
        0.3516
      ],
      [
        0.3429,
        0.3429,
        0.3742,
        0.406,
        0.3429,
        0.0943,
        0.1395,
        0.0943,
        0.4045,
        0.3019,
        0.014,
        0.2994,
        0.0943,
        0.4231,
        0.4062,
        0.1319,
        0.2996,
        0.2298,
        0.2534,
        0.2346,
        0.0943,
        0.1643,
        0.101,
        0.0943,
        0.2248,
        0.2701,
        0.3741,
        1.0,
        0.1213,
        0.3771,
        0.2287,
        0.3152,
        0.3932,
        0.0943,
        0.3429,
        0.0943,
        0.0943,
        0.0943,
        0.3088,
        0.25,
        0.3459,
        0.2156,
        0.3069
      ],
      [
        0.3251,
        0.3251,
        0.1049,
        0.1289,
        0.3251,
        0.0215,
        0.0628,
        0.0215,
