{
  "_meta": {
    "generated": "2026-06-02T14:48:18",
    "portfolio_generated": "2026-06-02T14:44:13.367634",
    "n_assets": 46,
    "n_with_returns": 35,
    "covariance_method": "hybrid_shrunk",
    "condition_number": 444.63,
    "pca_factors": 6
  },
  "profiles": {
    "Agressif": {
      "n_assets": 20,
      "weighted_avg_correlation": 0.2729,
      "most_correlated": [
        {
          "t1": "FIX",
          "t2": "VRT",
          "corr": 0.7955,
          "w1": 4.6,
          "w2": 2.7,
          "combined_weight": 7.3
        },
        {
          "t1": "PICK",
          "t2": "COPX",
          "corr": 0.7712,
          "w1": 6.3,
          "w2": 5.1,
          "combined_weight": 11.4
        },
        {
          "t1": "XCEM",
          "t2": "FLKR",
          "corr": 0.7661,
          "w1": 5.9,
          "w2": 4.6,
          "combined_weight": 10.5
        },
        {
          "t1": "PICK",
          "t2": "XCEM",
          "corr": 0.7288,
          "w1": 6.3,
          "w2": 5.9,
          "combined_weight": 12.2
        },
        {
          "t1": "FIX",
          "t2": "EME",
          "corr": 0.7252,
          "w1": 4.6,
          "w2": 4.6,
          "combined_weight": 9.2
        },
        {
          "t1": "EME",
          "t2": "VRT",
          "corr": 0.7179,
          "w1": 4.6,
          "w2": 2.7,
          "combined_weight": 7.3
        },
        {
          "t1": "SOXX",
          "t2": "XCEM",
          "corr": 0.7128,
          "w1": 5.6,
          "w2": 5.9,
          "combined_weight": 11.5
        },
        {
          "t1": "XCEM",
          "t2": "COPX",
          "corr": 0.7001,
          "w1": 5.9,
          "w2": 5.1,
          "combined_weight": 11.0
        },
        {
          "t1": "SOXX",
          "t2": "XLK",
          "corr": 0.6945,
          "w1": 5.6,
          "w2": 3.3,
          "combined_weight": 8.9
        },
        {
          "t1": "XLK",
          "t2": "XCEM",
          "corr": 0.6838,
          "w1": 3.3,
          "w2": 5.9,
          "combined_weight": 9.2
        }
      ],
      "least_correlated": [
        {
          "t1": "FLTR",
          "t2": "FLRN",
          "corr": 0.0231,
          "w1": 5.1,
          "w2": 5.1,
          "combined_weight": 10.3
        },
        {
          "t1": "FSLR",
          "t2": "FLTR",
          "corr": 0.0213,
          "w1": 6.6,
          "w2": 5.1,
          "combined_weight": 11.7
        },
        {
          "t1": "FSLR",
          "t2": "FLRN",
          "corr": 0.0213,
          "w1": 6.6,
          "w2": 5.1,
          "combined_weight": 11.7
        },
        {
          "t1": "FLTR",
          "t2": "ANET",
          "corr": 0.0202,
          "w1": 5.1,
          "w2": 5.3,
          "combined_weight": 10.5
        },
        {
          "t1": "FLRN",
          "t2": "ANET",
          "corr": 0.0202,
          "w1": 5.1,
          "w2": 5.3,
          "combined_weight": 10.5
        }
      ],
      "high_corr_high_weight": [
        {
          "t1": "PICK",
          "t2": "COPX",
          "corr": 0.7712,
          "w1": 6.3,
          "w2": 5.1,
          "combined_weight": 11.4
        },
        {
          "t1": "XCEM",
          "t2": "FLKR",
          "corr": 0.7661,
          "w1": 5.9,
          "w2": 4.6,
          "combined_weight": 10.5
        },
        {
          "t1": "PICK",
          "t2": "XCEM",
          "corr": 0.7288,
          "w1": 6.3,
          "w2": 5.9,
          "combined_weight": 12.2
        },
        {
          "t1": "SOXX",
          "t2": "XCEM",
          "corr": 0.7128,
          "w1": 5.6,
          "w2": 5.9,
          "combined_weight": 11.5
        },
        {
          "t1": "XCEM",
          "t2": "COPX",
          "corr": 0.7001,
          "w1": 5.9,
          "w2": 5.1,
          "combined_weight": 11.0
        }
      ]
    },
    "Mod\u00e9r\u00e9": {
      "n_assets": 14,
      "weighted_avg_correlation": 0.1151,
      "most_correlated": [
        {
          "t1": "FNDF",
          "t2": "EEMV",
          "corr": 0.7037,
          "w1": 9.0,
          "w2": 9.0,
          "combined_weight": 18.0
        },
        {
          "t1": "GPIQ",
          "t2": "EEMV",
          "corr": 0.628,
          "w1": 5.7,
          "w2": 9.0,
          "combined_weight": 14.7
        },
        {
          "t1": "FNDF",
          "t2": "GPIQ",
          "corr": 0.5878,
          "w1": 9.0,
          "w2": 5.7,
          "combined_weight": 14.7
        },
        {
          "t1": "FNDF",
          "t2": "GLD",
          "corr": 0.3951,
          "w1": 9.0,
          "w2": 5.2,
          "combined_weight": 14.2
        },
        {
          "t1": "FNDF",
          "t2": "XLV",
          "corr": 0.3775,
          "w1": 9.0,
          "w2": 3.1,
          "combined_weight": 12.1
        },
        {
          "t1": "EEMV",
          "t2": "GLD",
          "corr": 0.3684,
          "w1": 9.0,
          "w2": 5.2,
          "combined_weight": 14.2
        },
        {
          "t1": "EEMV",
          "t2": "XLV",
          "corr": 0.3664,
          "w1": 9.0,
          "w2": 3.1,
          "combined_weight": 12.1
        },
        {
          "t1": "FNDF",
          "t2": "SCHD",
          "corr": 0.3584,
          "w1": 9.0,
          "w2": 9.0,
          "combined_weight": 18.0
        },
        {
          "t1": "SCHD",
          "t2": "EEMV",
          "corr": 0.322,
          "w1": 9.0,
          "w2": 9.0,
          "combined_weight": 18.0
        },
        {
          "t1": "GALP",
          "t2": "CF",
          "corr": 0.2986,
          "w1": 5.5,
          "w2": 7.5,
          "combined_weight": 13.0
        }
      ],
      "least_correlated": [
        {
          "t1": "CF",
          "t2": "GLD",
          "corr": -0.0787,
          "w1": 7.5,
          "w2": 5.2,
          "combined_weight": 12.7
        },
        {
          "t1": "CF",
          "t2": "XLV",
          "corr": -0.0808,
          "w1": 7.5,
          "w2": 3.1,
          "combined_weight": 10.7
        },
        {
          "t1": "FNDF",
          "t2": "CF",
          "corr": -0.2608,
          "w1": 9.0,
          "w2": 7.5,
          "combined_weight": 16.5
        },
        {
          "t1": "CF",
          "t2": "GPIQ",
          "corr": -0.2847,
          "w1": 7.5,
          "w2": 5.7,
          "combined_weight": 13.2
        },
        {
          "t1": "CF",
          "t2": "EEMV",
          "corr": -0.3654,
          "w1": 7.5,
          "w2": 9.0,
          "combined_weight": 16.5
        }
      ],
      "high_corr_high_weight": [
        {
          "t1": "FNDF",
          "t2": "EEMV",
          "corr": 0.7037,
          "w1": 9.0,
          "w2": 9.0,
          "combined_weight": 18.0
        }
      ]
    },
    "Stable": {
      "n_assets": 16,
      "weighted_avg_correlation": 0.1039,
      "most_correlated": [
        {
          "t1": "CS",
          "t2": "GLD",
          "corr": 0.45,
          "w1": 4.7,
          "w2": 4.2,
          "combined_weight": 8.9
        },
        {
          "t1": "ACWV",
          "t2": "SPYV",
          "corr": 0.3786,
          "w1": 5.1,
          "w2": 4.1,
          "combined_weight": 9.2
        },
        {
          "t1": "VICI",
          "t2": "SCHP",
          "corr": 0.3532,
          "w1": 4.9,
          "w2": 4.6,
          "combined_weight": 9.5
        },
        {
          "t1": "SCHP",
          "t2": "SHEL",
          "corr": 0.3518,
          "w1": 4.6,
          "w2": 3.2,
          "combined_weight": 7.8
        },
        {
          "t1": "SCHP",
          "t2": "JNJ",
          "corr": 0.3245,
          "w1": 4.6,
          "w2": 4.0,
          "combined_weight": 8.5
        },
        {
          "t1": "SPYV",
          "t2": "CS",
          "corr": 0.3208,
          "w1": 4.1,
          "w2": 4.7,
          "combined_weight": 8.7
        },
        {
          "t1": "SPYV",
          "t2": "XLV",
          "corr": 0.3107,
          "w1": 4.1,
          "w2": 4.1,
          "combined_weight": 8.2
        },
        {
          "t1": "ACWV",
          "t2": "XLV",
          "corr": 0.3013,
          "w1": 5.1,
          "w2": 4.1,
          "combined_weight": 9.3
        },
        {
          "t1": "ACWV",
          "t2": "SCHP",
          "corr": 0.2988,
          "w1": 5.1,
          "w2": 4.6,
          "combined_weight": 9.7
        },
        {
          "t1": "SCHP",
          "t2": "NTGY",
          "corr": 0.2988,
          "w1": 4.6,
          "w2": 4.7,
          "combined_weight": 9.3
        }
      ],
      "least_correlated": [
        {
          "t1": "VGSH",
          "t2": "CLTL",
          "corr": 0.0231,
          "w1": 12.2,
          "w2": 13.0,
          "combined_weight": 25.2
        },
        {
          "t1": "VGSH",
          "t2": "STIP",
          "corr": 0.0231,
          "w1": 12.2,
          "w2": 13.0,
          "combined_weight": 25.2
        },
        {
          "t1": "CLTL",
          "t2": "STIP",
          "corr": 0.0231,
          "w1": 13.0,
          "w2": 13.0,
          "combined_weight": 26.0
        },
        {
          "t1": "NTGY",
          "t2": "GLD",
          "corr": 0.0186,
          "w1": 4.7,
          "w2": 4.2,
          "combined_weight": 8.9
        },
        {
          "t1": "NTGY",
          "t2": "CS",
          "corr": -0.0829,
          "w1": 4.7,
          "w2": 4.7,
          "combined_weight": 9.4
        }
      ],
      "high_corr_high_weight": []
    }
  },
  "all_pairs_top_30": [
    {
      "t1": "FIX",
      "t2": "VRT",
      "corr_hybrid": 0.7955,
      "corr_structured": null,
      "cat1": "Act",
      "cat2": "Act",
      "exp1": null,
      "exp2": null,
      "fam1": null,
      "fam2": null
    },
    {
      "t1": "COPX",
      "t2": "PICK",
      "corr_hybrid": 0.7712,
      "corr_structured": 0.2,
      "cat1": "ETF",
      "cat2": "ETF",
      "exp1": "copper",
      "exp2": "metals_mining",
      "fam1": "commodities",
      "fam2": null
    },
    {
      "t1": "EEMV",
      "t2": "XCEM",
      "corr_hybrid": 0.7691,
      "corr_structured": 0.95,
      "cat1": "ETF",
      "cat2": "ETF",
      "exp1": "emerging_markets",
      "exp2": "emerging_markets",
      "fam1": "em_equity",
      "fam2": "em_equity"
    },
    {
      "t1": "FLKR",
      "t2": "XCEM",
      "corr_hybrid": 0.7661,
      "corr_structured": 0.9,
      "cat1": "ETF",
      "cat2": "ETF",
      "exp1": "south_korea",
      "exp2": "emerging_markets",
      "fam1": "em_equity",
      "fam2": "em_equity"
    },
    {
      "t1": "PICK",
      "t2": "XCEM",
      "corr_hybrid": 0.7288,
      "corr_structured": 0.2,
      "cat1": "ETF",
      "cat2": "ETF",
      "exp1": "metals_mining",
      "exp2": "emerging_markets",
      "fam1": null,
      "fam2": "em_equity"
    },
    {
      "t1": "FNDF",
      "t2": "XCEM",
      "corr_hybrid": 0.7269,
      "corr_structured": 0.62,
      "cat1": "ETF",
      "cat2": "ETF",
      "exp1": "international",
      "exp2": "emerging_markets",
      "fam1": "intl_equity",
      "fam2": "em_equity"
    },
    {
      "t1": "EME",
      "t2": "FIX",
      "corr_hybrid": 0.7252,
      "corr_structured": null,
      "cat1": "Act",
      "cat2": "Act",
      "exp1": null,
      "exp2": null,
      "fam1": null,
      "fam2": null
    },
    {
      "t1": "EME",
      "t2": "VRT",
      "corr_hybrid": 0.7179,
      "corr_structured": null,
      "cat1": "Act",
      "cat2": "Act",
      "exp1": null,
      "exp2": null,
      "fam1": null,
      "fam2": null
    },
    {
      "t1": "COPX",
      "t2": "CS",
      "corr_hybrid": 0.717,
      "corr_structured": null,
      "cat1": "ETF",
      "cat2": "Act",
      "exp1": "copper",
      "exp2": null,
      "fam1": "commodities",
      "fam2": null
    },
    {
      "t1": "FNDF",
      "t2": "PICK",
      "corr_hybrid": 0.7163,
      "corr_structured": 0.2,
      "cat1": "ETF",
      "cat2": "ETF",
      "exp1": "international",
      "exp2": "metals_mining",
      "fam1": "intl_equity",
      "fam2": null
    },
    {
      "t1": "EEMV",
      "t2": "FLKR",
      "corr_hybrid": 0.7158,
      "corr_structured": 0.9,
      "cat1": "ETF",
      "cat2": "ETF",
      "exp1": "emerging_markets",
      "exp2": "south_korea",
      "fam1": "em_equity",
      "fam2": "em_equity"
    },
    {
      "t1": "SOXX",
      "t2": "XCEM",
      "corr_hybrid": 0.7128,
      "corr_structured": 0.2,
      "cat1": "ETF",
      "cat2": "ETF",
      "exp1": "semiconductor",
      "exp2": "emerging_markets",
      "fam1": "sector_tech",
      "fam2": "em_equity"
    },
    {
      "t1": "EEMV",
      "t2": "FNDF",
      "corr_hybrid": 0.7037,
      "corr_structured": 0.62,
      "cat1": "ETF",
      "cat2": "ETF",
      "exp1": "emerging_markets",
      "exp2": "international",
      "fam1": "em_equity",
      "fam2": "intl_equity"
    },
    {
      "t1": "COPX",
      "t2": "XCEM",
      "corr_hybrid": 0.7001,
      "corr_structured": 0.2,
      "cat1": "ETF",
      "cat2": "ETF",
      "exp1": "copper",
      "exp2": "emerging_markets",
      "fam1": "commodities",
      "fam2": "em_equity"
    },
    {
      "t1": "EEMV",
      "t2": "PICK",
      "corr_hybrid": 0.6998,
      "corr_structured": 0.2,
      "cat1": "ETF",
      "cat2": "ETF",
      "exp1": "emerging_markets",
      "exp2": "metals_mining",
      "fam1": "em_equity",
      "fam2": null
    },
    {
      "t1": "SOXX",
      "t2": "XLK",
      "corr_hybrid": 0.6945,
      "corr_structured": 0.9,
      "cat1": "ETF",
      "cat2": "ETF",
      "exp1": "semiconductor",
      "exp2": "tech",
      "fam1": "sector_tech",
      "fam2": "sector_tech"
    },
    {
      "t1": "COPX",
      "t2": "FNDF",
      "corr_hybrid": 0.6881,
      "corr_structured": 0.2,
      "cat1": "ETF",
      "cat2": "ETF",
      "exp1": "copper",
      "exp2": "international",
      "fam1": "commodities",
      "fam2": "intl_equity"
    },
    {
      "t1": "XCEM",
      "t2": "XLK",
      "corr_hybrid": 0.6838,
      "corr_structured": 0.2,
      "cat1": "ETF",
      "cat2": "ETF",
      "exp1": "emerging_markets",
      "exp2": "tech",
      "fam1": "em_equity",
      "fam2": "sector_tech"
    },
    {
      "t1": "FLKR",
      "t2": "SOXX",
      "corr_hybrid": 0.6775,
      "corr_structured": 0.2,
      "cat1": "ETF",
      "cat2": "ETF",
      "exp1": "south_korea",
      "exp2": "semiconductor",
      "fam1": "em_equity",
      "fam2": "sector_tech"
    },
    {
      "t1": "GPIQ",
      "t2": "XCEM",
      "corr_hybrid": 0.6746,
      "corr_structured": 0.2,
      "cat1": "ETF",
      "cat2": "ETF",
      "exp1": "nasdaq100",
      "exp2": "emerging_markets",
      "fam1": "sector_tech",
      "fam2": "em_equity"
    },
    {
      "t1": "CS",
      "t2": "PICK",
      "corr_hybrid": 0.6711,
      "corr_structured": null,
      "cat1": "Act",
      "cat2": "ETF",
      "exp1": null,
      "exp2": "metals_mining",
      "fam1": null,
      "fam2": null
    },
    {
      "t1": "FLKR",
      "t2": "FNDF",
      "corr_hybrid": 0.6702,
      "corr_structured": 0.62,
      "cat1": "ETF",
      "cat2": "ETF",
      "exp1": "south_korea",
      "exp2": "international",
      "fam1": "em_equity",
      "fam2": "intl_equity"
    },
    {
      "t1": "FLKR",
      "t2": "PICK",
      "corr_hybrid": 0.6685,
      "corr_structured": 0.2,
      "cat1": "ETF",
      "cat2": "ETF",
      "exp1": "south_korea",
      "exp2": "metals_mining",
      "fam1": "em_equity",
      "fam2": null
    },
    {
      "t1": "COPX",
      "t2": "EEMV",
      "corr_hybrid": 0.668,
      "corr_structured": 0.2,
      "cat1": "ETF",
      "cat2": "ETF",
      "exp1": "copper",
      "exp2": "emerging_markets",
      "fam1": "commodities",
      "fam2": "em_equity"
    },
    {
      "t1": "EEMV",
      "t2": "SOXX",
      "corr_hybrid": 0.649,
      "corr_structured": 0.2,
      "cat1": "ETF",
      "cat2": "ETF",
      "exp1": "emerging_markets",
      "exp2": "semiconductor",
      "fam1": "em_equity",
      "fam2": "sector_tech"
    },
    {
      "t1": "GPIQ",
      "t2": "XLK",
      "corr_hybrid": 0.6477,
      "corr_structured": 0.9,
      "cat1": "ETF",
      "cat2": "ETF",
      "exp1": "nasdaq100",
      "exp2": "tech",
      "fam1": "sector_tech",
      "fam2": "sector_tech"
    },
    {
      "t1": "GPIQ",
      "t2": "SOXX",
      "corr_hybrid": 0.6469,
      "corr_structured": 0.9,
      "cat1": "ETF",
      "cat2": "ETF",
      "exp1": "nasdaq100",
      "exp2": "semiconductor",
      "fam1": "sector_tech",
      "fam2": "sector_tech"
    },
    {
      "t1": "FLKR",
      "t2": "XLK",
      "corr_hybrid": 0.6414,
      "corr_structured": 0.2,
      "cat1": "ETF",
      "cat2": "ETF",
      "exp1": "south_korea",
      "exp2": "tech",
      "fam1": "em_equity",
      "fam2": "sector_tech"
    },
    {
      "t1": "COPX",
      "t2": "FLKR",
      "corr_hybrid": 0.6385,
      "corr_structured": 0.2,
      "cat1": "ETF",
      "cat2": "ETF",
      "exp1": "copper",
      "exp2": "south_korea",
      "fam1": "commodities",
      "fam2": "em_equity"
    },
    {
      "t1": "SOXX",
      "t2": "VRT",
      "corr_hybrid": 0.6307,
      "corr_structured": null,
      "cat1": "ETF",
      "cat2": "Act",
      "exp1": "semiconductor",
      "exp2": null,
      "fam1": "sector_tech",
      "fam2": null
    }
  ],
  "all_pairs_bottom_10": [
    {
      "t1": "ITX",
      "t2": "VRT",
      "corr_hybrid": 0.0053,
      "corr_structured": null,
      "cat1": "Act",
      "cat2": "Act",
      "exp1": null,
      "exp2": null,
      "fam1": null,
      "fam2": null
    },
    {
      "t1": "FNDF",
      "t2": "GALP",
      "corr_hybrid": 0.0051,
      "corr_structured": null,
      "cat1": "ETF",
      "cat2": "Act",
      "exp1": "international",
      "exp2": null,
      "fam1": "intl_equity",
      "fam2": null
    },
    {
      "t1": "GALP",
      "t2": "GLD",
      "corr_hybrid": -0.0051,
      "corr_structured": null,
      "cat1": "Act",
      "cat2": "ETF",
      "exp1": null,
      "exp2": "gold_physical",
      "fam1": null,
      "fam2": "gold"
    },
    {
      "t1": "CS",
      "t2": "GALP",
      "corr_hybrid": -0.0046,
      "corr_structured": null,
      "cat1": "Act",
      "cat2": "Act",
      "exp1": null,
      "exp2": null,
      "fam1": null,
      "fam2": null
    },
    {
      "t1": "GLD",
      "t2": "LUPIN",
      "corr_hybrid": 0.0039,
      "corr_structured": null,
      "cat1": "ETF",
      "cat2": "Act",
      "exp1": "gold_physical",
      "exp2": null,
      "fam1": "gold",
      "fam2": null
    },
    {
      "t1": "FSLR",
      "t2": "NTGY",
      "corr_hybrid": 0.0033,
      "corr_structured": null,
      "cat1": "Act",
      "cat2": "Act",
      "exp1": null,
      "exp2": null,
      "fam1": null,
      "fam2": null
    },
    {
      "t1": "CHD",
      "t2": "XLK",
      "corr_hybrid": 0.0029,
      "corr_structured": null,
      "cat1": "Act",
      "cat2": "ETF",
      "exp1": null,
      "exp2": "tech",
      "fam1": null,
      "fam2": "sector_tech"
    },
    {
      "t1": "CF",
      "t2": "EME",
      "corr_hybrid": 0.0025,
      "corr_structured": null,
      "cat1": "Act",
      "cat2": "Act",
      "exp1": null,
      "exp2": null,
      "fam1": null,
      "fam2": null
    },
    {
      "t1": "CHD",
      "t2": "SOXX",
      "corr_hybrid": -0.002,
      "corr_structured": null,
      "cat1": "Act",
      "cat2": "ETF",
      "exp1": null,
      "exp2": "semiconductor",
      "fam1": null,
      "fam2": "sector_tech"
    },
    {
      "t1": "GALP",
      "t2": "XLK",
      "corr_hybrid": -0.0008,
      "corr_structured": null,
      "cat1": "Act",
      "cat2": "ETF",
      "exp1": null,
      "exp2": "tech",
      "fam1": null,
      "fam2": "sector_tech"
    }
  ],
  "correlation_matrix": {
    "tickers": [
      "000660",
      "2059",
      "ACWV",
      "ANET",
      "BKR",
      "BSV",
      "CF",
      "CHD",
      "CLTL",
      "COPX",
      "CS",
      "EEMV",
      "EME",
      "EXPD",
      "FIX",
      "FLKR",
      "FLRN",
      "FLTR",
      "FNDF",
      "FSLR",
      "GALP",
      "GLD",
      "GPIQ",
      "GVT&D",
      "ITX",
      "JNJ",
      "LUPIN",
      "NTGY",
      "NVDA",
      "PAAA",
      "PICK",
      "SCHD",
      "SCHP",
      "SHEL",
      "SOXX",
      "SPLV",
      "SPYV",
      "STIP",
      "TDTT",
      "VGSH",
      "VICI",
      "VRT",
      "XBI",
      "XCEM",
      "XLK",
      "XLV"
    ],
    "matrix": [
      [
        1.0,
        0.6046,
        0.3145,
        0.1866,
        0.3704,
        0.0923,
        0.3161,
        0.2966,
        0.0923,
        0.1587,
        0.123,
        0.2281,
        0.2298,
        0.31,
        0.1676,
        0.1389,
        0.0923,
        0.0923,
        0.2673,
        0.1728,
        0.315,
        0.1204,
        0.2344,
        0.6046,
        0.2913,
        0.344,
        0.2975,
        0.3167,
        0.2124,
        0.0923,
        0.196,
        0.3447,
        0.5074,
        0.431,
        0.1553,
        0.2837,
        0.3268,
        0.0923,
        0.0923,
        0.0923,
        0.3726,
        0.1703,
        0.1417,
        0.1806,
        0.1894,
        0.2341
      ],
      [
        0.6046,
        1.0,
        0.3145,
        0.1866,
        0.3704,
        0.0923,
        0.3161,
        0.2966,
        0.0923,
        0.1587,
        0.123,
        0.2281,
        0.2298,
        0.31,
        0.1676,
        0.1389,
        0.0923,
        0.0923,
        0.2673,
        0.1728,
        0.315,
        0.1204,
        0.2344,
        0.6046,
        0.2913,
        0.344,
        0.2975,
        0.3167,
        0.2124,
        0.0923,
        0.196,
        0.3447,
        0.5074,
        0.431,
        0.1553,
        0.2837,
        0.3268,
        0.0923,
        0.0923,
        0.0923,
        0.3726,
        0.1703,
        0.1417,
        0.1806,
        0.1894,
        0.2341
      ],
      [
        0.3145,
        0.3145,
        1.0,
        0.1132,
        0.2701,
        0.0868,
        -0.0807,
        0.2519,
        0.0868,
        0.3893,
        0.2902,
        0.4361,
        0.1029,
        0.1885,
        0.0883,
        0.374,
        0.0868,
        0.0868,
        0.4486,
        0.1242,
        0.0727,
        0.2469,
        0.3297,
        0.3145,
        0.1811,
        0.2789,
        0.1166,
        0.1822,
        0.1889,
        0.0868,
        0.4229,
        0.3224,
        0.2988,
        0.1971,
        0.2853,
        0.2777,
        0.3786,
        0.0868,
        0.0868,
        0.0868,
        0.2752,
        0.0845,
        0.2918,
        0.4205,
        0.2845,
        0.3013
      ],
      [
        0.1866,
        0.1866,
        0.1132,
        1.0,
        0.1741,
        0.0202,
        -0.1074,
        -0.0812,
        0.0202,
        0.2746,
        0.2048,
        0.3026,
        0.3227,
        0.0219,
        0.3247,
        0.2889,
        0.0202,
        0.0202,
        0.2469,
        0.1692,
        0.0449,
        0.0766,
        0.4592,
        0.1866,
        0.092,
        -0.0065,
        0.0892,
        -0.0083,
        0.4541,
        0.0202,
        0.2412,
        -0.017,
        0.0839,
        0.0986,
        0.4162,
        -0.0622,
        0.2084,
        0.0202,
        0.0202,
        0.0202,
        -0.1017,
        0.3949,
        0.1751,
        0.3505,
        0.5401,
        0.0379
      ],
      [
        0.3704,
        0.3704,
        0.2701,
        0.1741,
        1.0,
        0.0722,
        0.0963,
        0.1706,
        0.0722,
        0.2595,
        0.2013,
        0.2972,
        0.2079,
        0.1918,
        0.1964,
        0.248,
        0.0722,
        0.0722,
        0.3253,
        0.0333,
        0.1593,
        0.158,
        0.2839,
        0.3704,
        0.1625,
        0.2234,
        0.1712,
        0.1957,
        0.2403,
        0.0722,
        0.2877,
        0.2607,
        0.3167,
        0.2721,
        0.248,
        0.2012,
        0.2995,
        0.0722,
        0.0722,
        0.0722,
        0.237,
        0.2062,
        0.2007,
        0.2829,
        0.2608,
        0.2084
      ],
      [
        0.0923,
        0.0923,
        0.0868,
        0.0202,
        0.0722,
        1.0,
        -0.0104,
        0.0645,
        0.0231,
        0.0692,
        0.0329,
        0.0967,
        0.0337,
        0.0506,
        0.0268,
        0.083,
        0.0231,
        0.0231,
        0.0979,
        0.0213,
        0.0299,
        0.044,
        0.078,
        0.0923,
        0.0535,
        0.0707,
        0.0416,
        0.0604,
        0.0513,
        0.0231,
        0.0816,
        0.0787,
        0.0878,
        0.0547,
        0.0643,
        0.0671,
        0.0902,
        0.0231,
        0.0231,
        0.0231,
        0.0746,
        0.0252,
        0.064,
        0.0918,
        0.0659,
        0.0695
      ],
      [
        0.3161,
        0.3161,
        -0.0807,
        -0.1074,
        0.0963,
        -0.0104,
        1.0,
        0.0657,
        -0.0104,
        -0.2261,
        0.0548,
        -0.3654,
        0.0025,
        0.1695,
        -0.0408,
        -0.429,
        -0.0104,
        -0.0104,
        -0.2608,
        -0.0569,
        0.2986,
        -0.0787,
        -0.2847,
        0.3161,
        0.0546,
        0.1048,
        0.1706,
        0.1001,
        -0.1349,
        -0.0104,
        -0.2457,
        0.0645,
        0.22,
        0.3624,
        -0.3175,
        0.0583,
        -0.127,
        -0.0104,
        -0.0104,
        -0.0104,
        0.1489,
        -0.0301,
        -0.2409,
        -0.4287,
        -0.3053,
        -0.0808
      ],
      [
        0.2966,
        0.2966,
        0.2519,
        -0.0812,
        0.1706,
        0.0645,
        0.0657,
        1.0,
        0.0645,
        0.1079,
        0.0678,
        0.1694,
        -0.0663,
        0.1831,
        -0.1226,
        0.0975,
        0.0645,
        0.0645,
        0.1839,
        0.1549,
        0.1135,
        0.1073,
        0.0684,
        0.2966,
        0.1972,
        0.2705,
        0.1262,
        0.1921,
        -0.0279,
        0.0645,
        0.1412,
        0.2558,
        0.2923,
        0.1785,
        -0.002,
        0.2553,
        0.2104,
        0.0645,
        0.0645,
        0.0645,
        0.2825,
        -0.1421,
        0.1041,
        0.1247,
        0.0029,
        0.2058
      ],
      [
        0.0923,
        0.0923,
        0.0868,
        0.0202,
        0.0722,
        0.0231,
        -0.0104,
        0.0645,
        1.0,
        0.0692,
        0.0329,
        0.0967,
        0.0337,
        0.0506,
        0.0268,
        0.083,
        0.0231,
        0.0231,
        0.0979,
        0.0213,
        0.0299,
        0.044,
        0.078,
        0.0923,
        0.0535,
        0.0707,
        0.0416,
        0.0604,
        0.0513,
        0.0231,
        0.0816,
        0.0787,
        0.0878,
        0.0547,
        0.0643,
        0.0671,
        0.0902,
        0.0231,
        0.0231,
        0.0231,
        0.0746,
        0.0252,
        0.064,
        0.0918,
        0.0659,
        0.0695
      ],
      [
        0.1587,
        0.1587,
        0.3893,
        0.2746,
        0.2595,
        0.0692,
        -0.2261,
        0.1079,
        0.0692,
        1.0,
        0.717,
        0.668,
        0.3346,
        0.1243,
        0.4013,
        0.6385,
        0.0692,
        0.0692,
        0.6881,
        0.2544,
        -0.0399,
        0.452,
        0.5488,
        0.1587,
        0.046,
        0.17,
        -0.0053,
        0.0055,
        0.3613,
        0.0692,
        0.7712,
        0.3066,
        0.1125,
        0.1269,
        0.6073,
        0.202,
        0.4723,
        0.0692,
        0.0692,
        0.0692,
        0.1351,
        0.4045,
        0.4645,
        0.7001,
        0.5558,
        0.3382
      ],
      [
        0.123,
        0.123,
        0.2902,
        0.2048,
        0.2013,
        0.0329,
        0.0548,
        0.0678,
        0.0329,
        0.717,
        1.0,
        0.4279,
        0.1733,
        0.1272,
        0.2427,
        0.3672,
        0.0329,
        0.0329,
        0.5176,
        0.1328,
        -0.0046,
        0.45,
        0.3142,
        0.123,
        -0.0418,
        0.149,
        -0.0411,
        -0.0829,
        0.1842,
        0.0329,
        0.6711,
        0.2659,
        0.0578,
        0.2174,
        0.3682,
        0.1877,
        0.3208,
        0.0329,
        0.0329,
        0.0329,
        0.1069,
        0.2629,
        0.3132,
        0.4345,
        0.318,
        0.2559
      ],
      [
        0.2281,
        0.2281,
        0.4361,
        0.3026,
        0.2972,
        0.0967,
        -0.3654,
        0.1694,
        0.0967,
        0.668,
        0.4279,
        1.0,
        0.3542,
        0.1349,
        0.3908,
        0.7158,
        0.0967,
        0.0967,
        0.7037,
        0.2638,
        -0.0281,
        0.3684,
        0.628,
        0.2281,
        0.1457,
        0.2098,
        0.0595,
        0.1197,
        0.4262,
        0.0967,
        0.6998,
        0.322,
        0.2052,
        0.0866,
        0.649,
        0.2241,
        0.5283,
        0.0967,
        0.0967,
        0.0967,
        0.1863,
        0.3855,
        0.4958,
        0.7691,
        0.623,
        0.3664
      ],
      [
        0.2298,
        0.2298,
        0.1029,
        0.3227,
        0.2079,
        0.0337,
        0.0025,
        -0.0663,
        0.0337,
        0.3346,
        0.1733,
        0.3542,
        1.0,
        0.0884,
        0.7252,
        0.396,
        0.0337,
        0.0337,
        0.3292,
        0.3663,
        0.1297,
        0.146,
        0.4556,
        0.2298,
        0.066,
        -0.0116,
        0.1182,
        0.0571,
        0.4697,
        0.0337,
        0.3368,
        0.0957,
        0.1076,
        0.1276,
        0.5611,
        -0.0452,
        0.2661,
        0.0337,
        0.0337,
        0.0337,
        0.0072,
        0.7179,
        0.2405,
        0.4033,
        0.5209,
        0.0896
      ],
      [
        0.31,
        0.31,
        0.1885,
        0.0219,
        0.1918,
        0.0506,
        0.1695,
        0.1831,
        0.0506,
        0.1243,
        0.1272,
        0.1349,
        0.0884,
        1.0,
        0.0577,
        0.0806,
        0.0506,
        0.0506,
        0.1659,
        0.1099,
        0.1558,
        0.1001,
        0.1046,
        0.31,
        0.1482,
        0.2032,
        0.1413,
        0.1599,
        0.0721,
        0.0506,
        0.1429,
        0.2113,
        0.2654,
        0.2298,
        0.068,
        0.1803,
        0.1845,
        0.0506,
        0.0506,
        0.0506,
        0.2205,
        0.0524,
        0.0879,
        0.1044,
        0.0708,
        0.1494
      ],
      [
        0.1676,
        0.1676,
        0.0883,
        0.3247,
        0.1964,
        0.0268,
        -0.0408,
        -0.1226,
        0.0268,
        0.4013,
        0.2427,
        0.3908,
        0.7252,
        0.0577,
        1.0,
        0.4489,
        0.0268,
        0.0268,
        0.3696,
        0.3301,
        0.0933,
        0.1769,
        0.4944,
        0.1676,
        0.0147,
        -0.057,
        0.0824,
        0.0132,
        0.5099,
        0.0268,
        0.3975,
        0.0759,
        0.0469,
        0.0978,
        0.6285,
        -0.0782,
        0.2694,
        0.0268,
        0.0268,
        0.0268,
        -0.039,
        0.7955,
        0.2725,
        0.4539,
        0.5728,
        0.0831
      ],
      [
        0.1389,
        0.1389,
        0.374,
        0.2889,
        0.248,
        0.083,
        -0.429,
        0.0975,
        0.083,
        0.6385,
        0.3672,
        0.7158,
        0.396,
        0.0806,
        0.4489,
        1.0,
        0.083,
        0.083,
        0.6702,
        0.2505,
        -0.0688,
        0.3367,
        0.6297,
        0.1389,
        0.0999,
        0.1336,
        0.024,
        0.0776,
        0.4449,
        0.083,
        0.6685,
        0.2557,
        0.1235,
        0.012,
        0.6775,
        0.1536,
        0.4852,
        0.083,
        0.083,
        0.083,
        0.1129,
        0.4413,
        0.4854,
        0.7661,
        0.6414,
        0.3196
      ],
      [
        0.0923,
        0.0923,
        0.0868,
        0.0202,
        0.0722,
        0.0231,
        -0.0104,
        0.0645,
        0.0231,
        0.0692,
        0.0329,
        0.0967,
        0.0337,
        0.0506,
        0.0268,
        0.083,
        1.0,
        0.0231,
        0.0979,
        0.0213,
        0.0299,
        0.044,
        0.078,
        0.0923,
        0.0535,
        0.0707,
        0.0416,
        0.0604,
        0.0513,
        0.0231,
        0.0816,
        0.0787,
        0.0878,
        0.0547,
        0.0643,
        0.0671,
        0.0902,
        0.0231,
        0.0231,
        0.0231,
        0.0746,
        0.0252,
        0.064,
        0.0918,
        0.0659,
        0.0695
      ],
      [
        0.0923,
        0.0923,
        0.0868,
        0.0202,
        0.0722,
        0.0231,
        -0.0104,
        0.0645,
        0.0231,
        0.0692,
        0.0329,
        0.0967,
        0.0337,
        0.0506,
        0.0268,
        0.083,
        0.0231,
        1.0,
        0.0979,
        0.0213,
        0.0299,
        0.044,
        0.078,
        0.0923,
        0.0535,
        0.0707,
        0.0416,
        0.0604,
        0.0513,
        0.0231,
        0.0816,
        0.0787,
        0.0878,
        0.0547,
        0.0643,
        0.0671,
        0.0902,
        0.0231,
        0.0231,
        0.0231,
        0.0746,
        0.0252,
        0.064,
        0.0918,
        0.0659,
        0.0695
      ],
      [
        0.2673,
        0.2673,
        0.4486,
        0.2469,
        0.3253,
        0.0979,
        -0.2608,
        0.1839,
        0.0979,
        0.6881,
        0.5176,
        0.7037,
        0.3292,
        0.1659,
        0.3696,
        0.6702,
        0.0979,
        0.0979,
        1.0,
        0.1897,
        0.0051,
        0.3951,
        0.5878,
        0.2673,
        0.1338,
        0.2395,
        0.0719,
        0.1283,
        0.3991,
        0.0979,
        0.7163,
        0.3584,
        0.2375,
        0.1587,
        0.6065,
        0.2581,
        0.5266,
        0.0979,
        0.0979,
        0.0979,
        0.2244,
        0.3685,
        0.4823,
        0.7269,
        0.5736,
        0.3775
      ],
      [
        0.1728,
        0.1728,
        0.1242,
        0.1692,
        0.0333,
        0.0213,
        -0.0569,
        0.1549,
        0.0213,
        0.2544,
        0.1328,
        0.2638,
        0.3663,
        0.1099,
        0.3301,
        0.2505,
        0.0213,
        0.0213,
        0.1897,
        1.0,
        0.0746,
        0.1567,
        0.2258,
        0.1728,
        0.1829,
        0.0896,
        0.0488,
        0.0033,
        0.0997,
        0.0213,
        0.2351,
        0.1116,
        0.0714,
        -0.0161,
        0.2904,
        0.0447,
        0.2047,
        0.0213,
        0.0213,
        0.0213,
        0.0642,
        0.2693,
        0.1451,
        0.2711,
        0.2458,
        0.1276
      ],
      [
        0.315,
        0.315,
        0.0727,
        0.0449,
        0.1593,
        0.0299,
        0.2986,
        0.1135,
        0.0299,
        -0.0399,
        -0.0046,
        -0.0281,
        0.1297,
        0.1558,
        0.0933,
        -0.0688,
        0.0299,
        0.0299,
        0.0051,
        0.0746,
        1.0,
        -0.0051,
        0.0155,
        0.315,
        0.1296,
        0.1384,
        0.1683,
        0.153,
        0.062,
        0.0299,
        -0.0282,
        0.1267,
        0.2473,
        0.2479,
        -0.0164,
        0.0971,
        0.0762,
        0.0299,
        0.0299,
        0.0299,
        0.1665,
        0.0941,
        -0.0239,
        -0.0592,
        -0.0008,
        0.0463
      ],
      [
        0.1204,
        0.1204,
        0.2469,
        0.0766,
        0.158,
        0.044,
        -0.0787,
        0.1073,
        0.044,
        0.452,
        0.45,
        0.3684,
        0.146,
        0.1001,
        0.1769,
        0.3367,
        0.044,
        0.044,
        0.3951,
        0.1567,
        -0.0051,
        1.0,
        0.2724,
        0.1204,
        0.0393,
        0.1386,
        0.0039,
        0.0186,
        0.1538,
        0.044,
        0.4493,
        0.2152,
        0.0958,
        0.1062,
        0.2995,
        0.1596,
        0.2766,
        0.044,
        0.044,
        0.044,
        0.1245,
        0.1729,
        0.2583,
        0.3741,
        0.2611,
        0.2175
      ],
      [
        0.2344,
        0.2344,
        0.3297,
        0.4592,
        0.2839,
        0.078,
        -0.2847,
        0.0684,
        0.078,
        0.5488,
        0.3142,
        0.628,
        0.4556,
        0.1046,
        0.4944,
        0.6297,
        0.078,
        0.078,
        0.5878,
        0.2258,
        0.0155,
        0.2724,
        1.0,
        0.2344,
        0.1258,
        0.1258,
        0.089,
        0.1044,
        0.498,
        0.078,
        0.571,
        0.2237,
        0.1795,
        0.0982,
        0.6469,
        0.1179,
        0.4496,
        0.078,
        0.078,
        0.078,
        0.1014,
        0.5054,
        0.4199,
        0.6746,
        0.6477,
        0.2645
      ],
      [
        0.6046,
        0.6046,
        0.3145,
        0.1866,
        0.3704,
        0.0923,
        0.3161,
        0.2966,
        0.0923,
        0.1587,
        0.123,
        0.2281,
        0.2298,
        0.31,
        0.1676,
        0.1389,
        0.0923,
        0.0923,
        0.2673,
        0.1728,
        0.315,
        0.1204,
        0.2344,
        1.0,
        0.2913,
        0.344,
        0.2975,
        0.3167,
        0.2124,
        0.0923,
        0.196,
        0.3447,
        0.5074,
        0.431,
        0.1553,
        0.2837,
        0.3268,
        0.0923,
        0.0923,
        0.0923,
        0.3726,
        0.1703,
        0.1417,
        0.1806,
        0.1894,
        0.2341
      ],
      [
        0.2913,
        0.2913,
        0.1811,
        0.092,
        0.1625,
        0.0535,
        0.0546,
        0.1972,
        0.0535,
        0.046,
        -0.0418,
        0.1457,
        0.066,
        0.1482,
        0.0147,
        0.0999,
        0.0535,
        0.0535,
        0.1338,
        0.1829,
        0.1296,
        0.0393,
        0.1258,
        0.2913,
        1.0,
        0.1928,
        0.1457,
        0.1787,
        0.0778,
        0.0535,
        0.0747,
        0.1734,
        0.2613,
        0.1537,
        0.0681,
        0.1587,
        0.1792,
        0.0535,
        0.0535,
        0.0535,
        0.1996,
        0.0053,
        0.0818,
        0.1206,
        0.0938,
        0.1368
      ],
      [
        0.344,
        0.344,
        0.2789,
        -0.0065,
        0.2234,
        0.0707,
        0.1048,
        0.2705,
        0.0707,
        0.17,
        0.149,
        0.2098,
        -0.0116,
        0.2032,
        -0.057,
        0.1336,
        0.0707,
        0.0707,
        0.2395,
        0.0896,
        0.1384,
        0.1386,
        0.1258,
        0.344,
        0.1928,
        1.0,
        0.1476,
        0.2034,
        0.0416,
        0.0707,
        0.2012,
        0.2816,
        0.3245,
        0.2385,
        0.0559,
        0.2661,
        0.2487,
        0.0707,
        0.0707,
        0.0707,
        0.2939,
        -0.0643,
        0.1357,
        0.168,
        0.0663,
        0.2226
      ],
