{
  "_meta": {
    "generated": "2026-04-02T13:40:32",
    "portfolio_generated": "2026-04-02T13:38:52.628707",
    "n_assets": 39,
    "n_with_returns": 31,
    "covariance_method": "hybrid_shrunk",
    "condition_number": 457.33,
    "pca_factors": 5
  },
  "profiles": {
    "Agressif": {
      "n_assets": 16,
      "weighted_avg_correlation": 0.1531,
      "most_correlated": [
        {
          "t1": "MU",
          "t2": "SOXX",
          "corr": 0.8151,
          "w1": 6.2,
          "w2": 7.6,
          "combined_weight": 13.8
        },
        {
          "t1": "VRT",
          "t2": "MU",
          "corr": 0.7943,
          "w1": 4.4,
          "w2": 6.2,
          "combined_weight": 10.6
        },
        {
          "t1": "VRT",
          "t2": "SOXX",
          "corr": 0.7739,
          "w1": 4.4,
          "w2": 7.6,
          "combined_weight": 12.0
        },
        {
          "t1": "SLV",
          "t2": "GLD",
          "corr": 0.7335,
          "w1": 8.0,
          "w2": 6.8,
          "combined_weight": 14.8
        },
        {
          "t1": "NVDA",
          "t2": "SOXX",
          "corr": 0.7128,
          "w1": 3.7,
          "w2": 7.6,
          "combined_weight": 11.3
        },
        {
          "t1": "NVDA",
          "t2": "MU",
          "corr": 0.7065,
          "w1": 3.7,
          "w2": 6.2,
          "combined_weight": 10.0
        },
        {
          "t1": "VRT",
          "t2": "NVDA",
          "corr": 0.6883,
          "w1": 4.4,
          "w2": 3.7,
          "combined_weight": 8.1
        },
        {
          "t1": "SLVP",
          "t2": "SLV",
          "corr": 0.6467,
          "w1": 5.3,
          "w2": 8.0,
          "combined_weight": 13.3
        },
        {
          "t1": "REMX",
          "t2": "SLV",
          "corr": 0.5972,
          "w1": 7.9,
          "w2": 8.0,
          "combined_weight": 15.8
        },
        {
          "t1": "FLKR",
          "t2": "BKR",
          "corr": 0.5352,
          "w1": 5.6,
          "w2": 7.1,
          "combined_weight": 12.7
        }
      ],
      "least_correlated": [
        {
          "t1": "FLKR",
          "t2": "INCY",
          "corr": -0.1327,
          "w1": 5.6,
          "w2": 6.2,
          "combined_weight": 11.9
        },
        {
          "t1": "FLKR",
          "t2": "SOXX",
          "corr": -0.1468,
          "w1": 5.6,
          "w2": 7.6,
          "combined_weight": 13.2
        },
        {
          "t1": "FLKR",
          "t2": "XBI",
          "corr": -0.1601,
          "w1": 5.6,
          "w2": 3.4,
          "combined_weight": 9.0
        },
        {
          "t1": "BKR",
          "t2": "SOXX",
          "corr": -0.1611,
          "w1": 7.1,
          "w2": 7.6,
          "combined_weight": 14.7
        },
        {
          "t1": "CF",
          "t2": "SLVP",
          "corr": -0.208,
          "w1": 9.2,
          "w2": 5.3,
          "combined_weight": 14.5
        }
      ],
      "high_corr_high_weight": [
        {
          "t1": "MU",
          "t2": "SOXX",
          "corr": 0.8151,
          "w1": 6.2,
          "w2": 7.6,
          "combined_weight": 13.8
        },
        {
          "t1": "VRT",
          "t2": "MU",
          "corr": 0.7943,
          "w1": 4.4,
          "w2": 6.2,
          "combined_weight": 10.6
        },
        {
          "t1": "VRT",
          "t2": "SOXX",
          "corr": 0.7739,
          "w1": 4.4,
          "w2": 7.6,
          "combined_weight": 12.0
        },
        {
          "t1": "SLV",
          "t2": "GLD",
          "corr": 0.7335,
          "w1": 8.0,
          "w2": 6.8,
          "combined_weight": 14.8
        },
        {
          "t1": "NVDA",
          "t2": "SOXX",
          "corr": 0.7128,
          "w1": 3.7,
          "w2": 7.6,
          "combined_weight": 11.3
        }
      ]
    },
    "Mod\u00e9r\u00e9": {
      "n_assets": 15,
      "weighted_avg_correlation": 0.216,
      "most_correlated": [
        {
          "t1": "SCHD",
          "t2": "HDV",
          "corr": 0.6502,
          "w1": 6.7,
          "w2": 6.6,
          "combined_weight": 13.3
        },
        {
          "t1": "SCHD",
          "t2": "XLV",
          "corr": 0.5958,
          "w1": 6.7,
          "w2": 3.2,
          "combined_weight": 9.9
        },
        {
          "t1": "SCHD",
          "t2": "GGG",
          "corr": 0.5824,
          "w1": 6.7,
          "w2": 4.2,
          "combined_weight": 10.9
        },
        {
          "t1": "HDV",
          "t2": "XLV",
          "corr": 0.5587,
          "w1": 6.6,
          "w2": 3.2,
          "combined_weight": 9.8
        },
        {
          "t1": "SCHD",
          "t2": "SCHY",
          "corr": 0.5504,
          "w1": 6.7,
          "w2": 8.3,
          "combined_weight": 15.0
        },
        {
          "t1": "HDV",
          "t2": "GGG",
          "corr": 0.5325,
          "w1": 6.6,
          "w2": 4.2,
          "combined_weight": 10.8
        },
        {
          "t1": "GGG",
          "t2": "XLV",
          "corr": 0.5295,
          "w1": 4.2,
          "w2": 3.2,
          "combined_weight": 7.4
        },
        {
          "t1": "SCHY",
          "t2": "HDV",
          "corr": 0.5284,
          "w1": 8.3,
          "w2": 6.6,
          "combined_weight": 14.9
        },
        {
          "t1": "SCHY",
          "t2": "XLV",
          "corr": 0.5231,
          "w1": 8.3,
          "w2": 3.2,
          "combined_weight": 11.5
        },
        {
          "t1": "SCHD",
          "t2": "EOG",
          "corr": 0.5142,
          "w1": 6.7,
          "w2": 7.7,
          "combined_weight": 14.4
        }
      ],
      "least_correlated": [
        {
          "t1": "SCHD",
          "t2": "VSS",
          "corr": 0.0094,
          "w1": 6.7,
          "w2": 7.5,
          "combined_weight": 14.1
        },
        {
          "t1": "ITX",
          "t2": "GLD",
          "corr": 0.0091,
          "w1": 2.6,
          "w2": 8.3,
          "combined_weight": 10.9
        },
        {
          "t1": "VSS",
          "t2": "GLD",
          "corr": 0.0069,
          "w1": 7.5,
          "w2": 8.3,
          "combined_weight": 15.7
        },
        {
          "t1": "VSS",
          "t2": "XLV",
          "corr": -0.0064,
          "w1": 7.5,
          "w2": 3.2,
          "combined_weight": 10.6
        },
        {
          "t1": "RIO",
          "t2": "VSS",
          "corr": -0.0332,
          "w1": 7.7,
          "w2": 7.5,
          "combined_weight": 15.2
        }
      ],
      "high_corr_high_weight": []
    },
    "Stable": {
      "n_assets": 16,
      "weighted_avg_correlation": 0.1349,
      "most_correlated": [
        {
          "t1": "SPYV",
          "t2": "XLV",
          "corr": 0.6065,
          "w1": 4.3,
          "w2": 4.4,
          "combined_weight": 8.7
        },
        {
          "t1": "ACWV",
          "t2": "SPYV",
          "corr": 0.5859,
          "w1": 4.7,
          "w2": 4.3,
          "combined_weight": 8.9
        },
        {
          "t1": "ACWV",
          "t2": "XLV",
          "corr": 0.5668,
          "w1": 4.7,
          "w2": 4.4,
          "combined_weight": 9.1
        },
        {
          "t1": "ACWV",
          "t2": "SPLV",
          "corr": 0.5618,
          "w1": 4.7,
          "w2": 4.7,
          "combined_weight": 9.3
        },
        {
          "t1": "SPLV",
          "t2": "XLV",
          "corr": 0.5547,
          "w1": 4.7,
          "w2": 4.4,
          "combined_weight": 9.1
        },
        {
          "t1": "SPLV",
          "t2": "SPYV",
          "corr": 0.5509,
          "w1": 4.7,
          "w2": 4.3,
          "combined_weight": 8.9
        },
        {
          "t1": "SPYV",
          "t2": "GD",
          "corr": 0.5022,
          "w1": 4.3,
          "w2": 3.8,
          "combined_weight": 8.1
        },
        {
          "t1": "SPLV",
          "t2": "VICI",
          "corr": 0.4814,
          "w1": 4.7,
          "w2": 4.5,
          "combined_weight": 9.2
        },
        {
          "t1": "ACWV",
          "t2": "GD",
          "corr": 0.4642,
          "w1": 4.7,
          "w2": 3.8,
          "combined_weight": 8.5
        },
        {
          "t1": "SPLV",
          "t2": "GD",
          "corr": 0.4636,
          "w1": 4.7,
          "w2": 3.8,
          "combined_weight": 8.5
        }
      ],
      "least_correlated": [
        {
          "t1": "BSV",
          "t2": "STIP",
          "corr": 0.0205,
          "w1": 10.3,
          "w2": 13.0,
          "combined_weight": 23.3
        },
        {
          "t1": "CLTL",
          "t2": "VGSH",
          "corr": 0.0205,
          "w1": 10.8,
          "w2": 13.0,
          "combined_weight": 23.8
        },
        {
          "t1": "CLTL",
          "t2": "STIP",
          "corr": 0.0205,
          "w1": 10.8,
          "w2": 13.0,
          "combined_weight": 23.8
        },
        {
          "t1": "VGSH",
          "t2": "STIP",
          "corr": 0.0205,
          "w1": 13.0,
          "w2": 13.0,
          "combined_weight": 26.0
        },
        {
          "t1": "SCHP",
          "t2": "GLD",
          "corr": 0.0044,
          "w1": 4.5,
          "w2": 5.0,
          "combined_weight": 9.4
        }
      ],
      "high_corr_high_weight": []
    }
  },
  "all_pairs_top_30": [
    {
      "t1": "MU",
      "t2": "SOXX",
      "corr_hybrid": 0.8151,
      "corr_structured": null,
      "cat1": "Act",
      "cat2": "ETF",
      "exp1": null,
      "exp2": "semiconductor",
      "fam1": null,
      "fam2": "sector_tech"
    },
    {
      "t1": "MU",
      "t2": "VRT",
      "corr_hybrid": 0.7943,
      "corr_structured": null,
      "cat1": "Act",
      "cat2": "Act",
      "exp1": null,
      "exp2": null,
      "fam1": null,
      "fam2": null
    },
    {
      "t1": "SOXX",
      "t2": "VRT",
      "corr_hybrid": 0.7739,
      "corr_structured": null,
      "cat1": "ETF",
      "cat2": "Act",
      "exp1": "semiconductor",
      "exp2": null,
      "fam1": "sector_tech",
      "fam2": null
    },
    {
      "t1": "GLD",
      "t2": "SLV",
      "corr_hybrid": 0.7335,
      "corr_structured": 0.85,
      "cat1": "ETF",
      "cat2": "ETF",
      "exp1": "gold_physical",
      "exp2": "silver_physical",
      "fam1": "gold",
      "fam2": "precious_metals"
    },
    {
      "t1": "NVDA",
      "t2": "SOXX",
      "corr_hybrid": 0.7128,
      "corr_structured": null,
      "cat1": "Act",
      "cat2": "ETF",
      "exp1": null,
      "exp2": "semiconductor",
      "fam1": null,
      "fam2": "sector_tech"
    },
    {
      "t1": "MU",
      "t2": "NVDA",
      "corr_hybrid": 0.7065,
      "corr_structured": null,
      "cat1": "Act",
      "cat2": "Act",
      "exp1": null,
      "exp2": null,
      "fam1": null,
      "fam2": null
    },
    {
      "t1": "NVDA",
      "t2": "VRT",
      "corr_hybrid": 0.6883,
      "corr_structured": null,
      "cat1": "Act",
      "cat2": "Act",
      "exp1": null,
      "exp2": null,
      "fam1": null,
      "fam2": null
    },
    {
      "t1": "SCHD",
      "t2": "SPYV",
      "corr_hybrid": 0.6826,
      "corr_structured": 0.8,
      "cat1": "ETF",
      "cat2": "ETF",
      "exp1": "dividend",
      "exp2": "sp500_value",
      "fam1": "factor_dividend",
      "fam2": "factor_value"
    },
    {
      "t1": "HDV",
      "t2": "SCHD",
      "corr_hybrid": 0.6502,
      "corr_structured": 0.95,
      "cat1": "ETF",
      "cat2": "ETF",
      "exp1": "dividend",
      "exp2": "dividend",
      "fam1": "factor_dividend",
      "fam2": "factor_dividend"
    },
    {
      "t1": "SLV",
      "t2": "SLVP",
      "corr_hybrid": 0.6467,
      "corr_structured": 0.9,
      "cat1": "ETF",
      "cat2": "ETF",
      "exp1": "silver_physical",
      "exp2": "silver_miners",
      "fam1": "precious_metals",
      "fam2": "precious_metals"
    },
    {
      "t1": "EOG",
      "t2": "XLE",
      "corr_hybrid": 0.6434,
      "corr_structured": null,
      "cat1": "Act",
      "cat2": "ETF",
      "exp1": null,
      "exp2": "energy",
      "fam1": null,
      "fam2": "sector_energy"
    },
    {
      "t1": "SOXX",
      "t2": "SPYV",
      "corr_hybrid": 0.6376,
      "corr_structured": 0.2,
      "cat1": "ETF",
      "cat2": "ETF",
      "exp1": "semiconductor",
      "exp2": "sp500_value",
      "fam1": "sector_tech",
      "fam2": "factor_value"
    },
    {
      "t1": "HDV",
      "t2": "SPYV",
      "corr_hybrid": 0.6083,
      "corr_structured": 0.8,
      "cat1": "ETF",
      "cat2": "ETF",
      "exp1": "dividend",
      "exp2": "sp500_value",
      "fam1": "factor_dividend",
      "fam2": "factor_value"
    },
    {
      "t1": "SPYV",
      "t2": "XLV",
      "corr_hybrid": 0.6065,
      "corr_structured": 0.2,
      "cat1": "ETF",
      "cat2": "ETF",
      "exp1": "sp500_value",
      "exp2": "healthcare",
      "fam1": "factor_value",
      "fam2": "sector_healthcare"
    },
    {
      "t1": "GGG",
      "t2": "SPYV",
      "corr_hybrid": 0.5978,
      "corr_structured": null,
      "cat1": "Act",
      "cat2": "ETF",
      "exp1": null,
      "exp2": "sp500_value",
      "fam1": null,
      "fam2": "factor_value"
    },
    {
      "t1": "SPYV",
      "t2": "XBI",
      "corr_hybrid": 0.5973,
      "corr_structured": 0.2,
      "cat1": "ETF",
      "cat2": "ETF",
      "exp1": "sp500_value",
      "exp2": "biotech",
      "fam1": "factor_value",
      "fam2": "sector_healthcare"
    },
    {
      "t1": "REMX",
      "t2": "SLV",
      "corr_hybrid": 0.5972,
      "corr_structured": 0.2,
      "cat1": "ETF",
      "cat2": "ETF",
      "exp1": "rare_earth",
      "exp2": "silver_physical",
      "fam1": null,
      "fam2": "precious_metals"
    },
    {
      "t1": "SCHD",
      "t2": "XLV",
      "corr_hybrid": 0.5958,
      "corr_structured": 0.2,
      "cat1": "ETF",
      "cat2": "ETF",
      "exp1": "dividend",
      "exp2": "healthcare",
      "fam1": "factor_dividend",
      "fam2": "sector_healthcare"
    },
    {
      "t1": "ACWV",
      "t2": "SCHD",
      "corr_hybrid": 0.5927,
      "corr_structured": 0.72,
      "cat1": "ETF",
      "cat2": "ETF",
      "exp1": "min_vol",
      "exp2": "dividend",
      "fam1": "factor_min_vol",
      "fam2": "factor_dividend"
    },
    {
      "t1": "SCHD",
      "t2": "SPLV",
      "corr_hybrid": 0.5897,
      "corr_structured": 0.82,
      "cat1": "ETF",
      "cat2": "ETF",
      "exp1": "dividend",
      "exp2": "sp500",
      "fam1": "factor_dividend",
      "fam2": "us_equity_large"
    },
    {
      "t1": "ACWV",
      "t2": "SPYV",
      "corr_hybrid": 0.5859,
      "corr_structured": 0.2,
      "cat1": "ETF",
      "cat2": "ETF",
      "exp1": "min_vol",
      "exp2": "sp500_value",
      "fam1": "factor_min_vol",
      "fam2": "factor_value"
    },
    {
      "t1": "HDV",
      "t2": "SPLV",
      "corr_hybrid": 0.5853,
      "corr_structured": 0.82,
      "cat1": "ETF",
      "cat2": "ETF",
      "exp1": "dividend",
      "exp2": "sp500",
      "fam1": "factor_dividend",
      "fam2": "us_equity_large"
    },
    {
      "t1": "GGG",
      "t2": "SCHD",
      "corr_hybrid": 0.5824,
      "corr_structured": null,
      "cat1": "Act",
      "cat2": "ETF",
      "exp1": null,
      "exp2": "dividend",
      "fam1": null,
      "fam2": "factor_dividend"
    },
    {
      "t1": "CF",
      "t2": "EOG",
      "corr_hybrid": 0.5799,
      "corr_structured": null,
      "cat1": "Act",
      "cat2": "Act",
      "exp1": null,
      "exp2": null,
      "fam1": null,
      "fam2": null
    },
    {
      "t1": "ACWV",
      "t2": "HDV",
      "corr_hybrid": 0.5749,
      "corr_structured": 0.72,
      "cat1": "ETF",
      "cat2": "ETF",
      "exp1": "min_vol",
      "exp2": "dividend",
      "fam1": "factor_min_vol",
      "fam2": "factor_dividend"
    },
    {
      "t1": "SCHD",
      "t2": "XLE",
      "corr_hybrid": 0.5691,
      "corr_structured": 0.2,
      "cat1": "ETF",
      "cat2": "ETF",
      "exp1": "dividend",
      "exp2": "energy",
      "fam1": "factor_dividend",
      "fam2": "sector_energy"
    },
    {
      "t1": "ACWV",
      "t2": "XLV",
      "corr_hybrid": 0.5668,
      "corr_structured": 0.2,
      "cat1": "ETF",
      "cat2": "ETF",
      "exp1": "min_vol",
      "exp2": "healthcare",
      "fam1": "factor_min_vol",
      "fam2": "sector_healthcare"
    },
    {
      "t1": "SCHY",
      "t2": "SPYV",
      "corr_hybrid": 0.563,
      "corr_structured": 0.2,
      "cat1": "ETF",
      "cat2": "ETF",
      "exp1": "international",
      "exp2": "sp500_value",
      "fam1": "intl_equity",
      "fam2": "factor_value"
    },
    {
      "t1": "ACWV",
      "t2": "SPLV",
      "corr_hybrid": 0.5618,
      "corr_structured": 0.75,
      "cat1": "ETF",
      "cat2": "ETF",
      "exp1": "min_vol",
      "exp2": "sp500",
      "fam1": "factor_min_vol",
      "fam2": "us_equity_large"
    },
    {
      "t1": "XBI",
      "t2": "XLV",
      "corr_hybrid": 0.5598,
      "corr_structured": 0.9,
      "cat1": "ETF",
      "cat2": "ETF",
      "exp1": "biotech",
      "exp2": "healthcare",
      "fam1": "sector_healthcare",
      "fam2": "sector_healthcare"
    }
  ],
  "all_pairs_bottom_10": [
    {
      "t1": "GLD",
      "t2": "SCHP",
      "corr_hybrid": 0.0044,
      "corr_structured": 0.04,
      "cat1": "ETF",
      "cat2": "Act",
      "exp1": "gold_physical",
      "exp2": "bonds_tips",
      "fam1": "gold",
      "fam2": "bonds_gov"
    },
    {
      "t1": "ITX",
      "t2": "SLV",
      "corr_hybrid": -0.0043,
      "corr_structured": null,
      "cat1": "Act",
      "cat2": "ETF",
      "exp1": null,
      "exp2": "silver_physical",
      "fam1": null,
      "fam2": "precious_metals"
    },
    {
      "t1": "BKR",
      "t2": "SCHD",
      "corr_hybrid": -0.0039,
      "corr_structured": null,
      "cat1": "Act",
      "cat2": "ETF",
      "exp1": null,
      "exp2": "dividend",
      "fam1": null,
      "fam2": "factor_dividend"
    },
    {
      "t1": "FLKR",
      "t2": "VRT",
      "corr_hybrid": -0.0039,
      "corr_structured": null,
      "cat1": "ETF",
      "cat2": "Act",
      "exp1": "south_korea",
      "exp2": null,
      "fam1": "em_equity",
      "fam2": null
    },
    {
      "t1": "INCY",
      "t2": "SLV",
      "corr_hybrid": 0.0023,
      "corr_structured": null,
      "cat1": "Act",
      "cat2": "ETF",
      "exp1": null,
      "exp2": "silver_physical",
      "fam1": null,
      "fam2": "precious_metals"
    },
    {
      "t1": "SCHP",
      "t2": "SLV",
      "corr_hybrid": -0.0016,
      "corr_structured": 0.2,
      "cat1": "Act",
      "cat2": "ETF",
      "exp1": "bonds_tips",
      "exp2": "silver_physical",
      "fam1": "bonds_gov",
      "fam2": "precious_metals"
    },
    {
      "t1": "VRT",
      "t2": "VSS",
      "corr_hybrid": -0.0016,
      "corr_structured": null,
      "cat1": "Act",
      "cat2": "ETF",
      "exp1": null,
      "exp2": "intl_small_cap",
      "fam1": null,
      "fam2": null
    },
    {
      "t1": "BKR",
      "t2": "XLE",
      "corr_hybrid": 0.0011,
      "corr_structured": null,
      "cat1": "Act",
      "cat2": "ETF",
      "exp1": null,
      "exp2": "energy",
      "fam1": null,
      "fam2": "sector_energy"
    },
    {
      "t1": "ACWV",
      "t2": "FLKR",
      "corr_hybrid": -0.001,
      "corr_structured": 0.2,
      "cat1": "ETF",
      "cat2": "ETF",
      "exp1": "min_vol",
      "exp2": "south_korea",
      "fam1": "factor_min_vol",
      "fam2": "em_equity"
    },
    {
      "t1": "FLKR",
      "t2": "SPLV",
      "corr_hybrid": 0.001,
      "corr_structured": 0.55,
      "cat1": "ETF",
      "cat2": "ETF",
      "exp1": "south_korea",
      "exp2": "sp500",
      "fam1": "em_equity",
      "fam2": "us_equity_large"
    }
  ],
  "correlation_matrix": {
    "tickers": [
      "ACWV",
      "BKR",
      "BKW",
      "BSV",
      "CF",
      "CLTL",
      "EOG",
      "FLKR",
      "GD",
      "GGG",
      "GLD",
      "HDV",
      "INCY",
      "ITX",
      "JNJ",
      "MU",
      "NVDA",
      "PAAA",
      "PG",
      "REMX",
      "RIO",
      "SCHD",
      "SCHO",
      "SCHP",
      "SCHY",
      "SGOV",
      "SLV",
      "SLVP",
      "SOXX",
      "SPLV",
      "SPYV",
      "STIP",
      "VGSH",
      "VICI",
      "VRT",
      "VSS",
      "XBI",
      "XLE",
      "XLV"
    ],
    "matrix": [
      [
        1.0,
        0.0856,
        0.398,
        0.1002,
        0.1059,
        0.1002,
        0.3306,
        -0.001,
        0.4642,
        0.5148,
        0.1547,
        0.5749,
        0.4367,
        0.269,
        0.4129,
        0.2437,
        0.2608,
        0.1002,
        0.4001,
        0.3857,
        0.425,
        0.5927,
        0.1002,
        0.2483,
        0.5263,
        0.1002,
        0.194,
        0.2381,
        0.3692,
        0.5618,
        0.5859,
        0.1002,
        0.1002,
        0.4596,
        0.1978,
        0.0772,
        0.5063,
        0.3986,
        0.5668
      ],
      [
        0.0856,
        1.0,
        0.3125,
        0.0541,
        0.1904,
        0.0541,
        -0.0067,
        0.5352,
        0.1158,
        0.0539,
        -0.024,
        0.0512,
        -0.0893,
        0.3274,
        0.0724,
        -0.1263,
        -0.0745,
        0.0541,
        0.1854,
        -0.1032,
        -0.0694,
        -0.0039,
        0.0541,
        0.1653,
        0.0154,
        0.0541,
        -0.0334,
        0.1773,
        -0.1611,
        0.1036,
        -0.0064,
        0.0541,
        0.0541,
        0.1265,
        -0.0345,
        0.503,
        -0.1263,
        0.0011,
        -0.0081
      ],
      [
        0.398,
        0.3125,
        1.0,
        0.0872,
        0.279,
        0.0872,
        0.3252,
        0.2128,
        0.3728,
        0.3793,
        0.0214,
        0.4251,
        0.2366,
        0.3057,
        0.2832,
        0.1241,
        0.1741,
        0.0872,
        0.3205,
        0.1678,
        0.2288,
        0.4254,
        0.0872,
        0.2482,
        0.3249,
        0.0872,
        0.0279,
        0.09,
        0.1899,
        0.4154,
        0.4005,
        0.0872,
        0.0872,
        0.3679,
        0.1455,
        0.267,
        0.2495,
        0.3567,
        0.3516
      ],
      [
        0.1002,
        0.0541,
        0.0872,
        1.0,
        0.0381,
        0.0205,
        0.0591,
        0.0342,
        0.0855,
        0.0874,
        0.0306,
        0.101,
        0.0637,
        0.067,
        0.0751,
        0.0251,
        0.0329,
        0.0205,
        0.0799,
        0.0594,
        0.0688,
        0.0987,
        0.0205,
        0.0528,
        0.0892,
        0.0205,
        0.0366,
        0.052,
        0.0452,
        0.1012,
        0.0949,
        0.0205,
        0.0205,
        0.0869,
        0.0249,
        0.0464,
        0.073,
        0.0701,
        0.0918
      ],
      [
        0.1059,
        0.1904,
        0.279,
        0.0381,
        1.0,
        0.0381,
        0.5799,
        0.0909,
        0.2133,
        0.1239,
        0.1289,
        0.2679,
        -0.0948,
        0.1096,
        0.0571,
        -0.0479,
        0.0486,
        0.0381,
        0.0609,
        0.0871,
        0.173,
        0.2521,
        0.0381,
        0.1438,
        0.0779,
        0.0381,
        0.1269,
        -0.208,
        0.0057,
        0.1569,
        0.1386,
        0.0381,
        0.0381,
        0.2154,
        0.0691,
        0.1854,
        -0.0926,
        0.5234,
        -0.0154
      ],
      [
        0.1002,
        0.0541,
        0.0872,
        0.0205,
        0.0381,
        1.0,
        0.0591,
        0.0342,
        0.0855,
        0.0874,
        0.0306,
        0.101,
        0.0637,
        0.067,
        0.0751,
        0.0251,
        0.0329,
        0.0205,
        0.0799,
        0.0594,
        0.0688,
        0.0987,
        0.0205,
        0.0528,
        0.0892,
        0.0205,
        0.0366,
        0.052,
        0.0452,
        0.1012,
        0.0949,
        0.0205,
        0.0205,
        0.0869,
        0.0249,
        0.0464,
        0.073,
        0.0701,
        0.0918
      ],
      [
        0.3306,
        -0.0067,
        0.3252,
        0.0591,
        0.5799,
        0.0591,
        1.0,
        -0.0973,
        0.3681,
        0.3652,
        0.1446,
        0.4732,
        0.1827,
        0.0865,
        0.1811,
        0.2544,
        0.305,
        0.0591,
        0.1427,
        0.3025,
        0.3754,
        0.5142,
        0.0591,
        0.1755,
        0.312,
        0.0591,
        0.1751,
        -0.1353,
        0.3525,
        0.3489,
        0.4495,
        0.0591,
        0.0591,
        0.3332,
        0.2957,
        0.0207,
        0.2407,
        0.6434,
        0.275
      ],
      [
        -0.001,
        0.5352,
        0.2128,
        0.0342,
        0.0909,
        0.0342,
        -0.0973,
        1.0,
        0.0324,
        -0.0198,
        -0.0213,
        -0.0538,
        -0.1327,
        0.2501,
        -0.008,
        -0.0889,
        -0.0631,
        0.0342,
        0.0988,
        -0.1174,
        -0.1062,
        -0.0993,
        0.0342,
        0.1021,
        -0.0481,
        0.0342,
        -0.0204,
        0.194,
        -0.1468,
        0.001,
        -0.0746,
        0.0342,
        0.0342,
        0.0295,
        -0.0039,
        0.4461,
        -0.1601,
        -0.0898,
        -0.0785
      ],
      [
        0.4642,
        0.1158,
        0.3728,
        0.0855,
        0.2133,
        0.0855,
        0.3681,
        0.0324,
        1.0,
        0.439,
        0.1229,
        0.4957,
        0.3304,
        0.2295,
        0.3191,
        0.2302,
        0.2548,
        0.0855,
        0.3138,
        0.3161,
        0.3612,
        0.5159,
        0.0855,
        0.2216,
        0.4245,
        0.0855,
        0.1562,
        0.1429,
        0.3297,
        0.4636,
        0.5022,
        0.0855,
        0.0855,
        0.392,
        0.2165,
        0.1063,
        0.3874,
        0.413,
        0.4447
      ],
      [
        0.5148,
        0.0539,
        0.3793,
        0.0874,
        0.1239,
        0.0874,
        0.3652,
        -0.0198,
        0.439,
        1.0,
        0.0611,
        0.5325,
        0.4238,
        0.2102,
        0.3326,
        0.3649,
        0.3673,
        0.0874,
        0.3184,
        0.3454,
        0.3848,
        0.5824,
        0.0874,
        0.2234,
        0.471,
        0.0874,
        0.0987,
        0.1268,
        0.4632,
        0.5011,
        0.5978,
        0.0874,
        0.0874,
        0.4025,
        0.3207,
        0.0523,
        0.4896,
        0.4253,
        0.5295
      ],
      [
        0.1547,
        -0.024,
        0.0214,
        0.0306,
        0.1289,
        0.0306,
        0.1446,
        -0.0213,
        0.1229,
        0.0611,
        1.0,
        0.1571,
        -0.0131,
        0.0091,
        0.0757,
        0.0951,
        0.0659,
        0.0306,
        0.0457,
        0.4695,
        0.4285,
        0.1252,
        0.0306,
        0.0044,
        0.2632,
        0.0306,
        0.7335,
        0.5157,
        0.1668,
        0.1028,
        0.1418,
        0.0306,
        0.0306,
        0.1089,
        0.144,
        0.0069,
        0.1415,
        0.1703,
        0.078
      ],
      [
        0.5749,
        0.0512,
        0.4251,
        0.101,
        0.2679,
        0.101,
        0.4732,
        -0.0538,
        0.4957,
        0.5325,
        0.1571,
        1.0,
        0.4241,
        0.2543,
        0.4194,
        0.2246,
        0.2645,
        0.101,
        0.393,
        0.3912,
        0.4519,
        0.6502,
        0.101,
        0.2639,
        0.5284,
        0.101,
        0.1875,
        0.126,
        0.3673,
        0.5853,
        0.6083,
        0.101,
        0.101,
        0.4954,
        0.1931,
        0.0533,
        0.4877,
        0.523,
        0.5587
      ],
      [
        0.4367,
        -0.0893,
        0.2366,
        0.0637,
        -0.0948,
        0.0637,
        0.1827,
        -0.1327,
        0.3304,
        0.4238,
        -0.0131,
        0.4241,
        1.0,
        0.1369,
        0.3133,
        0.2755,
        0.2637,
        0.0637,
        0.282,
        0.2619,
        0.2824,
        0.4698,
        0.0637,
        0.1571,
        0.3988,
        0.0637,
        0.0023,
        0.0919,
        0.3668,
        0.4252,
        0.488,
        0.0637,
        0.0637,
        0.3168,
        0.185,
        -0.0784,
        0.4742,
        0.2462,
        0.4957
      ],
      [
        0.269,
        0.3274,
        0.3057,
        0.067,
        0.1096,
        0.067,
        0.0865,
        0.2501,
        0.2295,
        0.2102,
        0.0091,
        0.2543,
        0.1369,
        1.0,
        0.2428,
        -0.0884,
        -0.0372,
        0.067,
        0.2933,
        0.0437,
        0.0847,
        0.2157,
        0.067,
        0.1903,
        0.2019,
        0.067,
        -0.0043,
        0.1459,
        -0.0446,
        0.2938,
        0.1846,
        0.067,
        0.067,
        0.263,
        -0.0736,
        0.2694,
        0.1189,
        0.1147,
        0.2261
      ],
      [
        0.4129,
        0.0724,
        0.2832,
        0.0751,
        0.0571,
        0.0751,
        0.1811,
        -0.008,
        0.3191,
        0.3326,
        0.0757,
        0.4194,
        0.3133,
        0.2428,
        1.0,
        -0.0362,
        0.0094,
        0.0751,
        0.3617,
        0.196,
        0.2388,
        0.3969,
        0.0751,
        0.1988,
        0.3604,
        0.0751,
        0.0686,
        0.1351,
        0.0745,
        0.4382,
        0.3447,
        0.0751,
        0.0751,
        0.3662,
        -0.0814,
        0.0563,
        0.3235,
        0.2246,
        0.409
      ],
      [
        0.2437,
        -0.1263,
        0.1241,
        0.0251,
        -0.0479,
        0.0251,
        0.2544,
        -0.0889,
        0.2302,
        0.3649,
        0.0951,
        0.2246,
        0.2755,
        -0.0884,
        -0.0362,
        1.0,
        0.7065,
        0.0251,
        -0.0656,
        0.4091,
        0.371,
        0.3635,
        0.0251,
        0.0188,
        0.2943,
        0.0251,
        0.2134,
        0.1696,
        0.8151,
        0.1421,
        0.5254,
        0.0251,
        0.0251,
        0.0671,
        0.7943,
        -0.0839,
        0.4247,
        0.3122,
        0.2998
      ],
      [
        0.2608,
        -0.0745,
        0.1741,
        0.0329,
        0.0486,
        0.0329,
        0.305,
        -0.0631,
        0.2548,
        0.3673,
        0.0659,
        0.2645,
        0.2637,
        -0.0372,
        0.0094,
        0.7065,
        1.0,
        0.0329,
        -0.0141,
        0.3584,
        0.3431,
        0.3841,
        0.0329,
        0.056,
        0.2885,
        0.0329,
        0.1603,
        0.1032,
        0.7128,
        0.1842,
        0.5057,
        0.0329,
        0.0329,
        0.1177,
        0.6883,
        -0.0423,
        0.3855,
        0.3517,
        0.2993
      ],
      [
        0.1002,
        0.0541,
        0.0872,
        0.0205,
        0.0381,
        0.0205,
        0.0591,
        0.0342,
        0.0855,
        0.0874,
        0.0306,
        0.101,
        0.0637,
        0.067,
        0.0751,
        0.0251,
        0.0329,
        1.0,
        0.0799,
        0.0594,
        0.0688,
        0.0987,
        0.0205,
        0.0528,
        0.0892,
        0.0205,
        0.0366,
        0.052,
        0.0452,
        0.1012,
        0.0949,
        0.0205,
        0.0205,
        0.0869,
        0.0249,
        0.0464,
        0.073,
        0.0701,
        0.0918
      ],
      [
        0.4001,
        0.1854,
        0.3205,
        0.0799,
        0.0609,
        0.0799,
        0.1427,
        0.0988,
        0.3138,
        0.3184,
        0.0457,
        0.393,
        0.282,
        0.2933,
        0.3617,
        -0.0656,
        -0.0141,
        0.0799,
        1.0,
        0.1473,
        0.1927,
        0.361,
        0.0799,
        0.2167,
        0.3339,
        0.0799,
        0.0332,
        0.1582,
        0.0286,
        0.4278,
        0.314,
        0.0799,
        0.0799,
        0.362,
        -0.0955,
        0.1489,
        0.2791,
        0.1869,
        0.3838
      ],
      [
        0.3857,
        -0.1032,
        0.1678,
        0.0594,
        0.0871,
        0.0594,
        0.3025,
        -0.1174,
        0.3161,
        0.3454,
        0.4695,
        0.3912,
        0.2619,
        0.0437,
        0.196,
        0.4091,
        0.3584,
        0.0594,
        0.1473,
        1.0,
        0.5548,
        0.4261,
        0.0594,
        0.0869,
        0.4599,
        0.0594,
        0.5972,
        0.435,
        0.5083,
        0.3204,
        0.4785,
        0.0594,
        0.0594,
        0.2581,
        0.3995,
        -0.0609,
        0.4332,
        0.3609,
        0.3668
      ],
      [
        0.425,
        -0.0694,
        0.2288,
        0.0688,
        0.173,
        0.0688,
        0.3754,
        -0.1062,
        0.3612,
        0.3848,
        0.4285,
        0.4519,
        0.2824,
        0.0847,
        0.2388,
        0.371,
        0.3431,
        0.0688,
        0.1927,
        0.5548,
        1.0,
        0.4828,
        0.0688,
        0.1262,
        0.4774,
        0.0688,
        0.5393,
        0.3655,
        0.4827,
        0.3767,
        0.5095,
        0.0688,
        0.0688,
        0.3141,
        0.3657,
        -0.0332,
        0.4358,
        0.4279,
        0.3979
      ],
      [
        0.5927,
        -0.0039,
        0.4254,
        0.0987,
        0.2521,
        0.0987,
        0.5142,
        -0.0993,
        0.5159,
        0.5824,
        0.1252,
        0.6502,
        0.4698,
        0.2157,
        0.3969,
        0.3635,
        0.3841,
        0.0987,
        0.361,
        0.4261,
        0.4828,
        1.0,
        0.0987,
        0.2557,
        0.5504,
        0.0987,
        0.1658,
        0.093,
        0.5003,
        0.5897,
        0.6826,
        0.0987,
        0.0987,
        0.4877,
        0.3206,
        0.0094,
        0.5479,
        0.5691,
        0.5958
      ],
      [
        0.1002,
        0.0541,
        0.0872,
        0.0205,
        0.0381,
        0.0205,
        0.0591,
        0.0342,
        0.0855,
        0.0874,
        0.0306,
        0.101,
        0.0637,
        0.067,
        0.0751,
        0.0251,
        0.0329,
        0.0205,
        0.0799,
        0.0594,
        0.0688,
        0.0987,
        1.0,
        0.0528,
        0.0892,
        0.0205,
        0.0366,
        0.052,
        0.0452,
        0.1012,
        0.0949,
        0.0205,
        0.0205,
        0.0869,
        0.0249,
        0.0464,
        0.073,
        0.0701,
        0.0918
      ],
      [
        0.2483,
        0.1653,
        0.2482,
        0.0528,
        0.1438,
        0.0528,
        0.1755,
        0.1021,
        0.2216,
        0.2234,
        0.0044,
        0.2639,
        0.1571,
        0.1903,
        0.1988,
        0.0188,
        0.056,
        0.0528,
        0.2167,
        0.0869,
        0.1262,
        0.2557,
        0.0528,
        1.0,
        0.1997,
        0.0528,
        -0.0016,
        0.0447,
        0.0683,
        0.2665,
        0.2276,
        0.0528,
        0.0528,
        0.2342,
        0.021,
        0.1388,
        0.1553,
        0.1949,
        0.2253
      ],
      [
        0.5263,
        0.0154,
        0.3249,
        0.0892,
        0.0779,
        0.0892,
        0.312,
        -0.0481,
        0.4245,
        0.471,
        0.2632,
        0.5284,
        0.3988,
        0.2019,
        0.3604,
        0.2943,
        0.2885,
        0.0892,
        0.3339,
        0.4599,
        0.4774,
        0.5504,
        0.0892,
        0.1997,
        1.0,
        0.0892,
        0.3317,
        0.3188,
        0.4166,
        0.5005,
        0.563,
        0.0892,
        0.0892,
        0.4057,
        0.2536,
        0.0239,
        0.5031,
        0.3809,
        0.5231
      ],
      [
        0.1002,
        0.0541,
        0.0872,
        0.0205,
        0.0381,
        0.0205,
        0.0591,
        0.0342,
        0.0855,
        0.0874,
        0.0306,
        0.101,
        0.0637,
        0.067,
        0.0751,
        0.0251,
        0.0329,
        0.0205,
        0.0799,
        0.0594,
        0.0688,
        0.0987,
        0.0205,
        0.0528,
        0.0892,
        1.0,
        0.0366,
        0.052,
        0.0452,
        0.1012,
        0.0949,
        0.0205,
        0.0205,
        0.0869,
        0.0249,
        0.0464,
        0.073,
        0.0701,
        0.0918
      ],
      [
        0.194,
        -0.0334,
        0.0279,
        0.0366,
        0.1269,
        0.0366,
        0.1751,
        -0.0204,
        0.1562,
        0.0987,
        0.7335,
        0.1875,
        0.0023,
        -0.0043,
        0.0686,
        0.2134,
        0.1603,
        0.0366,
        0.0332,
        0.5972,
        0.5393,
        0.1658,
        0.0366,
        -0.0016,
        0.3317,
        0.0366,
        1.0,
        0.6467,
        0.2899,
        0.117,
        0.2119,
        0.0366,
        0.0366,
        0.1176,
        0.27,
        0.0064,
        0.2043,
        0.2131,
        0.1099
      ],
      [
        0.2381,
        0.1773,
        0.09,
        0.052,
        -0.208,
        0.052,
        -0.1353,
        0.194,
        0.1429,
        0.1268,
        0.5157,
        0.126,
        0.0919,
        0.1459,
        0.1351,
        0.1696,
        0.1032,
        0.052,
        0.1582,
        0.435,
        0.3655,
        0.093,
        0.052,
        0.0447,
        0.3188,
        0.052,
        0.6467,
        1.0,
        0.2058,
        0.1578,
        0.1891,
        0.052,
        0.052,
        0.1177,
        0.1837,
        0.1605,
        0.2418,
        -0.0577,
        0.1948
      ],
      [
        0.3692,
        -0.1611,
        0.1899,
        0.0452,
        0.0057,
        0.0452,
        0.3525,
        -0.1468,
        0.3297,
        0.4632,
        0.1668,
        0.3673,
        0.3668,
        -0.0446,
        0.0745,
        0.8151,
        0.7128,
        0.0452,
        0.0286,
        0.5083,
        0.4827,
        0.5003,
        0.0452,
        0.0683,
        0.4166,
        0.0452,
        0.2899,
        0.2058,
        1.0,
        0.2749,
        0.6376,
        0.0452,
        0.0452,
        0.1815,
        0.7739,
        -0.111,
        0.5309,
        0.4192,
        0.4209
      ],
      [
        0.5618,
        0.1036,
        0.4154,
        0.1012,
        0.1569,
        0.1012,
        0.3489,
        0.001,
        0.4636,
        0.5011,
        0.1028,
        0.5853,
        0.4252,
        0.2938,
        0.4382,
        0.1421,
        0.1842,
        0.1012,
        0.4278,
        0.3204,
        0.3767,
        0.5897,
        0.1012,
        0.2665,
        0.5005,
        0.1012,
        0.117,
        0.1578,
        0.2749,
        1.0,
        0.5509,
        0.1012,
        0.1012,
        0.4814,
        0.0981,
        0.0891,
        0.4658,
        0.4064,
        0.5547
      ],
      [
        0.5859,
        -0.0064,
        0.4005,
        0.0949,
        0.1386,
        0.0949,
        0.4495,
        -0.0746,
        0.5022,
        0.5978,
        0.1418,
        0.6083,
        0.488,
        0.1846,
        0.3447,
        0.5254,
        0.5057,
        0.0949,
        0.314,
        0.4785,
        0.5095,
        0.6826,
        0.0949,
        0.2276,
        0.563,
        0.0949,
        0.2119,
        0.1891,
