{
  "_meta": {
    "generated": "2026-04-07T08:58:05",
    "portfolio_generated": "2026-04-07T08:54:08.839843",
    "n_assets": 40,
    "n_with_returns": 32,
    "covariance_method": "hybrid_shrunk",
    "condition_number": 467.29,
    "pca_factors": 4
  },
  "profiles": {
    "Agressif": {
      "n_assets": 16,
      "weighted_avg_correlation": 0.2578,
      "most_correlated": [
        {
          "t1": "MU",
          "t2": "SOXX",
          "corr": 0.8036,
          "w1": 6.7,
          "w2": 6.6,
          "combined_weight": 13.3
        },
        {
          "t1": "VRT",
          "t2": "SOXX",
          "corr": 0.7617,
          "w1": 4.6,
          "w2": 6.6,
          "combined_weight": 11.2
        },
        {
          "t1": "VRT",
          "t2": "MU",
          "corr": 0.7573,
          "w1": 4.6,
          "w2": 6.7,
          "combined_weight": 11.3
        },
        {
          "t1": "SLV",
          "t2": "GLD",
          "corr": 0.7361,
          "w1": 7.0,
          "w2": 10.3,
          "combined_weight": 17.3
        },
        {
          "t1": "NVDA",
          "t2": "SOXX",
          "corr": 0.6993,
          "w1": 3.3,
          "w2": 6.6,
          "combined_weight": 9.9
        },
        {
          "t1": "VRT",
          "t2": "NVDA",
          "corr": 0.6788,
          "w1": 4.6,
          "w2": 3.3,
          "combined_weight": 7.9
        },
        {
          "t1": "NVDA",
          "t2": "MU",
          "corr": 0.6784,
          "w1": 3.3,
          "w2": 6.7,
          "combined_weight": 9.9
        },
        {
          "t1": "FLKR",
          "t2": "SOXX",
          "corr": 0.6337,
          "w1": 5.9,
          "w2": 6.6,
          "combined_weight": 12.5
        },
        {
          "t1": "SLVP",
          "t2": "SLV",
          "corr": 0.6233,
          "w1": 4.6,
          "w2": 7.0,
          "combined_weight": 11.6
        },
        {
          "t1": "REMX",
          "t2": "SLV",
          "corr": 0.6231,
          "w1": 9.3,
          "w2": 7.0,
          "combined_weight": 16.3
        }
      ],
      "least_correlated": [
        {
          "t1": "MU",
          "t2": "SGOV",
          "corr": 0.0223,
          "w1": 6.7,
          "w2": 5.9,
          "combined_weight": 12.5
        },
        {
          "t1": "PAAA",
          "t2": "SGOV",
          "corr": 0.0173,
          "w1": 8.8,
          "w2": 5.9,
          "combined_weight": 14.6
        },
        {
          "t1": "INCY",
          "t2": "GLD",
          "corr": 0.0028,
          "w1": 3.0,
          "w2": 10.3,
          "combined_weight": 13.3
        },
        {
          "t1": "BKR",
          "t2": "SLVP",
          "corr": -0.0395,
          "w1": 6.7,
          "w2": 4.6,
          "combined_weight": 11.3
        },
        {
          "t1": "XLE",
          "t2": "SLVP",
          "corr": -0.1014,
          "w1": 8.6,
          "w2": 4.6,
          "combined_weight": 13.2
        }
      ],
      "high_corr_high_weight": [
        {
          "t1": "MU",
          "t2": "SOXX",
          "corr": 0.8036,
          "w1": 6.7,
          "w2": 6.6,
          "combined_weight": 13.3
        },
        {
          "t1": "VRT",
          "t2": "SOXX",
          "corr": 0.7617,
          "w1": 4.6,
          "w2": 6.6,
          "combined_weight": 11.2
        },
        {
          "t1": "VRT",
          "t2": "MU",
          "corr": 0.7573,
          "w1": 4.6,
          "w2": 6.7,
          "combined_weight": 11.3
        },
        {
          "t1": "SLV",
          "t2": "GLD",
          "corr": 0.7361,
          "w1": 7.0,
          "w2": 10.3,
          "combined_weight": 17.3
        }
      ]
    },
    "Mod\u00e9r\u00e9": {
      "n_assets": 15,
      "weighted_avg_correlation": 0.2645,
      "most_correlated": [
        {
          "t1": "SCHD",
          "t2": "HDV",
          "corr": 0.6347,
          "w1": 8.3,
          "w2": 7.6,
          "combined_weight": 15.9
        },
        {
          "t1": "RIO",
          "t2": "VSS",
          "corr": 0.5856,
          "w1": 6.9,
          "w2": 7.5,
          "combined_weight": 14.4
        },
        {
          "t1": "SCHY",
          "t2": "VSS",
          "corr": 0.5623,
          "w1": 8.3,
          "w2": 7.5,
          "combined_weight": 15.9
        },
        {
          "t1": "SCHD",
          "t2": "GGG",
          "corr": 0.5557,
          "w1": 8.3,
          "w2": 3.1,
          "combined_weight": 11.3
        },
        {
          "t1": "SCHY",
          "t2": "SCHD",
          "corr": 0.5522,
          "w1": 8.3,
          "w2": 8.3,
          "combined_weight": 16.6
        },
        {
          "t1": "SCHD",
          "t2": "VSS",
          "corr": 0.5501,
          "w1": 8.3,
          "w2": 7.5,
          "combined_weight": 15.8
        },
        {
          "t1": "SCHD",
          "t2": "XLV",
          "corr": 0.5491,
          "w1": 8.3,
          "w2": 3.1,
          "combined_weight": 11.3
        },
        {
          "t1": "SCHY",
          "t2": "HDV",
          "corr": 0.5354,
          "w1": 8.3,
          "w2": 7.6,
          "combined_weight": 15.9
        },
        {
          "t1": "EOG",
          "t2": "SCHD",
          "corr": 0.5238,
          "w1": 6.8,
          "w2": 8.3,
          "combined_weight": 15.1
        },
        {
          "t1": "HDV",
          "t2": "XLV",
          "corr": 0.5235,
          "w1": 7.6,
          "w2": 3.1,
          "combined_weight": 10.7
        }
      ],
      "least_correlated": [
        {
          "t1": "STIP",
          "t2": "GLD",
          "corr": 0.0358,
          "w1": 9.0,
          "w2": 8.1,
          "combined_weight": 17.1
        },
        {
          "t1": "EOG",
          "t2": "ITX",
          "corr": 0.0328,
          "w1": 6.8,
          "w2": 4.1,
          "combined_weight": 10.9
        },
        {
          "t1": "VGSH",
          "t2": "STIP",
          "corr": 0.0173,
          "w1": 9.1,
          "w2": 9.0,
          "combined_weight": 18.1
        },
        {
          "t1": "AGS",
          "t2": "GLD",
          "corr": -0.0065,
          "w1": 5.2,
          "w2": 8.1,
          "combined_weight": 13.3
        },
        {
          "t1": "ITX",
          "t2": "GLD",
          "corr": -0.0614,
          "w1": 4.1,
          "w2": 8.1,
          "combined_weight": 12.2
        }
      ],
      "high_corr_high_weight": []
    },
    "Stable": {
      "n_assets": 16,
      "weighted_avg_correlation": 0.1262,
      "most_correlated": [
        {
          "t1": "ACWV",
          "t2": "SPYV",
          "corr": 0.5684,
          "w1": 4.7,
          "w2": 4.3,
          "combined_weight": 8.9
        },
        {
          "t1": "SPYV",
          "t2": "XLV",
          "corr": 0.5553,
          "w1": 4.3,
          "w2": 4.4,
          "combined_weight": 8.7
        },
        {
          "t1": "SPLV",
          "t2": "SPYV",
          "corr": 0.5205,
          "w1": 4.7,
          "w2": 4.3,
          "combined_weight": 8.9
        },
        {
          "t1": "ACWV",
          "t2": "SPLV",
          "corr": 0.5191,
          "w1": 4.7,
          "w2": 4.7,
          "combined_weight": 9.3
        },
        {
          "t1": "ACWV",
          "t2": "XLV",
          "corr": 0.5047,
          "w1": 4.7,
          "w2": 4.4,
          "combined_weight": 9.1
        },
        {
          "t1": "SPYV",
          "t2": "GD",
          "corr": 0.4959,
          "w1": 4.3,
          "w2": 3.8,
          "combined_weight": 8.1
        },
        {
          "t1": "SPLV",
          "t2": "XLV",
          "corr": 0.4841,
          "w1": 4.7,
          "w2": 4.4,
          "combined_weight": 9.1
        },
        {
          "t1": "EOG",
          "t2": "SPYV",
          "corr": 0.4792,
          "w1": 4.5,
          "w2": 4.3,
          "combined_weight": 8.8
        },
        {
          "t1": "ACWV",
          "t2": "GD",
          "corr": 0.4628,
          "w1": 4.7,
          "w2": 3.8,
          "combined_weight": 8.5
        },
        {
          "t1": "SPLV",
          "t2": "GD",
          "corr": 0.4527,
          "w1": 4.7,
          "w2": 3.8,
          "combined_weight": 8.5
        }
      ],
      "least_correlated": [
        {
          "t1": "CLTL",
          "t2": "VGSH",
          "corr": 0.0173,
          "w1": 10.8,
          "w2": 13.0,
          "combined_weight": 23.8
        },
        {
          "t1": "CLTL",
          "t2": "STIP",
          "corr": 0.0173,
          "w1": 10.8,
          "w2": 13.0,
          "combined_weight": 23.8
        },
        {
          "t1": "VGSH",
          "t2": "STIP",
          "corr": 0.0173,
          "w1": 13.0,
          "w2": 13.0,
          "combined_weight": 26.0
        },
        {
          "t1": "ULVR",
          "t2": "GLD",
          "corr": 0.011,
          "w1": 3.8,
          "w2": 5.0,
          "combined_weight": 8.7
        },
        {
          "t1": "SCHP",
          "t2": "GLD",
          "corr": 0.0034,
          "w1": 4.5,
          "w2": 5.0,
          "combined_weight": 9.4
        }
      ],
      "high_corr_high_weight": []
    }
  },
  "all_pairs_top_30": [
    {
      "t1": "MU",
      "t2": "SOXX",
      "corr_hybrid": 0.8036,
      "corr_structured": null,
      "cat1": "Act",
      "cat2": "ETF",
      "exp1": null,
      "exp2": "semiconductor",
      "fam1": null,
      "fam2": "sector_tech"
    },
    {
      "t1": "SOXX",
      "t2": "VRT",
      "corr_hybrid": 0.7617,
      "corr_structured": null,
      "cat1": "ETF",
      "cat2": "Act",
      "exp1": "semiconductor",
      "exp2": null,
      "fam1": "sector_tech",
      "fam2": null
    },
    {
      "t1": "MU",
      "t2": "VRT",
      "corr_hybrid": 0.7573,
      "corr_structured": null,
      "cat1": "Act",
      "cat2": "Act",
      "exp1": null,
      "exp2": null,
      "fam1": null,
      "fam2": null
    },
    {
      "t1": "GLD",
      "t2": "SLV",
      "corr_hybrid": 0.7361,
      "corr_structured": 0.85,
      "cat1": "ETF",
      "cat2": "ETF",
      "exp1": "gold_physical",
      "exp2": "silver_physical",
      "fam1": "gold",
      "fam2": "precious_metals"
    },
    {
      "t1": "NVDA",
      "t2": "SOXX",
      "corr_hybrid": 0.6993,
      "corr_structured": null,
      "cat1": "Act",
      "cat2": "ETF",
      "exp1": null,
      "exp2": "semiconductor",
      "fam1": null,
      "fam2": "sector_tech"
    },
    {
      "t1": "NVDA",
      "t2": "VRT",
      "corr_hybrid": 0.6788,
      "corr_structured": null,
      "cat1": "Act",
      "cat2": "Act",
      "exp1": null,
      "exp2": null,
      "fam1": null,
      "fam2": null
    },
    {
      "t1": "MU",
      "t2": "NVDA",
      "corr_hybrid": 0.6784,
      "corr_structured": null,
      "cat1": "Act",
      "cat2": "Act",
      "exp1": null,
      "exp2": null,
      "fam1": null,
      "fam2": null
    },
    {
      "t1": "SCHD",
      "t2": "SPYV",
      "corr_hybrid": 0.6554,
      "corr_structured": 0.8,
      "cat1": "ETF",
      "cat2": "ETF",
      "exp1": "dividend",
      "exp2": "sp500_value",
      "fam1": "factor_dividend",
      "fam2": "factor_value"
    },
    {
      "t1": "HDV",
      "t2": "SCHD",
      "corr_hybrid": 0.6347,
      "corr_structured": 0.95,
      "cat1": "ETF",
      "cat2": "ETF",
      "exp1": "dividend",
      "exp2": "dividend",
      "fam1": "factor_dividend",
      "fam2": "factor_dividend"
    },
    {
      "t1": "FLKR",
      "t2": "SOXX",
      "corr_hybrid": 0.6337,
      "corr_structured": 0.2,
      "cat1": "ETF",
      "cat2": "ETF",
      "exp1": "south_korea",
      "exp2": "semiconductor",
      "fam1": "em_equity",
      "fam2": "sector_tech"
    },
    {
      "t1": "SLV",
      "t2": "SLVP",
      "corr_hybrid": 0.6233,
      "corr_structured": 0.9,
      "cat1": "ETF",
      "cat2": "ETF",
      "exp1": "silver_physical",
      "exp2": "silver_miners",
      "fam1": "precious_metals",
      "fam2": "precious_metals"
    },
    {
      "t1": "REMX",
      "t2": "SLV",
      "corr_hybrid": 0.6231,
      "corr_structured": 0.2,
      "cat1": "ETF",
      "cat2": "ETF",
      "exp1": "rare_earth",
      "exp2": "silver_physical",
      "fam1": null,
      "fam2": "precious_metals"
    },
    {
      "t1": "SPYV",
      "t2": "VSS",
      "corr_hybrid": 0.6098,
      "corr_structured": 0.2,
      "cat1": "ETF",
      "cat2": "ETF",
      "exp1": "sp500_value",
      "exp2": "intl_small_cap",
      "fam1": "factor_value",
      "fam2": null
    },
    {
      "t1": "SOXX",
      "t2": "SPYV",
      "corr_hybrid": 0.6009,
      "corr_structured": 0.2,
      "cat1": "ETF",
      "cat2": "ETF",
      "exp1": "semiconductor",
      "exp2": "sp500_value",
      "fam1": "sector_tech",
      "fam2": "factor_value"
    },
    {
      "t1": "SOXX",
      "t2": "VSS",
      "corr_hybrid": 0.5974,
      "corr_structured": 0.2,
      "cat1": "ETF",
      "cat2": "ETF",
      "exp1": "semiconductor",
      "exp2": "intl_small_cap",
      "fam1": "sector_tech",
      "fam2": null
    },
    {
      "t1": "HDV",
      "t2": "SPYV",
      "corr_hybrid": 0.5948,
      "corr_structured": 0.8,
      "cat1": "ETF",
      "cat2": "ETF",
      "exp1": "dividend",
      "exp2": "sp500_value",
      "fam1": "factor_dividend",
      "fam2": "factor_value"
    },
    {
      "t1": "SCHD",
      "t2": "XLE",
      "corr_hybrid": 0.5935,
      "corr_structured": 0.2,
      "cat1": "ETF",
      "cat2": "ETF",
      "exp1": "dividend",
      "exp2": "energy",
      "fam1": "factor_dividend",
      "fam2": "sector_energy"
    },
    {
      "t1": "FLKR",
      "t2": "MU",
      "corr_hybrid": 0.5876,
      "corr_structured": null,
      "cat1": "ETF",
      "cat2": "Act",
      "exp1": "south_korea",
      "exp2": null,
      "fam1": "em_equity",
      "fam2": null
    },
    {
      "t1": "RIO",
      "t2": "VSS",
      "corr_hybrid": 0.5856,
      "corr_structured": null,
      "cat1": "Act",
      "cat2": "ETF",
      "exp1": null,
      "exp2": "intl_small_cap",
      "fam1": null,
      "fam2": null
    },
    {
      "t1": "BKR",
      "t2": "SCHD",
      "corr_hybrid": 0.5848,
      "corr_structured": null,
      "cat1": "Act",
      "cat2": "ETF",
      "exp1": null,
      "exp2": "dividend",
      "fam1": null,
      "fam2": "factor_dividend"
    },
    {
      "t1": "BKR",
      "t2": "SPYV",
      "corr_hybrid": 0.5798,
      "corr_structured": null,
      "cat1": "Act",
      "cat2": "ETF",
      "exp1": null,
      "exp2": "sp500_value",
      "fam1": null,
      "fam2": "factor_value"
    },
    {
      "t1": "ACWV",
      "t2": "SCHD",
      "corr_hybrid": 0.5753,
      "corr_structured": 0.72,
      "cat1": "ETF",
      "cat2": "ETF",
      "exp1": "min_vol",
      "exp2": "dividend",
      "fam1": "factor_min_vol",
      "fam2": "factor_dividend"
    },
    {
      "t1": "REMX",
      "t2": "RIO",
      "corr_hybrid": 0.5737,
      "corr_structured": null,
      "cat1": "ETF",
      "cat2": "Act",
      "exp1": "rare_earth",
      "exp2": null,
      "fam1": null,
      "fam2": null
    },
    {
      "t1": "REMX",
      "t2": "VSS",
      "corr_hybrid": 0.5722,
      "corr_structured": 0.2,
      "cat1": "ETF",
      "cat2": "ETF",
      "exp1": "rare_earth",
      "exp2": "intl_small_cap",
      "fam1": null,
      "fam2": null
    },
    {
      "t1": "ACWV",
      "t2": "SPYV",
      "corr_hybrid": 0.5684,
      "corr_structured": 0.2,
      "cat1": "ETF",
      "cat2": "ETF",
      "exp1": "min_vol",
      "exp2": "sp500_value",
      "fam1": "factor_min_vol",
      "fam2": "factor_value"
    },
    {
      "t1": "SCHY",
      "t2": "SPYV",
      "corr_hybrid": 0.5649,
      "corr_structured": 0.2,
      "cat1": "ETF",
      "cat2": "ETF",
      "exp1": "international",
      "exp2": "sp500_value",
      "fam1": "intl_equity",
      "fam2": "factor_value"
    },
    {
      "t1": "GGG",
      "t2": "SPYV",
      "corr_hybrid": 0.5631,
      "corr_structured": null,
      "cat1": "Act",
      "cat2": "ETF",
      "exp1": null,
      "exp2": "sp500_value",
      "fam1": null,
      "fam2": "factor_value"
    },
    {
      "t1": "SCHY",
      "t2": "VSS",
      "corr_hybrid": 0.5623,
      "corr_structured": 0.2,
      "cat1": "ETF",
      "cat2": "ETF",
      "exp1": "international",
      "exp2": "intl_small_cap",
      "fam1": "intl_equity",
      "fam2": null
    },
    {
      "t1": "SCHD",
      "t2": "SPLV",
      "corr_hybrid": 0.562,
      "corr_structured": 0.82,
      "cat1": "ETF",
      "cat2": "ETF",
      "exp1": "dividend",
      "exp2": "sp500",
      "fam1": "factor_dividend",
      "fam2": "us_equity_large"
    },
    {
      "t1": "ACWV",
      "t2": "HDV",
      "corr_hybrid": 0.5616,
      "corr_structured": 0.72,
      "cat1": "ETF",
      "cat2": "ETF",
      "exp1": "min_vol",
      "exp2": "dividend",
      "fam1": "factor_min_vol",
      "fam2": "factor_dividend"
    }
  ],
  "all_pairs_bottom_10": [
    {
      "t1": "GLD",
      "t2": "ULVR",
      "corr_hybrid": 0.011,
      "corr_structured": null,
      "cat1": "ETF",
      "cat2": "Act",
      "exp1": "gold_physical",
      "exp2": null,
      "fam1": "gold",
      "fam2": null
    },
    {
      "t1": "AGS",
      "t2": "SLV",
      "corr_hybrid": 0.0076,
      "corr_structured": null,
      "cat1": "Act",
      "cat2": "ETF",
      "exp1": null,
      "exp2": "silver_physical",
      "fam1": null,
      "fam2": "precious_metals"
    },
    {
      "t1": "MU",
      "t2": "ULVR",
      "corr_hybrid": 0.007,
      "corr_structured": null,
      "cat1": "Act",
      "cat2": "Act",
      "exp1": null,
      "exp2": null,
      "fam1": null,
      "fam2": null
    },
    {
      "t1": "AGS",
      "t2": "GLD",
      "corr_hybrid": -0.0065,
      "corr_structured": null,
      "cat1": "Act",
      "cat2": "ETF",
      "exp1": null,
      "exp2": "gold_physical",
      "fam1": null,
      "fam2": "gold"
    },
    {
      "t1": "ULVR",
      "t2": "VRT",
      "corr_hybrid": -0.006,
      "corr_structured": null,
      "cat1": "Act",
      "cat2": "Act",
      "exp1": null,
      "exp2": null,
      "fam1": null,
      "fam2": null
    },
    {
      "t1": "SCHP",
      "t2": "SLV",
      "corr_hybrid": 0.0059,
      "corr_structured": 0.2,
      "cat1": "Act",
      "cat2": "ETF",
      "exp1": "bonds_tips",
      "exp2": "silver_physical",
      "fam1": "bonds_gov",
      "fam2": "precious_metals"
    },
    {
      "t1": "JNJ",
      "t2": "VRT",
      "corr_hybrid": -0.0037,
      "corr_structured": null,
      "cat1": "Act",
      "cat2": "Act",
      "exp1": null,
      "exp2": null,
      "fam1": null,
      "fam2": null
    },
    {
      "t1": "GLD",
      "t2": "SCHP",
      "corr_hybrid": 0.0034,
      "corr_structured": 0.04,
      "cat1": "ETF",
      "cat2": "Act",
      "exp1": "gold_physical",
      "exp2": "bonds_tips",
      "fam1": "gold",
      "fam2": "bonds_gov"
    },
    {
      "t1": "GLD",
      "t2": "INCY",
      "corr_hybrid": 0.0028,
      "corr_structured": null,
      "cat1": "ETF",
      "cat2": "Act",
      "exp1": "gold_physical",
      "exp2": null,
      "fam1": "gold",
      "fam2": null
    },
    {
      "t1": "SLV",
      "t2": "ULVR",
      "corr_hybrid": 0.0006,
      "corr_structured": null,
      "cat1": "ETF",
      "cat2": "Act",
      "exp1": "silver_physical",
      "exp2": null,
      "fam1": "precious_metals",
      "fam2": null
    }
  ],
  "correlation_matrix": {
    "tickers": [
      "ACWV",
      "AGS",
      "BKR",
      "BSV",
      "CLTL",
      "EOG",
      "FLKR",
      "GD",
      "GGG",
      "GLD",
      "GOOGL",
      "HDV",
      "INCY",
      "ITX",
      "JNJ",
      "MU",
      "NVDA",
      "PAAA",
      "PG",
      "REMX",
      "RIO",
      "SCHD",
      "SCHO",
      "SCHP",
      "SCHY",
      "SGOV",
      "SLV",
      "SLVP",
      "SOXX",
      "SPLV",
      "SPYV",
      "STIP",
      "ULVR",
      "VGSH",
      "VICI",
      "VRT",
      "VSS",
      "XBI",
      "XLE",
      "XLV"
    ],
    "matrix": [
      [
        1.0,
        0.4212,
        0.4655,
        0.0952,
        0.0952,
        0.3963,
        0.3159,
        0.4628,
        0.491,
        0.1755,
        0.2923,
        0.5616,
        0.3671,
        0.2778,
        0.3901,
        0.2229,
        0.2876,
        0.0952,
        0.3877,
        0.3641,
        0.4385,
        0.5753,
        0.0952,
        0.2547,
        0.5179,
        0.0952,
        0.223,
        0.2079,
        0.3645,
        0.5191,
        0.5684,
        0.0952,
        0.2275,
        0.0952,
        0.4375,
        0.249,
        0.508,
        0.4494,
        0.464,
        0.5047
      ],
      [
        0.4212,
        1.0,
        0.3178,
        0.0754,
        0.0754,
        0.2744,
        0.1607,
        0.3682,
        0.3992,
        -0.0065,
        0.2114,
        0.4346,
        0.3098,
        0.3129,
        0.3271,
        0.0961,
        0.196,
        0.0754,
        0.3431,
        0.1548,
        0.2417,
        0.4408,
        0.0754,
        0.2291,
        0.3651,
        0.0754,
        0.0076,
        0.1207,
        0.2094,
        0.4268,
        0.4259,
        0.0754,
        0.1917,
        0.0754,
        0.3638,
        0.1543,
        0.3212,
        0.3381,
        0.3216,
        0.4071
      ],
      [
        0.4655,
        0.3178,
        1.0,
        0.0766,
        0.0766,
        0.4939,
        0.3997,
        0.414,
        0.4615,
        0.1631,
        0.3174,
        0.5285,
        0.3339,
        0.0511,
        0.2938,
        0.3847,
        0.3621,
        0.0766,
        0.2649,
        0.4175,
        0.4631,
        0.5848,
        0.0766,
        0.1919,
        0.4753,
        0.0766,
        0.1949,
        -0.0395,
        0.489,
        0.4378,
        0.5798,
        0.0766,
        0.2131,
        0.0766,
        0.3539,
        0.3029,
        0.512,
        0.4172,
        0.5541,
        0.4454
      ],
      [
        0.0952,
        0.0754,
        0.0766,
        1.0,
        0.0173,
        0.0664,
        0.0464,
        0.0814,
        0.0835,
        0.0358,
        0.0438,
        0.0996,
        0.0614,
        0.0563,
        0.0736,
        0.0223,
        0.0371,
        0.0173,
        0.0742,
        0.0615,
        0.0756,
        0.0986,
        0.0173,
        0.0465,
        0.0909,
        0.0173,
        0.0437,
        0.0446,
        0.0491,
        0.0939,
        0.0941,
        0.0173,
        0.0413,
        0.0173,
        0.0806,
        0.0292,
        0.0854,
        0.0752,
        0.0781,
        0.0876
      ],
      [
        0.0952,
        0.0754,
        0.0766,
        0.0173,
        1.0,
        0.0664,
        0.0464,
        0.0814,
        0.0835,
        0.0358,
        0.0438,
        0.0996,
        0.0614,
        0.0563,
        0.0736,
        0.0223,
        0.0371,
        0.0173,
        0.0742,
        0.0615,
        0.0756,
        0.0986,
        0.0173,
        0.0465,
        0.0909,
        0.0173,
        0.0437,
        0.0446,
        0.0491,
        0.0939,
        0.0941,
        0.0173,
        0.0413,
        0.0173,
        0.0806,
        0.0292,
        0.0854,
        0.0752,
        0.0781,
        0.0876
      ],
      [
        0.3963,
        0.2744,
        0.4939,
        0.0664,
        0.0664,
        1.0,
        0.2815,
        0.3606,
        0.3931,
        0.1057,
        0.2246,
        0.4805,
        0.2724,
        0.0328,
        0.2774,
        0.2429,
        0.2298,
        0.0664,
        0.2543,
        0.3202,
        0.3725,
        0.5238,
        0.0664,
        0.1752,
        0.391,
        0.0664,
        0.1054,
        -0.1491,
        0.3382,
        0.3971,
        0.4792,
        0.0664,
        0.2134,
        0.0664,
        0.3284,
        0.141,
        0.3943,
        0.3208,
        0.5201,
        0.3737
      ],
      [
        0.3159,
        0.1607,
        0.3997,
        0.0464,
        0.0464,
        0.2815,
        1.0,
        0.263,
        0.3191,
        0.2739,
        0.3627,
        0.3027,
        0.2502,
        -0.0652,
        0.1032,
        0.5876,
        0.4995,
        0.0464,
        0.0597,
        0.4808,
        0.4552,
        0.3724,
        0.0464,
        0.0739,
        0.3885,
        0.0464,
        0.3718,
        0.1933,
        0.6337,
        0.2214,
        0.4739,
        0.0464,
        0.0651,
        0.0464,
        0.152,
        0.5499,
        0.5196,
        0.3862,
        0.3394,
        0.3126
      ],
      [
        0.4628,
        0.3682,
        0.414,
        0.0814,
        0.0814,
        0.3606,
        0.263,
        1.0,
        0.4315,
        0.1145,
        0.2517,
        0.4917,
        0.3223,
        0.233,
        0.3376,
        0.1917,
        0.2484,
        0.0814,
        0.336,
        0.2932,
        0.3629,
        0.5084,
        0.0814,
        0.2235,
        0.4385,
        0.0814,
        0.1454,
        0.1239,
        0.3122,
        0.4527,
        0.4959,
        0.0814,
        0.205,
        0.0814,
        0.381,
        0.2043,
        0.4248,
        0.3838,
        0.4171,
        0.4379
      ],
      [
        0.491,
        0.3992,
        0.4615,
        0.0835,
        0.0835,
        0.3931,
        0.3191,
        0.4315,
        1.0,
        0.0539,
        0.3151,
        0.5174,
        0.3717,
        0.2291,
        0.334,
        0.2959,
        0.3479,
        0.0835,
        0.3307,
        0.2959,
        0.3709,
        0.5557,
        0.0835,
        0.2354,
        0.4599,
        0.0835,
        0.0854,
        0.0782,
        0.4125,
        0.4719,
        0.5631,
        0.0835,
        0.2128,
        0.0835,
        0.3886,
        0.307,
        0.4609,
        0.4334,
        0.4535,
        0.4795
      ],
      [
        0.1755,
        -0.0065,
        0.1631,
        0.0358,
        0.0358,
        0.1057,
        0.2739,
        0.1145,
        0.0539,
        1.0,
        0.0661,
        0.1644,
        0.0028,
        -0.0614,
        0.1073,
        0.1139,
        0.0363,
        0.0358,
        0.0682,
        0.5114,
        0.4474,
        0.1281,
        0.0358,
        0.0034,
        0.2972,
        0.0358,
        0.7361,
        0.4794,
        0.1767,
        0.1123,
        0.147,
        0.0358,
        0.011,
        0.0358,
        0.1002,
        0.0881,
        0.3729,
        0.1544,
        0.1479,
        0.1043
      ],
      [
        0.2923,
        0.2114,
        0.3174,
        0.0438,
        0.0438,
        0.2246,
        0.3627,
        0.2517,
        0.3151,
        0.0661,
        1.0,
        0.2773,
        0.2594,
        0.0536,
        0.1237,
        0.4428,
        0.4219,
        0.0438,
        0.1054,
        0.2782,
        0.2918,
        0.3372,
        0.0438,
        0.1062,
        0.307,
        0.0438,
        0.1244,
        0.1061,
        0.4883,
        0.2322,
        0.4155,
        0.0438,
        0.0809,
        0.0438,
        0.1689,
        0.4495,
        0.3813,
        0.3373,
        0.2703,
        0.3038
      ],
      [
        0.5616,
        0.4346,
        0.5285,
        0.0996,
        0.0996,
        0.4805,
        0.3027,
        0.4917,
        0.5174,
        0.1644,
        0.2773,
        1.0,
        0.3749,
        0.2513,
        0.4231,
        0.1928,
        0.2526,
        0.0996,
        0.4173,
        0.3713,
        0.4563,
        0.6347,
        0.0996,
        0.2706,
        0.5354,
        0.0996,
        0.1912,
        0.0945,
        0.3435,
        0.5599,
        0.5948,
        0.0996,
        0.2655,
        0.0996,
        0.4751,
        0.1776,
        0.5098,
        0.4457,
        0.5472,
        0.5235
      ],
      [
        0.3671,
        0.3098,
        0.3339,
        0.0614,
        0.0614,
        0.2724,
        0.2502,
        0.3223,
        0.3717,
        0.0028,
        0.2594,
        0.3749,
        1.0,
        0.1892,
        0.2389,
        0.257,
        0.3018,
        0.0614,
        0.2391,
        0.2014,
        0.2594,
        0.4097,
        0.0614,
        0.1779,
        0.3383,
        0.0614,
        0.0299,
        0.0716,
        0.3395,
        0.347,
        0.4316,
        0.0614,
        0.1505,
        0.0614,
        0.282,
        0.2826,
        0.3447,
        0.3391,
        0.3181,
        0.3666
      ],
      [
        0.2778,
        0.3129,
        0.0511,
        0.0563,
        0.0563,
        0.0328,
        -0.0652,
        0.233,
        0.2291,
        -0.0614,
        0.0536,
        0.2513,
        0.1892,
        1.0,
        0.2754,
        -0.1822,
        -0.0206,
        0.0563,
        0.3187,
        -0.0472,
        0.0411,
        0.2066,
        0.0563,
        0.1918,
        0.1987,
        0.0563,
        -0.0569,
        0.2606,
        -0.0857,
        0.3064,
        0.1804,
        0.0563,
        0.1232,
        0.0563,
        0.2797,
        -0.0364,
        0.1049,
        0.1795,
        0.0591,
        0.2609
      ],
      [
        0.3901,
        0.3271,
        0.2938,
        0.0736,
        0.0736,
        0.2774,
        0.1032,
        0.3376,
        0.334,
        0.1073,
        0.1237,
        0.4231,
        0.2389,
        0.2754,
        1.0,
        -0.0336,
        0.0553,
        0.0736,
        0.3486,
        0.1886,
        0.2645,
        0.4036,
        0.0736,
        0.2097,
        0.3519,
        0.0736,
        0.1173,
        0.138,
        0.0868,
        0.4096,
        0.3501,
        0.0736,
        0.193,
        0.0736,
        0.3609,
        -0.0037,
        0.2919,
        0.2711,
        0.32,
        0.353
      ],
      [
        0.2229,
        0.0961,
        0.3847,
        0.0223,
        0.0223,
        0.2429,
        0.5876,
        0.1917,
        0.2959,
        0.1139,
        0.4428,
        0.1928,
        0.257,
        -0.1822,
        -0.0336,
        1.0,
        0.6784,
        0.0223,
        -0.0857,
        0.417,
        0.3725,
        0.3137,
        0.0223,
        0.0168,
        0.2973,
        0.0223,
        0.2092,
        0.0465,
        0.8036,
        0.1028,
        0.4755,
        0.0223,
        0.007,
        0.0223,
        0.0285,
        0.7573,
        0.4818,
        0.3818,
        0.2924,
        0.2604
      ],
      [
        0.2876,
        0.196,
        0.3621,
        0.0371,
        0.0371,
        0.2298,
        0.4995,
        0.2484,
        0.3479,
        0.0363,
        0.4219,
        0.2526,
        0.3018,
        -0.0206,
        0.0553,
        0.6784,
        1.0,
        0.0371,
        0.0247,
        0.3303,
        0.3244,
        0.3519,
        0.0371,
        0.0809,
        0.32,
        0.0371,
        0.1168,
        0.0918,
        0.6993,
        0.1917,
        0.4902,
        0.0371,
        0.0486,
        0.0371,
        0.1148,
        0.6788,
        0.4524,
        0.4019,
        0.2812,
        0.3219
      ],
      [
        0.0952,
        0.0754,
        0.0766,
        0.0173,
        0.0173,
        0.0664,
        0.0464,
        0.0814,
        0.0835,
        0.0358,
        0.0438,
        0.0996,
        0.0614,
        0.0563,
        0.0736,
        0.0223,
        0.0371,
        1.0,
        0.0742,
        0.0615,
        0.0756,
        0.0986,
        0.0173,
        0.0465,
        0.0909,
        0.0173,
        0.0437,
        0.0446,
        0.0491,
        0.0939,
        0.0941,
        0.0173,
        0.0413,
        0.0173,
        0.0806,
        0.0292,
        0.0854,
        0.0752,
        0.0781,
        0.0876
      ],
      [
        0.3877,
        0.3431,
        0.2649,
        0.0742,
        0.0742,
        0.2543,
        0.0597,
        0.336,
        0.3307,
        0.0682,
        0.1054,
        0.4173,
        0.2391,
        0.3187,
        0.3486,
        -0.0857,
        0.0247,
        0.0742,
        1.0,
        0.1402,
        0.2262,
        0.3908,
        0.0742,
        0.2203,
        0.3354,
        0.0742,
        0.0709,
        0.1422,
        0.0376,
        0.416,
        0.3306,
        0.0742,
        0.1965,
        0.0742,
        0.3698,
        -0.0377,
        0.2585,
        0.2587,
        0.2945,
        0.3518
      ],
      [
        0.3641,
        0.1548,
        0.4175,
        0.0615,
        0.0615,
        0.3202,
        0.4808,
        0.2932,
        0.2959,
        0.5114,
        0.2782,
        0.3713,
        0.2014,
        -0.0472,
        0.1886,
        0.417,
        0.3303,
        0.0615,
        0.1402,
        1.0,
        0.5737,
        0.3959,
        0.0615,
        0.0882,
        0.4652,
        0.0615,
        0.6231,
        0.3356,
        0.5016,
        0.2819,
        0.4463,
        0.0615,
        0.0955,
        0.0615,
        0.2222,
        0.3623,
        0.5722,
        0.3666,
        0.3852,
        0.3167
      ],
      [
        0.4385,
        0.2417,
        0.4631,
        0.0756,
        0.0756,
        0.3725,
        0.4552,
        0.3629,
        0.3709,
        0.4474,
        0.2918,
        0.4563,
        0.2594,
        0.0411,
        0.2645,
        0.3725,
        0.3244,
        0.0756,
        0.2262,
        0.5737,
        1.0,
        0.478,
        0.0756,
        0.1438,
        0.51,
        0.0756,
        0.5438,
        0.3045,
        0.4807,
        0.3733,
        0.5079,
        0.0756,
        0.1452,
        0.0756,
        0.304,
        0.3318,
        0.5856,
        0.4086,
        0.4418,
        0.3906
      ],
      [
        0.5753,
        0.4408,
        0.5848,
        0.0986,
        0.0986,
        0.5238,
        0.3724,
        0.5084,
        0.5557,
        0.1281,
        0.3372,
        0.6347,
        0.4097,
        0.2066,
        0.4036,
        0.3137,
        0.3519,
        0.0986,
        0.3908,
        0.3959,
        0.478,
        1.0,
        0.0986,
        0.2684,
        0.5522,
        0.0986,
        0.1564,
        0.0294,
        0.4555,
        0.562,
        0.6554,
        0.0986,
        0.2678,
        0.0986,
        0.4668,
        0.279,
        0.5501,
        0.4854,
        0.5935,
        0.5491
      ],
      [
        0.0952,
        0.0754,
        0.0766,
        0.0173,
        0.0173,
        0.0664,
        0.0464,
        0.0814,
        0.0835,
        0.0358,
        0.0438,
        0.0996,
        0.0614,
        0.0563,
        0.0736,
        0.0223,
        0.0371,
        0.0173,
        0.0742,
        0.0615,
        0.0756,
        0.0986,
        1.0,
        0.0465,
        0.0909,
        0.0173,
        0.0437,
        0.0446,
        0.0491,
        0.0939,
        0.0941,
        0.0173,
        0.0413,
        0.0173,
        0.0806,
        0.0292,
        0.0854,
        0.0752,
        0.0781,
        0.0876
      ],
      [
        0.2547,
        0.2291,
        0.1919,
        0.0465,
        0.0465,
        0.1752,
        0.0739,
        0.2235,
        0.2354,
        0.0034,
        0.1062,
        0.2706,
        0.1779,
        0.1918,
        0.2097,
        0.0168,
        0.0809,
        0.0465,
        0.2203,
        0.0882,
        0.1438,
        0.2684,
        0.0465,
        1.0,
        0.2187,
        0.0465,
        0.0059,
        0.0594,
        0.0894,
        0.2656,
        0.2454,
        0.0465,
        0.1243,
        0.0465,
        0.2299,
        0.0457,
        0.1819,
        0.1905,
        0.2023,
        0.2415
      ],
      [
        0.5179,
        0.3651,
        0.4753,
        0.0909,
        0.0909,
        0.391,
        0.3885,
        0.4385,
        0.4599,
        0.2972,
        0.307,
        0.5354,
        0.3383,
        0.1987,
        0.3519,
        0.2973,
        0.32,
        0.0909,
        0.3354,
        0.4652,
        0.51,
        0.5522,
        0.0909,
        0.2187,
        1.0,
        0.0909,
        0.3701,
        0.276,
        0.4304,
        0.477,
        0.5649,
        0.0909,
        0.1983,
        0.0909,
        0.3973,
        0.3041,
        0.5623,
        0.4535,
        0.4626,
        0.4781
      ],
      [
        0.0952,
        0.0754,
        0.0766,
        0.0173,
        0.0173,
        0.0664,
        0.0464,
        0.0814,
        0.0835,
        0.0358,
        0.0438,
        0.0996,
        0.0614,
        0.0563,
        0.0736,
        0.0223,
        0.0371,
        0.0173,
        0.0742,
        0.0615,
        0.0756,
        0.0986,
        0.0173,
        0.0465,
        0.0909,
        1.0,
        0.0437,
        0.0446,
        0.0491,
        0.0939,
        0.0941,
        0.0173,
        0.0413,
        0.0173,
        0.0806,
        0.0292,
        0.0854,
        0.0752,
        0.0781,
        0.0876
      ],
      [
        0.223,
        0.0076,
        0.1949,
        0.0437,
        0.0437,
        0.1054,
        0.3718,
        0.1454,
        0.0854,
        0.7361,
        0.1244,
        0.1912,
        0.0299,
        -0.0569,
        0.1173,
        0.2092,
        0.1168,
        0.0437,
        0.0709,
        0.6231,
        0.5438,
        0.1564,
        0.0437,
        0.0059,
        0.3701,
        0.0437,
        1.0,
        0.6233,
        0.281,
        0.1326,
        0.2068,
        0.0437,
        0.0006,
        0.0437,
        0.1125,
        0.2001,
        0.4773,
        0.2213,
        0.1601,
        0.1456
      ],
      [
        0.2079,
        0.1207,
        -0.0395,
        0.0446,
        0.0446,
        -0.1491,
        0.1933,
        0.1239,
        0.0782,
        0.4794,
        0.1061,
        0.0945,
        0.0716,
        0.2606,
        0.138,
        0.0465,
        0.0918,
        0.0446,
        0.1422,
        0.3356,
        0.3045,
        0.0294,
        0.0446,
        0.0594,
        0.276,
        0.0446,
        0.6233,
        1.0,
        0.1211,
        0.131,
        0.1178,
        0.0446,
        -0.0341,
        0.0446,
        0.1192,
        0.224,
        0.3223,
        0.2122,
        -0.1014,
        0.1576
      ],
      [
        0.3645,
        0.2094,
        0.489,
        0.0491,
        0.0491,
        0.3382,
        0.6337,
        0.3122,
        0.4125,
        0.1767,
        0.4883,
        0.3435,
        0.3395,
        -0.0857,
        0.0868,
        0.8036,
        0.6993,
        0.0491,
        0.0376,
        0.5016,
        0.4807,
        0.4555,
        0.0491,
        0.0894,
        0.4304,
        0.0491,
        0.281,
        0.1211,
        1.0,
        0.2479,
        0.6009,
        0.0491,
        0.0727,
        0.0491,
        0.1565,
        0.7617,
        0.5974,
        0.4821,
        0.4042,
        0.3863
      ],
      [
        0.5191,
        0.4268,
        0.4378,
        0.0939,
        0.0939,
        0.3971,
        0.2214,
        0.4527,
        0.4719,
        0.1123,
        0.2322,
        0.5599,
        0.347,
        0.3064,
        0.4096,
        0.1028,
        0.1917,
        0.0939,
        0.416,
        0.2819,
        0.3733,
        0.562,
        0.0939,
        0.2656,
        0.477,
        0.0939,
        0.1326,
        0.131,
        0.2479,
        1.0,
        0.5205,
        0.0939,
        0.2459,
        0.0939,
        0.4524,
        0.1247,
        0.4309,
        0.3993,
        0.4566,
        0.4841
      ],
      [
        0.5684,
        0.4259,
        0.5798,
        0.0941,
        0.0941,
        0.4792,
        0.4739,
        0.4959,
        0.5631,
        0.147,
        0.4155,
        0.5948,
        0.4316,
        0.1804,
        0.3501,
        0.4755,
        0.4902,
        0.0941,
        0.3306,
        0.4463,
