{
  "_meta": {
    "generated": "2026-04-29T10:03:17",
    "portfolio_generated": "2026-04-29T09:59:08.731190",
    "n_assets": 46,
    "n_with_returns": 32,
    "covariance_method": "hybrid_shrunk",
    "condition_number": 319.27,
    "pca_factors": 7
  },
  "profiles": {
    "Agressif": {
      "n_assets": 17,
      "weighted_avg_correlation": 0.2547,
      "most_correlated": [
        {
          "t1": "REMX",
          "t2": "PICK",
          "corr": 0.7587,
          "w1": 8.3,
          "w2": 6.1,
          "combined_weight": 14.4
        },
        {
          "t1": "SOXX",
          "t2": "VRT",
          "corr": 0.7074,
          "w1": 5.3,
          "w2": 3.1,
          "combined_weight": 8.4
        },
        {
          "t1": "FLKR",
          "t2": "XCEM",
          "corr": 0.6956,
          "w1": 4.3,
          "w2": 8.6,
          "combined_weight": 12.8
        },
        {
          "t1": "XCEM",
          "t2": "PICK",
          "corr": 0.6953,
          "w1": 8.6,
          "w2": 6.1,
          "combined_weight": 14.7
        },
        {
          "t1": "SOXX",
          "t2": "XCEM",
          "corr": 0.6847,
          "w1": 5.3,
          "w2": 8.6,
          "combined_weight": 13.9
        },
        {
          "t1": "VRT",
          "t2": "NVDA",
          "corr": 0.6749,
          "w1": 3.1,
          "w2": 5.1,
          "combined_weight": 8.1
        },
        {
          "t1": "OIH",
          "t2": "BKR",
          "corr": 0.6627,
          "w1": 7.6,
          "w2": 3.5,
          "combined_weight": 11.1
        },
        {
          "t1": "FLKR",
          "t2": "SOXX",
          "corr": 0.6528,
          "w1": 4.3,
          "w2": 5.3,
          "combined_weight": 9.6
        },
        {
          "t1": "FLKR",
          "t2": "PICK",
          "corr": 0.6435,
          "w1": 4.3,
          "w2": 6.1,
          "combined_weight": 10.4
        },
        {
          "t1": "SOXX",
          "t2": "PICK",
          "corr": 0.6017,
          "w1": 5.3,
          "w2": 6.1,
          "combined_weight": 11.4
        }
      ],
      "least_correlated": [
        {
          "t1": "PAAA",
          "t2": "ANET",
          "corr": 0.0218,
          "w1": 6.6,
          "w2": 7.0,
          "combined_weight": 13.6
        },
        {
          "t1": "PAAA",
          "t2": "SGOV",
          "corr": 0.0218,
          "w1": 6.6,
          "w2": 4.4,
          "combined_weight": 10.9
        },
        {
          "t1": "ANET",
          "t2": "SGOV",
          "corr": 0.0218,
          "w1": 7.0,
          "w2": 4.4,
          "combined_weight": 11.4
        },
        {
          "t1": "INCY",
          "t2": "GLD",
          "corr": 0.0106,
          "w1": 4.1,
          "w2": 7.5,
          "combined_weight": 11.7
        },
        {
          "t1": "REMX",
          "t2": "INCY",
          "corr": -0.0213,
          "w1": 8.3,
          "w2": 4.1,
          "combined_weight": 12.4
        }
      ],
      "high_corr_high_weight": [
        {
          "t1": "REMX",
          "t2": "PICK",
          "corr": 0.7587,
          "w1": 8.3,
          "w2": 6.1,
          "combined_weight": 14.4
        }
      ]
    },
    "Mod\u00e9r\u00e9": {
      "n_assets": 18,
      "weighted_avg_correlation": 0.1583,
      "most_correlated": [
        {
          "t1": "VSS",
          "t2": "FNDF",
          "corr": 0.6632,
          "w1": 5.2,
          "w2": 7.4,
          "combined_weight": 12.6
        },
        {
          "t1": "EOG",
          "t2": "CF",
          "corr": 0.6511,
          "w1": 5.1,
          "w2": 4.7,
          "combined_weight": 9.8
        },
        {
          "t1": "FNDF",
          "t2": "FDVV",
          "corr": 0.5965,
          "w1": 7.4,
          "w2": 6.9,
          "combined_weight": 14.3
        },
        {
          "t1": "VSS",
          "t2": "FDVV",
          "corr": 0.5834,
          "w1": 5.2,
          "w2": 6.9,
          "combined_weight": 12.1
        },
        {
          "t1": "BMED",
          "t2": "XLV",
          "corr": 0.552,
          "w1": 4.4,
          "w2": 3.0,
          "combined_weight": 7.4
        },
        {
          "t1": "FNDF",
          "t2": "BMED",
          "corr": 0.5415,
          "w1": 7.4,
          "w2": 4.4,
          "combined_weight": 11.8
        },
        {
          "t1": "FDVV",
          "t2": "BMED",
          "corr": 0.5404,
          "w1": 6.9,
          "w2": 4.4,
          "combined_weight": 11.3
        },
        {
          "t1": "VSS",
          "t2": "BMED",
          "corr": 0.5251,
          "w1": 5.2,
          "w2": 4.4,
          "combined_weight": 9.6
        },
        {
          "t1": "5274",
          "t2": "EICHERMOT",
          "corr": 0.525,
          "w1": 3.8,
          "w2": 2.9,
          "combined_weight": 6.8
        },
        {
          "t1": "FNDF",
          "t2": "XLV",
          "corr": 0.4784,
          "w1": 7.4,
          "w2": 3.0,
          "combined_weight": 10.4
        }
      ],
      "least_correlated": [
        {
          "t1": "FDVV",
          "t2": "CF",
          "corr": -0.1145,
          "w1": 6.9,
          "w2": 4.7,
          "combined_weight": 11.5
        },
        {
          "t1": "CF",
          "t2": "BMED",
          "corr": -0.1496,
          "w1": 4.7,
          "w2": 4.4,
          "combined_weight": 9.0
        },
        {
          "t1": "FNDF",
          "t2": "CF",
          "corr": -0.1669,
          "w1": 7.4,
          "w2": 4.7,
          "combined_weight": 12.1
        },
        {
          "t1": "CF",
          "t2": "XLV",
          "corr": -0.1923,
          "w1": 4.7,
          "w2": 3.0,
          "combined_weight": 7.7
        },
        {
          "t1": "VSS",
          "t2": "CF",
          "corr": -0.2214,
          "w1": 5.2,
          "w2": 4.7,
          "combined_weight": 9.9
        }
      ],
      "high_corr_high_weight": []
    },
    "Stable": {
      "n_assets": 15,
      "weighted_avg_correlation": 0.1369,
      "most_correlated": [
        {
          "t1": "SUNPHARMA",
          "t2": "2912",
          "corr": 0.525,
          "w1": 5.5,
          "w2": 4.5,
          "combined_weight": 9.9
        },
        {
          "t1": "ACWV",
          "t2": "XLV",
          "corr": 0.5041,
          "w1": 4.8,
          "w2": 4.9,
          "combined_weight": 9.7
        },
        {
          "t1": "SPYV",
          "t2": "XLV",
          "corr": 0.4846,
          "w1": 4.4,
          "w2": 4.9,
          "combined_weight": 9.3
        },
        {
          "t1": "ACWV",
          "t2": "SPYV",
          "corr": 0.4801,
          "w1": 4.8,
          "w2": 4.4,
          "combined_weight": 9.2
        },
        {
          "t1": "VICI",
          "t2": "PG",
          "corr": 0.442,
          "w1": 5.3,
          "w2": 5.3,
          "combined_weight": 10.6
        },
        {
          "t1": "SPLV",
          "t2": "XLV",
          "corr": 0.4408,
          "w1": 4.9,
          "w2": 4.9,
          "combined_weight": 9.8
        },
        {
          "t1": "ACWV",
          "t2": "SPLV",
          "corr": 0.4358,
          "w1": 4.8,
          "w2": 4.9,
          "combined_weight": 9.7
        },
        {
          "t1": "SPLV",
          "t2": "PG",
          "corr": 0.4184,
          "w1": 4.9,
          "w2": 5.3,
          "combined_weight": 10.2
        },
        {
          "t1": "VICI",
          "t2": "SUNPHARMA",
          "corr": 0.4149,
          "w1": 5.3,
          "w2": 5.5,
          "combined_weight": 10.8
        },
        {
          "t1": "VICI",
          "t2": "2912",
          "corr": 0.4149,
          "w1": 5.3,
          "w2": 4.5,
          "combined_weight": 9.8
        }
      ],
      "least_correlated": [
        {
          "t1": "BSV",
          "t2": "VGSH",
          "corr": 0.0218,
          "w1": 10.8,
          "w2": 13.0,
          "combined_weight": 23.8
        },
        {
          "t1": "BSV",
          "t2": "STIP",
          "corr": 0.0218,
          "w1": 10.8,
          "w2": 13.0,
          "combined_weight": 23.8
        },
        {
          "t1": "CLTL",
          "t2": "VGSH",
          "corr": 0.0218,
          "w1": 7.8,
          "w2": 13.0,
          "combined_weight": 20.8
        },
        {
          "t1": "CLTL",
          "t2": "STIP",
          "corr": 0.0218,
          "w1": 7.8,
          "w2": 13.0,
          "combined_weight": 20.8
        },
        {
          "t1": "VGSH",
          "t2": "STIP",
          "corr": 0.0218,
          "w1": 13.0,
          "w2": 13.0,
          "combined_weight": 26.0
        }
      ],
      "high_corr_high_weight": []
    }
  },
  "all_pairs_top_30": [
    {
      "t1": "PICK",
      "t2": "REMX",
      "corr_hybrid": 0.7587,
      "corr_structured": 0.2,
      "cat1": "ETF",
      "cat2": "ETF",
      "exp1": "metals_mining",
      "exp2": "rare_earth",
      "fam1": null,
      "fam2": null
    },
    {
      "t1": "SOXX",
      "t2": "VRT",
      "corr_hybrid": 0.7074,
      "corr_structured": null,
      "cat1": "ETF",
      "cat2": "Act",
      "exp1": "semiconductor",
      "exp2": null,
      "fam1": "sector_tech",
      "fam2": null
    },
    {
      "t1": "VSS",
      "t2": "XCEM",
      "corr_hybrid": 0.698,
      "corr_structured": 0.2,
      "cat1": "ETF",
      "cat2": "ETF",
      "exp1": "intl_small_cap",
      "exp2": "emerging_markets",
      "fam1": null,
      "fam2": "em_equity"
    },
    {
      "t1": "FLKR",
      "t2": "XCEM",
      "corr_hybrid": 0.6956,
      "corr_structured": 0.9,
      "cat1": "ETF",
      "cat2": "ETF",
      "exp1": "south_korea",
      "exp2": "emerging_markets",
      "fam1": "em_equity",
      "fam2": "em_equity"
    },
    {
      "t1": "PICK",
      "t2": "XCEM",
      "corr_hybrid": 0.6953,
      "corr_structured": 0.2,
      "cat1": "ETF",
      "cat2": "ETF",
      "exp1": "metals_mining",
      "exp2": "emerging_markets",
      "fam1": null,
      "fam2": "em_equity"
    },
    {
      "t1": "PICK",
      "t2": "VSS",
      "corr_hybrid": 0.6915,
      "corr_structured": 0.2,
      "cat1": "ETF",
      "cat2": "ETF",
      "exp1": "metals_mining",
      "exp2": "intl_small_cap",
      "fam1": null,
      "fam2": null
    },
    {
      "t1": "SOXX",
      "t2": "XCEM",
      "corr_hybrid": 0.6847,
      "corr_structured": 0.2,
      "cat1": "ETF",
      "cat2": "ETF",
      "exp1": "semiconductor",
      "exp2": "emerging_markets",
      "fam1": "sector_tech",
      "fam2": "em_equity"
    },
    {
      "t1": "FNDF",
      "t2": "XCEM",
      "corr_hybrid": 0.6797,
      "corr_structured": 0.62,
      "cat1": "ETF",
      "cat2": "ETF",
      "exp1": "international",
      "exp2": "emerging_markets",
      "fam1": "intl_equity",
      "fam2": "em_equity"
    },
    {
      "t1": "NVDA",
      "t2": "VRT",
      "corr_hybrid": 0.6749,
      "corr_structured": null,
      "cat1": "Act",
      "cat2": "Act",
      "exp1": null,
      "exp2": null,
      "fam1": null,
      "fam2": null
    },
    {
      "t1": "FNDF",
      "t2": "PICK",
      "corr_hybrid": 0.6677,
      "corr_structured": 0.2,
      "cat1": "ETF",
      "cat2": "ETF",
      "exp1": "international",
      "exp2": "metals_mining",
      "fam1": "intl_equity",
      "fam2": null
    },
    {
      "t1": "FNDF",
      "t2": "VSS",
      "corr_hybrid": 0.6632,
      "corr_structured": 0.2,
      "cat1": "ETF",
      "cat2": "ETF",
      "exp1": "international",
      "exp2": "intl_small_cap",
      "fam1": "intl_equity",
      "fam2": null
    },
    {
      "t1": "BKR",
      "t2": "OIH",
      "corr_hybrid": 0.6627,
      "corr_structured": null,
      "cat1": "Act",
      "cat2": "ETF",
      "exp1": null,
      "exp2": "energy",
      "fam1": null,
      "fam2": "sector_energy"
    },
    {
      "t1": "FLKR",
      "t2": "SOXX",
      "corr_hybrid": 0.6528,
      "corr_structured": 0.2,
      "cat1": "ETF",
      "cat2": "ETF",
      "exp1": "south_korea",
      "exp2": "semiconductor",
      "fam1": "em_equity",
      "fam2": "sector_tech"
    },
    {
      "t1": "CF",
      "t2": "EOG",
      "corr_hybrid": 0.6511,
      "corr_structured": null,
      "cat1": "Act",
      "cat2": "Act",
      "exp1": null,
      "exp2": null,
      "fam1": null,
      "fam2": null
    },
    {
      "t1": "FLKR",
      "t2": "PICK",
      "corr_hybrid": 0.6435,
      "corr_structured": 0.2,
      "cat1": "ETF",
      "cat2": "ETF",
      "exp1": "south_korea",
      "exp2": "metals_mining",
      "fam1": "em_equity",
      "fam2": null
    },
    {
      "t1": "FLKR",
      "t2": "VSS",
      "corr_hybrid": 0.6297,
      "corr_structured": 0.2,
      "cat1": "ETF",
      "cat2": "ETF",
      "exp1": "south_korea",
      "exp2": "intl_small_cap",
      "fam1": "em_equity",
      "fam2": null
    },
    {
      "t1": "FLKR",
      "t2": "FNDF",
      "corr_hybrid": 0.6188,
      "corr_structured": 0.62,
      "cat1": "ETF",
      "cat2": "ETF",
      "exp1": "south_korea",
      "exp2": "international",
      "fam1": "em_equity",
      "fam2": "intl_equity"
    },
    {
      "t1": "PICK",
      "t2": "SOXX",
      "corr_hybrid": 0.6017,
      "corr_structured": 0.2,
      "cat1": "ETF",
      "cat2": "ETF",
      "exp1": "metals_mining",
      "exp2": "semiconductor",
      "fam1": null,
      "fam2": "sector_tech"
    },
    {
      "t1": "FDVV",
      "t2": "XCEM",
      "corr_hybrid": 0.5995,
      "corr_structured": 0.2,
      "cat1": "ETF",
      "cat2": "ETF",
      "exp1": "dividend",
      "exp2": "emerging_markets",
      "fam1": "factor_dividend",
      "fam2": "em_equity"
    },
    {
      "t1": "FDVV",
      "t2": "FNDF",
      "corr_hybrid": 0.5965,
      "corr_structured": 0.2,
      "cat1": "ETF",
      "cat2": "ETF",
      "exp1": "dividend",
      "exp2": "international",
      "fam1": "factor_dividend",
      "fam2": "intl_equity"
    },
    {
      "t1": "SOXX",
      "t2": "VSS",
      "corr_hybrid": 0.5869,
      "corr_structured": 0.2,
      "cat1": "ETF",
      "cat2": "ETF",
      "exp1": "semiconductor",
      "exp2": "intl_small_cap",
      "fam1": "sector_tech",
      "fam2": null
    },
    {
      "t1": "EOG",
      "t2": "SHEL",
      "corr_hybrid": 0.5846,
      "corr_structured": null,
      "cat1": "Act",
      "cat2": "Act",
      "exp1": null,
      "exp2": null,
      "fam1": null,
      "fam2": null
    },
    {
      "t1": "FDVV",
      "t2": "VSS",
      "corr_hybrid": 0.5834,
      "corr_structured": 0.2,
      "cat1": "ETF",
      "cat2": "ETF",
      "exp1": "dividend",
      "exp2": "intl_small_cap",
      "fam1": "factor_dividend",
      "fam2": null
    },
    {
      "t1": "FNDF",
      "t2": "SPYV",
      "corr_hybrid": 0.5778,
      "corr_structured": 0.2,
      "cat1": "ETF",
      "cat2": "ETF",
      "exp1": "international",
      "exp2": "sp500_value",
      "fam1": "intl_equity",
      "fam2": "factor_value"
    },
    {
      "t1": "REMX",
      "t2": "VSS",
      "corr_hybrid": 0.5743,
      "corr_structured": 0.2,
      "cat1": "ETF",
      "cat2": "ETF",
      "exp1": "rare_earth",
      "exp2": "intl_small_cap",
      "fam1": null,
      "fam2": null
    },
    {
      "t1": "NVDA",
      "t2": "SOXX",
      "corr_hybrid": 0.5722,
      "corr_structured": null,
      "cat1": "Act",
      "cat2": "ETF",
      "exp1": null,
      "exp2": "semiconductor",
      "fam1": null,
      "fam2": "sector_tech"
    },
    {
      "t1": "FNDF",
      "t2": "SOXX",
      "corr_hybrid": 0.5708,
      "corr_structured": 0.2,
      "cat1": "ETF",
      "cat2": "ETF",
      "exp1": "international",
      "exp2": "semiconductor",
      "fam1": "intl_equity",
      "fam2": "sector_tech"
    },
    {
      "t1": "ACWV",
      "t2": "BMED",
      "corr_hybrid": 0.5593,
      "corr_structured": null,
      "cat1": "ETF",
      "cat2": "Act",
      "exp1": "min_vol",
      "exp2": null,
      "fam1": "factor_min_vol",
      "fam2": null
    },
    {
      "t1": "SPYV",
      "t2": "XCEM",
      "corr_hybrid": 0.5546,
      "corr_structured": 0.2,
      "cat1": "ETF",
      "cat2": "ETF",
      "exp1": "sp500_value",
      "exp2": "emerging_markets",
      "fam1": "factor_value",
      "fam2": "em_equity"
    },
    {
      "t1": "BMED",
      "t2": "XLV",
      "corr_hybrid": 0.552,
      "corr_structured": null,
      "cat1": "Act",
      "cat2": "ETF",
      "exp1": null,
      "exp2": "healthcare",
      "fam1": null,
      "fam2": "sector_healthcare"
    }
  ],
  "all_pairs_bottom_10": [
    {
      "t1": "BSV",
      "t2": "CF",
      "corr_hybrid": 0.0044,
      "corr_structured": null,
      "cat1": "Obl",
      "cat2": "Act",
      "exp1": "bonds_short",
      "exp2": null,
      "fam1": "bonds_short",
      "fam2": null
    },
    {
      "t1": "CF",
      "t2": "CLTL",
      "corr_hybrid": 0.0044,
      "corr_structured": null,
      "cat1": "Act",
      "cat2": "Obl",
      "exp1": null,
      "exp2": "bonds_tbill",
      "fam1": null,
      "fam2": "bonds_short"
    },
    {
      "t1": "CF",
      "t2": "GBIL",
      "corr_hybrid": 0.0044,
      "corr_structured": null,
      "cat1": "Act",
      "cat2": "Obl",
      "exp1": null,
      "exp2": "bonds_tbill",
      "fam1": null,
      "fam2": "bonds_short"
    },
    {
      "t1": "CF",
      "t2": "PAAA",
      "corr_hybrid": 0.0044,
      "corr_structured": null,
      "cat1": "Act",
      "cat2": "Obl",
      "exp1": null,
      "exp2": "bonds_clo_aaa",
      "fam1": null,
      "fam2": "bonds_short"
    },
    {
      "t1": "CF",
      "t2": "SGOV",
      "corr_hybrid": 0.0044,
      "corr_structured": null,
      "cat1": "Act",
      "cat2": "Obl",
      "exp1": null,
      "exp2": "bonds_tbill",
      "fam1": null,
      "fam2": "bonds_short"
    },
    {
      "t1": "CF",
      "t2": "STIP",
      "corr_hybrid": 0.0044,
      "corr_structured": null,
      "cat1": "Act",
      "cat2": "Obl",
      "exp1": null,
      "exp2": "bonds_tips",
      "fam1": null,
      "fam2": "bonds_gov"
    },
    {
      "t1": "CF",
      "t2": "USFR",
      "corr_hybrid": 0.0044,
      "corr_structured": null,
      "cat1": "Act",
      "cat2": "Obl",
      "exp1": null,
      "exp2": "us_equity",
      "fam1": null,
      "fam2": "us_equity_large"
    },
    {
      "t1": "CF",
      "t2": "VGSH",
      "corr_hybrid": 0.0044,
      "corr_structured": null,
      "cat1": "Act",
      "cat2": "Obl",
      "exp1": null,
      "exp2": "bonds_short_treasury",
      "fam1": null,
      "fam2": "bonds_short"
    },
    {
      "t1": "EOG",
      "t2": "SOXX",
      "corr_hybrid": 0.0028,
      "corr_structured": null,
      "cat1": "Act",
      "cat2": "ETF",
      "exp1": null,
      "exp2": "semiconductor",
      "fam1": null,
      "fam2": "sector_tech"
    },
    {
      "t1": "PG",
      "t2": "REMX",
      "corr_hybrid": -0.0028,
      "corr_structured": null,
      "cat1": "Act",
      "cat2": "ETF",
      "exp1": null,
      "exp2": "rare_earth",
      "fam1": null,
      "fam2": null
    }
  ],
  "correlation_matrix": {
    "tickers": [
      "000660",
      "2059",
      "2912",
      "5274",
      "ACWV",
      "AGS",
      "ANET",
      "BKR",
      "BMED",
      "BSV",
      "CF",
      "CLTL",
      "EICHERMOT",
      "EOG",
      "FDVV",
      "FLKR",
      "FNDF",
      "GBIL",
      "GD",
      "GLD",
      "INCY",
      "ITX",
      "LI",
      "NOVN",
      "NVDA",
      "OIH",
      "PAAA",
      "PG",
      "PICK",
      "REMX",
      "SCHD",
      "SGOV",
      "SHEL",
      "SOXX",
      "SPLV",
      "SPYV",
      "STIP",
      "SUNPHARMA",
      "USFR",
      "VGSH",
      "VICI",
      "VRT",
      "VSS",
      "XBI",
      "XCEM",
      "XLV"
    ],
    "matrix": [
      [
        1.0,
        0.525,
        0.525,
        0.525,
        0.3171,
        0.3144,
        0.1917,
        0.2774,
        0.444,
        0.066,
        0.2433,
        0.066,
        0.525,
        0.3162,
        0.3059,
        0.1099,
        0.2537,
        0.066,
        0.3986,
        0.0767,
        0.2937,
        0.2604,
        0.2819,
        0.3978,
        0.2331,
        0.1848,
        0.066,
        0.3696,
        0.1612,
        0.0762,
        0.3087,
        0.066,
        0.3688,
        0.1375,
        0.2896,
        0.3114,
        0.066,
        0.525,
        0.066,
        0.066,
        0.4149,
        0.1669,
        0.2374,
        0.1847,
        0.1842,
        0.2477
      ],
      [
        0.525,
        1.0,
        0.525,
        0.525,
        0.3171,
        0.3144,
        0.1917,
        0.2774,
        0.444,
        0.066,
        0.2433,
        0.066,
        0.525,
        0.3162,
        0.3059,
        0.1099,
        0.2537,
        0.066,
        0.3986,
        0.0767,
        0.2937,
        0.2604,
        0.2819,
        0.3978,
        0.2331,
        0.1848,
        0.066,
        0.3696,
        0.1612,
        0.0762,
        0.3087,
        0.066,
        0.3688,
        0.1375,
        0.2896,
        0.3114,
        0.066,
        0.525,
        0.066,
        0.066,
        0.4149,
        0.1669,
        0.2374,
        0.1847,
        0.1842,
        0.2477
      ],
      [
        0.525,
        0.525,
        1.0,
        0.525,
        0.3171,
        0.3144,
        0.1917,
        0.2774,
        0.444,
        0.066,
        0.2433,
        0.066,
        0.525,
        0.3162,
        0.3059,
        0.1099,
        0.2537,
        0.066,
        0.3986,
        0.0767,
        0.2937,
        0.2604,
        0.2819,
        0.3978,
        0.2331,
        0.1848,
        0.066,
        0.3696,
        0.1612,
        0.0762,
        0.3087,
        0.066,
        0.3688,
        0.1375,
        0.2896,
        0.3114,
        0.066,
        0.525,
        0.066,
        0.066,
        0.4149,
        0.1669,
        0.2374,
        0.1847,
        0.1842,
        0.2477
      ],
      [
        0.525,
        0.525,
        0.525,
        1.0,
        0.3171,
        0.3144,
        0.1917,
        0.2774,
        0.444,
        0.066,
        0.2433,
        0.066,
        0.525,
        0.3162,
        0.3059,
        0.1099,
        0.2537,
        0.066,
        0.3986,
        0.0767,
        0.2937,
        0.2604,
        0.2819,
        0.3978,
        0.2331,
        0.1848,
        0.066,
        0.3696,
        0.1612,
        0.0762,
        0.3087,
        0.066,
        0.3688,
        0.1375,
        0.2896,
        0.3114,
        0.066,
        0.525,
        0.066,
        0.066,
        0.4149,
        0.1669,
        0.2374,
        0.1847,
        0.1842,
        0.2477
      ],
      [
        0.3171,
        0.3171,
        0.3171,
        0.3171,
        1.0,
        0.188,
        0.1265,
        0.2322,
        0.5593,
        0.0967,
        -0.1123,
        0.0967,
        0.3171,
        0.0746,
        0.4572,
        0.3521,
        0.4806,
        0.0967,
        0.3817,
        0.2024,
        0.4474,
        0.0077,
        0.2083,
        0.288,
        0.1235,
        0.2153,
        0.0967,
        0.4074,
        0.3871,
        0.2425,
        0.4401,
        0.0967,
        0.1844,
        0.2458,
        0.4358,
        0.4801,
        0.0967,
        0.3171,
        0.0967,
        0.0967,
        0.3775,
        0.0489,
        0.4595,
        0.4423,
        0.4227,
        0.5041
      ],
      [
        0.3144,
        0.3144,
        0.3144,
        0.3144,
        0.188,
        1.0,
        0.121,
        0.037,
        0.292,
        0.0293,
        0.0106,
        0.0293,
        0.3144,
        0.0413,
        0.1565,
        0.0555,
        0.1224,
        0.0293,
        0.2018,
        0.0359,
        0.1868,
        0.2358,
        0.2318,
        0.2686,
        0.1525,
        -0.0539,
        0.0293,
        0.2636,
        0.0616,
        0.022,
        0.1085,
        0.0293,
        0.101,
        0.0613,
        0.1691,
        0.151,
        0.0293,
        0.3144,
        0.0293,
        0.0293,
        0.2546,
        0.0913,
        0.1375,
        0.1108,
        0.1082,
        0.1429
      ],
      [
        0.1917,
        0.1917,
        0.1917,
        0.1917,
        0.1265,
        0.121,
        1.0,
        0.1755,
        0.2167,
        0.0218,
        -0.1136,
        0.0218,
        0.1917,
        -0.0519,
        0.3341,
        0.365,
        0.3075,
        0.0218,
        0.1916,
        0.1193,
        0.1227,
        -0.0084,
        0.17,
        0.0308,
        0.5215,
        0.1553,
        0.0218,
        -0.0317,
        0.3285,
        0.2305,
        0.0085,
        0.0218,
        0.0925,
        0.5018,
        -0.0566,
        0.2537,
        0.0218,
        0.1917,
        0.0218,
        0.0218,
        -0.0383,
        0.4483,
        0.3971,
        0.2151,
        0.4395,
        0.0181
      ],
      [
        0.2774,
        0.2774,
        0.2774,
        0.2774,
        0.2322,
        0.037,
        0.1755,
        1.0,
        0.2668,
        0.0811,
        0.2818,
        0.0811,
        0.2774,
        0.4817,
        0.3823,
        0.3226,
        0.3949,
        0.0811,
        0.2925,
        0.0786,
        0.2255,
        0.1649,
        -0.0571,
        0.1462,
        0.2487,
        0.6627,
        0.0811,
        0.0588,
        0.3574,
        0.234,
        0.4257,
        0.0811,
        0.4903,
        0.3711,
        0.1568,
        0.3878,
        0.0811,
        0.2774,
        0.0811,
        0.0811,
        0.1502,
        0.287,
        0.3226,
        0.2334,
        0.3425,
        0.2272
      ],
      [
        0.444,
        0.444,
        0.444,
        0.444,
        0.5593,
        0.292,
        0.2167,
        0.2668,
        1.0,
        0.1048,
        -0.1496,
        0.1048,
        0.444,
        0.0681,
        0.5404,
        0.4175,
        0.5415,
        0.1048,
        0.4352,
        0.1781,
        0.5441,
        0.1265,
        0.3096,
        0.3843,
        0.2709,
        0.2059,
        0.1048,
        0.4797,
        0.4072,
        0.2151,
        0.4642,
        0.1048,
        0.2037,
        0.3506,
        0.4635,
        0.5511,
        0.1048,
        0.444,
        0.1048,
        0.1048,
        0.4412,
        0.2103,
        0.5251,
        0.5065,
        0.5048,
        0.552
      ],
      [
        0.066,
        0.066,
        0.066,
        0.066,
        0.0967,
        0.0293,
        0.0218,
        0.0811,
        0.1048,
        1.0,
        0.0044,
        0.0218,
        0.066,
        0.0482,
        0.0997,
        0.0819,
        0.1082,
        0.0218,
        0.0796,
        0.047,
        0.0807,
        0.0176,
        0.0315,
        0.0554,
        0.0318,
        0.0856,
        0.0218,
        0.0663,
        0.097,
        0.0709,
        0.1026,
        0.0218,
        0.0672,
        0.065,
        0.0808,
        0.1036,
        0.0218,
        0.066,
        0.0218,
        0.0218,
        0.07,
        0.0234,
        0.0998,
        0.0856,
        0.0938,
        0.096
      ],
      [
        0.2433,
        0.2433,
        0.2433,
        0.2433,
        -0.1123,
        0.0106,
        -0.1136,
        0.2818,
        -0.1496,
        0.0044,
        1.0,
        0.0044,
        0.2433,
        0.6511,
        -0.1145,
        -0.305,
        -0.1669,
        0.0044,
        0.1778,
        0.0189,
        -0.211,
        -0.0474,
        0.0397,
        0.0975,
        -0.08,
        0.2978,
        0.0044,
        -0.0301,
        -0.1149,
        -0.0173,
        0.1084,
        0.0044,
        0.5241,
        -0.2154,
        -0.0202,
        -0.0902,
        0.0044,
        0.2433,
        0.0044,
        0.0044,
        0.1529,
        -0.0524,
        -0.2214,
        -0.279,
        -0.3111,
        -0.1923
      ],
      [
        0.066,
        0.066,
        0.066,
        0.066,
        0.0967,
        0.0293,
        0.0218,
        0.0811,
        0.1048,
        0.0218,
        0.0044,
        1.0,
        0.066,
        0.0482,
        0.0997,
        0.0819,
        0.1082,
        0.0218,
        0.0796,
        0.047,
        0.0807,
        0.0176,
        0.0315,
        0.0554,
        0.0318,
        0.0856,
        0.0218,
        0.0663,
        0.097,
        0.0709,
        0.1026,
        0.0218,
        0.0672,
        0.065,
        0.0808,
        0.1036,
        0.0218,
        0.066,
        0.0218,
        0.0218,
        0.07,
        0.0234,
        0.0998,
        0.0856,
        0.0938,
        0.096
      ],
      [
        0.525,
        0.525,
        0.525,
        0.525,
        0.3171,
        0.3144,
        0.1917,
        0.2774,
        0.444,
        0.066,
        0.2433,
        0.066,
        1.0,
        0.3162,
        0.3059,
        0.1099,
        0.2537,
        0.066,
        0.3986,
        0.0767,
        0.2937,
        0.2604,
        0.2819,
        0.3978,
        0.2331,
        0.1848,
        0.066,
        0.3696,
        0.1612,
        0.0762,
        0.3087,
        0.066,
        0.3688,
        0.1375,
        0.2896,
        0.3114,
        0.066,
        0.525,
        0.066,
        0.066,
        0.4149,
        0.1669,
        0.2374,
        0.1847,
        0.1842,
        0.2477
      ],
      [
        0.3162,
        0.3162,
        0.3162,
        0.3162,
        0.0746,
        0.0413,
        -0.0519,
        0.4817,
        0.0681,
        0.0482,
        0.6511,
        0.0482,
        0.3162,
        1.0,
        0.1173,
        -0.0568,
        0.0875,
        0.0482,
        0.2812,
        0.0391,
        0.0111,
        0.0699,
        -0.0162,
        0.1667,
        0.03,
        0.5114,
        0.0482,
        0.0606,
        0.0817,
        0.0766,
        0.3125,
        0.0482,
        0.5846,
        0.0028,
        0.1108,
        0.1465,
        0.0482,
        0.3162,
        0.0482,
        0.0482,
        0.2172,
        0.0522,
        0.0074,
        -0.0523,
        -0.049,
        0.0278
      ],
      [
        0.3059,
        0.3059,
        0.3059,
        0.3059,
        0.4572,
        0.1565,
        0.3341,
        0.3823,
        0.5404,
        0.0997,
        -0.1145,
        0.0997,
        0.3059,
        0.1173,
        1.0,
        0.5357,
        0.5965,
        0.0997,
        0.3502,
        0.2348,
        0.418,
        0.0664,
        0.2371,
        0.2305,
        0.353,
        0.3975,
        0.0997,
        0.2551,
        0.5478,
        0.3783,
        0.4378,
        0.0997,
        0.252,
        0.5168,
        0.3161,
        0.5448,
        0.0997,
        0.3059,
        0.0997,
        0.0997,
        0.2549,
        0.359,
        0.5834,
        0.4859,
        0.5995,
        0.4509
      ],
      [
        0.1099,
        0.1099,
        0.1099,
        0.1099,
        0.3521,
        0.0555,
        0.365,
        0.3226,
        0.4175,
        0.0819,
        -0.305,
        0.0819,
        0.1099,
        -0.0568,
        0.5357,
        1.0,
        0.6188,
        0.0819,
        0.1802,
        0.2693,
        0.3164,
        0.0845,
        0.2077,
        0.0841,
        0.4128,
        0.3827,
        0.0819,
        0.0693,
        0.6435,
        0.5027,
        0.3233,
        0.0819,
        0.1057,
        0.6528,
        0.1675,
        0.4925,
        0.0819,
        0.1099,
        0.0819,
        0.0819,
        0.0506,
        0.4795,
        0.6297,
        0.484,
        0.6956,
        0.3682
      ],
      [
        0.2537,
        0.2537,
        0.2537,
        0.2537,
        0.4806,
        0.1224,
        0.3075,
        0.3949,
        0.5415,
        0.1082,
        -0.1669,
        0.1082,
        0.2537,
        0.0875,
        0.5965,
        0.6188,
        1.0,
        0.1082,
        0.3341,
        0.316,
        0.3993,
        0.0813,
        0.2492,
        0.207,
        0.3419,
        0.4416,
        0.1082,
        0.2288,
        0.6677,
        0.5226,
        0.4652,
        0.1082,
        0.2458,
        0.5708,
        0.3232,
        0.5778,
        0.1082,
        0.2537,
        0.1082,
        0.1082,
        0.2295,
        0.3541,
        0.6632,
        0.5233,
        0.6797,
        0.4784
      ],
      [
        0.066,
        0.066,
        0.066,
        0.066,
        0.0967,
        0.0293,
        0.0218,
        0.0811,
        0.1048,
        0.0218,
        0.0044,
        0.0218,
        0.066,
        0.0482,
        0.0997,
        0.0819,
        0.1082,
        1.0,
        0.0796,
        0.047,
        0.0807,
        0.0176,
        0.0315,
        0.0554,
        0.0318,
        0.0856,
        0.0218,
        0.0663,
        0.097,
        0.0709,
        0.1026,
        0.0218,
        0.0672,
        0.065,
        0.0808,
        0.1036,
        0.0218,
        0.066,
        0.0218,
        0.0218,
        0.07,
        0.0234,
        0.0998,
        0.0856,
        0.0938,
        0.096
      ],
      [
        0.3986,
        0.3986,
        0.3986,
        0.3986,
        0.3817,
        0.2018,
        0.1916,
        0.2925,
        0.4352,
        0.0796,
        0.1778,
        0.0796,
        0.3986,
        0.2812,
        0.3502,
        0.1802,
        0.3341,
        0.0796,
        1.0,
        0.1499,
        0.3136,
        0.043,
        0.1859,
        0.3007,
        0.1251,
        0.2613,
        0.0796,
        0.3468,
        0.2602,
        0.1651,
        0.3809,
        0.0796,
        0.3401,
        0.1418,
        0.3458,
        0.3703,
        0.0796,
        0.3986,
        0.0796,
        0.0796,
        0.3789,
        0.0377,
        0.3108,
        0.2651,
        0.2496,
        0.333
      ],
      [
        0.0767,
        0.0767,
        0.0767,
        0.0767,
        0.2024,
        0.0359,
        0.1193,
        0.0786,
        0.1781,
        0.047,
        0.0189,
        0.047,
        0.0767,
        0.0391,
        0.2348,
        0.2693,
        0.316,
        0.047,
        0.1499,
        1.0,
        0.0106,
        -0.0411,
        0.3077,
        0.0824,
        0.0901,
        0.136,
        0.047,
        0.0727,
        0.4545,
        0.5193,
        0.1702,
        0.047,
        0.1444,
        0.214,
        0.1354,
        0.2114,
        0.047,
        0.0767,
        0.047,
        0.047,
        0.1144,
        0.0895,
        0.3516,
        0.1726,
        0.3037,
        0.1508
      ],
      [
        0.2937,
        0.2937,
        0.2937,
        0.2937,
        0.4474,
        0.1868,
        0.1227,
        0.2255,
        0.5441,
        0.0807,
        -0.211,
        0.0807,
        0.2937,
        0.0111,
        0.418,
        0.3164,
        0.3993,
        0.0807,
        0.3136,
        0.0106,
        1.0,
        0.0286,
        0.0825,
        0.2542,
        0.1738,
        0.1748,
        0.0807,
        0.3813,
        0.2089,
        -0.0213,
        0.3848,
        0.0807,
        0.0868,
        0.2555,
        0.381,
        0.4454,
        0.0807,
        0.2937,
        0.0807,
        0.0807,
        0.3144,
        0.1315,
        0.3578,
        0.4424,
        0.3723,
        0.4897
      ],
      [
        0.2604,
        0.2604,
        0.2604,
        0.2604,
        0.0077,
        0.2358,
        -0.0084,
        0.1649,
        0.1265,
        0.0176,
        -0.0474,
        0.0176,
        0.2604,
        0.0699,
        0.0664,
        0.0845,
        0.0813,
        0.0176,
        0.043,
        -0.0411,
        0.0286,
        1.0,
        -0.0253,
        0.2757,
        0.1608,
        0.0843,
        0.0176,
        0.1004,
        0.0947,
        0.1609,
        0.0255,
        0.0176,
        0.1344,
        0.0923,
        -0.0125,
        0.0399,
        0.0176,
        0.2604,
        0.0176,
        0.0176,
        0.1002,
        0.056,
        0.0968,
        -0.0492,
        0.1108,
        -0.0405
      ],
      [
        0.2819,
        0.2819,
        0.2819,
        0.2819,
        0.2083,
        0.2318,
        0.17,
        -0.0571,
        0.3096,
        0.0315,
        0.0397,
        0.0315,
        0.2819,
        -0.0162,
        0.2371,
        0.2077,
        0.2492,
        0.0315,
        0.1859,
        0.3077,
        0.0825,
        -0.0253,
        1.0,
        0.2347,
        0.2978,
        -0.1063,
        0.0315,
        0.1959,
        0.3272,
        0.3483,
        0.0813,
        0.0315,
        0.1018,
        0.2513,
        0.1376,
        0.1925,
        0.0315,
        0.2819,
        0.0315,
        0.0315,
        0.2345,
        0.3759,
        0.3056,
        0.1717,
        0.2631,
        0.1372
      ],
      [
        0.3978,
        0.3978,
        0.3978,
        0.3978,
        0.288,
        0.2686,
        0.0308,
        0.1462,
        0.3843,
        0.0554,
        0.0975,
        0.0554,
        0.3978,
        0.1667,
        0.2305,
        0.0841,
        0.207,
        0.0554,
        0.3007,
        0.0824,
        0.2542,
        0.2757,
        0.2347,
        1.0,
        0.1109,
        0.0647,
        0.0554,
        0.3536,
        0.135,
        0.0878,
        0.2485,
        0.0554,
        0.2239,
        0.0529,
        0.2803,
        0.2429,
        0.0554,
        0.3978,
        0.0554,
        0.0554,
        0.3641,
        0.0331,
        0.1976,
        0.1646,
        0.1446,
        0.2441
      ],
      [
        0.2331,
        0.2331,
        0.2331,
        0.2331,
        0.1235,
        0.1525,
        0.5215,
        0.2487,
        0.2709,
        0.0318,
        -0.08,
        0.0318,
        0.2331,
        0.03,
        0.353,
        0.4128,
        0.3419,
        0.0318,
        0.1251,
        0.0901,
        0.1738,
        0.1608,
        0.2978,
        0.1109,
        1.0,
        0.2229,
        0.0318,
        -0.0154,
        0.3411,
        0.2185,
        0.0929,
        0.0318,
        0.1374,
        0.5722,
        -0.0357,
        0.2829,
        0.0318,
        0.2331,
        0.0318,
        0.0318,
        0.0061,
        0.6749,
        0.3731,
        0.2448,
        0.4507,
        0.0887
      ],
      [
        0.1848,
        0.1848,
        0.1848,
        0.1848,
        0.2153,
        -0.0539,
        0.1553,
        0.6627,
        0.2059,
        0.0856,
        0.2978,
        0.0856,
        0.1848,
        0.5114,
        0.3975,
        0.3827,
        0.4416,
        0.0856,
        0.2613,
        0.136,
        0.1748,
        0.0843,
        -0.1063,
        0.0647,
        0.2229,
        1.0,
        0.0856,
        -0.0296,
        0.45,
        0.3427,
        0.4535,
        0.0856,
        0.5163,
        0.4202,
        0.1284,
        0.4019,
        0.0856,
        0.1848,
        0.0856,
        0.0856,
        0.0796,
        0.2894,
        0.3623,
        0.2442,
        0.3885,
        0.2212
      ],
      [
        0.066,
        0.066,
        0.066,
        0.066,
        0.0967,
        0.0293,
        0.0218,
        0.0811,
        0.1048,
        0.0218,
        0.0044,
        0.0218,
        0.066,
        0.0482,
        0.0997,
        0.0819,
        0.1082,
        0.0218,
        0.0796,
        0.047,
        0.0807,
        0.0176,
        0.0315,
        0.0554,
        0.0318,
        0.0856,
        1.0,
        0.0663,
        0.097,
        0.0709,
        0.1026,
        0.0218,
        0.0672,
        0.065,
        0.0808,
        0.1036,
        0.0218,
        0.066,
        0.0218,
        0.0218,
        0.07,
        0.0234,
        0.0998,
        0.0856,
        0.0938,
        0.096
      ],
      [
        0.3696,
        0.3696,
        0.3696,
        0.3696,
        0.4074,
        0.2636,
        -0.0317,
