{
  "_meta": {
    "generated": "2026-05-05T09:56:41",
    "portfolio_generated": "2026-05-05T09:53:13.800616",
    "n_assets": 42,
    "n_with_returns": 29,
    "covariance_method": "hybrid_shrunk",
    "condition_number": 245.11,
    "pca_factors": 6
  },
  "profiles": {
    "Agressif": {
      "n_assets": 16,
      "weighted_avg_correlation": 0.249,
      "most_correlated": [
        {
          "t1": "PICK",
          "t2": "REMX",
          "corr": 0.7695,
          "w1": 6.6,
          "w2": 7.5,
          "combined_weight": 14.0
        },
        {
          "t1": "FLKR",
          "t2": "XCEM",
          "corr": 0.7208,
          "w1": 6.3,
          "w2": 7.7,
          "combined_weight": 13.9
        },
        {
          "t1": "SOXX",
          "t2": "XCEM",
          "corr": 0.7162,
          "w1": 5.6,
          "w2": 7.7,
          "combined_weight": 13.3
        },
        {
          "t1": "FLKR",
          "t2": "SOXX",
          "corr": 0.7068,
          "w1": 6.3,
          "w2": 5.6,
          "combined_weight": 11.9
        },
        {
          "t1": "PICK",
          "t2": "XCEM",
          "corr": 0.6902,
          "w1": 6.6,
          "w2": 7.7,
          "combined_weight": 14.2
        },
        {
          "t1": "OIH",
          "t2": "BKR",
          "corr": 0.658,
          "w1": 6.4,
          "w2": 5.1,
          "combined_weight": 11.5
        },
        {
          "t1": "NVDA",
          "t2": "SOXX",
          "corr": 0.6333,
          "w1": 7.8,
          "w2": 5.6,
          "combined_weight": 13.5
        },
        {
          "t1": "FLKR",
          "t2": "PICK",
          "corr": 0.6318,
          "w1": 6.3,
          "w2": 6.6,
          "combined_weight": 12.8
        },
        {
          "t1": "PICK",
          "t2": "SOXX",
          "corr": 0.5945,
          "w1": 6.6,
          "w2": 5.6,
          "combined_weight": 12.2
        },
        {
          "t1": "REMX",
          "t2": "GLD",
          "corr": 0.5492,
          "w1": 7.5,
          "w2": 6.5,
          "combined_weight": 13.9
        }
      ],
      "least_correlated": [
        {
          "t1": "NVDA",
          "t2": "SGOV",
          "corr": 0.0314,
          "w1": 7.8,
          "w2": 5.2,
          "combined_weight": 13.0
        },
        {
          "t1": "INCY",
          "t2": "GLD",
          "corr": 0.031,
          "w1": 6.4,
          "w2": 6.5,
          "combined_weight": 12.8
        },
        {
          "t1": "PAAA",
          "t2": "SGOV",
          "corr": 0.0201,
          "w1": 7.7,
          "w2": 5.2,
          "combined_weight": 12.9
        },
        {
          "t1": "NVDA",
          "t2": "GLD",
          "corr": 0.0165,
          "w1": 7.8,
          "w2": 6.5,
          "combined_weight": 14.3
        },
        {
          "t1": "REMX",
          "t2": "INCY",
          "corr": -0.0061,
          "w1": 7.5,
          "w2": 6.4,
          "combined_weight": 13.9
        }
      ],
      "high_corr_high_weight": [
        {
          "t1": "PICK",
          "t2": "REMX",
          "corr": 0.7695,
          "w1": 6.6,
          "w2": 7.5,
          "combined_weight": 14.0
        },
        {
          "t1": "FLKR",
          "t2": "XCEM",
          "corr": 0.7208,
          "w1": 6.3,
          "w2": 7.7,
          "combined_weight": 13.9
        },
        {
          "t1": "SOXX",
          "t2": "XCEM",
          "corr": 0.7162,
          "w1": 5.6,
          "w2": 7.7,
          "combined_weight": 13.3
        },
        {
          "t1": "FLKR",
          "t2": "SOXX",
          "corr": 0.7068,
          "w1": 6.3,
          "w2": 5.6,
          "combined_weight": 11.9
        }
      ]
    },
    "Mod\u00e9r\u00e9": {
      "n_assets": 15,
      "weighted_avg_correlation": 0.1642,
      "most_correlated": [
        {
          "t1": "VSS",
          "t2": "FNDF",
          "corr": 0.6567,
          "w1": 7.6,
          "w2": 7.4,
          "combined_weight": 15.0
        },
        {
          "t1": "FNDF",
          "t2": "FDVV",
          "corr": 0.5844,
          "w1": 7.4,
          "w2": 6.2,
          "combined_weight": 13.6
        },
        {
          "t1": "VSS",
          "t2": "FDVV",
          "corr": 0.577,
          "w1": 7.6,
          "w2": 6.2,
          "combined_weight": 13.8
        },
        {
          "t1": "BMED",
          "t2": "XLV",
          "corr": 0.5616,
          "w1": 5.6,
          "w2": 3.1,
          "combined_weight": 8.7
        },
        {
          "t1": "FDVV",
          "t2": "BMED",
          "corr": 0.5315,
          "w1": 6.2,
          "w2": 5.6,
          "combined_weight": 11.8
        },
        {
          "t1": "FNDF",
          "t2": "BMED",
          "corr": 0.5294,
          "w1": 7.4,
          "w2": 5.6,
          "combined_weight": 13.0
        },
        {
          "t1": "VSS",
          "t2": "BMED",
          "corr": 0.514,
          "w1": 7.6,
          "w2": 5.6,
          "combined_weight": 13.2
        },
        {
          "t1": "SCHD",
          "t2": "BMED",
          "corr": 0.4686,
          "w1": 7.0,
          "w2": 5.6,
          "combined_weight": 12.6
        },
        {
          "t1": "BMED",
          "t2": "5274",
          "corr": 0.4512,
          "w1": 5.6,
          "w2": 5.6,
          "combined_weight": 11.2
        },
        {
          "t1": "FNDF",
          "t2": "XLV",
          "corr": 0.4476,
          "w1": 7.4,
          "w2": 3.1,
          "combined_weight": 10.6
        }
      ],
      "least_correlated": [
        {
          "t1": "CF",
          "t2": "FDVV",
          "corr": -0.1271,
          "w1": 7.8,
          "w2": 6.2,
          "combined_weight": 14.0
        },
        {
          "t1": "CF",
          "t2": "BMED",
          "corr": -0.1378,
          "w1": 7.8,
          "w2": 5.6,
          "combined_weight": 13.4
        },
        {
          "t1": "CF",
          "t2": "FNDF",
          "corr": -0.179,
          "w1": 7.8,
          "w2": 7.4,
          "combined_weight": 15.2
        },
        {
          "t1": "CF",
          "t2": "XLV",
          "corr": -0.1799,
          "w1": 7.8,
          "w2": 3.1,
          "combined_weight": 10.9
        },
        {
          "t1": "VSS",
          "t2": "CF",
          "corr": -0.2274,
          "w1": 7.6,
          "w2": 7.8,
          "combined_weight": 15.4
        }
      ],
      "high_corr_high_weight": []
    },
    "Stable": {
      "n_assets": 15,
      "weighted_avg_correlation": 0.1355,
      "most_correlated": [
        {
          "t1": "SUNPHARMA",
          "t2": "2912",
          "corr": 0.5253,
          "w1": 5.4,
          "w2": 4.4,
          "combined_weight": 9.9
        },
        {
          "t1": "ACWV",
          "t2": "XLV",
          "corr": 0.4868,
          "w1": 4.8,
          "w2": 4.4,
          "combined_weight": 9.2
        },
        {
          "t1": "SPYV",
          "t2": "XLV",
          "corr": 0.4522,
          "w1": 4.4,
          "w2": 4.4,
          "combined_weight": 8.8
        },
        {
          "t1": "ACWV",
          "t2": "SPYV",
          "corr": 0.4517,
          "w1": 4.8,
          "w2": 4.4,
          "combined_weight": 9.2
        },
        {
          "t1": "VICI",
          "t2": "SUNPHARMA",
          "corr": 0.4279,
          "w1": 5.3,
          "w2": 5.4,
          "combined_weight": 10.7
        },
        {
          "t1": "VICI",
          "t2": "2912",
          "corr": 0.4279,
          "w1": 5.3,
          "w2": 4.4,
          "combined_weight": 9.7
        },
        {
          "t1": "SPLV",
          "t2": "XLV",
          "corr": 0.427,
          "w1": 5.9,
          "w2": 4.4,
          "combined_weight": 10.2
        },
        {
          "t1": "ACWV",
          "t2": "SPLV",
          "corr": 0.4223,
          "w1": 4.8,
          "w2": 5.9,
          "combined_weight": 10.7
        },
        {
          "t1": "VICI",
          "t2": "PG",
          "corr": 0.4082,
          "w1": 5.3,
          "w2": 5.3,
          "combined_weight": 10.6
        },
        {
          "t1": "SPLV",
          "t2": "PG",
          "corr": 0.3917,
          "w1": 5.9,
          "w2": 5.3,
          "combined_weight": 11.1
        }
      ],
      "least_correlated": [
        {
          "t1": "BSV",
          "t2": "VGSH",
          "corr": 0.0201,
          "w1": 11.8,
          "w2": 13.0,
          "combined_weight": 24.8
        },
        {
          "t1": "BSV",
          "t2": "STIP",
          "corr": 0.0201,
          "w1": 11.8,
          "w2": 13.0,
          "combined_weight": 24.8
        },
        {
          "t1": "CLTL",
          "t2": "VGSH",
          "corr": 0.0201,
          "w1": 7.6,
          "w2": 13.0,
          "combined_weight": 20.6
        },
        {
          "t1": "CLTL",
          "t2": "STIP",
          "corr": 0.0201,
          "w1": 7.6,
          "w2": 13.0,
          "combined_weight": 20.6
        },
        {
          "t1": "VGSH",
          "t2": "STIP",
          "corr": 0.0201,
          "w1": 13.0,
          "w2": 13.0,
          "combined_weight": 26.0
        }
      ],
      "high_corr_high_weight": []
    }
  },
  "all_pairs_top_30": [
    {
      "t1": "PICK",
      "t2": "REMX",
      "corr_hybrid": 0.7695,
      "corr_structured": 0.2,
      "cat1": "ETF",
      "cat2": "ETF",
      "exp1": "metals_mining",
      "exp2": "rare_earth",
      "fam1": null,
      "fam2": null
    },
    {
      "t1": "FLKR",
      "t2": "XCEM",
      "corr_hybrid": 0.7208,
      "corr_structured": 0.9,
      "cat1": "ETF",
      "cat2": "ETF",
      "exp1": "south_korea",
      "exp2": "emerging_markets",
      "fam1": "em_equity",
      "fam2": "em_equity"
    },
    {
      "t1": "SOXX",
      "t2": "XCEM",
      "corr_hybrid": 0.7162,
      "corr_structured": 0.2,
      "cat1": "ETF",
      "cat2": "ETF",
      "exp1": "semiconductor",
      "exp2": "emerging_markets",
      "fam1": "sector_tech",
      "fam2": "em_equity"
    },
    {
      "t1": "FLKR",
      "t2": "SOXX",
      "corr_hybrid": 0.7068,
      "corr_structured": 0.2,
      "cat1": "ETF",
      "cat2": "ETF",
      "exp1": "south_korea",
      "exp2": "semiconductor",
      "fam1": "em_equity",
      "fam2": "sector_tech"
    },
    {
      "t1": "PICK",
      "t2": "VSS",
      "corr_hybrid": 0.6945,
      "corr_structured": 0.2,
      "cat1": "ETF",
      "cat2": "ETF",
      "exp1": "metals_mining",
      "exp2": "intl_small_cap",
      "fam1": null,
      "fam2": null
    },
    {
      "t1": "VSS",
      "t2": "XCEM",
      "corr_hybrid": 0.6903,
      "corr_structured": 0.2,
      "cat1": "ETF",
      "cat2": "ETF",
      "exp1": "intl_small_cap",
      "exp2": "emerging_markets",
      "fam1": null,
      "fam2": "em_equity"
    },
    {
      "t1": "PICK",
      "t2": "XCEM",
      "corr_hybrid": 0.6902,
      "corr_structured": 0.2,
      "cat1": "ETF",
      "cat2": "ETF",
      "exp1": "metals_mining",
      "exp2": "emerging_markets",
      "fam1": null,
      "fam2": "em_equity"
    },
    {
      "t1": "FNDF",
      "t2": "XCEM",
      "corr_hybrid": 0.671,
      "corr_structured": 0.62,
      "cat1": "ETF",
      "cat2": "ETF",
      "exp1": "international",
      "exp2": "emerging_markets",
      "fam1": "intl_equity",
      "fam2": "em_equity"
    },
    {
      "t1": "FNDF",
      "t2": "PICK",
      "corr_hybrid": 0.6679,
      "corr_structured": 0.2,
      "cat1": "ETF",
      "cat2": "ETF",
      "exp1": "international",
      "exp2": "metals_mining",
      "fam1": "intl_equity",
      "fam2": null
    },
    {
      "t1": "BKR",
      "t2": "OIH",
      "corr_hybrid": 0.658,
      "corr_structured": null,
      "cat1": "Act",
      "cat2": "ETF",
      "exp1": null,
      "exp2": "energy",
      "fam1": null,
      "fam2": "sector_energy"
    },
    {
      "t1": "FNDF",
      "t2": "VSS",
      "corr_hybrid": 0.6567,
      "corr_structured": 0.2,
      "cat1": "ETF",
      "cat2": "ETF",
      "exp1": "international",
      "exp2": "intl_small_cap",
      "fam1": "intl_equity",
      "fam2": null
    },
    {
      "t1": "NVDA",
      "t2": "SOXX",
      "corr_hybrid": 0.6333,
      "corr_structured": null,
      "cat1": "Act",
      "cat2": "ETF",
      "exp1": null,
      "exp2": "semiconductor",
      "fam1": null,
      "fam2": "sector_tech"
    },
    {
      "t1": "FLKR",
      "t2": "PICK",
      "corr_hybrid": 0.6318,
      "corr_structured": 0.2,
      "cat1": "ETF",
      "cat2": "ETF",
      "exp1": "south_korea",
      "exp2": "metals_mining",
      "fam1": "em_equity",
      "fam2": null
    },
    {
      "t1": "FLKR",
      "t2": "VSS",
      "corr_hybrid": 0.6238,
      "corr_structured": 0.2,
      "cat1": "ETF",
      "cat2": "ETF",
      "exp1": "south_korea",
      "exp2": "intl_small_cap",
      "fam1": "em_equity",
      "fam2": null
    },
    {
      "t1": "FLKR",
      "t2": "FNDF",
      "corr_hybrid": 0.6052,
      "corr_structured": 0.62,
      "cat1": "ETF",
      "cat2": "ETF",
      "exp1": "south_korea",
      "exp2": "international",
      "fam1": "em_equity",
      "fam2": "intl_equity"
    },
    {
      "t1": "FDVV",
      "t2": "XCEM",
      "corr_hybrid": 0.5956,
      "corr_structured": 0.2,
      "cat1": "ETF",
      "cat2": "ETF",
      "exp1": "dividend",
      "exp2": "emerging_markets",
      "fam1": "factor_dividend",
      "fam2": "em_equity"
    },
    {
      "t1": "PICK",
      "t2": "SOXX",
      "corr_hybrid": 0.5945,
      "corr_structured": 0.2,
      "cat1": "ETF",
      "cat2": "ETF",
      "exp1": "metals_mining",
      "exp2": "semiconductor",
      "fam1": null,
      "fam2": "sector_tech"
    },
    {
      "t1": "SOXX",
      "t2": "VSS",
      "corr_hybrid": 0.5902,
      "corr_structured": 0.2,
      "cat1": "ETF",
      "cat2": "ETF",
      "exp1": "semiconductor",
      "exp2": "intl_small_cap",
      "fam1": "sector_tech",
      "fam2": null
    },
    {
      "t1": "REMX",
      "t2": "VSS",
      "corr_hybrid": 0.5851,
      "corr_structured": 0.2,
      "cat1": "ETF",
      "cat2": "ETF",
      "exp1": "rare_earth",
      "exp2": "intl_small_cap",
      "fam1": null,
      "fam2": null
    },
    {
      "t1": "FDVV",
      "t2": "FNDF",
      "corr_hybrid": 0.5844,
      "corr_structured": 0.2,
      "cat1": "ETF",
      "cat2": "ETF",
      "exp1": "dividend",
      "exp2": "international",
      "fam1": "factor_dividend",
      "fam2": "intl_equity"
    },
    {
      "t1": "FDVV",
      "t2": "VSS",
      "corr_hybrid": 0.577,
      "corr_structured": 0.2,
      "cat1": "ETF",
      "cat2": "ETF",
      "exp1": "dividend",
      "exp2": "intl_small_cap",
      "fam1": "factor_dividend",
      "fam2": null
    },
    {
      "t1": "FNDF",
      "t2": "SOXX",
      "corr_hybrid": 0.5731,
      "corr_structured": 0.2,
      "cat1": "ETF",
      "cat2": "ETF",
      "exp1": "international",
      "exp2": "semiconductor",
      "fam1": "intl_equity",
      "fam2": "sector_tech"
    },
    {
      "t1": "BMED",
      "t2": "XLV",
      "corr_hybrid": 0.5616,
      "corr_structured": null,
      "cat1": "Act",
      "cat2": "ETF",
      "exp1": null,
      "exp2": "healthcare",
      "fam1": null,
      "fam2": "sector_healthcare"
    },
    {
      "t1": "BMED",
      "t2": "INCY",
      "corr_hybrid": 0.5596,
      "corr_structured": null,
      "cat1": "Act",
      "cat2": "Act",
      "exp1": null,
      "exp2": null,
      "fam1": null,
      "fam2": null
    },
    {
      "t1": "FNDF",
      "t2": "SPYV",
      "corr_hybrid": 0.5584,
      "corr_structured": 0.2,
      "cat1": "ETF",
      "cat2": "ETF",
      "exp1": "international",
      "exp2": "sp500_value",
      "fam1": "intl_equity",
      "fam2": "factor_value"
    },
    {
      "t1": "ACWV",
      "t2": "BMED",
      "corr_hybrid": 0.5573,
      "corr_structured": null,
      "cat1": "ETF",
      "cat2": "Act",
      "exp1": "min_vol",
      "exp2": null,
      "fam1": "factor_min_vol",
      "fam2": null
    },
    {
      "t1": "FDVV",
      "t2": "PICK",
      "corr_hybrid": 0.5506,
      "corr_structured": 0.2,
      "cat1": "ETF",
      "cat2": "ETF",
      "exp1": "dividend",
      "exp2": "metals_mining",
      "fam1": "factor_dividend",
      "fam2": null
    },
    {
      "t1": "GLD",
      "t2": "REMX",
      "corr_hybrid": 0.5492,
      "corr_structured": 0.2,
      "cat1": "ETF",
      "cat2": "ETF",
      "exp1": "gold_physical",
      "exp2": "rare_earth",
      "fam1": "gold",
      "fam2": null
    },
    {
      "t1": "BMED",
      "t2": "SPYV",
      "corr_hybrid": 0.5461,
      "corr_structured": null,
      "cat1": "Act",
      "cat2": "ETF",
      "exp1": null,
      "exp2": "sp500_value",
      "fam1": null,
      "fam2": "factor_value"
    },
    {
      "t1": "SPYV",
      "t2": "VSS",
      "corr_hybrid": 0.5406,
      "corr_structured": 0.2,
      "cat1": "ETF",
      "cat2": "ETF",
      "exp1": "sp500_value",
      "exp2": "intl_small_cap",
      "fam1": "factor_value",
      "fam2": null
    }
  ],
  "all_pairs_bottom_10": [
    {
      "t1": "CF",
      "t2": "GBIL",
      "corr_hybrid": 0.0066,
      "corr_structured": null,
      "cat1": "Act",
      "cat2": "Obl",
      "exp1": null,
      "exp2": "bonds_tbill",
      "fam1": null,
      "fam2": "bonds_short"
    },
    {
      "t1": "CF",
      "t2": "PAAA",
      "corr_hybrid": 0.0066,
      "corr_structured": null,
      "cat1": "Act",
      "cat2": "Obl",
      "exp1": null,
      "exp2": "bonds_clo_aaa",
      "fam1": null,
      "fam2": "bonds_short"
    },
    {
      "t1": "CF",
      "t2": "SGOV",
      "corr_hybrid": 0.0066,
      "corr_structured": null,
      "cat1": "Act",
      "cat2": "Obl",
      "exp1": null,
      "exp2": "bonds_tbill",
      "fam1": null,
      "fam2": "bonds_short"
    },
    {
      "t1": "CF",
      "t2": "STIP",
      "corr_hybrid": 0.0066,
      "corr_structured": null,
      "cat1": "Act",
      "cat2": "Obl",
      "exp1": null,
      "exp2": "bonds_tips",
      "fam1": null,
      "fam2": "bonds_gov"
    },
    {
      "t1": "CF",
      "t2": "USFR",
      "corr_hybrid": 0.0066,
      "corr_structured": null,
      "cat1": "Act",
      "cat2": "Obl",
      "exp1": null,
      "exp2": "us_equity",
      "fam1": null,
      "fam2": "us_equity_large"
    },
    {
      "t1": "CF",
      "t2": "VGSH",
      "corr_hybrid": 0.0066,
      "corr_structured": null,
      "cat1": "Act",
      "cat2": "Obl",
      "exp1": null,
      "exp2": "bonds_short_treasury",
      "fam1": null,
      "fam2": "bonds_short"
    },
    {
      "t1": "INCY",
      "t2": "REMX",
      "corr_hybrid": -0.0061,
      "corr_structured": null,
      "cat1": "Act",
      "cat2": "ETF",
      "exp1": null,
      "exp2": "rare_earth",
      "fam1": null,
      "fam2": null
    },
    {
      "t1": "CF",
      "t2": "GLD",
      "corr_hybrid": 0.0049,
      "corr_structured": null,
      "cat1": "Act",
      "cat2": "ETF",
      "exp1": null,
      "exp2": "gold_physical",
      "fam1": null,
      "fam2": "gold"
    },
    {
      "t1": "CF",
      "t2": "SPLV",
      "corr_hybrid": -0.0046,
      "corr_structured": null,
      "cat1": "Act",
      "cat2": "ETF",
      "exp1": null,
      "exp2": "sp500",
      "fam1": null,
      "fam2": "us_equity_large"
    },
    {
      "t1": "SOXX",
      "t2": "SPLV",
      "corr_hybrid": 0.0036,
      "corr_structured": 0.85,
      "cat1": "ETF",
      "cat2": "ETF",
      "exp1": "semiconductor",
      "exp2": "sp500",
      "fam1": "sector_tech",
      "fam2": "us_equity_large"
    }
  ],
  "correlation_matrix": {
    "tickers": [
      "000660",
      "2059",
      "2912",
      "5274",
      "ACWV",
      "BKR",
      "BMED",
      "BSV",
      "CF",
      "CLTL",
      "FDVV",
      "FLKR",
      "FNDF",
      "GBIL",
      "GD",
      "GLD",
      "GOOG",
      "INCY",
      "ITX",
      "LI",
      "NOVN",
      "NVDA",
      "OIH",
      "PAAA",
      "PG",
      "PICK",
      "REMX",
      "SCHD",
      "SGOV",
      "SHEL",
      "SOXX",
      "SPLV",
      "SPYV",
      "STIP",
      "SUNPHARMA",
      "USFR",
      "VGSH",
      "VICI",
      "VSS",
      "XBI",
      "XCEM",
      "XLV"
    ],
    "matrix": [
      [
        1.0,
        0.5253,
        0.5253,
        0.5253,
        0.3409,
        0.2814,
        0.4512,
        0.0707,
        0.2423,
        0.0707,
        0.3174,
        0.1083,
        0.2678,
        0.0707,
        0.3901,
        0.073,
        0.2439,
        0.3161,
        0.2913,
        0.293,
        0.3438,
        0.2202,
        0.1972,
        0.0707,
        0.3652,
        0.1664,
        0.0673,
        0.3267,
        0.0707,
        0.3514,
        0.1386,
        0.3116,
        0.3343,
        0.0707,
        0.5253,
        0.0707,
        0.0707,
        0.4279,
        0.2423,
        0.2143,
        0.1896,
        0.2885
      ],
      [
        0.5253,
        1.0,
        0.5253,
        0.5253,
        0.3409,
        0.2814,
        0.4512,
        0.0707,
        0.2423,
        0.0707,
        0.3174,
        0.1083,
        0.2678,
        0.0707,
        0.3901,
        0.073,
        0.2439,
        0.3161,
        0.2913,
        0.293,
        0.3438,
        0.2202,
        0.1972,
        0.0707,
        0.3652,
        0.1664,
        0.0673,
        0.3267,
        0.0707,
        0.3514,
        0.1386,
        0.3116,
        0.3343,
        0.0707,
        0.5253,
        0.0707,
        0.0707,
        0.4279,
        0.2423,
        0.2143,
        0.1896,
        0.2885
      ],
      [
        0.5253,
        0.5253,
        1.0,
        0.5253,
        0.3409,
        0.2814,
        0.4512,
        0.0707,
        0.2423,
        0.0707,
        0.3174,
        0.1083,
        0.2678,
        0.0707,
        0.3901,
        0.073,
        0.2439,
        0.3161,
        0.2913,
        0.293,
        0.3438,
        0.2202,
        0.1972,
        0.0707,
        0.3652,
        0.1664,
        0.0673,
        0.3267,
        0.0707,
        0.3514,
        0.1386,
        0.3116,
        0.3343,
        0.0707,
        0.5253,
        0.0707,
        0.0707,
        0.4279,
        0.2423,
        0.2143,
        0.1896,
        0.2885
      ],
      [
        0.5253,
        0.5253,
        0.5253,
        1.0,
        0.3409,
        0.2814,
        0.4512,
        0.0707,
        0.2423,
        0.0707,
        0.3174,
        0.1083,
        0.2678,
        0.0707,
        0.3901,
        0.073,
        0.2439,
        0.3161,
        0.2913,
        0.293,
        0.3438,
        0.2202,
        0.1972,
        0.0707,
        0.3652,
        0.1664,
        0.0673,
        0.3267,
        0.0707,
        0.3514,
        0.1386,
        0.3116,
        0.3343,
        0.0707,
        0.5253,
        0.0707,
        0.0707,
        0.4279,
        0.2423,
        0.2143,
        0.1896,
        0.2885
      ],
      [
        0.3409,
        0.3409,
        0.3409,
        0.3409,
        1.0,
        0.189,
        0.5573,
        0.0911,
        -0.1048,
        0.0911,
        0.4331,
        0.296,
        0.4561,
        0.0911,
        0.3555,
        0.2194,
        0.3121,
        0.4335,
        0.1372,
        0.1291,
        0.2471,
        0.0676,
        0.195,
        0.0911,
        0.3837,
        0.396,
        0.292,
        0.4211,
        0.0911,
        0.2037,
        0.2232,
        0.4223,
        0.4517,
        0.0911,
        0.3409,
        0.0911,
        0.0911,
        0.373,
        0.4407,
        0.428,
        0.3809,
        0.4868
      ],
      [
        0.2814,
        0.2814,
        0.2814,
        0.2814,
        0.189,
        1.0,
        0.2251,
        0.0744,
        0.3045,
        0.0744,
        0.3716,
        0.3508,
        0.3811,
        0.0744,
        0.2888,
        0.0657,
        0.2091,
        0.1755,
        0.0753,
        -0.0334,
        0.1082,
        0.3513,
        0.658,
        0.0744,
        0.0177,
        0.3417,
        0.2133,
        0.356,
        0.0744,
        0.4764,
        0.4257,
        0.0945,
        0.3674,
        0.0744,
        0.2814,
        0.0744,
        0.0744,
        0.1309,
        0.3266,
        0.1859,
        0.3658,
        0.164
      ],
      [
        0.4512,
        0.4512,
        0.4512,
        0.4512,
        0.5573,
        0.2251,
        1.0,
        0.1028,
        -0.1378,
        0.1028,
        0.5315,
        0.38,
        0.5294,
        0.1028,
        0.4093,
        0.1998,
        0.4251,
        0.5596,
        0.1087,
        0.2594,
        0.3032,
        0.206,
        0.1965,
        0.1028,
        0.4568,
        0.421,
        0.2493,
        0.4686,
        0.1028,
        0.2126,
        0.3284,
        0.4646,
        0.5461,
        0.1028,
        0.4512,
        0.1028,
        0.1028,
        0.4312,
        0.514,
        0.5218,
        0.4738,
        0.5616
      ],
      [
        0.0707,
        0.0707,
        0.0707,
        0.0707,
        0.0911,
        0.0744,
        0.1028,
        1.0,
        0.0066,
        0.0201,
        0.0958,
        0.074,
        0.1029,
        0.0201,
        0.0772,
        0.049,
        0.0615,
        0.0761,
        0.0255,
        0.021,
        0.045,
        0.0314,
        0.0792,
        0.0201,
        0.0601,
        0.0963,
        0.0758,
        0.0935,
        0.0201,
        0.0685,
        0.0662,
        0.0745,
        0.098,
        0.0201,
        0.0707,
        0.0201,
        0.0201,
        0.068,
        0.0976,
        0.0811,
        0.0888,
        0.0888
      ],
      [
        0.2423,
        0.2423,
        0.2423,
        0.2423,
        -0.1048,
        0.3045,
        -0.1378,
        0.0066,
        1.0,
        0.0066,
        -0.1271,
        -0.3156,
        -0.179,
        0.0066,
        0.2088,
        0.0049,
        -0.2263,
        -0.1552,
        -0.0255,
        0.0577,
        0.0842,
        -0.0877,
        0.3,
        0.0066,
        -0.0425,
        -0.1394,
        -0.0266,
        0.1187,
        0.0066,
        0.5229,
        -0.2128,
        -0.0046,
        -0.0861,
        0.0066,
        0.2423,
        0.0066,
        0.0066,
        0.15,
        -0.2274,
        -0.2665,
        -0.3269,
        -0.1799
      ],
      [
        0.0707,
        0.0707,
        0.0707,
        0.0707,
        0.0911,
        0.0744,
        0.1028,
        0.0201,
        0.0066,
        1.0,
        0.0958,
        0.074,
        0.1029,
        0.0201,
        0.0772,
        0.049,
        0.0615,
        0.0761,
        0.0255,
        0.021,
        0.045,
        0.0314,
        0.0792,
        0.0201,
        0.0601,
        0.0963,
        0.0758,
        0.0935,
        0.0201,
        0.0685,
        0.0662,
        0.0745,
        0.098,
        0.0201,
        0.0707,
        0.0201,
        0.0201,
        0.068,
        0.0976,
        0.0811,
        0.0888,
        0.0888
      ],
      [
        0.3174,
        0.3174,
        0.3174,
        0.3174,
        0.4331,
        0.3716,
        0.5315,
        0.0958,
        -0.1271,
        0.0958,
        1.0,
        0.5333,
        0.5844,
        0.0958,
        0.3165,
        0.2361,
        0.4037,
        0.3948,
        0.0543,
        0.2253,
        0.1811,
        0.3574,
        0.3811,
        0.0958,
        0.2399,
        0.5506,
        0.3958,
        0.4107,
        0.0958,
        0.2449,
        0.5218,
        0.2882,
        0.5291,
        0.0958,
        0.3174,
        0.0958,
        0.0958,
        0.249,
        0.577,
        0.463,
        0.5956,
        0.4268
      ],
      [
        0.1083,
        0.1083,
        0.1083,
        0.1083,
        0.296,
        0.3508,
        0.38,
        0.074,
        -0.3156,
        0.074,
        0.5333,
        1.0,
        0.6052,
        0.074,
        0.1367,
        0.2439,
        0.4098,
        0.2631,
        -0.0813,
        0.2356,
        0.0204,
        0.5039,
        0.3884,
        0.074,
        0.0286,
        0.6318,
        0.4753,
        0.2711,
        0.074,
        0.0958,
        0.7068,
        0.0906,
        0.4763,
        0.074,
        0.1083,
        0.074,
        0.074,
        0.0123,
        0.6238,
        0.4391,
        0.7208,
        0.3012
      ],
      [
        0.2678,
        0.2678,
        0.2678,
        0.2678,
        0.4561,
        0.3811,
        0.5294,
        0.1029,
        -0.179,
        0.1029,
        0.5844,
        0.6052,
        1.0,
        0.1029,
        0.311,
        0.3198,
        0.4065,
        0.364,
        0.0591,
        0.212,
        0.1553,
        0.3424,
        0.4226,
        0.1029,
        0.2155,
        0.6679,
        0.5398,
        0.4322,
        0.1029,
        0.2458,
        0.5731,
        0.2951,
        0.5584,
        0.1029,
        0.2678,
        0.1029,
        0.1029,
        0.2279,
        0.6567,
        0.4933,
        0.671,
        0.4476
      ],
      [
        0.0707,
        0.0707,
        0.0707,
        0.0707,
        0.0911,
        0.0744,
        0.1028,
        0.0201,
        0.0066,
        0.0201,
        0.0958,
        0.074,
        0.1029,
        1.0,
        0.0772,
        0.049,
        0.0615,
        0.0761,
        0.0255,
        0.021,
        0.045,
        0.0314,
        0.0792,
        0.0201,
        0.0601,
        0.0963,
        0.0758,
        0.0935,
        0.0201,
        0.0685,
        0.0662,
        0.0745,
        0.098,
        0.0201,
        0.0707,
        0.0201,
        0.0201,
        0.068,
        0.0976,
        0.0811,
        0.0888,
        0.0888
      ],
      [
        0.3901,
        0.3901,
        0.3901,
        0.3901,
        0.3555,
        0.2888,
        0.4093,
        0.0772,
        0.2088,
        0.0772,
        0.3165,
        0.1367,
        0.311,
        0.0772,
        1.0,
        0.1525,
        0.191,
        0.2981,
        0.174,
        0.1204,
        0.2545,
        0.0652,
        0.2766,
        0.0772,
        0.3068,
        0.2595,
        0.1988,
        0.3789,
        0.0772,
        0.3554,
        0.1215,
        0.3352,
        0.3431,
        0.0772,
        0.3901,
        0.0772,
        0.0772,
        0.3676,
        0.2793,
        0.2471,
        0.2062,
        0.3269
      ],
      [
        0.073,
        0.073,
        0.073,
        0.073,
        0.2194,
        0.0657,
        0.1998,
        0.049,
        0.0049,
        0.049,
        0.2361,
        0.2439,
        0.3198,
        0.049,
        0.1525,
        1.0,
        0.0882,
        0.031,
        -0.0101,
        0.2391,
        0.0496,
        0.0165,
        0.1414,
        0.049,
        0.0825,
        0.4641,
        0.5492,
        0.2024,
        0.049,
        0.1578,
        0.196,
        0.1652,
        0.2186,
        0.049,
        0.073,
        0.049,
        0.049,
        0.1269,
        0.3509,
        0.1884,
        0.2858,
        0.1813
      ],
      [
        0.2439,
        0.2439,
        0.2439,
        0.2439,
        0.3121,
        0.2091,
        0.4251,
        0.0615,
        -0.2263,
        0.0615,
        0.4037,
        0.4098,
        0.4065,
        0.0615,
        0.191,
        0.0882,
        1.0,
        0.3481,
        0.0501,
        0.206,
        0.1458,
        0.3438,
        0.1772,
        0.0615,
        0.2035,
        0.3278,
        0.1573,
        0.2453,
        0.0615,
        0.0677,
        0.4102,
        0.1901,
        0.3841,
        0.0615,
        0.2439,
        0.0615,
        0.0615,
        0.1677,
        0.4062,
        0.3667,
        0.4547,
        0.3204
      ],
      [
        0.3161,
        0.3161,
        0.3161,
        0.3161,
        0.4335,
        0.1755,
        0.5596,
        0.0761,
        -0.1552,
        0.0761,
        0.3948,
        0.2631,
        0.364,
        0.0761,
        0.2981,
        0.031,
        0.3481,
        1.0,
        -0.0643,
        0.0505,
        0.1957,
        0.1116,
        0.1496,
        0.0761,
        0.3605,
        0.2001,
        -0.0061,
        0.3823,
        0.0761,
        0.112,
        0.219,
        0.3751,
        0.4268,
        0.0761,
        0.3161,
        0.0761,
        0.0761,
        0.3014,
        0.3276,
        0.4488,
        0.316,
        0.4819
      ],
      [
        0.2913,
        0.2913,
        0.2913,
        0.2913,
        0.1372,
        0.0753,
        0.1087,
        0.0255,
        -0.0255,
        0.0255,
        0.0543,
        -0.0813,
        0.0591,
        0.0255,
        0.174,
        -0.0101,
        0.0501,
        -0.0643,
        1.0,
        -0.0286,
        0.3321,
        0.0346,
        -0.0189,
        0.0255,
        0.2708,
        0.0111,
        0.031,
        0.0335,
        0.0255,
        0.1005,
        -0.1166,
        0.1545,
        0.0461,
        0.0255,
        0.2913,
        0.0255,
        0.0255,
        0.3111,
        0.0593,
        -0.0692,
        0.0207,
        0.0598
      ],
      [
        0.293,
        0.293,
        0.293,
        0.293,
        0.1291,
        -0.0334,
        0.2594,
        0.021,
        0.0577,
        0.021,
        0.2253,
        0.2356,
        0.212,
        0.021,
        0.1204,
        0.2391,
        0.206,
        0.0505,
        -0.0286,
        1.0,
        0.1512,
        0.4232,
        -0.1011,
        0.021,
        0.1212,
        0.2904,
        0.3036,
        0.0264,
        0.021,
        0.0801,
        0.3123,
        0.0323,
        0.1725,
        0.021,
        0.293,
        0.021,
        0.021,
        0.1562,
        0.2784,
        0.1284,
        0.2762,
        0.0444
      ],
      [
        0.3438,
        0.3438,
        0.3438,
        0.3438,
        0.2471,
        0.1082,
        0.3032,
        0.045,
        0.0842,
        0.045,
        0.1811,
        0.0204,
        0.1553,
        0.045,
        0.2545,
        0.0496,
        0.1458,
        0.1957,
        0.3321,
        0.1512,
        1.0,
        0.0686,
        0.046,
        0.045,
        0.2973,
        0.0847,
        0.0382,
        0.1956,
        0.045,
        0.178,
        0.0088,
        0.2449,
        0.1952,
        0.045,
        0.3438,
        0.045,
        0.045,
        0.323,
        0.1434,
        0.13,
        0.0915,
        0.2105
      ],
      [
        0.2202,
        0.2202,
        0.2202,
        0.2202,
        0.0676,
        0.3513,
        0.206,
        0.0314,
        -0.0877,
        0.0314,
        0.3574,
        0.5039,
        0.3424,
        0.0314,
        0.0652,
        0.0165,
        0.3438,
        0.1116,
        0.0346,
        0.4232,
        0.0686,
        1.0,
        0.2756,
        0.0314,
        -0.0479,
        0.3095,
        0.1351,
        0.0571,
        0.0314,
        0.1039,
        0.6333,
        -0.1163,
        0.2857,
        0.0314,
        0.2202,
        0.0314,
        0.0314,
        -0.0266,
        0.3627,
        0.1877,
        0.5083,
        0.0285
      ],
      [
        0.1972,
        0.1972,
        0.1972,
        0.1972,
        0.195,
        0.658,
        0.1965,
        0.0792,
        0.3,
        0.0792,
        0.3811,
        0.3884,
        0.4226,
        0.0792,
        0.2766,
        0.1414,
        0.1772,
        0.1496,
        -0.0189,
        -0.1011,
        0.046,
        0.2756,
        1.0,
        0.0792,
        -0.0328,
        0.4311,
        0.336,
        0.3894,
        0.0792,
        0.4925,
        0.4405,
        0.0994,
        0.3786,
        0.0792,
        0.1972,
        0.0792,
        0.0792,
        0.0867,
        0.3686,
        0.2068,
        0.3948,
        0.1792
      ],
      [
        0.0707,
        0.0707,
        0.0707,
        0.0707,
        0.0911,
        0.0744,
        0.1028,
        0.0201,
        0.0066,
        0.0201,
        0.0958,
        0.074,
        0.1029,
        0.0201,
        0.0772,
        0.049,
        0.0615,
        0.0761,
        0.0255,
        0.021,
        0.045,
        0.0314,
        0.0792,
        1.0,
        0.0601,
        0.0963,
        0.0758,
        0.0935,
        0.0201,
        0.0685,
        0.0662,
        0.0745,
        0.098,
        0.0201,
        0.0707,
        0.0201,
        0.0201,
        0.068,
        0.0976,
        0.0811,
        0.0888,
        0.0888
      ],
      [
        0.3652,
        0.3652,
        0.3652,
        0.3652,
        0.3837,
        0.0177,
        0.4568,
        0.0601,
        -0.0425,
        0.0601,
        0.2399,
        0.0286,
        0.2155,
        0.0601,
        0.3068,
        0.0825,
        0.2035,
        0.3605,
        0.2708,
        0.1212,
        0.2973,
        -0.0479,
        -0.0328,
        0.0601,
        1.0,
        0.1107,
        0.038,
        0.2839,
        0.0601,
        0.1209,
        -0.038,
        0.3917,
        0.2735,
        0.0601,
        0.3652,
        0.0601,
        0.0601,
        0.4082,
        0.2001,
        0.2654,
        0.117,
        0.3765
      ],
      [
        0.1664,
        0.1664,
        0.1664,
        0.1664,
        0.396,
        0.3417,
        0.421,
        0.0963,
        -0.1394,
        0.0963,
        0.5506,
        0.6318,
        0.6679,
        0.0963,
        0.2595,
        0.4641,
        0.3278,
        0.2001,
        0.0111,
        0.2904,
        0.0847,
        0.3095,
        0.4311,
        0.0963,
        0.1107,
        1.0,
        0.7695,
        0.3866,
        0.0963,
        0.2586,
        0.5945,
        0.2288,
        0.5068,
        0.0963,
        0.1664,
        0.0963,
        0.0963,
        0.1549,
        0.6945,
        0.4332,
        0.6902,
        0.3631
      ],
      [
        0.0673,
        0.0673,
        0.0673,
        0.0673,
        0.292,
        0.2133,
        0.2493,
        0.0758,
        -0.0266,
        0.0758,
        0.3958,
        0.4753,
        0.5398,
        0.0758,
        0.1988,
        0.5492,
        0.1573,
        -0.0061,
        0.031,
        0.3036,
        0.0382,
        0.1351,
        0.336,
        0.0758,
        0.038,
        0.7695,
        1.0,
        0.2934,
        0.0758,
        0.2555,
        0.4217,
        0.1743,
        0.352,
        0.0758,
        0.0673,
        0.0758,
        0.0758,
        0.1164,
        0.5851,
        0.2774,
        0.5292,
        0.2321
      ],
      [
        0.3267,
        0.3267,
        0.3267,
        0.3267,
        0.4211,
        0.356,
        0.4686,
        0.0935,
        0.1187,
        0.0935,
        0.4107,
        0.2711,
        0.4322,
        0.0935,
        0.3789,
        0.2024,
        0.2453,
        0.3823,
        0.0335,
        0.0264,
        0.1956,
        0.0571,
        0.3894,
        0.0935,
        0.2839,
        0.3866,
        0.2934,
        1.0,
        0.0935,
        0.3588,
        0.2319,
        0.3723,
        0.4394,
        0.0935,
        0.3267,
        0.0935,
        0.0935,
        0.3272,
        0.3925,
        0.3645,
        0.3317,
        0.422
      ],
      [
        0.0707,
        0.0707,
        0.0707,
        0.0707,
        0.0911,
        0.0744,
        0.1028,
        0.0201,
        0.0066,
        0.0201,
        0.0958,
        0.074,
        0.1029,
        0.0201,
        0.0772,
        0.049,
        0.0615,
        0.0761,
        0.0255,
        0.021,
        0.045,
        0.0314,
        0.0792,
        0.0201,
        0.0601,
        0.0963,
        0.0758,
        0.0935,
        1.0,
        0.0685,
        0.0662,
        0.0745,
        0.098,
        0.0201,
        0.0707,
        0.0201,
        0.0201,
        0.068,
