{
  "_meta": {
    "generated": "2026-05-03T09:17:01",
    "portfolio_generated": "2026-05-03T09:13:27.322098",
    "n_assets": 43,
    "n_with_returns": 30,
    "covariance_method": "hybrid_shrunk",
    "condition_number": 350.57,
    "pca_factors": 5
  },
  "profiles": {
    "Agressif": {
      "n_assets": 16,
      "weighted_avg_correlation": 0.2657,
      "most_correlated": [
        {
          "t1": "SOXX",
          "t2": "VRT",
          "corr": 0.7161,
          "w1": 5.6,
          "w2": 3.9,
          "combined_weight": 9.5
        },
        {
          "t1": "PICK",
          "t2": "XCEM",
          "corr": 0.7056,
          "w1": 8.7,
          "w2": 8.4,
          "combined_weight": 17.1
        },
        {
          "t1": "XCEM",
          "t2": "FLKR",
          "corr": 0.7017,
          "w1": 8.4,
          "w2": 3.5,
          "combined_weight": 11.9
        },
        {
          "t1": "NVDA",
          "t2": "VRT",
          "corr": 0.6867,
          "w1": 6.5,
          "w2": 3.9,
          "combined_weight": 10.4
        },
        {
          "t1": "PICK",
          "t2": "REMX",
          "corr": 0.6866,
          "w1": 8.7,
          "w2": 7.4,
          "combined_weight": 16.1
        },
        {
          "t1": "SOXX",
          "t2": "XCEM",
          "corr": 0.6769,
          "w1": 5.6,
          "w2": 8.4,
          "combined_weight": 14.1
        },
        {
          "t1": "CDE",
          "t2": "GLD",
          "corr": 0.6626,
          "w1": 2.7,
          "w2": 9.5,
          "combined_weight": 12.2
        },
        {
          "t1": "SOXX",
          "t2": "FLKR",
          "corr": 0.6569,
          "w1": 5.6,
          "w2": 3.5,
          "combined_weight": 9.1
        },
        {
          "t1": "PICK",
          "t2": "FLKR",
          "corr": 0.6497,
          "w1": 8.7,
          "w2": 3.5,
          "combined_weight": 12.1
        },
        {
          "t1": "PICK",
          "t2": "SOXX",
          "corr": 0.6081,
          "w1": 8.7,
          "w2": 5.6,
          "combined_weight": 14.3
        }
      ],
      "least_correlated": [
        {
          "t1": "PAAA",
          "t2": "SGOV",
          "corr": 0.0243,
          "w1": 6.7,
          "w2": 4.5,
          "combined_weight": 11.2
        },
        {
          "t1": "VRT",
          "t2": "PAAA",
          "corr": 0.0195,
          "w1": 3.9,
          "w2": 6.7,
          "combined_weight": 10.7
        },
        {
          "t1": "VRT",
          "t2": "SGOV",
          "corr": 0.0195,
          "w1": 3.9,
          "w2": 4.5,
          "combined_weight": 8.4
        },
        {
          "t1": "PAAA",
          "t2": "CDE",
          "corr": 0.0148,
          "w1": 6.7,
          "w2": 2.7,
          "combined_weight": 9.4
        },
        {
          "t1": "CDE",
          "t2": "SGOV",
          "corr": 0.0148,
          "w1": 2.7,
          "w2": 4.5,
          "combined_weight": 7.1
        }
      ],
      "high_corr_high_weight": [
        {
          "t1": "PICK",
          "t2": "XCEM",
          "corr": 0.7056,
          "w1": 8.7,
          "w2": 8.4,
          "combined_weight": 17.1
        },
        {
          "t1": "XCEM",
          "t2": "FLKR",
          "corr": 0.7017,
          "w1": 8.4,
          "w2": 3.5,
          "combined_weight": 11.9
        }
      ]
    },
    "Mod\u00e9r\u00e9": {
      "n_assets": 16,
      "weighted_avg_correlation": 0.1496,
      "most_correlated": [
        {
          "t1": "VSS",
          "t2": "FNDF",
          "corr": 0.6745,
          "w1": 8.6,
          "w2": 8.3,
          "combined_weight": 16.8
        },
        {
          "t1": "CF",
          "t2": "EOG",
          "corr": 0.6488,
          "w1": 6.3,
          "w2": 3.7,
          "combined_weight": 10.0
        },
        {
          "t1": "FNDF",
          "t2": "FDVV",
          "corr": 0.6054,
          "w1": 8.3,
          "w2": 7.4,
          "combined_weight": 15.7
        },
        {
          "t1": "VSS",
          "t2": "FDVV",
          "corr": 0.595,
          "w1": 8.6,
          "w2": 7.4,
          "combined_weight": 16.0
        },
        {
          "t1": "FNDF",
          "t2": "BMED",
          "corr": 0.5364,
          "w1": 8.3,
          "w2": 5.4,
          "combined_weight": 13.7
        },
        {
          "t1": "FDVV",
          "t2": "BMED",
          "corr": 0.5268,
          "w1": 7.4,
          "w2": 5.4,
          "combined_weight": 12.9
        },
        {
          "t1": "VSS",
          "t2": "BMED",
          "corr": 0.5256,
          "w1": 8.6,
          "w2": 5.4,
          "combined_weight": 14.0
        },
        {
          "t1": "BMED",
          "t2": "XLV",
          "corr": 0.4762,
          "w1": 5.4,
          "w2": 3.1,
          "combined_weight": 8.5
        },
        {
          "t1": "FNDF",
          "t2": "XLV",
          "corr": 0.4636,
          "w1": 8.3,
          "w2": 3.1,
          "combined_weight": 11.3
        },
        {
          "t1": "SCHD",
          "t2": "FNDF",
          "corr": 0.4598,
          "w1": 5.5,
          "w2": 8.3,
          "combined_weight": 13.7
        }
      ],
      "least_correlated": [
        {
          "t1": "FDVV",
          "t2": "CF",
          "corr": -0.1414,
          "w1": 7.4,
          "w2": 6.3,
          "combined_weight": 13.7
        },
        {
          "t1": "CF",
          "t2": "BMED",
          "corr": -0.1626,
          "w1": 6.3,
          "w2": 5.4,
          "combined_weight": 11.7
        },
        {
          "t1": "FNDF",
          "t2": "CF",
          "corr": -0.1946,
          "w1": 8.3,
          "w2": 6.3,
          "combined_weight": 14.6
        },
        {
          "t1": "CF",
          "t2": "XLV",
          "corr": -0.2012,
          "w1": 6.3,
          "w2": 3.1,
          "combined_weight": 9.4
        },
        {
          "t1": "VSS",
          "t2": "CF",
          "corr": -0.2484,
          "w1": 8.6,
          "w2": 6.3,
          "combined_weight": 14.9
        }
      ],
      "high_corr_high_weight": []
    },
    "Stable": {
      "n_assets": 15,
      "weighted_avg_correlation": 0.1335,
      "most_correlated": [
        {
          "t1": "SUNPHARMA",
          "t2": "2912",
          "corr": 0.5188,
          "w1": 5.5,
          "w2": 4.5,
          "combined_weight": 9.9
        },
        {
          "t1": "ACWV",
          "t2": "SPYV",
          "corr": 0.465,
          "w1": 4.8,
          "w2": 4.4,
          "combined_weight": 9.2
        },
        {
          "t1": "ACWV",
          "t2": "XLV",
          "corr": 0.4511,
          "w1": 4.8,
          "w2": 4.9,
          "combined_weight": 9.7
        },
        {
          "t1": "SPYV",
          "t2": "XLV",
          "corr": 0.4446,
          "w1": 4.4,
          "w2": 4.9,
          "combined_weight": 9.3
        },
        {
          "t1": "VICI",
          "t2": "PG",
          "corr": 0.4357,
          "w1": 5.3,
          "w2": 5.3,
          "combined_weight": 10.6
        },
        {
          "t1": "VICI",
          "t2": "SUNPHARMA",
          "corr": 0.4224,
          "w1": 5.3,
          "w2": 5.5,
          "combined_weight": 10.8
        },
        {
          "t1": "VICI",
          "t2": "2912",
          "corr": 0.4224,
          "w1": 5.3,
          "w2": 4.5,
          "combined_weight": 9.8
        },
        {
          "t1": "ACWV",
          "t2": "SPLV",
          "corr": 0.4102,
          "w1": 4.8,
          "w2": 4.9,
          "combined_weight": 9.7
        },
        {
          "t1": "SPLV",
          "t2": "PG",
          "corr": 0.4017,
          "w1": 4.9,
          "w2": 5.3,
          "combined_weight": 10.2
        },
        {
          "t1": "ACWV",
          "t2": "PG",
          "corr": 0.4011,
          "w1": 4.8,
          "w2": 5.3,
          "combined_weight": 10.1
        }
      ],
      "least_correlated": [
        {
          "t1": "BSV",
          "t2": "VGSH",
          "corr": 0.0243,
          "w1": 10.8,
          "w2": 13.0,
          "combined_weight": 23.8
        },
        {
          "t1": "BSV",
          "t2": "STIP",
          "corr": 0.0243,
          "w1": 10.8,
          "w2": 13.0,
          "combined_weight": 23.8
        },
        {
          "t1": "CLTL",
          "t2": "VGSH",
          "corr": 0.0243,
          "w1": 7.8,
          "w2": 13.0,
          "combined_weight": 20.8
        },
        {
          "t1": "CLTL",
          "t2": "STIP",
          "corr": 0.0243,
          "w1": 7.8,
          "w2": 13.0,
          "combined_weight": 20.8
        },
        {
          "t1": "VGSH",
          "t2": "STIP",
          "corr": 0.0243,
          "w1": 13.0,
          "w2": 13.0,
          "combined_weight": 26.0
        }
      ],
      "high_corr_high_weight": []
    }
  },
  "all_pairs_top_30": [
    {
      "t1": "SOXX",
      "t2": "VRT",
      "corr_hybrid": 0.7161,
      "corr_structured": null,
      "cat1": "ETF",
      "cat2": "Act",
      "exp1": "semiconductor",
      "exp2": null,
      "fam1": "sector_tech",
      "fam2": null
    },
    {
      "t1": "VSS",
      "t2": "XCEM",
      "corr_hybrid": 0.7062,
      "corr_structured": 0.2,
      "cat1": "ETF",
      "cat2": "ETF",
      "exp1": "intl_small_cap",
      "exp2": "emerging_markets",
      "fam1": null,
      "fam2": "em_equity"
    },
    {
      "t1": "PICK",
      "t2": "XCEM",
      "corr_hybrid": 0.7056,
      "corr_structured": 0.2,
      "cat1": "ETF",
      "cat2": "ETF",
      "exp1": "metals_mining",
      "exp2": "emerging_markets",
      "fam1": null,
      "fam2": "em_equity"
    },
    {
      "t1": "PICK",
      "t2": "VSS",
      "corr_hybrid": 0.7029,
      "corr_structured": 0.2,
      "cat1": "ETF",
      "cat2": "ETF",
      "exp1": "metals_mining",
      "exp2": "intl_small_cap",
      "fam1": null,
      "fam2": null
    },
    {
      "t1": "FLKR",
      "t2": "XCEM",
      "corr_hybrid": 0.7017,
      "corr_structured": 0.9,
      "cat1": "ETF",
      "cat2": "ETF",
      "exp1": "south_korea",
      "exp2": "emerging_markets",
      "fam1": "em_equity",
      "fam2": "em_equity"
    },
    {
      "t1": "FNDF",
      "t2": "XCEM",
      "corr_hybrid": 0.6907,
      "corr_structured": 0.62,
      "cat1": "ETF",
      "cat2": "ETF",
      "exp1": "international",
      "exp2": "emerging_markets",
      "fam1": "intl_equity",
      "fam2": "em_equity"
    },
    {
      "t1": "NVDA",
      "t2": "VRT",
      "corr_hybrid": 0.6867,
      "corr_structured": null,
      "cat1": "Act",
      "cat2": "Act",
      "exp1": null,
      "exp2": null,
      "fam1": null,
      "fam2": null
    },
    {
      "t1": "PICK",
      "t2": "REMX",
      "corr_hybrid": 0.6866,
      "corr_structured": 0.2,
      "cat1": "ETF",
      "cat2": "ETF",
      "exp1": "metals_mining",
      "exp2": "rare_earth",
      "fam1": null,
      "fam2": null
    },
    {
      "t1": "FNDF",
      "t2": "PICK",
      "corr_hybrid": 0.6788,
      "corr_structured": 0.2,
      "cat1": "ETF",
      "cat2": "ETF",
      "exp1": "international",
      "exp2": "metals_mining",
      "fam1": "intl_equity",
      "fam2": null
    },
    {
      "t1": "SOXX",
      "t2": "XCEM",
      "corr_hybrid": 0.6769,
      "corr_structured": 0.2,
      "cat1": "ETF",
      "cat2": "ETF",
      "exp1": "semiconductor",
      "exp2": "emerging_markets",
      "fam1": "sector_tech",
      "fam2": "em_equity"
    },
    {
      "t1": "FNDF",
      "t2": "VSS",
      "corr_hybrid": 0.6745,
      "corr_structured": 0.2,
      "cat1": "ETF",
      "cat2": "ETF",
      "exp1": "international",
      "exp2": "intl_small_cap",
      "fam1": "intl_equity",
      "fam2": null
    },
    {
      "t1": "CDE",
      "t2": "GLD",
      "corr_hybrid": 0.6626,
      "corr_structured": null,
      "cat1": "Act",
      "cat2": "ETF",
      "exp1": null,
      "exp2": "gold_physical",
      "fam1": null,
      "fam2": "gold"
    },
    {
      "t1": "FLKR",
      "t2": "SOXX",
      "corr_hybrid": 0.6569,
      "corr_structured": 0.2,
      "cat1": "ETF",
      "cat2": "ETF",
      "exp1": "south_korea",
      "exp2": "semiconductor",
      "fam1": "em_equity",
      "fam2": "sector_tech"
    },
    {
      "t1": "FLKR",
      "t2": "PICK",
      "corr_hybrid": 0.6497,
      "corr_structured": 0.2,
      "cat1": "ETF",
      "cat2": "ETF",
      "exp1": "south_korea",
      "exp2": "metals_mining",
      "fam1": "em_equity",
      "fam2": null
    },
    {
      "t1": "CF",
      "t2": "EOG",
      "corr_hybrid": 0.6488,
      "corr_structured": null,
      "cat1": "Act",
      "cat2": "Act",
      "exp1": null,
      "exp2": null,
      "fam1": null,
      "fam2": null
    },
    {
      "t1": "FLKR",
      "t2": "VSS",
      "corr_hybrid": 0.6352,
      "corr_structured": 0.2,
      "cat1": "ETF",
      "cat2": "ETF",
      "exp1": "south_korea",
      "exp2": "intl_small_cap",
      "fam1": "em_equity",
      "fam2": null
    },
    {
      "t1": "FLKR",
      "t2": "FNDF",
      "corr_hybrid": 0.6239,
      "corr_structured": 0.62,
      "cat1": "ETF",
      "cat2": "ETF",
      "exp1": "south_korea",
      "exp2": "international",
      "fam1": "em_equity",
      "fam2": "intl_equity"
    },
    {
      "t1": "FDVV",
      "t2": "XCEM",
      "corr_hybrid": 0.6129,
      "corr_structured": 0.2,
      "cat1": "ETF",
      "cat2": "ETF",
      "exp1": "dividend",
      "exp2": "emerging_markets",
      "fam1": "factor_dividend",
      "fam2": "em_equity"
    },
    {
      "t1": "PICK",
      "t2": "SOXX",
      "corr_hybrid": 0.6081,
      "corr_structured": 0.2,
      "cat1": "ETF",
      "cat2": "ETF",
      "exp1": "metals_mining",
      "exp2": "semiconductor",
      "fam1": null,
      "fam2": "sector_tech"
    },
    {
      "t1": "FDVV",
      "t2": "FNDF",
      "corr_hybrid": 0.6054,
      "corr_structured": 0.2,
      "cat1": "ETF",
      "cat2": "ETF",
      "exp1": "dividend",
      "exp2": "international",
      "fam1": "factor_dividend",
      "fam2": "intl_equity"
    },
    {
      "t1": "FDVV",
      "t2": "VSS",
      "corr_hybrid": 0.595,
      "corr_structured": 0.2,
      "cat1": "ETF",
      "cat2": "ETF",
      "exp1": "dividend",
      "exp2": "intl_small_cap",
      "fam1": "factor_dividend",
      "fam2": null
    },
    {
      "t1": "SOXX",
      "t2": "VSS",
      "corr_hybrid": 0.5846,
      "corr_structured": 0.2,
      "cat1": "ETF",
      "cat2": "ETF",
      "exp1": "semiconductor",
      "exp2": "intl_small_cap",
      "fam1": "sector_tech",
      "fam2": null
    },
    {
      "t1": "EOG",
      "t2": "SHEL",
      "corr_hybrid": 0.579,
      "corr_structured": null,
      "cat1": "Act",
      "cat2": "Act",
      "exp1": null,
      "exp2": null,
      "fam1": null,
      "fam2": null
    },
    {
      "t1": "FNDF",
      "t2": "SPYV",
      "corr_hybrid": 0.5787,
      "corr_structured": 0.2,
      "cat1": "ETF",
      "cat2": "ETF",
      "exp1": "international",
      "exp2": "sp500_value",
      "fam1": "intl_equity",
      "fam2": "factor_value"
    },
    {
      "t1": "REMX",
      "t2": "VSS",
      "corr_hybrid": 0.5745,
      "corr_structured": 0.2,
      "cat1": "ETF",
      "cat2": "ETF",
      "exp1": "rare_earth",
      "exp2": "intl_small_cap",
      "fam1": null,
      "fam2": null
    },
    {
      "t1": "FDVV",
      "t2": "PICK",
      "corr_hybrid": 0.5714,
      "corr_structured": 0.2,
      "cat1": "ETF",
      "cat2": "ETF",
      "exp1": "dividend",
      "exp2": "metals_mining",
      "fam1": "factor_dividend",
      "fam2": null
    },
    {
      "t1": "CDE",
      "t2": "PICK",
      "corr_hybrid": 0.5687,
      "corr_structured": null,
      "cat1": "Act",
      "cat2": "ETF",
      "exp1": null,
      "exp2": "metals_mining",
      "fam1": null,
      "fam2": null
    },
    {
      "t1": "FNDF",
      "t2": "SOXX",
      "corr_hybrid": 0.5674,
      "corr_structured": 0.2,
      "cat1": "ETF",
      "cat2": "ETF",
      "exp1": "international",
      "exp2": "semiconductor",
      "fam1": "intl_equity",
      "fam2": "sector_tech"
    },
    {
      "t1": "REMX",
      "t2": "XCEM",
      "corr_hybrid": 0.5671,
      "corr_structured": 0.2,
      "cat1": "ETF",
      "cat2": "ETF",
      "exp1": "rare_earth",
      "exp2": "emerging_markets",
      "fam1": null,
      "fam2": "em_equity"
    },
    {
      "t1": "NVDA",
      "t2": "SOXX",
      "corr_hybrid": 0.565,
      "corr_structured": null,
      "cat1": "Act",
      "cat2": "ETF",
      "exp1": null,
      "exp2": "semiconductor",
      "fam1": null,
      "fam2": "sector_tech"
    }
  ],
  "all_pairs_bottom_10": [
    {
      "t1": "CF",
      "t2": "GBIL",
      "corr_hybrid": -0.0023,
      "corr_structured": null,
      "cat1": "Act",
      "cat2": "Obl",
      "exp1": null,
      "exp2": "bonds_tbill",
      "fam1": null,
      "fam2": "bonds_short"
    },
    {
      "t1": "CF",
      "t2": "PAAA",
      "corr_hybrid": -0.0023,
      "corr_structured": null,
      "cat1": "Act",
      "cat2": "Obl",
      "exp1": null,
      "exp2": "bonds_clo_aaa",
      "fam1": null,
      "fam2": "bonds_short"
    },
    {
      "t1": "CF",
      "t2": "SGOV",
      "corr_hybrid": -0.0023,
      "corr_structured": null,
      "cat1": "Act",
      "cat2": "Obl",
      "exp1": null,
      "exp2": "bonds_tbill",
      "fam1": null,
      "fam2": "bonds_short"
    },
    {
      "t1": "CF",
      "t2": "STIP",
      "corr_hybrid": -0.0023,
      "corr_structured": null,
      "cat1": "Act",
      "cat2": "Obl",
      "exp1": null,
      "exp2": "bonds_tips",
      "fam1": null,
      "fam2": "bonds_gov"
    },
    {
      "t1": "CF",
      "t2": "USFR",
      "corr_hybrid": -0.0023,
      "corr_structured": null,
      "cat1": "Act",
      "cat2": "Obl",
      "exp1": null,
      "exp2": "us_equity",
      "fam1": null,
      "fam2": "us_equity_large"
    },
    {
      "t1": "CF",
      "t2": "VGSH",
      "corr_hybrid": -0.0023,
      "corr_structured": null,
      "cat1": "Act",
      "cat2": "Obl",
      "exp1": null,
      "exp2": "bonds_short_treasury",
      "fam1": null,
      "fam2": "bonds_short"
    },
    {
      "t1": "NVDA",
      "t2": "SPLV",
      "corr_hybrid": -0.0015,
      "corr_structured": null,
      "cat1": "Act",
      "cat2": "ETF",
      "exp1": null,
      "exp2": "sp500",
      "fam1": null,
      "fam2": "us_equity_large"
    },
    {
      "t1": "CF",
      "t2": "ITX",
      "corr_hybrid": 0.0014,
      "corr_structured": null,
      "cat1": "Act",
      "cat2": "Act",
      "exp1": null,
      "exp2": null,
      "fam1": null,
      "fam2": null
    },
    {
      "t1": "CDE",
      "t2": "ITX",
      "corr_hybrid": 0.0008,
      "corr_structured": null,
      "cat1": "Act",
      "cat2": "Act",
      "exp1": null,
      "exp2": null,
      "fam1": null,
      "fam2": null
    },
    {
      "t1": "NOVN",
      "t2": "VRT",
      "corr_hybrid": 0.0003,
      "corr_structured": null,
      "cat1": "Act",
      "cat2": "Act",
      "exp1": null,
      "exp2": null,
      "fam1": null,
      "fam2": null
    }
  ],
  "correlation_matrix": {
    "tickers": [
      "000660",
      "2059",
      "2912",
      "5274",
      "ACWV",
      "BKR",
      "BMED",
      "BSV",
      "CDE",
      "CF",
      "CLTL",
      "EOG",
      "FDVV",
      "FLKR",
      "FNDF",
      "GBIL",
      "GD",
      "GLD",
      "ITX",
      "LI",
      "NOVN",
      "NVDA",
      "OIH",
      "PAAA",
      "PG",
      "PICK",
      "REMX",
      "SCHD",
      "SGOV",
      "SHEL",
      "SOXX",
      "SPLV",
      "SPYV",
      "STIP",
      "SUNPHARMA",
      "USFR",
      "VGSH",
      "VICI",
      "VRT",
      "VSS",
      "XBI",
      "XCEM",
      "XLV"
    ],
    "matrix": [
      [
        1.0,
        0.5188,
        0.5188,
        0.5188,
        0.3214,
        0.2942,
        0.4115,
        0.0693,
        0.1373,
        0.2519,
        0.0693,
        0.3263,
        0.3036,
        0.0969,
        0.2566,
        0.0693,
        0.3795,
        0.095,
        0.3453,
        0.2798,
        0.3055,
        0.2156,
        0.208,
        0.0693,
        0.3679,
        0.169,
        0.0769,
        0.3134,
        0.0693,
        0.372,
        0.1271,
        0.2967,
        0.3088,
        0.0693,
        0.5188,
        0.0693,
        0.0693,
        0.4224,
        0.185,
        0.233,
        0.1729,
        0.1803,
        0.2486
      ],
      [
        0.5188,
        1.0,
        0.5188,
        0.5188,
        0.3214,
        0.2942,
        0.4115,
        0.0693,
        0.1373,
        0.2519,
        0.0693,
        0.3263,
        0.3036,
        0.0969,
        0.2566,
        0.0693,
        0.3795,
        0.095,
        0.3453,
        0.2798,
        0.3055,
        0.2156,
        0.208,
        0.0693,
        0.3679,
        0.169,
        0.0769,
        0.3134,
        0.0693,
        0.372,
        0.1271,
        0.2967,
        0.3088,
        0.0693,
        0.5188,
        0.0693,
        0.0693,
        0.4224,
        0.185,
        0.233,
        0.1729,
        0.1803,
        0.2486
      ],
      [
        0.5188,
        0.5188,
        1.0,
        0.5188,
        0.3214,
        0.2942,
        0.4115,
        0.0693,
        0.1373,
        0.2519,
        0.0693,
        0.3263,
        0.3036,
        0.0969,
        0.2566,
        0.0693,
        0.3795,
        0.095,
        0.3453,
        0.2798,
        0.3055,
        0.2156,
        0.208,
        0.0693,
        0.3679,
        0.169,
        0.0769,
        0.3134,
        0.0693,
        0.372,
        0.1271,
        0.2967,
        0.3088,
        0.0693,
        0.5188,
        0.0693,
        0.0693,
        0.4224,
        0.185,
        0.233,
        0.1729,
        0.1803,
        0.2486
      ],
      [
        0.5188,
        0.5188,
        0.5188,
        1.0,
        0.3214,
        0.2942,
        0.4115,
        0.0693,
        0.1373,
        0.2519,
        0.0693,
        0.3263,
        0.3036,
        0.0969,
        0.2566,
        0.0693,
        0.3795,
        0.095,
        0.3453,
        0.2798,
        0.3055,
        0.2156,
        0.208,
        0.0693,
        0.3679,
        0.169,
        0.0769,
        0.3134,
        0.0693,
        0.372,
        0.1271,
        0.2967,
        0.3088,
        0.0693,
        0.5188,
        0.0693,
        0.0693,
        0.4224,
        0.185,
        0.233,
        0.1729,
        0.1803,
        0.2486
      ],
      [
        0.3214,
        0.3214,
        0.3214,
        0.3214,
        1.0,
        0.2529,
        0.5157,
        0.1011,
        0.1596,
        -0.1465,
        0.1011,
        0.0748,
        0.4586,
        0.357,
        0.4846,
        0.1011,
        0.3403,
        0.1619,
        0.2638,
        0.2267,
        0.1316,
        0.1467,
        0.2274,
        0.1011,
        0.4011,
        0.409,
        0.3091,
        0.4172,
        0.1011,
        0.1891,
        0.2455,
        0.4102,
        0.465,
        0.1011,
        0.3214,
        0.1011,
        0.1011,
        0.3701,
        0.0622,
        0.4669,
        0.3795,
        0.4395,
        0.4511
      ],
      [
        0.2942,
        0.2942,
        0.2942,
        0.2942,
        0.2529,
        1.0,
        0.2796,
        0.0829,
        0.1055,
        0.3083,
        0.0829,
        0.4555,
        0.3712,
        0.3154,
        0.3898,
        0.0829,
        0.3084,
        0.1346,
        0.0203,
        0.1415,
        0.0933,
        0.2384,
        0.5512,
        0.0829,
        0.0733,
        0.3964,
        0.37,
        0.4046,
        0.0829,
        0.4818,
        0.3519,
        0.18,
        0.374,
        0.0829,
        0.2942,
        0.0829,
        0.0829,
        0.1892,
        0.2631,
        0.3421,
        0.2113,
        0.3383,
        0.2286
      ],
      [
        0.4115,
        0.4115,
        0.4115,
        0.4115,
        0.5157,
        0.2796,
        1.0,
        0.105,
        0.1934,
        -0.1626,
        0.105,
        0.0701,
        0.5268,
        0.4181,
        0.5364,
        0.105,
        0.3725,
        0.1627,
        0.3167,
        0.3275,
        0.176,
        0.2906,
        0.2234,
        0.105,
        0.4364,
        0.4386,
        0.2964,
        0.4229,
        0.105,
        0.2072,
        0.3531,
        0.4134,
        0.5171,
        0.105,
        0.4115,
        0.105,
        0.105,
        0.4073,
        0.2385,
        0.5256,
        0.4282,
        0.5141,
        0.4762
      ],
      [
        0.0693,
        0.0693,
        0.0693,
        0.0693,
        0.1011,
        0.0829,
        0.105,
        1.0,
        0.0148,
        -0.0023,
        0.0243,
        0.0506,
        0.1046,
        0.0843,
        0.1107,
        0.0243,
        0.0791,
        0.0266,
        0.0413,
        0.0388,
        0.0238,
        0.0359,
        0.086,
        0.0243,
        0.0698,
        0.0954,
        0.0796,
        0.106,
        0.0243,
        0.0686,
        0.0644,
        0.0846,
        0.1077,
        0.0243,
        0.0693,
        0.0243,
        0.0243,
        0.0732,
        0.0195,
        0.1012,
        0.0795,
        0.0979,
        0.0969
      ],
      [
        0.1373,
        0.1373,
        0.1373,
        0.1373,
        0.1596,
        0.1055,
        0.1934,
        0.0148,
        1.0,
        -0.0442,
        0.0148,
        -0.0703,
        0.2475,
        0.2965,
        0.3441,
        0.0148,
        0.1375,
        0.6626,
        0.0008,
        0.3067,
        0.052,
        0.1475,
        0.1153,
        0.0148,
        0.0926,
        0.5687,
        0.4948,
        0.0648,
        0.0148,
        0.1081,
        0.3094,
        0.0585,
        0.1912,
        0.0148,
        0.1373,
        0.0148,
        0.0148,
        0.1094,
        0.2704,
        0.4471,
        0.2097,
        0.3683,
        0.0515
      ],
      [
        0.2519,
        0.2519,
        0.2519,
        0.2519,
        -0.1465,
        0.3083,
        -0.1626,
        -0.0023,
        -0.0442,
        1.0,
        -0.0023,
        0.6488,
        -0.1414,
        -0.3046,
        -0.1946,
        -0.0023,
        0.1714,
        -0.013,
        0.0014,
        -0.0675,
        0.1979,
        -0.0787,
        0.3294,
        -0.0023,
        -0.0877,
        -0.1558,
        -0.0644,
        0.0926,
        -0.0023,
        0.5165,
        -0.1867,
        -0.0588,
        -0.105,
        -0.0023,
        0.2519,
        -0.0023,
        -0.0023,
        0.1014,
        -0.0591,
        -0.2484,
        -0.2695,
        -0.3209,
        -0.2012
      ],
      [
        0.0693,
        0.0693,
        0.0693,
        0.0693,
        0.1011,
        0.0829,
        0.105,
        0.0243,
        0.0148,
        -0.0023,
        1.0,
        0.0506,
        0.1046,
        0.0843,
        0.1107,
        0.0243,
        0.0791,
        0.0266,
        0.0413,
        0.0388,
        0.0238,
        0.0359,
        0.086,
        0.0243,
        0.0698,
        0.0954,
        0.0796,
        0.106,
        0.0243,
        0.0686,
        0.0644,
        0.0846,
        0.1077,
        0.0243,
        0.0693,
        0.0243,
        0.0243,
        0.0732,
        0.0195,
        0.1012,
        0.0795,
        0.0979,
        0.0969
      ],
      [
        0.3263,
        0.3263,
        0.3263,
        0.3263,
        0.0748,
        0.4555,
        0.0701,
        0.0506,
        -0.0703,
        0.6488,
        0.0506,
        1.0,
        0.1116,
        -0.0446,
        0.0803,
        0.0506,
        0.2907,
        0.0047,
        0.0471,
        0.0072,
        0.1843,
        0.0406,
        0.4937,
        0.0506,
        0.0269,
        0.0745,
        0.1215,
        0.3062,
        0.0506,
        0.579,
        0.0232,
        0.1042,
        0.1471,
        0.0506,
        0.3263,
        0.0506,
        0.0506,
        0.1979,
        0.0317,
        0.0074,
        -0.0521,
        -0.0412,
        0.035
      ],
      [
        0.3036,
        0.3036,
        0.3036,
        0.3036,
        0.4586,
        0.3712,
        0.5268,
        0.1046,
        0.2475,
        -0.1414,
        0.1046,
        0.1116,
        1.0,
        0.5457,
        0.6054,
        0.1046,
        0.3214,
        0.2169,
        0.1425,
        0.2955,
        0.0707,
        0.3546,
        0.3796,
        0.1046,
        0.2659,
        0.5714,
        0.4501,
        0.4337,
        0.1046,
        0.2514,
        0.5118,
        0.3187,
        0.54,
        0.1046,
        0.3036,
        0.1046,
        0.1046,
        0.2704,
        0.3606,
        0.595,
        0.4487,
        0.6129,
        0.4375
      ],
      [
        0.0969,
        0.0969,
        0.0969,
        0.0969,
        0.357,
        0.3154,
        0.4181,
        0.0843,
        0.2965,
        -0.3046,
        0.0843,
        -0.0446,
        0.5457,
        1.0,
        0.6239,
        0.0843,
        0.1703,
        0.2454,
        -0.047,
        0.2594,
        -0.0872,
        0.4169,
        0.3719,
        0.0843,
        0.074,
        0.6497,
        0.5351,
        0.3319,
        0.0843,
        0.1153,
        0.6569,
        0.1732,
        0.4986,
        0.0843,
        0.0969,
        0.0843,
        0.0843,
        0.0627,
        0.489,
        0.6352,
        0.4669,
        0.7017,
        0.3684
      ],
      [
        0.2566,
        0.2566,
        0.2566,
        0.2566,
        0.4846,
        0.3898,
        0.5364,
        0.1107,
        0.3441,
        -0.1946,
        0.1107,
        0.0803,
        0.6054,
        0.6239,
        1.0,
        0.1107,
        0.3173,
        0.2972,
        0.0932,
        0.294,
        0.0259,
        0.345,
        0.4244,
        0.1107,
        0.2462,
        0.6788,
        0.5603,
        0.4598,
        0.1107,
        0.2432,
        0.5674,
        0.3267,
        0.5787,
        0.1107,
        0.2566,
        0.1107,
        0.1107,
        0.2459,
        0.3581,
        0.6745,
        0.495,
        0.6907,
        0.4636
      ],
      [
        0.0693,
        0.0693,
        0.0693,
        0.0693,
        0.1011,
        0.0829,
        0.105,
        0.0243,
        0.0148,
        -0.0023,
        0.0243,
        0.0506,
        0.1046,
        0.0843,
        0.1107,
        1.0,
        0.0791,
        0.0266,
        0.0413,
        0.0388,
        0.0238,
        0.0359,
        0.086,
        0.0243,
        0.0698,
        0.0954,
        0.0796,
        0.106,
        0.0243,
        0.0686,
        0.0644,
        0.0846,
        0.1077,
        0.0243,
        0.0693,
        0.0243,
        0.0243,
        0.0732,
        0.0195,
        0.1012,
        0.0795,
        0.0979,
        0.0969
      ],
      [
        0.3795,
        0.3795,
        0.3795,
        0.3795,
        0.3403,
        0.3084,
        0.3725,
        0.0791,
        0.1375,
        0.1714,
        0.0791,
        0.2907,
        0.3214,
        0.1703,
        0.3173,
        0.0791,
        1.0,
        0.1346,
        0.2383,
        0.185,
        0.1995,
        0.1106,
        0.2824,
        0.0791,
        0.3108,
        0.2672,
        0.2099,
        0.3608,
        0.0791,
        0.3403,
        0.1332,
        0.3117,
        0.3365,
        0.0791,
        0.3795,
        0.0791,
        0.0791,
        0.3536,
        0.0552,
        0.288,
        0.209,
        0.237,
        0.2879
      ],
      [
        0.095,
        0.095,
        0.095,
        0.095,
        0.1619,
        0.1346,
        0.1627,
        0.0266,
        0.6626,
        -0.013,
        0.0266,
        0.0047,
        0.2169,
        0.2454,
        0.2972,
        0.0266,
        0.1346,
        1.0,
        -0.0107,
        0.1856,
        0.0237,
        0.0654,
        0.1649,
        0.0266,
        0.0805,
        0.4546,
        0.4158,
        0.1238,
        0.0266,
        0.127,
        0.2219,
        0.0919,
        0.1878,
        0.0266,
        0.095,
        0.0266,
        0.0266,
        0.0991,
        0.1271,
        0.3558,
        0.1783,
        0.2948,
        0.0904
      ],
      [
        0.3453,
        0.3453,
        0.3453,
        0.3453,
        0.2638,
        0.0203,
        0.3167,
        0.0413,
        0.0008,
        0.0014,
        0.0413,
        0.0471,
        0.1425,
        -0.047,
        0.0932,
        0.0413,
        0.2383,
        -0.0107,
        1.0,
        0.1703,
        0.241,
        0.0233,
        -0.0903,
        0.0413,
        0.3976,
        -0.0289,
        -0.1048,
        0.1604,
        0.0413,
        0.0827,
        -0.0982,
        0.285,
        0.1596,
        0.0413,
        0.3453,
        0.0413,
        0.0413,
        0.3626,
        -0.0727,
        0.0827,
        0.1087,
        0.0293,
        0.2155
      ],
      [
        0.2798,
        0.2798,
        0.2798,
        0.2798,
        0.2267,
        0.1415,
        0.3275,
        0.0388,
        0.3067,
        -0.0675,
        0.0388,
        0.0072,
        0.2955,
        0.2594,
        0.294,
        0.0388,
        0.185,
        0.1856,
        0.1703,
        1.0,
        0.1296,
        0.3116,
        0.083,
        0.0388,
        0.1984,
        0.2809,
        0.1661,
        0.1444,
        0.0388,
        0.1138,
        0.3088,
        0.138,
        0.2592,
        0.0388,
        0.2798,
        0.0388,
        0.0388,
        0.1978,
        0.366,
        0.3212,
        0.2307,
        0.3215,
        0.1812
      ],
      [
        0.3055,
        0.3055,
        0.3055,
        0.3055,
        0.1316,
        0.0933,
        0.176,
        0.0238,
        0.052,
        0.1979,
        0.0238,
        0.1843,
        0.0707,
        -0.0872,
        0.0259,
        0.0238,
        0.1995,
        0.0237,
        0.241,
        0.1296,
        1.0,
        0.0373,
        0.0204,
        0.0238,
        0.233,
        -0.0323,
        -0.0703,
        0.1145,
        0.0238,
        0.1863,
        -0.0724,
        0.1562,
        0.0828,
        0.0238,
        0.3055,
        0.0238,
        0.0238,
        0.2606,
        0.0003,
        0.0145,
        0.0125,
        -0.0374,
        0.0794
      ],
      [
        0.2156,
        0.2156,
        0.2156,
        0.2156,
        0.1467,
        0.2384,
        0.2906,
        0.0359,
        0.1475,
        -0.0787,
        0.0359,
        0.0406,
        0.3546,
        0.4169,
        0.345,
        0.0359,
        0.1106,
        0.0654,
        0.0233,
        0.3116,
        0.0373,
        1.0,
        0.2123,
        0.0359,
        0.0045,
        0.3181,
        0.1895,
        0.1278,
        0.0359,
        0.1347,
        0.565,
        -0.0015,
        0.2938,
        0.0359,
        0.2156,
        0.0359,
        0.0359,
        0.0361,
        0.6867,
        0.3571,
        0.2627,
        0.4408,
        0.1462
      ],
      [
        0.208,
        0.208,
        0.208,
        0.208,
        0.2274,
        0.5512,
        0.2234,
        0.086,
        0.1153,
        0.3294,
        0.086,
        0.4937,
        0.3796,
        0.3719,
        0.4244,
        0.086,
        0.2824,
        0.1649,
        -0.0903,
        0.083,
        0.0204,
        0.2123,
        1.0,
        0.086,
        -0.0217,
        0.4714,
        0.4737,
        0.4311,
        0.086,
        0.5132,
        0.3993,
        0.145,
        0.3842,
        0.086,
        0.208,
        0.086,
        0.086,
        0.1128,
        0.2489,
        0.3709,
        0.2149,
        0.3752,
        0.2162
      ],
      [
        0.0693,
        0.0693,
        0.0693,
        0.0693,
        0.1011,
        0.0829,
        0.105,
        0.0243,
        0.0148,
        -0.0023,
        0.0243,
        0.0506,
        0.1046,
        0.0843,
        0.1107,
        0.0243,
        0.0791,
        0.0266,
        0.0413,
        0.0388,
        0.0238,
        0.0359,
        0.086,
        1.0,
        0.0698,
        0.0954,
        0.0796,
        0.106,
        0.0243,
        0.0686,
        0.0644,
        0.0846,
        0.1077,
        0.0243,
        0.0693,
        0.0243,
        0.0243,
        0.0732,
        0.0195,
        0.1012,
        0.0795,
        0.0979,
        0.0969
      ],
      [
        0.3679,
        0.3679,
        0.3679,
        0.3679,
        0.4011,
        0.0733,
        0.4364,
        0.0698,
        0.0926,
        -0.0877,
        0.0698,
        0.0269,
        0.2659,
        0.074,
        0.2462,
        0.0698,
        0.3108,
        0.0805,
        0.3976,
        0.1984,
        0.233,
        0.0045,
        -0.0217,
        0.0698,
        1.0,
        0.1309,
        0.0415,
        0.2783,
        0.0698,
        0.1027,
        -0.041,
        0.4017,
        0.2872,
        0.0698,
        0.3679,
        0.0698,
        0.0698,
        0.4357,
        -0.1233,
        0.2362,
        0.2252,
        0.1692,
        0.3469
      ],
      [
        0.169,
        0.169,
        0.169,
        0.169,
        0.409,
        0.3964,
        0.4386,
        0.0954,
        0.5687,
        -0.1558,
        0.0954,
        0.0745,
        0.5714,
        0.6497,
        0.6788,
        0.0954,
        0.2672,
        0.4546,
        -0.0289,
        0.2809,
        -0.0323,
        0.3181,
        0.4714,
        0.0954,
        0.1309,
        1.0,
        0.6866,
        0.4075,
        0.0954,
        0.2528,
        0.6081,
        0.239,
        0.5324,
        0.0954,
        0.169,
        0.0954,
        0.0954,
        0.153,
        0.3825,
        0.7029,
        0.4661,
        0.7056,
        0.3741
      ],
      [
        0.0769,
        0.0769,
        0.0769,
        0.0769,
        0.3091,
        0.37,
        0.2964,
        0.0796,
        0.4948,
        -0.0644,
        0.0796,
        0.1215,
        0.4501,
        0.5351,
        0.5603,
        0.0796,
        0.2099,
        0.4158,
        -0.1048,
        0.1661,
        -0.0703,
        0.1895,
        0.4737,
        0.0796,
        0.0415,
        0.6866,
        1.0,
        0.3581,
        0.0796,
        0.2544,
        0.4837,
        0.1772,
        0.4258,
        0.0796,
        0.0769,
        0.0796,
        0.0796,
        0.0811,
        0.241,
        0.5745,
        0.3592,
        0.5671,
        0.283
      ],
      [
        0.3134,
        0.3134,
        0.3134,
        0.3134,
        0.4172,
        0.4046,
        0.4229,
        0.106,
        0.0648,
        0.0926,
        0.106,
        0.3062,
        0.4337,
        0.3319,
        0.4598,
        0.106,
        0.3608,
        0.1238,
        0.1604,
        0.1444,
        0.1145,
        0.1278,
        0.4311,
        0.106,
        0.2783,
        0.4075,
        0.3581,
        1.0,
        0.106,
        0.3662,
        0.2534,
        0.3578,
        0.4535,
        0.106,
        0.3134,
        0.106,
        0.106,
        0.319,
        0.0572,
        0.4109,
        0.3098,
        0.3857,
        0.3937
      ],
      [
        0.0693,
        0.0693,
        0.0693,
        0.0693,
        0.1011,
        0.0829,
        0.105,
        0.0243,
        0.0148,
        -0.0023,
        0.0243,
        0.0506,
        0.1046,
        0.0843,
        0.1107,
        0.0243,
        0.0791,
        0.0266,
        0.0413,
        0.0388,
        0.0238,
        0.0359,
        0.086,
        0.0243,
        0.0698,
        0.0954,
        0.0796,
        0.106,
        1.0,
        0.0686,
        0.0644,
        0.0846,
        0.1077,
        0.0243,
        0.0693,
        0.0243,
