{
  "_meta": {
    "generated": "2026-05-29T11:29:56",
    "portfolio_generated": "2026-05-29T11:25:57.808635",
    "n_assets": 42,
    "n_with_returns": 31,
    "covariance_method": "hybrid_shrunk",
    "condition_number": 247.98,
    "pca_factors": 5
  },
  "profiles": {
    "Agressif": {
      "n_assets": 16,
      "weighted_avg_correlation": 0.2809,
      "most_correlated": [
        {
          "t1": "XLK",
          "t2": "SOXX",
          "corr": 0.7984,
          "w1": 5.0,
          "w2": 6.9,
          "combined_weight": 12.0
        },
        {
          "t1": "FLKR",
          "t2": "XCEM",
          "corr": 0.7792,
          "w1": 4.4,
          "w2": 8.9,
          "combined_weight": 13.3
        },
        {
          "t1": "PICK",
          "t2": "XCEM",
          "corr": 0.7782,
          "w1": 9.1,
          "w2": 8.9,
          "combined_weight": 18.0
        },
        {
          "t1": "XCEM",
          "t2": "SOXX",
          "corr": 0.7566,
          "w1": 8.9,
          "w2": 6.9,
          "combined_weight": 15.9
        },
        {
          "t1": "FLKR",
          "t2": "SOXX",
          "corr": 0.7424,
          "w1": 4.4,
          "w2": 6.9,
          "combined_weight": 11.3
        },
        {
          "t1": "FLKR",
          "t2": "PICK",
          "corr": 0.7387,
          "w1": 4.4,
          "w2": 9.1,
          "combined_weight": 13.4
        },
        {
          "t1": "NVDA",
          "t2": "XLK",
          "corr": 0.7363,
          "w1": 6.8,
          "w2": 5.0,
          "combined_weight": 11.8
        },
        {
          "t1": "XLK",
          "t2": "XCEM",
          "corr": 0.7196,
          "w1": 5.0,
          "w2": 8.9,
          "combined_weight": 14.0
        },
        {
          "t1": "XLK",
          "t2": "FLKR",
          "corr": 0.6981,
          "w1": 5.0,
          "w2": 4.4,
          "combined_weight": 9.4
        },
        {
          "t1": "NVDA",
          "t2": "SOXX",
          "corr": 0.6649,
          "w1": 6.8,
          "w2": 6.9,
          "combined_weight": 13.7
        }
      ],
      "least_correlated": [
        {
          "t1": "FSLR",
          "t2": "BKR",
          "corr": 0.0323,
          "w1": 6.1,
          "w2": 5.1,
          "combined_weight": 11.2
        },
        {
          "t1": "FSLR",
          "t2": "FLTR",
          "corr": 0.0273,
          "w1": 6.1,
          "w2": 5.6,
          "combined_weight": 11.7
        },
        {
          "t1": "FSLR",
          "t2": "PAAA",
          "corr": 0.0273,
          "w1": 6.1,
          "w2": 5.6,
          "combined_weight": 11.7
        },
        {
          "t1": "FLTR",
          "t2": "PAAA",
          "corr": 0.0201,
          "w1": 5.6,
          "w2": 5.6,
          "combined_weight": 11.2
        },
        {
          "t1": "NVDA",
          "t2": "GLD",
          "corr": 0.0123,
          "w1": 6.8,
          "w2": 7.3,
          "combined_weight": 14.0
        }
      ],
      "high_corr_high_weight": [
        {
          "t1": "XLK",
          "t2": "SOXX",
          "corr": 0.7984,
          "w1": 5.0,
          "w2": 6.9,
          "combined_weight": 12.0
        },
        {
          "t1": "FLKR",
          "t2": "XCEM",
          "corr": 0.7792,
          "w1": 4.4,
          "w2": 8.9,
          "combined_weight": 13.3
        },
        {
          "t1": "PICK",
          "t2": "XCEM",
          "corr": 0.7782,
          "w1": 9.1,
          "w2": 8.9,
          "combined_weight": 18.0
        },
        {
          "t1": "XCEM",
          "t2": "SOXX",
          "corr": 0.7566,
          "w1": 8.9,
          "w2": 6.9,
          "combined_weight": 15.9
        },
        {
          "t1": "FLKR",
          "t2": "SOXX",
          "corr": 0.7424,
          "w1": 4.4,
          "w2": 6.9,
          "combined_weight": 11.3
        }
      ]
    },
    "Mod\u00e9r\u00e9": {
      "n_assets": 16,
      "weighted_avg_correlation": 0.1605,
      "most_correlated": [
        {
          "t1": "FNDF",
          "t2": "RIO",
          "corr": 0.6645,
          "w1": 7.5,
          "w2": 2.8,
          "combined_weight": 10.3
        },
        {
          "t1": "FNDX",
          "t2": "FNDF",
          "corr": 0.6182,
          "w1": 8.3,
          "w2": 7.5,
          "combined_weight": 15.8
        },
        {
          "t1": "FNDX",
          "t2": "RIO",
          "corr": 0.5552,
          "w1": 8.3,
          "w2": 2.8,
          "combined_weight": 11.1
        },
        {
          "t1": "FNDF",
          "t2": "DIVB",
          "corr": 0.5531,
          "w1": 7.5,
          "w2": 5.3,
          "combined_weight": 12.8
        },
        {
          "t1": "DIVB",
          "t2": "RIO",
          "corr": 0.5102,
          "w1": 5.3,
          "w2": 2.8,
          "combined_weight": 8.1
        },
        {
          "t1": "FNDX",
          "t2": "DIVB",
          "corr": 0.4811,
          "w1": 8.3,
          "w2": 5.3,
          "combined_weight": 13.6
        },
        {
          "t1": "FNDF",
          "t2": "GLD",
          "corr": 0.4728,
          "w1": 7.5,
          "w2": 5.0,
          "combined_weight": 12.6
        },
        {
          "t1": "SCHD",
          "t2": "FNDF",
          "corr": 0.4404,
          "w1": 9.0,
          "w2": 7.5,
          "combined_weight": 16.5
        },
        {
          "t1": "SCHD",
          "t2": "RIO",
          "corr": 0.4403,
          "w1": 9.0,
          "w2": 2.8,
          "combined_weight": 11.8
        },
        {
          "t1": "RIO",
          "t2": "GLD",
          "corr": 0.4186,
          "w1": 2.8,
          "w2": 5.0,
          "combined_weight": 7.9
        }
      ],
      "least_correlated": [
        {
          "t1": "EOG",
          "t2": "GLD",
          "corr": 0.0002,
          "w1": 5.8,
          "w2": 5.0,
          "combined_weight": 10.8
        },
        {
          "t1": "NOVN",
          "t2": "FNDF",
          "corr": -0.007,
          "w1": 9.0,
          "w2": 7.5,
          "combined_weight": 16.5
        },
        {
          "t1": "SCHN",
          "t2": "GLD",
          "corr": -0.0091,
          "w1": 5.5,
          "w2": 5.0,
          "combined_weight": 10.5
        },
        {
          "t1": "NOVN",
          "t2": "GLD",
          "corr": -0.056,
          "w1": 9.0,
          "w2": 5.0,
          "combined_weight": 14.0
        },
        {
          "t1": "EOG",
          "t2": "ITX",
          "corr": -0.1347,
          "w1": 5.8,
          "w2": 2.4,
          "combined_weight": 8.2
        }
      ],
      "high_corr_high_weight": []
    },
    "Stable": {
      "n_assets": 16,
      "weighted_avg_correlation": 0.1323,
      "most_correlated": [
        {
          "t1": "SUNPHARMA",
          "t2": "SCHP",
          "corr": 0.5791,
          "w1": 4.5,
          "w2": 4.2,
          "combined_weight": 8.7
        },
        {
          "t1": "SHEL",
          "t2": "SUNPHARMA",
          "corr": 0.4176,
          "w1": 4.7,
          "w2": 4.5,
          "combined_weight": 9.2
        },
        {
          "t1": "VICI",
          "t2": "SUNPHARMA",
          "corr": 0.4157,
          "w1": 6.0,
          "w2": 4.5,
          "combined_weight": 10.5
        },
        {
          "t1": "ACWV",
          "t2": "SPYV",
          "corr": 0.4077,
          "w1": 4.7,
          "w2": 4.8,
          "combined_weight": 9.5
        },
        {
          "t1": "GD",
          "t2": "SUNPHARMA",
          "corr": 0.3975,
          "w1": 6.0,
          "w2": 4.5,
          "combined_weight": 10.5
        },
        {
          "t1": "VICI",
          "t2": "SCHP",
          "corr": 0.3971,
          "w1": 6.0,
          "w2": 4.2,
          "combined_weight": 10.2
        },
        {
          "t1": "SHEL",
          "t2": "SCHP",
          "corr": 0.3887,
          "w1": 4.7,
          "w2": 4.2,
          "combined_weight": 8.9
        },
        {
          "t1": "SUNPHARMA",
          "t2": "KO",
          "corr": 0.3797,
          "w1": 4.5,
          "w2": 4.4,
          "combined_weight": 8.9
        },
        {
          "t1": "PG",
          "t2": "VICI",
          "corr": 0.3747,
          "w1": 4.4,
          "w2": 6.0,
          "combined_weight": 10.4
        },
        {
          "t1": "KO",
          "t2": "SCHP",
          "corr": 0.3744,
          "w1": 4.4,
          "w2": 4.2,
          "combined_weight": 8.6
        }
      ],
      "least_correlated": [
        {
          "t1": "VGSH",
          "t2": "BSV",
          "corr": 0.0201,
          "w1": 13.0,
          "w2": 8.5,
          "combined_weight": 21.5
        },
        {
          "t1": "VGSH",
          "t2": "STIP",
          "corr": 0.0201,
          "w1": 13.0,
          "w2": 13.0,
          "combined_weight": 26.0
        },
        {
          "t1": "CLTL",
          "t2": "BSV",
          "corr": 0.0201,
          "w1": 9.0,
          "w2": 8.5,
          "combined_weight": 17.4
        },
        {
          "t1": "CLTL",
          "t2": "STIP",
          "corr": 0.0201,
          "w1": 9.0,
          "w2": 13.0,
          "combined_weight": 22.0
        },
        {
          "t1": "BSV",
          "t2": "STIP",
          "corr": 0.0201,
          "w1": 8.5,
          "w2": 13.0,
          "combined_weight": 21.5
        }
      ],
      "high_corr_high_weight": []
    }
  },
  "all_pairs_top_30": [
    {
      "t1": "SOXX",
      "t2": "XLK",
      "corr_hybrid": 0.7984,
      "corr_structured": 0.9,
      "cat1": "ETF",
      "cat2": "ETF",
      "exp1": "semiconductor",
      "exp2": "tech",
      "fam1": "sector_tech",
      "fam2": "sector_tech"
    },
    {
      "t1": "FNDF",
      "t2": "PICK",
      "corr_hybrid": 0.784,
      "corr_structured": 0.2,
      "cat1": "ETF",
      "cat2": "ETF",
      "exp1": "international",
      "exp2": "metals_mining",
      "fam1": "intl_equity",
      "fam2": null
    },
    {
      "t1": "FLKR",
      "t2": "XCEM",
      "corr_hybrid": 0.7792,
      "corr_structured": 0.9,
      "cat1": "ETF",
      "cat2": "ETF",
      "exp1": "south_korea",
      "exp2": "emerging_markets",
      "fam1": "em_equity",
      "fam2": "em_equity"
    },
    {
      "t1": "PICK",
      "t2": "XCEM",
      "corr_hybrid": 0.7782,
      "corr_structured": 0.2,
      "cat1": "ETF",
      "cat2": "ETF",
      "exp1": "metals_mining",
      "exp2": "emerging_markets",
      "fam1": null,
      "fam2": "em_equity"
    },
    {
      "t1": "SOXX",
      "t2": "XCEM",
      "corr_hybrid": 0.7566,
      "corr_structured": 0.2,
      "cat1": "ETF",
      "cat2": "ETF",
      "exp1": "semiconductor",
      "exp2": "emerging_markets",
      "fam1": "sector_tech",
      "fam2": "em_equity"
    },
    {
      "t1": "FNDF",
      "t2": "XCEM",
      "corr_hybrid": 0.7466,
      "corr_structured": 0.62,
      "cat1": "ETF",
      "cat2": "ETF",
      "exp1": "international",
      "exp2": "emerging_markets",
      "fam1": "intl_equity",
      "fam2": "em_equity"
    },
    {
      "t1": "FLKR",
      "t2": "SOXX",
      "corr_hybrid": 0.7424,
      "corr_structured": 0.2,
      "cat1": "ETF",
      "cat2": "ETF",
      "exp1": "south_korea",
      "exp2": "semiconductor",
      "fam1": "em_equity",
      "fam2": "sector_tech"
    },
    {
      "t1": "FLKR",
      "t2": "PICK",
      "corr_hybrid": 0.7387,
      "corr_structured": 0.2,
      "cat1": "ETF",
      "cat2": "ETF",
      "exp1": "south_korea",
      "exp2": "metals_mining",
      "fam1": "em_equity",
      "fam2": null
    },
    {
      "t1": "NVDA",
      "t2": "XLK",
      "corr_hybrid": 0.7363,
      "corr_structured": null,
      "cat1": "Act",
      "cat2": "ETF",
      "exp1": null,
      "exp2": "tech",
      "fam1": null,
      "fam2": "sector_tech"
    },
    {
      "t1": "XCEM",
      "t2": "XLK",
      "corr_hybrid": 0.7196,
      "corr_structured": 0.2,
      "cat1": "ETF",
      "cat2": "ETF",
      "exp1": "emerging_markets",
      "exp2": "tech",
      "fam1": "em_equity",
      "fam2": "sector_tech"
    },
    {
      "t1": "FLKR",
      "t2": "XLK",
      "corr_hybrid": 0.6981,
      "corr_structured": 0.2,
      "cat1": "ETF",
      "cat2": "ETF",
      "exp1": "south_korea",
      "exp2": "tech",
      "fam1": "em_equity",
      "fam2": "sector_tech"
    },
    {
      "t1": "FLKR",
      "t2": "FNDF",
      "corr_hybrid": 0.697,
      "corr_structured": 0.62,
      "cat1": "ETF",
      "cat2": "ETF",
      "exp1": "south_korea",
      "exp2": "international",
      "fam1": "em_equity",
      "fam2": "intl_equity"
    },
    {
      "t1": "PICK",
      "t2": "RIO",
      "corr_hybrid": 0.6742,
      "corr_structured": null,
      "cat1": "ETF",
      "cat2": "Act",
      "exp1": "metals_mining",
      "exp2": null,
      "fam1": null,
      "fam2": null
    },
    {
      "t1": "NVDA",
      "t2": "SOXX",
      "corr_hybrid": 0.6649,
      "corr_structured": null,
      "cat1": "Act",
      "cat2": "ETF",
      "exp1": null,
      "exp2": "semiconductor",
      "fam1": null,
      "fam2": "sector_tech"
    },
    {
      "t1": "FNDF",
      "t2": "RIO",
      "corr_hybrid": 0.6645,
      "corr_structured": null,
      "cat1": "ETF",
      "cat2": "Act",
      "exp1": "international",
      "exp2": null,
      "fam1": "intl_equity",
      "fam2": null
    },
    {
      "t1": "ICLN",
      "t2": "XCEM",
      "corr_hybrid": 0.6502,
      "corr_structured": 0.2,
      "cat1": "ETF",
      "cat2": "ETF",
      "exp1": "clean_energy",
      "exp2": "emerging_markets",
      "fam1": null,
      "fam2": "em_equity"
    },
    {
      "t1": "PICK",
      "t2": "SOXX",
      "corr_hybrid": 0.6409,
      "corr_structured": 0.2,
      "cat1": "ETF",
      "cat2": "ETF",
      "exp1": "metals_mining",
      "exp2": "semiconductor",
      "fam1": null,
      "fam2": "sector_tech"
    },
    {
      "t1": "ICLN",
      "t2": "SOXX",
      "corr_hybrid": 0.6333,
      "corr_structured": 0.2,
      "cat1": "ETF",
      "cat2": "ETF",
      "exp1": "clean_energy",
      "exp2": "semiconductor",
      "fam1": null,
      "fam2": "sector_tech"
    },
    {
      "t1": "FNDX",
      "t2": "PICK",
      "corr_hybrid": 0.6211,
      "corr_structured": 0.2,
      "cat1": "ETF",
      "cat2": "ETF",
      "exp1": "value",
      "exp2": "metals_mining",
      "fam1": "factor_value",
      "fam2": null
    },
    {
      "t1": "FLKR",
      "t2": "ICLN",
      "corr_hybrid": 0.6202,
      "corr_structured": 0.2,
      "cat1": "ETF",
      "cat2": "ETF",
      "exp1": "south_korea",
      "exp2": "clean_energy",
      "fam1": "em_equity",
      "fam2": null
    },
    {
      "t1": "FSLR",
      "t2": "ICLN",
      "corr_hybrid": 0.6201,
      "corr_structured": null,
      "cat1": "Act",
      "cat2": "ETF",
      "exp1": null,
      "exp2": "clean_energy",
      "fam1": null,
      "fam2": null
    },
    {
      "t1": "RIO",
      "t2": "XCEM",
      "corr_hybrid": 0.6184,
      "corr_structured": null,
      "cat1": "Act",
      "cat2": "ETF",
      "exp1": null,
      "exp2": "emerging_markets",
      "fam1": null,
      "fam2": "em_equity"
    },
    {
      "t1": "FNDF",
      "t2": "FNDX",
      "corr_hybrid": 0.6182,
      "corr_structured": 0.2,
      "cat1": "ETF",
      "cat2": "ETF",
      "exp1": "international",
      "exp2": "value",
      "fam1": "intl_equity",
      "fam2": "factor_value"
    },
    {
      "t1": "FNDF",
      "t2": "SOXX",
      "corr_hybrid": 0.6137,
      "corr_structured": 0.2,
      "cat1": "ETF",
      "cat2": "ETF",
      "exp1": "international",
      "exp2": "semiconductor",
      "fam1": "intl_equity",
      "fam2": "sector_tech"
    },
    {
      "t1": "ICLN",
      "t2": "PICK",
      "corr_hybrid": 0.5966,
      "corr_structured": 0.2,
      "cat1": "ETF",
      "cat2": "ETF",
      "exp1": "clean_energy",
      "exp2": "metals_mining",
      "fam1": null,
      "fam2": null
    },
    {
      "t1": "FNDX",
      "t2": "XCEM",
      "corr_hybrid": 0.5953,
      "corr_structured": 0.2,
      "cat1": "ETF",
      "cat2": "ETF",
      "exp1": "value",
      "exp2": "emerging_markets",
      "fam1": "factor_value",
      "fam2": "em_equity"
    },
    {
      "t1": "ICLN",
      "t2": "XLK",
      "corr_hybrid": 0.5953,
      "corr_structured": 0.2,
      "cat1": "ETF",
      "cat2": "ETF",
      "exp1": "clean_energy",
      "exp2": "tech",
      "fam1": null,
      "fam2": "sector_tech"
    },
    {
      "t1": "000660",
      "t2": "2059",
      "corr_hybrid": 0.5912,
      "corr_structured": null,
      "cat1": "Act",
      "cat2": "Act",
      "exp1": null,
      "exp2": null,
      "fam1": null,
      "fam2": null
    },
    {
      "t1": "000660",
      "t2": "GVT&D",
      "corr_hybrid": 0.5912,
      "corr_structured": null,
      "cat1": "Act",
      "cat2": "Act",
      "exp1": null,
      "exp2": null,
      "fam1": null,
      "fam2": null
    },
    {
      "t1": "000660",
      "t2": "SUNPHARMA",
      "corr_hybrid": 0.5912,
      "corr_structured": null,
      "cat1": "Act",
      "cat2": "Act",
      "exp1": null,
      "exp2": null,
      "fam1": null,
      "fam2": null
    }
  ],
  "all_pairs_bottom_10": [
    {
      "t1": "FSLR",
      "t2": "SHEL",
      "corr_hybrid": -0.0091,
      "corr_structured": null,
      "cat1": "Act",
      "cat2": "Act",
      "exp1": null,
      "exp2": null,
      "fam1": null,
      "fam2": null
    },
    {
      "t1": "GLD",
      "t2": "SCHN",
      "corr_hybrid": -0.0091,
      "corr_structured": null,
      "cat1": "ETF",
      "cat2": "Act",
      "exp1": "gold_physical",
      "exp2": null,
      "fam1": "gold",
      "fam2": null
    },
    {
      "t1": "ITX",
      "t2": "XLK",
      "corr_hybrid": -0.0078,
      "corr_structured": null,
      "cat1": "Act",
      "cat2": "ETF",
      "exp1": null,
      "exp2": "tech",
      "fam1": null,
      "fam2": "sector_tech"
    },
    {
      "t1": "EOG",
      "t2": "FNDF",
      "corr_hybrid": 0.0072,
      "corr_structured": null,
      "cat1": "Act",
      "cat2": "ETF",
      "exp1": null,
      "exp2": "international",
      "fam1": null,
      "fam2": "intl_equity"
    },
    {
      "t1": "FNDF",
      "t2": "NOVN",
      "corr_hybrid": -0.007,
      "corr_structured": null,
      "cat1": "ETF",
      "cat2": "Act",
      "exp1": "international",
      "exp2": null,
      "fam1": "intl_equity",
      "fam2": null
    },
    {
      "t1": "SOXX",
      "t2": "VICI",
      "corr_hybrid": -0.0062,
      "corr_structured": null,
      "cat1": "ETF",
      "cat2": "Act",
      "exp1": "semiconductor",
      "exp2": null,
      "fam1": "sector_tech",
      "fam2": null
    },
    {
      "t1": "NVDA",
      "t2": "XLV",
      "corr_hybrid": -0.0057,
      "corr_structured": null,
      "cat1": "Act",
      "cat2": "ETF",
      "exp1": null,
      "exp2": "healthcare",
      "fam1": null,
      "fam2": "sector_healthcare"
    },
    {
      "t1": "ICLN",
      "t2": "NOVN",
      "corr_hybrid": 0.0035,
      "corr_structured": null,
      "cat1": "ETF",
      "cat2": "Act",
      "exp1": "clean_energy",
      "exp2": null,
      "fam1": null,
      "fam2": null
    },
    {
      "t1": "VICI",
      "t2": "XLK",
      "corr_hybrid": 0.0012,
      "corr_structured": null,
      "cat1": "Act",
      "cat2": "ETF",
      "exp1": null,
      "exp2": "tech",
      "fam1": null,
      "fam2": "sector_tech"
    },
    {
      "t1": "EOG",
      "t2": "GLD",
      "corr_hybrid": 0.0002,
      "corr_structured": null,
      "cat1": "Act",
      "cat2": "ETF",
      "exp1": null,
      "exp2": "gold_physical",
      "fam1": null,
      "fam2": "gold"
    }
  ],
  "correlation_matrix": {
    "tickers": [
      "000660",
      "2059",
      "ACWV",
      "BKR",
      "BSV",
      "CLTL",
      "DIVB",
      "EOG",
      "FLKR",
      "FLTR",
      "FNDF",
      "FNDX",
      "FSLR",
      "GBIL",
      "GD",
      "GLD",
      "GVT&D",
      "ICLN",
      "ITX",
      "KO",
      "NOVN",
      "NVDA",
      "PAAA",
      "PEG",
      "PG",
      "PICK",
      "RIO",
      "SCHD",
      "SCHN",
      "SCHP",
      "SHEL",
      "SOXX",
      "SPLV",
      "SPYV",
      "STIP",
      "SUNPHARMA",
      "VGSH",
      "VICI",
      "XBI",
      "XCEM",
      "XLK",
      "XLV"
    ],
    "matrix": [
      [
        1.0,
        0.5912,
        0.3112,
        0.3492,
        0.0735,
        0.0735,
        0.3122,
        0.3737,
        0.0879,
        0.0735,
        0.2419,
        0.3106,
        0.1743,
        0.0735,
        0.3975,
        0.0905,
        0.5912,
        0.1748,
        0.3053,
        0.3797,
        0.3447,
        0.2411,
        0.0735,
        0.3692,
        0.3448,
        0.1673,
        0.2815,
        0.3222,
        0.3521,
        0.5791,
        0.4176,
        0.127,
        0.2874,
        0.3142,
        0.0735,
        0.5912,
        0.0735,
        0.4157,
        0.1328,
        0.1657,
        0.1661,
        0.2306
      ],
      [
        0.5912,
        1.0,
        0.3112,
        0.3492,
        0.0735,
        0.0735,
        0.3122,
        0.3737,
        0.0879,
        0.0735,
        0.2419,
        0.3106,
        0.1743,
        0.0735,
        0.3975,
        0.0905,
        0.5912,
        0.1748,
        0.3053,
        0.3797,
        0.3447,
        0.2411,
        0.0735,
        0.3692,
        0.3448,
        0.1673,
        0.2815,
        0.3222,
        0.3521,
        0.5791,
        0.4176,
        0.127,
        0.2874,
        0.3142,
        0.0735,
        0.5912,
        0.0735,
        0.4157,
        0.1328,
        0.1657,
        0.1661,
        0.2306
      ],
      [
        0.3112,
        0.3112,
        1.0,
        0.2368,
        0.09,
        0.09,
        0.4152,
        0.0986,
        0.3375,
        0.09,
        0.4853,
        0.4208,
        0.1376,
        0.09,
        0.277,
        0.3188,
        0.3112,
        0.3045,
        0.2619,
        0.2427,
        0.0811,
        0.0516,
        0.09,
        0.2581,
        0.3316,
        0.4746,
        0.4564,
        0.3915,
        0.1219,
        0.2612,
        0.2418,
        0.2456,
        0.3612,
        0.4077,
        0.09,
        0.3112,
        0.09,
        0.3284,
        0.3093,
        0.4031,
        0.2187,
        0.3574
      ],
      [
        0.3492,
        0.3492,
        0.2368,
        1.0,
        0.0645,
        0.0645,
        0.323,
        0.4239,
        0.2819,
        0.0645,
        0.3573,
        0.3567,
        0.0323,
        0.0645,
        0.2717,
        0.1946,
        0.3492,
        0.2163,
        -0.1598,
        0.1652,
        0.1823,
        0.2279,
        0.0645,
        0.2294,
        0.1278,
        0.3353,
        0.362,
        0.3451,
        0.19,
        0.3069,
        0.47,
        0.289,
        0.168,
        0.3206,
        0.0645,
        0.3492,
        0.0645,
        0.2058,
        0.2054,
        0.2914,
        0.2646,
        0.1789
      ],
      [
        0.0735,
        0.0735,
        0.09,
        0.0645,
        1.0,
        0.0201,
        0.0937,
        0.0283,
        0.0843,
        0.0201,
        0.1121,
        0.0982,
        0.0273,
        0.0201,
        0.0628,
        0.0692,
        0.0735,
        0.0725,
        0.0488,
        0.0494,
        0.0223,
        0.0329,
        0.0201,
        0.0583,
        0.0656,
        0.109,
        0.1045,
        0.0852,
        0.0322,
        0.0626,
        0.0603,
        0.0696,
        0.0723,
        0.0939,
        0.0201,
        0.0735,
        0.0201,
        0.0689,
        0.0723,
        0.0977,
        0.0649,
        0.0754
      ],
      [
        0.0735,
        0.0735,
        0.09,
        0.0645,
        0.0201,
        1.0,
        0.0937,
        0.0283,
        0.0843,
        0.0201,
        0.1121,
        0.0982,
        0.0273,
        0.0201,
        0.0628,
        0.0692,
        0.0735,
        0.0725,
        0.0488,
        0.0494,
        0.0223,
        0.0329,
        0.0201,
        0.0583,
        0.0656,
        0.109,
        0.1045,
        0.0852,
        0.0322,
        0.0626,
        0.0603,
        0.0696,
        0.0723,
        0.0939,
        0.0201,
        0.0735,
        0.0201,
        0.0689,
        0.0723,
        0.0977,
        0.0649,
        0.0754
      ],
      [
        0.3122,
        0.3122,
        0.4152,
        0.323,
        0.0937,
        0.0937,
        1.0,
        0.1288,
        0.4447,
        0.0937,
        0.5531,
        0.4811,
        0.207,
        0.0937,
        0.2809,
        0.3496,
        0.3122,
        0.4044,
        0.1344,
        0.1936,
        0.0801,
        0.1571,
        0.0937,
        0.252,
        0.2727,
        0.5519,
        0.5102,
        0.4069,
        0.1331,
        0.2505,
        0.2806,
        0.3755,
        0.3183,
        0.4538,
        0.0937,
        0.3122,
        0.0937,
        0.2889,
        0.3594,
        0.4978,
        0.3396,
        0.3525
      ],
      [
        0.3737,
        0.3737,
        0.0986,
        0.4239,
        0.0283,
        0.0283,
        0.1288,
        1.0,
        -0.1325,
        0.0283,
        0.0072,
        0.1013,
        -0.0524,
        0.0283,
        0.2613,
        0.0002,
        0.3737,
        -0.0938,
        -0.1347,
        0.2688,
        0.2638,
        -0.0493,
        0.0283,
        0.2201,
        0.1691,
        -0.0423,
        0.0935,
        0.2648,
        0.211,
        0.3649,
        0.5003,
        -0.1245,
        0.162,
        0.0955,
        0.0283,
        0.3737,
        0.0283,
        0.2385,
        -0.0581,
        -0.1271,
        -0.1299,
        0.0602
      ],
      [
        0.0879,
        0.0879,
        0.3375,
        0.2819,
        0.0843,
        0.0843,
        0.4447,
        -0.1325,
        1.0,
        0.0843,
        0.697,
        0.5452,
        0.2563,
        0.0843,
        0.1239,
        0.4026,
        0.0879,
        0.6202,
        -0.05,
        -0.084,
        -0.0763,
        0.4627,
        0.0843,
        0.1048,
        0.0236,
        0.7387,
        0.5686,
        0.2684,
        0.0297,
        0.0134,
        0.0825,
        0.7424,
        0.11,
        0.4888,
        0.0843,
        0.0879,
        0.0843,
        0.0492,
        0.503,
        0.7792,
        0.6981,
        0.2883
      ],
      [
        0.0735,
        0.0735,
        0.09,
        0.0645,
        0.0201,
        0.0201,
        0.0937,
        0.0283,
        0.0843,
        1.0,
        0.1121,
        0.0982,
        0.0273,
        0.0201,
        0.0628,
        0.0692,
        0.0735,
        0.0725,
        0.0488,
        0.0494,
        0.0223,
        0.0329,
        0.0201,
        0.0583,
        0.0656,
        0.109,
        0.1045,
        0.0852,
        0.0322,
        0.0626,
        0.0603,
        0.0696,
        0.0723,
        0.0939,
        0.0201,
        0.0735,
        0.0201,
        0.0689,
        0.0723,
        0.0977,
        0.0649,
        0.0754
      ],
      [
        0.2419,
        0.2419,
        0.4853,
        0.3573,
        0.1121,
        0.1121,
        0.5531,
        0.0072,
        0.697,
        0.1121,
        1.0,
        0.6182,
        0.19,
        0.1121,
        0.2533,
        0.4728,
        0.2419,
        0.5591,
        0.1083,
        0.1022,
        -0.007,
        0.2955,
        0.1121,
        0.2286,
        0.227,
        0.784,
        0.6645,
        0.4404,
        0.0805,
        0.161,
        0.2337,
        0.6137,
        0.3114,
        0.5716,
        0.1121,
        0.2419,
        0.1121,
        0.24,
        0.5181,
        0.7466,
        0.5615,
        0.4157
      ],
      [
        0.3106,
        0.3106,
        0.4208,
        0.3567,
        0.0982,
        0.0982,
        0.4811,
        0.1013,
        0.5452,
        0.0982,
        0.6182,
        1.0,
        0.232,
        0.0982,
        0.277,
        0.3714,
        0.3106,
        0.4818,
        0.1026,
        0.1506,
        0.0738,
        0.2784,
        0.0982,
        0.2476,
        0.2308,
        0.6211,
        0.5552,
        0.3994,
        0.142,
        0.2443,
        0.274,
        0.4981,
        0.2827,
        0.4953,
        0.0982,
        0.3106,
        0.0982,
        0.2597,
        0.4132,
        0.5953,
        0.4642,
        0.3534
      ],
      [
        0.1743,
        0.1743,
        0.1376,
        0.0323,
        0.0273,
        0.0273,
        0.207,
        -0.0524,
        0.2563,
        0.0273,
        0.19,
        0.232,
        1.0,
        0.0273,
        0.1441,
        0.1325,
        0.1743,
        0.6201,
        -0.1344,
        0.0308,
        0.0697,
        0.1304,
        0.0273,
        0.0894,
        0.0662,
        0.2251,
        0.1728,
        0.1181,
        0.1435,
        0.1145,
        -0.0091,
        0.3031,
        0.0507,
        0.2192,
        0.0273,
        0.1743,
        0.0273,
        0.0763,
        0.1531,
        0.2805,
        0.2739,
        0.135
      ],
      [
        0.0735,
        0.0735,
        0.09,
        0.0645,
        0.0201,
        0.0201,
        0.0937,
        0.0283,
        0.0843,
        0.0201,
        0.1121,
        0.0982,
        0.0273,
        1.0,
        0.0628,
        0.0692,
        0.0735,
        0.0725,
        0.0488,
        0.0494,
        0.0223,
        0.0329,
        0.0201,
        0.0583,
        0.0656,
        0.109,
        0.1045,
        0.0852,
        0.0322,
        0.0626,
        0.0603,
        0.0696,
        0.0723,
        0.0939,
        0.0201,
        0.0735,
        0.0201,
        0.0689,
        0.0723,
        0.0977,
        0.0649,
        0.0754
      ],
      [
        0.3975,
        0.3975,
        0.277,
        0.2717,
        0.0628,
        0.0628,
        0.2809,
        0.2613,
        0.1239,
        0.0628,
        0.2533,
        0.277,
        0.1441,
        0.0628,
        1.0,
        0.1402,
        0.3975,
        0.1712,
        0.1884,
        0.2738,
        0.2057,
        0.1013,
        0.0628,
        0.2661,
        0.2754,
        0.2137,
        0.2734,
        0.2959,
        0.2158,
        0.3738,
        0.3142,
        0.1118,
        0.2589,
        0.2741,
        0.0628,
        0.3975,
        0.0628,
        0.3118,
        0.1444,
        0.1786,
        0.1174,
        0.2202
      ],
      [
        0.0905,
        0.0905,
        0.3188,
        0.1946,
        0.0692,
        0.0692,
        0.3496,
        0.0002,
        0.4026,
        0.0692,
        0.4728,
        0.3714,
        0.1325,
        0.0692,
        0.1402,
        1.0,
        0.0905,
        0.3284,
        0.0268,
        0.07,
        -0.056,
        0.0123,
        0.0692,
        0.1206,
        0.1698,
        0.5012,
        0.4186,
        0.3135,
        -0.0091,
        0.0302,
        0.1374,
        0.2994,
        0.2424,
        0.3436,
        0.0692,
        0.0905,
        0.0692,
        0.1522,
        0.3116,
        0.4282,
        0.2421,
        0.2865
      ],
      [
        0.5912,
        0.5912,
        0.3112,
        0.3492,
        0.0735,
        0.0735,
        0.3122,
        0.3737,
        0.0879,
        0.0735,
        0.2419,
        0.3106,
        0.1743,
        0.0735,
        0.3975,
        0.0905,
        1.0,
        0.1748,
        0.3053,
        0.3797,
        0.3447,
        0.2411,
        0.0735,
        0.3692,
        0.3448,
        0.1673,
        0.2815,
        0.3222,
        0.3521,
        0.5791,
        0.4176,
        0.127,
        0.2874,
        0.3142,
        0.0735,
        0.5912,
        0.0735,
        0.4157,
        0.1328,
        0.1657,
        0.1661,
        0.2306
      ],
      [
        0.1748,
        0.1748,
        0.3045,
        0.2163,
        0.0725,
        0.0725,
        0.4044,
        -0.0938,
        0.6202,
        0.0725,
        0.5591,
        0.4818,
        0.6201,
        0.0725,
        0.1712,
        0.3284,
        0.1748,
        1.0,
        -0.0615,
        -0.0164,
        0.0035,
        0.3832,
        0.0725,
        0.1333,
        0.069,
        0.5966,
        0.4686,
        0.2468,
        0.1073,
        0.0992,
        0.0715,
        0.6333,
        0.1136,
        0.4398,
        0.0725,
        0.1748,
        0.0725,
        0.0945,
        0.4088,
        0.6502,
        0.5953,
        0.2654
      ],
      [
        0.3053,
        0.3053,
        0.2619,
        -0.1598,
        0.0488,
        0.0488,
        0.1344,
        -0.1347,
        -0.05,
        0.0488,
        0.1083,
        0.1026,
        -0.1344,
        0.0488,
        0.1884,
        0.0268,
        0.3053,
        -0.0615,
        1.0,
        0.2992,
        0.1412,
        0.0588,
        0.0488,
        0.226,
        0.3674,
        0.0401,
        0.1079,
        0.0921,
        0.1553,
        0.3352,
        -0.0406,
        -0.0801,
        0.2819,
        0.1441,
        0.0488,
        0.3053,
        0.0488,
        0.3409,
        0.0783,
        0.0573,
        -0.0078,
        0.2075
      ],
      [
        0.3797,
        0.3797,
        0.2427,
        0.1652,
        0.0494,
        0.0494,
        0.1936,
        0.2688,
        -0.084,
        0.0494,
        0.1022,
        0.1506,
        0.0308,
        0.0494,
        0.2738,
        0.07,
        0.3797,
        -0.0164,
        0.2992,
        1.0,
        0.2104,
        -0.0978,
        0.0494,
        0.2589,
        0.3374,
        0.0502,
        0.1556,
        0.2649,
        0.1914,
        0.3744,
        0.2833,
        -0.128,
        0.3007,
        0.1679,
        0.0494,
        0.3797,
        0.0494,
        0.3487,
        0.0294,
        -0.0219,
        -0.1145,
        0.1955
      ],
      [
        0.3447,
        0.3447,
        0.0811,
        0.1823,
        0.0223,
        0.0223,
        0.0801,
        0.2638,
        -0.0763,
        0.0223,
        -0.007,
        0.0738,
        0.0697,
        0.0223,
        0.2057,
        -0.056,
        0.3447,
        0.0035,
        0.1412,
        0.2104,
        1.0,
        0.1541,
        0.0223,
        0.1911,
        0.1473,
        -0.0626,
        0.0383,
        0.1032,
        0.2282,
        0.3556,
        0.2394,
        -0.0129,
        0.0903,
        0.0827,
        0.0223,
        0.3447,
        0.0223,
        0.2033,
        -0.0234,
        -0.0406,
        0.0281,
        0.0416
      ],
      [
        0.2411,
        0.2411,
        0.0516,
        0.2279,
        0.0329,
        0.0329,
        0.1571,
        -0.0493,
        0.4627,
        0.0329,
        0.2955,
        0.2784,
        0.1304,
        0.0329,
        0.1013,
        0.0123,
        0.2411,
        0.3832,
        0.0588,
        -0.0978,
        0.1541,
        1.0,
        0.0329,
        0.1039,
        -0.1421,
        0.2636,
        0.2108,
        -0.0572,
        0.2328,
        0.2434,
        0.0501,
        0.6649,
        -0.1785,
        0.2458,
        0.0329,
        0.2411,
        0.0329,
        -0.029,
        0.2543,
        0.4826,
        0.7363,
        -0.0057
      ],
      [
        0.0735,
        0.0735,
        0.09,
        0.0645,
        0.0201,
        0.0201,
        0.0937,
        0.0283,
        0.0843,
        0.0201,
        0.1121,
        0.0982,
        0.0273,
        0.0201,
        0.0628,
        0.0692,
        0.0735,
        0.0725,
        0.0488,
        0.0494,
        0.0223,
        0.0329,
        1.0,
        0.0583,
        0.0656,
        0.109,
        0.1045,
        0.0852,
        0.0322,
        0.0626,
        0.0603,
        0.0696,
        0.0723,
        0.0939,
        0.0201,
        0.0735,
        0.0201,
        0.0689,
        0.0723,
        0.0977,
        0.0649,
        0.0754
      ],
      [
        0.3692,
        0.3692,
        0.2581,
        0.2294,
        0.0583,
        0.0583,
        0.252,
        0.2201,
        0.1048,
        0.0583,
        0.2286,
        0.2476,
        0.0894,
        0.0583,
        0.2661,
        0.1206,
        0.3692,
        0.1333,
        0.226,
        0.2589,
        0.1911,
        0.1039,
        0.0583,
        1.0,
        0.2633,
        0.1873,
        0.2453,
        0.2611,
        0.2,
        0.3525,
        0.2735,
        0.0941,
        0.2423,
        0.2479,
        0.0583,
        0.3692,
        0.0583,
        0.2949,
        0.1315,
        0.16,
        0.1064,
        0.2035
      ],
      [
        0.3448,
        0.3448,
        0.3316,
        0.1278,
        0.0656,
        0.0656,
        0.2727,
        0.1691,
        0.0236,
        0.0656,
        0.227,
        0.2308,
        0.0662,
        0.0656,
        0.2754,
        0.1698,
        0.3448,
        0.069,
        0.3674,
        0.3374,
        0.1473,
        -0.1421,
        0.0656,
        0.2633,
        1.0,
        0.1902,
        0.2557,
        0.3227,
        0.1466,
        0.3244,
        0.2347,
        -0.0675,
        0.373,
        0.2453,
        0.0656,
        0.3448,
        0.0656,
        0.3747,
        0.1186,
        0.0969,
        -0.071,
        0.2822
      ],
      [
        0.1673,
        0.1673,
        0.4746,
        0.3353,
        0.109,
        0.109,
        0.5519,
        -0.0423,
        0.7387,
        0.109,
        0.784,
        0.6211,
        0.2251,
        0.109,
        0.2137,
        0.5012,
        0.1673,
        0.5966,
        0.0401,
        0.0502,
        -0.0626,
        0.2636,
        0.109,
        0.1873,
        0.1902,
        1.0,
        0.6742,
        0.4323,
        0.0314,
        0.0782,
        0.1916,
        0.6409,
        0.2925,
        0.5693,
        0.109,
        0.1673,
        0.109,
        0.1923,
        0.5366,
        0.7782,
        0.5734,
        0.4144
      ],
      [
        0.2815,
        0.2815,
        0.4564,
        0.362,
        0.1045,
        0.1045,
        0.5102,
        0.0935,
        0.5686,
        0.1045,
        0.6645,
        0.5552,
        0.1728,
        0.1045,
        0.2734,
        0.4186,
        0.2815,
        0.4686,
        0.1079,
        0.1556,
        0.0383,
        0.2108,
        0.1045,
        0.2453,
        0.2557,
        0.6742,
        1.0,
        0.4403,
        0.1051,
        0.2089,
        0.281,
        0.4859,
        0.3253,
        0.5171,
        0.1045,
        0.2815,
        0.1045,
        0.2712,
        0.4392,
        0.6184,
        0.4385,
        0.3892
      ],
      [
        0.3222,
        0.3222,
        0.3915,
        0.3451,
        0.0852,
        0.0852,
        0.4069,
        0.2648,
        0.2684,
        0.0852,
        0.4404,
        0.3994,
        0.1181,
        0.0852,
        0.2959,
        0.3135,
        0.3222,
        0.2468,
        0.0921,
        0.2649,
        0.1032,
        -0.0572,
        0.0852,
        0.2611,
        0.3227,
        0.4323,
        0.4403,
        1.0,
        0.1203,
        0.2653,
        0.3652,
        0.1623,
        0.3698,
        0.3809,
        0.0852,
        0.3222,
        0.0852,
        0.3294,
        0.2572,
        0.3147,
        0.1147,
        0.3365
      ],
      [
        0.3521,
        0.3521,
        0.1219,
        0.19,
        0.0322,
        0.0322,
        0.1331,
        0.211,
        0.0297,
        0.0322,
        0.0805,
        0.142,
        0.1435,
        0.0322,
        0.2158,
        -0.0091,
        0.3521,
        0.1073,
        0.1553,
        0.1914,
        0.2282,
        0.2328,
        0.0322,
        0.2,
        0.1466,
        0.0314,
        0.1051,
        0.1203,
        1.0,
        0.354,
        0.2187,
        0.0976,
