{
  "_meta": {
    "generated": "2026-03-31T13:31:52",
    "portfolio_generated": "2026-03-31T13:30:29.936959",
    "n_assets": 39,
    "n_with_returns": 29,
    "covariance_method": "hybrid_shrunk",
    "condition_number": 463.32,
    "pca_factors": 5
  },
  "profiles": {
    "Agressif": {
      "n_assets": 17,
      "weighted_avg_correlation": 0.2027,
      "most_correlated": [
        {
          "t1": "SOXX",
          "t2": "MU",
          "corr": 0.8117,
          "w1": 8.1,
          "w2": 3.7,
          "combined_weight": 11.8
        },
        {
          "t1": "SLV",
          "t2": "GLD",
          "corr": 0.7943,
          "w1": 6.8,
          "w2": 9.4,
          "combined_weight": 16.2
        },
        {
          "t1": "VRT",
          "t2": "MU",
          "corr": 0.7827,
          "w1": 4.4,
          "w2": 3.7,
          "combined_weight": 8.1
        },
        {
          "t1": "VRT",
          "t2": "SOXX",
          "corr": 0.7785,
          "w1": 4.4,
          "w2": 8.1,
          "combined_weight": 12.5
        },
        {
          "t1": "HAL",
          "t2": "XLE",
          "corr": 0.7764,
          "w1": 3.7,
          "w2": 9.1,
          "combined_weight": 12.8
        },
        {
          "t1": "SOXX",
          "t2": "NVDA",
          "corr": 0.701,
          "w1": 8.1,
          "w2": 2.5,
          "combined_weight": 10.6
        },
        {
          "t1": "NVDA",
          "t2": "MU",
          "corr": 0.6982,
          "w1": 2.5,
          "w2": 3.7,
          "combined_weight": 6.2
        },
        {
          "t1": "VRT",
          "t2": "NVDA",
          "corr": 0.6914,
          "w1": 4.4,
          "w2": 2.5,
          "combined_weight": 6.9
        },
        {
          "t1": "FLKR",
          "t2": "SOXX",
          "corr": 0.6057,
          "w1": 5.7,
          "w2": 8.1,
          "combined_weight": 13.7
        },
        {
          "t1": "HWM",
          "t2": "SOXX",
          "corr": 0.5771,
          "w1": 7.4,
          "w2": 8.1,
          "combined_weight": 15.5
        }
      ],
      "least_correlated": [
        {
          "t1": "HAL",
          "t2": "XBI",
          "corr": -0.0524,
          "w1": 3.7,
          "w2": 3.1,
          "combined_weight": 6.9
        },
        {
          "t1": "VRT",
          "t2": "XBI",
          "corr": -0.0688,
          "w1": 4.4,
          "w2": 3.1,
          "combined_weight": 7.6
        },
        {
          "t1": "MU",
          "t2": "XBI",
          "corr": -0.075,
          "w1": 3.7,
          "w2": 3.1,
          "combined_weight": 6.9
        },
        {
          "t1": "XLE",
          "t2": "XBI",
          "corr": -0.0784,
          "w1": 9.1,
          "w2": 3.1,
          "combined_weight": 12.2
        },
        {
          "t1": "SOXX",
          "t2": "XBI",
          "corr": -0.0787,
          "w1": 8.1,
          "w2": 3.1,
          "combined_weight": 11.2
        }
      ],
      "high_corr_high_weight": [
        {
          "t1": "SOXX",
          "t2": "MU",
          "corr": 0.8117,
          "w1": 8.1,
          "w2": 3.7,
          "combined_weight": 11.8
        },
        {
          "t1": "SLV",
          "t2": "GLD",
          "corr": 0.7943,
          "w1": 6.8,
          "w2": 9.4,
          "combined_weight": 16.2
        },
        {
          "t1": "VRT",
          "t2": "SOXX",
          "corr": 0.7785,
          "w1": 4.4,
          "w2": 8.1,
          "combined_weight": 12.5
        },
        {
          "t1": "HAL",
          "t2": "XLE",
          "corr": 0.7764,
          "w1": 3.7,
          "w2": 9.1,
          "combined_weight": 12.8
        },
        {
          "t1": "SOXX",
          "t2": "NVDA",
          "corr": 0.701,
          "w1": 8.1,
          "w2": 2.5,
          "combined_weight": 10.6
        }
      ]
    },
    "Mod\u00e9r\u00e9": {
      "n_assets": 14,
      "weighted_avg_correlation": 0.192,
      "most_correlated": [
        {
          "t1": "EOG",
          "t2": "SCHD",
          "corr": 0.6345,
          "w1": 7.4,
          "w2": 8.1,
          "combined_weight": 15.5
        },
        {
          "t1": "SCHD",
          "t2": "HDV",
          "corr": 0.5776,
          "w1": 8.1,
          "w2": 7.5,
          "combined_weight": 15.7
        },
        {
          "t1": "EOG",
          "t2": "HDV",
          "corr": 0.5489,
          "w1": 7.4,
          "w2": 7.5,
          "combined_weight": 14.9
        },
        {
          "t1": "VSS",
          "t2": "RIO",
          "corr": 0.5394,
          "w1": 6.7,
          "w2": 6.4,
          "combined_weight": 13.1
        },
        {
          "t1": "VSS",
          "t2": "SCHD",
          "corr": 0.5047,
          "w1": 6.7,
          "w2": 8.1,
          "combined_weight": 14.8
        },
        {
          "t1": "ITX",
          "t2": "AGS",
          "corr": 0.4772,
          "w1": 7.2,
          "w2": 5.2,
          "combined_weight": 12.4
        },
        {
          "t1": "SCHD",
          "t2": "RIO",
          "corr": 0.4715,
          "w1": 8.1,
          "w2": 6.4,
          "combined_weight": 14.6
        },
        {
          "t1": "VSS",
          "t2": "SCHY",
          "corr": 0.4713,
          "w1": 6.7,
          "w2": 8.2,
          "combined_weight": 14.9
        },
        {
          "t1": "SCHY",
          "t2": "RIO",
          "corr": 0.4629,
          "w1": 8.2,
          "w2": 6.4,
          "combined_weight": 14.7
        },
        {
          "t1": "SCHY",
          "t2": "SCHD",
          "corr": 0.4554,
          "w1": 8.2,
          "w2": 8.1,
          "combined_weight": 16.3
        }
      ],
      "least_correlated": [
        {
          "t1": "VGSH",
          "t2": "STIP",
          "corr": 0.0159,
          "w1": 9.0,
          "w2": 9.0,
          "combined_weight": 18.0
        },
        {
          "t1": "JNJ",
          "t2": "GLD",
          "corr": 0.0134,
          "w1": 6.5,
          "w2": 8.1,
          "combined_weight": 14.6
        },
        {
          "t1": "EOG",
          "t2": "XLV",
          "corr": -0.0287,
          "w1": 7.4,
          "w2": 3.1,
          "combined_weight": 10.5
        },
        {
          "t1": "RIO",
          "t2": "GLD",
          "corr": -0.0329,
          "w1": 6.4,
          "w2": 8.1,
          "combined_weight": 14.5
        },
        {
          "t1": "EOG",
          "t2": "GLD",
          "corr": -0.0871,
          "w1": 7.4,
          "w2": 8.1,
          "combined_weight": 15.5
        }
      ],
      "high_corr_high_weight": []
    },
    "Stable": {
      "n_assets": 15,
      "weighted_avg_correlation": 0.0918,
      "most_correlated": [
        {
          "t1": "SCHD",
          "t2": "EOG",
          "corr": 0.6345,
          "w1": 5.8,
          "w2": 4.7,
          "combined_weight": 10.5
        },
        {
          "t1": "SPYV",
          "t2": "SCHD",
          "corr": 0.6018,
          "w1": 6.1,
          "w2": 5.8,
          "combined_weight": 11.9
        },
        {
          "t1": "SPYV",
          "t2": "EOG",
          "corr": 0.5571,
          "w1": 6.1,
          "w2": 4.7,
          "combined_weight": 10.8
        },
        {
          "t1": "SCHD",
          "t2": "ACWV",
          "corr": 0.451,
          "w1": 5.8,
          "w2": 4.6,
          "combined_weight": 10.4
        },
        {
          "t1": "SPYV",
          "t2": "ACWV",
          "corr": 0.4301,
          "w1": 6.1,
          "w2": 4.6,
          "combined_weight": 10.7
        },
        {
          "t1": "SCHD",
          "t2": "VICI",
          "corr": 0.3996,
          "w1": 5.8,
          "w2": 4.7,
          "combined_weight": 10.5
        },
        {
          "t1": "EOG",
          "t2": "ACWV",
          "corr": 0.3922,
          "w1": 4.7,
          "w2": 4.6,
          "combined_weight": 9.3
        },
        {
          "t1": "VICI",
          "t2": "EOG",
          "corr": 0.3753,
          "w1": 4.7,
          "w2": 4.7,
          "combined_weight": 9.5
        },
        {
          "t1": "SPYV",
          "t2": "VICI",
          "corr": 0.3345,
          "w1": 6.1,
          "w2": 4.7,
          "combined_weight": 10.8
        },
        {
          "t1": "VICI",
          "t2": "ACWV",
          "corr": 0.3274,
          "w1": 4.7,
          "w2": 4.6,
          "combined_weight": 9.3
        }
      ],
      "least_correlated": [
        {
          "t1": "JNJ",
          "t2": "GLD",
          "corr": 0.0134,
          "w1": 4.7,
          "w2": 5.1,
          "combined_weight": 9.8
        },
        {
          "t1": "SCHN",
          "t2": "EOG",
          "corr": 0.0114,
          "w1": 4.3,
          "w2": 4.7,
          "combined_weight": 9.0
        },
        {
          "t1": "EOG",
          "t2": "XLV",
          "corr": -0.0287,
          "w1": 4.7,
          "w2": 3.2,
          "combined_weight": 7.9
        },
        {
          "t1": "SCHN",
          "t2": "GLD",
          "corr": -0.0401,
          "w1": 4.3,
          "w2": 5.1,
          "combined_weight": 9.3
        },
        {
          "t1": "EOG",
          "t2": "GLD",
          "corr": -0.0871,
          "w1": 4.7,
          "w2": 5.1,
          "combined_weight": 9.8
        }
      ],
      "high_corr_high_weight": []
    }
  },
  "all_pairs_top_30": [
    {
      "t1": "MU",
      "t2": "SOXX",
      "corr_hybrid": 0.8117,
      "corr_structured": null,
      "cat1": "Act",
      "cat2": "ETF",
      "exp1": null,
      "exp2": "semiconductor",
      "fam1": null,
      "fam2": "sector_tech"
    },
    {
      "t1": "GLD",
      "t2": "SLV",
      "corr_hybrid": 0.7943,
      "corr_structured": 0.85,
      "cat1": "ETF",
      "cat2": "ETF",
      "exp1": "gold_physical",
      "exp2": "silver_physical",
      "fam1": "gold",
      "fam2": "precious_metals"
    },
    {
      "t1": "MU",
      "t2": "VRT",
      "corr_hybrid": 0.7827,
      "corr_structured": null,
      "cat1": "Act",
      "cat2": "Act",
      "exp1": null,
      "exp2": null,
      "fam1": null,
      "fam2": null
    },
    {
      "t1": "SOXX",
      "t2": "VRT",
      "corr_hybrid": 0.7785,
      "corr_structured": null,
      "cat1": "ETF",
      "cat2": "Act",
      "exp1": "semiconductor",
      "exp2": null,
      "fam1": "sector_tech",
      "fam2": null
    },
    {
      "t1": "HAL",
      "t2": "XLE",
      "corr_hybrid": 0.7764,
      "corr_structured": null,
      "cat1": "Act",
      "cat2": "ETF",
      "exp1": null,
      "exp2": "energy",
      "fam1": null,
      "fam2": "sector_energy"
    },
    {
      "t1": "EOG",
      "t2": "XLE",
      "corr_hybrid": 0.7222,
      "corr_structured": null,
      "cat1": "Act",
      "cat2": "ETF",
      "exp1": null,
      "exp2": "energy",
      "fam1": null,
      "fam2": "sector_energy"
    },
    {
      "t1": "EOG",
      "t2": "HAL",
      "corr_hybrid": 0.7132,
      "corr_structured": null,
      "cat1": "Act",
      "cat2": "Act",
      "exp1": null,
      "exp2": null,
      "fam1": null,
      "fam2": null
    },
    {
      "t1": "NVDA",
      "t2": "SOXX",
      "corr_hybrid": 0.701,
      "corr_structured": null,
      "cat1": "Act",
      "cat2": "ETF",
      "exp1": null,
      "exp2": "semiconductor",
      "fam1": null,
      "fam2": "sector_tech"
    },
    {
      "t1": "MU",
      "t2": "NVDA",
      "corr_hybrid": 0.6982,
      "corr_structured": null,
      "cat1": "Act",
      "cat2": "Act",
      "exp1": null,
      "exp2": null,
      "fam1": null,
      "fam2": null
    },
    {
      "t1": "SCHD",
      "t2": "XLE",
      "corr_hybrid": 0.6915,
      "corr_structured": 0.2,
      "cat1": "ETF",
      "cat2": "ETF",
      "exp1": "dividend",
      "exp2": "energy",
      "fam1": "factor_dividend",
      "fam2": "sector_energy"
    },
    {
      "t1": "NVDA",
      "t2": "VRT",
      "corr_hybrid": 0.6914,
      "corr_structured": null,
      "cat1": "Act",
      "cat2": "Act",
      "exp1": null,
      "exp2": null,
      "fam1": null,
      "fam2": null
    },
    {
      "t1": "HAL",
      "t2": "SCHD",
      "corr_hybrid": 0.6913,
      "corr_structured": null,
      "cat1": "Act",
      "cat2": "ETF",
      "exp1": null,
      "exp2": "dividend",
      "fam1": null,
      "fam2": "factor_dividend"
    },
    {
      "t1": "EOG",
      "t2": "SCHD",
      "corr_hybrid": 0.6345,
      "corr_structured": null,
      "cat1": "Act",
      "cat2": "ETF",
      "exp1": null,
      "exp2": "dividend",
      "fam1": null,
      "fam2": "factor_dividend"
    },
    {
      "t1": "HAL",
      "t2": "SPYV",
      "corr_hybrid": 0.6216,
      "corr_structured": null,
      "cat1": "Act",
      "cat2": "ETF",
      "exp1": null,
      "exp2": "sp500_value",
      "fam1": null,
      "fam2": "factor_value"
    },
    {
      "t1": "SPYV",
      "t2": "XLE",
      "corr_hybrid": 0.6194,
      "corr_structured": 0.2,
      "cat1": "ETF",
      "cat2": "ETF",
      "exp1": "sp500_value",
      "exp2": "energy",
      "fam1": "factor_value",
      "fam2": "sector_energy"
    },
    {
      "t1": "SOXX",
      "t2": "SPYV",
      "corr_hybrid": 0.6069,
      "corr_structured": 0.2,
      "cat1": "ETF",
      "cat2": "ETF",
      "exp1": "semiconductor",
      "exp2": "sp500_value",
      "fam1": "sector_tech",
      "fam2": "factor_value"
    },
    {
      "t1": "FLKR",
      "t2": "SOXX",
      "corr_hybrid": 0.6057,
      "corr_structured": 0.2,
      "cat1": "ETF",
      "cat2": "ETF",
      "exp1": "south_korea",
      "exp2": "semiconductor",
      "fam1": "em_equity",
      "fam2": "sector_tech"
    },
    {
      "t1": "SCHD",
      "t2": "SPYV",
      "corr_hybrid": 0.6018,
      "corr_structured": 0.8,
      "cat1": "ETF",
      "cat2": "ETF",
      "exp1": "dividend",
      "exp2": "sp500_value",
      "fam1": "factor_dividend",
      "fam2": "factor_value"
    },
    {
      "t1": "HAL",
      "t2": "HDV",
      "corr_hybrid": 0.5961,
      "corr_structured": null,
      "cat1": "Act",
      "cat2": "ETF",
      "exp1": null,
      "exp2": "dividend",
      "fam1": null,
      "fam2": "factor_dividend"
    },
    {
      "t1": "HDV",
      "t2": "XLE",
      "corr_hybrid": 0.5946,
      "corr_structured": 0.2,
      "cat1": "ETF",
      "cat2": "ETF",
      "exp1": "dividend",
      "exp2": "energy",
      "fam1": "factor_dividend",
      "fam2": "sector_energy"
    },
    {
      "t1": "HDV",
      "t2": "SCHD",
      "corr_hybrid": 0.5776,
      "corr_structured": 0.95,
      "cat1": "ETF",
      "cat2": "ETF",
      "exp1": "dividend",
      "exp2": "dividend",
      "fam1": "factor_dividend",
      "fam2": "factor_dividend"
    },
    {
      "t1": "HWM",
      "t2": "SOXX",
      "corr_hybrid": 0.5771,
      "corr_structured": null,
      "cat1": "Act",
      "cat2": "ETF",
      "exp1": null,
      "exp2": "semiconductor",
      "fam1": null,
      "fam2": "sector_tech"
    },
    {
      "t1": "SOXX",
      "t2": "VSS",
      "corr_hybrid": 0.5729,
      "corr_structured": 0.2,
      "cat1": "ETF",
      "cat2": "ETF",
      "exp1": "semiconductor",
      "exp2": "intl_small_cap",
      "fam1": "sector_tech",
      "fam2": null
    },
    {
      "t1": "FLKR",
      "t2": "VRT",
      "corr_hybrid": 0.5688,
      "corr_structured": null,
      "cat1": "ETF",
      "cat2": "Act",
      "exp1": "south_korea",
      "exp2": null,
      "fam1": "em_equity",
      "fam2": null
    },
    {
      "t1": "REMX",
      "t2": "VSS",
      "corr_hybrid": 0.5649,
      "corr_structured": 0.2,
      "cat1": "ETF",
      "cat2": "ETF",
      "exp1": "rare_earth",
      "exp2": "intl_small_cap",
      "fam1": null,
      "fam2": null
    },
    {
      "t1": "FLKR",
      "t2": "MU",
      "corr_hybrid": 0.5648,
      "corr_structured": null,
      "cat1": "ETF",
      "cat2": "Act",
      "exp1": "south_korea",
      "exp2": null,
      "fam1": "em_equity",
      "fam2": null
    },
    {
      "t1": "EOG",
      "t2": "SPYV",
      "corr_hybrid": 0.5571,
      "corr_structured": null,
      "cat1": "Act",
      "cat2": "ETF",
      "exp1": null,
      "exp2": "sp500_value",
      "fam1": null,
      "fam2": "factor_value"
    },
    {
      "t1": "HWM",
      "t2": "VRT",
      "corr_hybrid": 0.5558,
      "corr_structured": null,
      "cat1": "Act",
      "cat2": "Act",
      "exp1": null,
      "exp2": null,
      "fam1": null,
      "fam2": null
    },
    {
      "t1": "HWM",
      "t2": "MU",
      "corr_hybrid": 0.5551,
      "corr_structured": null,
      "cat1": "Act",
      "cat2": "Act",
      "exp1": null,
      "exp2": null,
      "fam1": null,
      "fam2": null
    },
    {
      "t1": "REMX",
      "t2": "SLVP",
      "corr_hybrid": 0.5542,
      "corr_structured": 0.2,
      "cat1": "ETF",
      "cat2": "ETF",
      "exp1": "rare_earth",
      "exp2": "silver_miners",
      "fam1": null,
      "fam2": "precious_metals"
    }
  ],
  "all_pairs_bottom_10": [
    {
      "t1": "MU",
      "t2": "SCHP",
      "corr_hybrid": -0.0049,
      "corr_structured": null,
      "cat1": "Act",
      "cat2": "Act",
      "exp1": null,
      "exp2": "bonds_tips",
      "fam1": null,
      "fam2": "bonds_gov"
    },
    {
      "t1": "REMX",
      "t2": "SLV",
      "corr_hybrid": 0.0046,
      "corr_structured": 0.2,
      "cat1": "ETF",
      "cat2": "ETF",
      "exp1": "rare_earth",
      "exp2": "silver_physical",
      "fam1": null,
      "fam2": "precious_metals"
    },
    {
      "t1": "FLKR",
      "t2": "XLV",
      "corr_hybrid": -0.0034,
      "corr_structured": 0.2,
      "cat1": "ETF",
      "cat2": "ETF",
      "exp1": "south_korea",
      "exp2": "healthcare",
      "fam1": "em_equity",
      "fam2": "sector_healthcare"
    },
    {
      "t1": "NVDA",
      "t2": "XLV",
      "corr_hybrid": -0.0033,
      "corr_structured": null,
      "cat1": "Act",
      "cat2": "ETF",
      "exp1": null,
      "exp2": "healthcare",
      "fam1": null,
      "fam2": "sector_healthcare"
    },
    {
      "t1": "GLD",
      "t2": "XLE",
      "corr_hybrid": -0.0031,
      "corr_structured": 0.2,
      "cat1": "ETF",
      "cat2": "ETF",
      "exp1": "gold_physical",
      "exp2": "energy",
      "fam1": "gold",
      "fam2": "sector_energy"
    },
    {
      "t1": "SCHY",
      "t2": "SLV",
      "corr_hybrid": -0.0027,
      "corr_structured": 0.2,
      "cat1": "ETF",
      "cat2": "ETF",
      "exp1": "international",
      "exp2": "silver_physical",
      "fam1": "intl_equity",
      "fam2": "precious_metals"
    },
    {
      "t1": "MU",
      "t2": "SCHN",
      "corr_hybrid": -0.0019,
      "corr_structured": null,
      "cat1": "Act",
      "cat2": "Act",
      "exp1": null,
      "exp2": null,
      "fam1": null,
      "fam2": null
    },
    {
      "t1": "SLV",
      "t2": "VICI",
      "corr_hybrid": 0.0016,
      "corr_structured": null,
      "cat1": "ETF",
      "cat2": "Act",
      "exp1": "silver_physical",
      "exp2": null,
      "fam1": "precious_metals",
      "fam2": null
    },
    {
      "t1": "SCHN",
      "t2": "SLVP",
      "corr_hybrid": 0.001,
      "corr_structured": null,
      "cat1": "Act",
      "cat2": "ETF",
      "exp1": null,
      "exp2": "silver_miners",
      "fam1": null,
      "fam2": "precious_metals"
    },
    {
      "t1": "JNJ",
      "t2": "SOXX",
      "corr_hybrid": -0.0001,
      "corr_structured": null,
      "cat1": "Act",
      "cat2": "ETF",
      "exp1": null,
      "exp2": "semiconductor",
      "fam1": null,
      "fam2": "sector_tech"
    }
  ],
  "correlation_matrix": {
    "tickers": [
      "3017",
      "ACWV",
      "AGS",
      "BSV",
      "CLTL",
      "EOG",
      "FLKR",
      "GLD",
      "HAL",
      "HDV",
      "HWM",
      "ITX",
      "JAAA",
      "JNJ",
      "MU",
      "NBIX",
      "NVDA",
      "PAAA",
      "PG",
      "PULS",
      "REMX",
      "RIO",
      "SCHD",
      "SCHN",
      "SCHO",
      "SCHP",
      "SCHY",
      "SLV",
      "SLVP",
      "SOXX",
      "SPYV",
      "STIP",
      "VGSH",
      "VICI",
      "VRT",
      "VSS",
      "XBI",
      "XLE",
      "XLV"
    ],
    "matrix": [
      [
        1.0,
        0.3066,
        0.5244,
        0.0754,
        0.0754,
        0.2637,
        0.1446,
        0.0728,
        0.2651,
        0.3269,
        0.312,
        0.4772,
        0.0754,
        0.3245,
        0.1137,
        0.2769,
        0.2062,
        0.0754,
        0.3235,
        0.0754,
        0.1264,
        0.2525,
        0.31,
        0.2299,
        0.0754,
        0.4184,
        0.2815,
        0.0703,
        0.0523,
        0.1686,
        0.2954,
        0.0754,
        0.0754,
        0.3369,
        0.1482,
        0.2667,
        0.1339,
        0.2402,
        0.2041
      ],
      [
        0.3066,
        1.0,
        0.3066,
        0.0702,
        0.0702,
        0.3922,
        0.2803,
        0.0869,
        0.4333,
        0.4263,
        0.2922,
        0.1739,
        0.0702,
        0.2398,
        0.2343,
        0.2877,
        0.2455,
        0.0702,
        0.2524,
        0.0702,
        0.3731,
        0.4001,
        0.451,
        0.0828,
        0.0702,
        0.2146,
        0.3812,
        0.0646,
        0.2585,
        0.3269,
        0.4301,
        0.0702,
        0.0702,
        0.3274,
        0.228,
        0.4142,
        0.0359,
        0.4302,
        0.0872
      ],
      [
        0.5244,
        0.3066,
        1.0,
        0.0754,
        0.0754,
        0.2637,
        0.1446,
        0.0728,
        0.2651,
        0.3269,
        0.312,
        0.4772,
        0.0754,
        0.3245,
        0.1137,
        0.2769,
        0.2062,
        0.0754,
        0.3235,
        0.0754,
        0.1264,
        0.2525,
        0.31,
        0.2299,
        0.0754,
        0.4184,
        0.2815,
        0.0703,
        0.0523,
        0.1686,
        0.2954,
        0.0754,
        0.0754,
        0.3369,
        0.1482,
        0.2667,
        0.1339,
        0.2402,
        0.2041
      ],
      [
        0.0754,
        0.0702,
        0.0754,
        1.0,
        0.0159,
        0.0587,
        0.0401,
        0.0407,
        0.0686,
        0.0779,
        0.0527,
        0.0556,
        0.0159,
        0.0569,
        0.0247,
        0.0498,
        0.0329,
        0.0159,
        0.06,
        0.0159,
        0.0602,
        0.0671,
        0.0761,
        0.0249,
        0.0159,
        0.0569,
        0.0692,
        0.0412,
        0.0608,
        0.0414,
        0.0707,
        0.0159,
        0.0159,
        0.067,
        0.0254,
        0.0699,
        0.0237,
        0.0648,
        0.0327
      ],
      [
        0.0754,
        0.0702,
        0.0754,
        0.0159,
        1.0,
        0.0587,
        0.0401,
        0.0407,
        0.0686,
        0.0779,
        0.0527,
        0.0556,
        0.0159,
        0.0569,
        0.0247,
        0.0498,
        0.0329,
        0.0159,
        0.06,
        0.0159,
        0.0602,
        0.0671,
        0.0761,
        0.0249,
        0.0159,
        0.0569,
        0.0692,
        0.0412,
        0.0608,
        0.0414,
        0.0707,
        0.0159,
        0.0159,
        0.067,
        0.0254,
        0.0699,
        0.0237,
        0.0648,
        0.0327
      ],
      [
        0.2637,
        0.3922,
        0.2637,
        0.0587,
        0.0587,
        1.0,
        0.2837,
        -0.0871,
        0.7132,
        0.5489,
        0.2895,
        0.0178,
        0.0587,
        0.2114,
        0.3199,
        0.3491,
        0.2961,
        0.0587,
        0.2304,
        0.0587,
        0.301,
        0.3923,
        0.6345,
        0.0114,
        0.0587,
        0.1642,
        0.3835,
        -0.1095,
        -0.0525,
        0.4224,
        0.5571,
        0.0587,
        0.0587,
        0.3753,
        0.2393,
        0.4112,
        -0.0827,
        0.7222,
        -0.0287
      ],
      [
        0.1446,
        0.2803,
        0.1446,
        0.0401,
        0.0401,
        0.2837,
        1.0,
        0.0519,
        0.3355,
        0.2819,
        0.4259,
        0.0636,
        0.0401,
        0.0419,
        0.5648,
        0.2941,
        0.4986,
        0.0401,
        0.0354,
        0.0401,
        0.4568,
        0.4077,
        0.3601,
        0.0297,
        0.0401,
        0.0505,
        0.3388,
        0.0165,
        0.2752,
        0.6057,
        0.4554,
        0.0401,
        0.0401,
        0.1425,
        0.5688,
        0.4788,
        -0.042,
        0.34,
        -0.0034
      ],
      [
        0.0728,
        0.0869,
        0.0728,
        0.0407,
        0.0407,
        -0.0871,
        0.0519,
        1.0,
        0.0584,
        0.0708,
        0.1137,
        0.0445,
        0.0407,
        0.0134,
        0.0826,
        -0.0203,
        0.0275,
        0.0407,
        0.045,
        0.0407,
        0.0726,
        -0.0329,
        0.0558,
        -0.0401,
        0.0407,
        0.025,
        0.0423,
        0.7943,
        0.4107,
        0.0623,
        0.0803,
        0.0407,
        0.0407,
        0.023,
        0.0069,
        0.0633,
        0.2179,
        -0.0031,
        0.1568
      ],
      [
        0.2651,
        0.4333,
        0.2651,
        0.0686,
        0.0686,
        0.7132,
        0.3355,
        0.0584,
        1.0,
        0.5961,
        0.3393,
        -0.0066,
        0.0686,
        0.2049,
        0.391,
        0.366,
        0.3404,
        0.0686,
        0.2321,
        0.0686,
        0.3587,
        0.4184,
        0.6913,
        -0.0146,
        0.0686,
        0.1499,
        0.4195,
        0.0619,
        0.0516,
        0.4941,
        0.6216,
        0.0686,
        0.0686,
        0.3886,
        0.2842,
        0.4647,
        -0.0524,
        0.7764,
        -0.0121
      ],
      [
        0.3269,
        0.4263,
        0.3269,
        0.0779,
        0.0779,
        0.5489,
        0.2819,
        0.0708,
        0.5961,
        1.0,
        0.2925,
        0.1276,
        0.0779,
        0.2751,
        0.2373,
        0.3286,
        0.2411,
        0.0779,
        0.2967,
        0.0779,
        0.3839,
        0.4354,
        0.5776,
        0.0587,
        0.0779,
        0.2251,
        0.4269,
        0.0535,
        0.2017,
        0.3512,
        0.5159,
        0.0779,
        0.0779,
        0.4,
        0.1957,
        0.4467,
        0.0126,
        0.5946,
        0.0663
      ],
      [
        0.312,
        0.2922,
        0.312,
        0.0527,
        0.0527,
        0.2895,
        0.4259,
        0.1137,
        0.3393,
        0.2925,
        1.0,
        0.2448,
        0.0527,
        0.1079,
        0.5551,
        0.3264,
        0.5231,
        0.0527,
        0.0995,
        0.0527,
        0.3279,
        0.3421,
        0.3602,
        0.1087,
        0.0527,
        0.1903,
        0.3154,
        0.1088,
        0.1554,
        0.5771,
        0.4525,
        0.0527,
        0.0527,
        0.188,
        0.5558,
        0.4334,
        0.0288,
        0.3226,
        0.0752
      ],
      [
        0.4772,
        0.1739,
        0.4772,
        0.0556,
        0.0556,
        0.0178,
        0.0636,
        0.0445,
        -0.0066,
        0.1276,
        0.2448,
        1.0,
        0.0556,
        0.2674,
        0.0249,
        0.1797,
        0.1407,
        0.0556,
        0.2528,
        0.0556,
        0.0196,
        0.1328,
        0.0793,
        0.2628,
        0.0556,
        0.4,
        0.1574,
        0.036,
        0.0366,
        0.0421,
        0.1045,
        0.0556,
        0.0556,
        0.2133,
        0.108,
        0.1373,
        0.159,
        -0.0321,
        0.2236
      ],
      [
        0.0754,
        0.0702,
        0.0754,
        0.0159,
        0.0159,
        0.0587,
        0.0401,
        0.0407,
        0.0686,
        0.0779,
        0.0527,
        0.0556,
        1.0,
        0.0569,
        0.0247,
        0.0498,
        0.0329,
        0.0159,
        0.06,
        0.0159,
        0.0602,
        0.0671,
        0.0761,
        0.0249,
        0.0159,
        0.0569,
        0.0692,
        0.0412,
        0.0608,
        0.0414,
        0.0707,
        0.0159,
        0.0159,
        0.067,
        0.0254,
        0.0699,
        0.0237,
        0.0648,
        0.0327
      ],
      [
        0.3245,
        0.2398,
        0.3245,
        0.0569,
        0.0569,
        0.2114,
        0.0419,
        0.0134,
        0.2049,
        0.2751,
        0.1079,
        0.2674,
        0.0569,
        1.0,
        -0.0748,
        0.1637,
        0.0058,
        0.0569,
        0.2804,
        0.0569,
        0.14,
        0.2183,
        0.2422,
        0.1364,
        0.0569,
        0.2729,
        0.2293,
        -0.0076,
        0.118,
        -0.0001,
        0.1839,
        0.0569,
        0.0569,
        0.2835,
        -0.0456,
        0.1846,
        0.081,
        0.1999,
        0.1323
      ],
      [
        0.1137,
        0.2343,
        0.1137,
        0.0247,
        0.0247,
        0.3199,
        0.5648,
        0.0826,
        0.391,
        0.2373,
        0.5551,
        0.0249,
        0.0247,
        -0.0748,
        1.0,
        0.3284,
        0.6982,
        0.0247,
        -0.088,
        0.0247,
        0.3879,
        0.3401,
        0.3703,
        -0.0019,
        0.0247,
        -0.0049,
        0.2817,
        0.0786,
        0.1117,
        0.8117,
        0.5194,
        0.0247,
        0.0247,
        0.0549,
        0.7827,
        0.4785,
        -0.075,
        0.3837,
        -0.0513
      ],
      [
        0.2769,
        0.2877,
        0.2769,
        0.0498,
        0.0498,
        0.3491,
        0.2941,
        -0.0203,
        0.366,
        0.3286,
        0.3264,
        0.1797,
        0.0498,
        0.1637,
        0.3284,
        1.0,
        0.3298,
        0.0498,
        0.1624,
        0.0498,
        0.2836,
        0.3305,
        0.3741,
        0.091,
        0.0498,
        0.1871,
        0.3047,
        -0.049,
        0.0882,
        0.3851,
        0.3907,
        0.0498,
        0.0498,
        0.2421,
        0.3295,
        0.3615,
        -0.0067,
        0.366,
        0.047
      ],
      [
        0.2062,
        0.2455,
        0.2062,
        0.0329,
        0.0329,
        0.2961,
        0.4986,
        0.0275,
        0.3404,
        0.2411,
        0.5231,
        0.1407,
        0.0329,
        0.0058,
        0.6982,
        0.3298,
        1.0,
        0.0329,
        -0.0105,
        0.0329,
        0.3463,
        0.3392,
        0.3442,
        0.0627,
        0.0329,
        0.0898,
        0.2872,
        0.0096,
        0.0863,
        0.701,
        0.4723,
        0.0329,
        0.0329,
        0.106,
        0.6914,
        0.4483,
        -0.0449,
        0.3341,
        -0.0033
      ],
      [
        0.0754,
        0.0702,
        0.0754,
        0.0159,
        0.0159,
        0.0587,
        0.0401,
        0.0407,
        0.0686,
        0.0779,
        0.0527,
        0.0556,
        0.0159,
        0.0569,
        0.0247,
        0.0498,
        0.0329,
        1.0,
        0.06,
        0.0159,
        0.0602,
        0.0671,
        0.0761,
        0.0249,
        0.0159,
        0.0569,
        0.0692,
        0.0412,
        0.0608,
        0.0414,
        0.0707,
        0.0159,
        0.0159,
        0.067,
        0.0254,
        0.0699,
        0.0237,
        0.0648,
        0.0327
      ],
      [
        0.3235,
        0.2524,
        0.3235,
        0.06,
        0.06,
        0.2304,
        0.0354,
        0.045,
        0.2321,
        0.2967,
        0.0995,
        0.2528,
        0.06,
        0.2804,
        -0.088,
        0.1624,
        -0.0105,
        0.06,
        1.0,
        0.06,
        0.146,
        0.2209,
        0.2634,
        0.1261,
        0.06,
        0.271,
        0.2374,
        0.0308,
        0.1368,
        -0.0085,
        0.1951,
        0.06,
        0.06,
        0.2974,
        -0.0688,
        0.1878,
        0.088,
        0.2251,
        0.1355
      ],
      [
        0.0754,
        0.0702,
        0.0754,
        0.0159,
        0.0159,
        0.0587,
        0.0401,
        0.0407,
        0.0686,
        0.0779,
        0.0527,
        0.0556,
        0.0159,
        0.0569,
        0.0247,
        0.0498,
        0.0329,
        0.0159,
        0.06,
        1.0,
        0.0602,
        0.0671,
        0.0761,
        0.0249,
        0.0159,
        0.0569,
        0.0692,
        0.0412,
        0.0608,
        0.0414,
        0.0707,
        0.0159,
        0.0159,
        0.067,
        0.0254,
        0.0699,
        0.0237,
        0.0648,
        0.0327
      ],
      [
        0.1264,
        0.3731,
        0.1264,
        0.0602,
        0.0602,
        0.301,
        0.4568,
        0.0726,
        0.3587,
        0.3839,
        0.3279,
        0.0196,
        0.0602,
        0.14,
        0.3879,
        0.2836,
        0.3463,
        0.0602,
        0.146,
        0.0602,
        1.0,
        0.5512,
        0.4235,
        0.0172,
        0.0602,
        0.0512,
        0.4566,
        0.0046,
        0.5542,
        0.4934,
        0.4708,
        0.0602,
        0.0602,
        0.2419,
        0.4183,
        0.5649,
        -0.0267,
        0.3782,
        0.0206
      ],
      [
        0.2525,
        0.4001,
        0.2525,
        0.0671,
        0.0671,
        0.3923,
        0.4077,
        -0.0329,
        0.4184,
        0.4354,
        0.3421,
        0.1328,
        0.0671,
        0.2183,
        0.3401,
        0.3305,
        0.3392,
        0.0671,
        0.2209,
        0.0671,
        0.5512,
        1.0,
        0.4715,
        0.0796,
        0.0671,
        0.1639,
        0.4629,
        -0.1075,
        0.3776,
        0.4523,
        0.4881,
        0.0671,
        0.0671,
        0.3168,
        0.3744,
        0.5394,
        -0.0262,
        0.4373,
        0.0435
      ],
      [
        0.31,
        0.451,
        0.31,
        0.0761,
        0.0761,
        0.6345,
        0.3601,
        0.0558,
        0.6913,
        0.5776,
        0.3602,
        0.0793,
        0.0761,
        0.2422,
        0.3703,
        0.3741,
        0.3442,
        0.0761,
        0.2634,
        0.0761,
        0.4235,
        0.4715,
        1.0,
        0.0334,
        0.0761,
        0.194,
        0.4554,
        0.0394,
        0.165,
        0.4816,
        0.6018,
        0.0761,
        0.0761,
        0.3996,
        0.3073,
        0.5047,
        -0.0243,
        0.6915,
        0.0291
      ],
      [
        0.2299,
        0.0828,
        0.2299,
        0.0249,
        0.0249,
        0.0114,
        0.0297,
        -0.0401,
        -0.0146,
        0.0587,
        0.1087,
        0.2628,
        0.0249,
        0.1364,
        -0.0019,
        0.091,
        0.0627,
        0.0249,
        0.1261,
        0.0249,
        0.0172,
        0.0796,
        0.0334,
        1.0,
        0.0249,
        0.197,
        0.0817,
        -0.0594,
        0.001,
        0.0117,
        0.0439,
        0.0249,
        0.0249,
        0.1071,
        0.0508,
        0.0697,
        0.0601,
        -0.0204,
        0.099
      ],
      [
        0.0754,
        0.0702,
        0.0754,
        0.0159,
        0.0159,
        0.0587,
        0.0401,
        0.0407,
        0.0686,
        0.0779,
        0.0527,
        0.0556,
        0.0159,
        0.0569,
        0.0247,
        0.0498,
        0.0329,
        0.0159,
        0.06,
        0.0159,
        0.0602,
        0.0671,
        0.0761,
        0.0249,
        1.0,
        0.0569,
        0.0692,
        0.0412,
        0.0608,
        0.0414,
        0.0707,
        0.0159,
        0.0159,
        0.067,
        0.0254,
        0.0699,
        0.0237,
        0.0648,
        0.0327
      ],
      [
        0.4184,
        0.2146,
        0.4184,
        0.0569,
        0.0569,
        0.1642,
        0.0505,
        0.025,
        0.1499,
        0.2251,
        0.1903,
        0.4,
        0.0569,
        0.2729,
        -0.0049,
        0.1871,
        0.0898,
        0.0569,
        0.271,
        0.0569,
        0.0512,
        0.1639,
        0.194,
        0.197,
        0.0569,
        1.0,
        0.1912,
        0.0181,
        0.0159,
        0.0389,
        0.169,
        0.0569,
        0.0569,
        0.2623,
        0.0357,
        0.1565,
        0.1146,
        0.1321,
        0.1723
      ],
      [
        0.2815,
        0.3812,
        0.2815,
        0.0692,
        0.0692,
        0.3835,
        0.3388,
        0.0423,
        0.4195,
        0.4269,
        0.3154,
        0.1574,
        0.0692,
        0.2293,
        0.2817,
        0.3047,
        0.2872,
        0.0692,
        0.2374,
        0.0692,
        0.4566,
        0.4629,
        0.4554,
        0.0817,
        0.0692,
        0.1912,
        1.0,
        -0.0027,
        0.3239,
        0.3826,
        0.4535,
        0.0692,
        0.0692,
        0.3202,
        0.2948,
        0.4713,
        0.0118,
        0.4257,
        0.0706
      ],
      [
        0.0703,
        0.0646,
        0.0703,
        0.0412,
        0.0412,
        -0.1095,
        0.0165,
        0.7943,
        0.0619,
        0.0535,
        0.1088,
        0.036,
        0.0412,
        -0.0076,
        0.0786,
        -0.049,
        0.0096,
        0.0412,
        0.0308,
        0.0412,
        0.0046,
        -0.1075,
        0.0394,
        -0.0594,
        0.0412,
        0.0181,
        -0.0027,
        1.0,
        0.4006,
        0.04,
        0.0611,
        0.0412,
        0.0412,
        0.0016,
        -0.0273,
        0.0129,
        0.2572,
        -0.0153,
        0.1765
      ],
      [
        0.0523,
        0.2585,
        0.0523,
        0.0608,
        0.0608,
        -0.0525,
        0.2752,
        0.4107,
        0.0516,
        0.2017,
        0.1554,
        0.0366,
        0.0608,
        0.118,
        0.1117,
        0.0882,
        0.0863,
        0.0608,
        0.1368,
        0.0608,
        0.5542,
        0.3776,
        0.165,
        0.001,
        0.0608,
        0.0159,
        0.3239,
        0.4006,
        1.0,
        0.1905,
        0.215,
        0.0608,
        0.0608,
        0.1376,
        0.1561,
        0.388,
        0.13,
        0.0439,
        0.1294
      ],
      [
        0.1686,
        0.3269,
        0.1686,
        0.0414,
        0.0414,
        0.4224,
        0.6057,
        0.0623,
        0.4941,
        0.3512,
        0.5771,
        0.0421,
        0.0414,
        -0.0001,
        0.8117,
        0.3851,
        0.701,
        0.0414,
        -0.0085,
        0.0414,
        0.4934,
        0.4523,
        0.4816,
        0.0117,
        0.0414,
        0.0389,
        0.3826,
        0.04,
        0.1905,
        1.0,
        0.6069,
        0.0414,
        0.0414,
        0.1495,
        0.7785,
        0.5729,
        -0.0787,
        0.4933,
        -0.0393
      ],
      [
        0.2954,
        0.4301,
        0.2954,
        0.0707,
        0.0707,
        0.5571,
        0.4554,
        0.0803,
        0.6216,
        0.5159,
        0.4525,
        0.1045,
        0.0707,
        0.1839,
        0.5194,
        0.3907,
        0.4723,
        0.0707,
        0.1951,
        0.0707,
        0.4708,
        0.4881,
        0.6018,
        0.0439,
        0.0707,
        0.169,
        0.4535,
        0.0611,
        0.215,
        0.6069,
        1.0,
        0.0707,
        0.0707,
        0.3345,
        0.4746,
        0.5506,
        -0.0248,
        0.6194,
        0.0278
      ],
      [
        0.0754,
        0.0702,
        0.0754,
        0.0159,
        0.0159,
        0.0587,
        0.0401,
        0.0407,
