{
  "_meta": {
    "generated": "2026-04-10T09:06:10",
    "portfolio_generated": "2026-04-10T09:02:19.037803",
    "n_assets": 42,
    "n_with_returns": 33,
    "covariance_method": "hybrid_shrunk",
    "condition_number": 483.76,
    "pca_factors": 5
  },
  "profiles": {
    "Agressif": {
      "n_assets": 15,
      "weighted_avg_correlation": 0.2413,
      "most_correlated": [
        {
          "t1": "SILJ",
          "t2": "GLD",
          "corr": 0.7974,
          "w1": 8.5,
          "w2": 9.5,
          "combined_weight": 18.0
        },
        {
          "t1": "SOXX",
          "t2": "MU",
          "corr": 0.7953,
          "w1": 8.9,
          "w2": 4.9,
          "combined_weight": 13.8
        },
        {
          "t1": "SOXX",
          "t2": "VRT",
          "corr": 0.7636,
          "w1": 8.9,
          "w2": 4.2,
          "combined_weight": 13.1
        },
        {
          "t1": "VRT",
          "t2": "MU",
          "corr": 0.7474,
          "w1": 4.2,
          "w2": 4.9,
          "combined_weight": 9.2
        },
        {
          "t1": "SOXX",
          "t2": "NVDA",
          "corr": 0.7089,
          "w1": 8.9,
          "w2": 3.0,
          "combined_weight": 11.9
        },
        {
          "t1": "SILJ",
          "t2": "PICK",
          "corr": 0.7023,
          "w1": 8.5,
          "w2": 8.1,
          "combined_weight": 16.6
        },
        {
          "t1": "NVDA",
          "t2": "MU",
          "corr": 0.6634,
          "w1": 3.0,
          "w2": 4.9,
          "combined_weight": 8.0
        },
        {
          "t1": "FLKR",
          "t2": "SOXX",
          "corr": 0.6613,
          "w1": 5.5,
          "w2": 8.9,
          "combined_weight": 14.3
        },
        {
          "t1": "VRT",
          "t2": "NVDA",
          "corr": 0.6583,
          "w1": 4.2,
          "w2": 3.0,
          "combined_weight": 7.3
        },
        {
          "t1": "SOXX",
          "t2": "PICK",
          "corr": 0.6221,
          "w1": 8.9,
          "w2": 8.1,
          "combined_weight": 16.9
        }
      ],
      "least_correlated": [
        {
          "t1": "NVDA",
          "t2": "GLD",
          "corr": 0.0214,
          "w1": 3.0,
          "w2": 9.5,
          "combined_weight": 12.6
        },
        {
          "t1": "FLTR",
          "t2": "PAAA",
          "corr": 0.0194,
          "w1": 8.0,
          "w2": 8.0,
          "combined_weight": 16.0
        },
        {
          "t1": "FLTR",
          "t2": "FRES",
          "corr": 0.0154,
          "w1": 8.0,
          "w2": 5.1,
          "combined_weight": 13.1
        },
        {
          "t1": "PAAA",
          "t2": "FRES",
          "corr": 0.0154,
          "w1": 8.0,
          "w2": 5.1,
          "combined_weight": 13.1
        },
        {
          "t1": "XLE",
          "t2": "GLD",
          "corr": 0.0122,
          "w1": 11.5,
          "w2": 9.5,
          "combined_weight": 21.1
        }
      ],
      "high_corr_high_weight": [
        {
          "t1": "SILJ",
          "t2": "GLD",
          "corr": 0.7974,
          "w1": 8.5,
          "w2": 9.5,
          "combined_weight": 18.0
        },
        {
          "t1": "SOXX",
          "t2": "MU",
          "corr": 0.7953,
          "w1": 8.9,
          "w2": 4.9,
          "combined_weight": 13.8
        },
        {
          "t1": "SOXX",
          "t2": "VRT",
          "corr": 0.7636,
          "w1": 8.9,
          "w2": 4.2,
          "combined_weight": 13.1
        },
        {
          "t1": "SOXX",
          "t2": "NVDA",
          "corr": 0.7089,
          "w1": 8.9,
          "w2": 3.0,
          "combined_weight": 11.9
        },
        {
          "t1": "SILJ",
          "t2": "PICK",
          "corr": 0.7023,
          "w1": 8.5,
          "w2": 8.1,
          "combined_weight": 16.6
        }
      ]
    },
    "Mod\u00e9r\u00e9": {
      "n_assets": 17,
      "weighted_avg_correlation": 0.194,
      "most_correlated": [
        {
          "t1": "VSS",
          "t2": "RIO",
          "corr": 0.6074,
          "w1": 8.2,
          "w2": 3.1,
          "combined_weight": 11.2
        },
        {
          "t1": "VSS",
          "t2": "SCHY",
          "corr": 0.5721,
          "w1": 8.2,
          "w2": 8.2,
          "combined_weight": 16.3
        },
        {
          "t1": "VSS",
          "t2": "GCOW",
          "corr": 0.5421,
          "w1": 8.2,
          "w2": 7.1,
          "combined_weight": 15.3
        },
        {
          "t1": "SCHY",
          "t2": "RIO",
          "corr": 0.5344,
          "w1": 8.2,
          "w2": 3.1,
          "combined_weight": 11.2
        },
        {
          "t1": "SCHY",
          "t2": "GCOW",
          "corr": 0.5231,
          "w1": 8.2,
          "w2": 7.1,
          "combined_weight": 15.3
        },
        {
          "t1": "GCOW",
          "t2": "RIO",
          "corr": 0.5046,
          "w1": 7.1,
          "w2": 3.1,
          "combined_weight": 10.2
        },
        {
          "t1": "VSS",
          "t2": "CS",
          "corr": 0.5006,
          "w1": 8.2,
          "w2": 3.1,
          "combined_weight": 11.2
        },
        {
          "t1": "RIO",
          "t2": "CS",
          "corr": 0.4917,
          "w1": 3.1,
          "w2": 3.1,
          "combined_weight": 6.1
        },
        {
          "t1": "GCOW",
          "t2": "GGG",
          "corr": 0.4627,
          "w1": 7.1,
          "w2": 4.1,
          "combined_weight": 11.2
        },
        {
          "t1": "RIO",
          "t2": "GLD",
          "corr": 0.4536,
          "w1": 3.1,
          "w2": 7.1,
          "combined_weight": 10.2
        }
      ],
      "least_correlated": [
        {
          "t1": "AGS",
          "t2": "GLD",
          "corr": 0.0156,
          "w1": 4.1,
          "w2": 7.1,
          "combined_weight": 11.2
        },
        {
          "t1": "CABK",
          "t2": "CS",
          "corr": 0.003,
          "w1": 3.1,
          "w2": 3.1,
          "combined_weight": 6.1
        },
        {
          "t1": "ITX",
          "t2": "GLD",
          "corr": 0.0016,
          "w1": 3.1,
          "w2": 7.1,
          "combined_weight": 10.2
        },
        {
          "t1": "EOG",
          "t2": "GLD",
          "corr": -0.0501,
          "w1": 8.2,
          "w2": 7.1,
          "combined_weight": 15.3
        },
        {
          "t1": "CABK",
          "t2": "GLD",
          "corr": -0.0682,
          "w1": 3.1,
          "w2": 7.1,
          "combined_weight": 10.2
        }
      ],
      "high_corr_high_weight": []
    },
    "Stable": {
      "n_assets": 15,
      "weighted_avg_correlation": 0.1191,
      "most_correlated": [
        {
          "t1": "ACWV",
          "t2": "SPYV",
          "corr": 0.4755,
          "w1": 5.0,
          "w2": 4.2,
          "combined_weight": 9.2
        },
        {
          "t1": "SPYV",
          "t2": "XLV",
          "corr": 0.4452,
          "w1": 4.2,
          "w2": 4.1,
          "combined_weight": 8.3
        },
        {
          "t1": "SPYV",
          "t2": "GD",
          "corr": 0.4134,
          "w1": 4.2,
          "w2": 4.5,
          "combined_weight": 8.7
        },
        {
          "t1": "ACWV",
          "t2": "SPLV",
          "corr": 0.392,
          "w1": 5.0,
          "w2": 6.6,
          "combined_weight": 11.6
        },
        {
          "t1": "SPLV",
          "t2": "SPYV",
          "corr": 0.389,
          "w1": 6.6,
          "w2": 4.2,
          "combined_weight": 10.8
        },
        {
          "t1": "ACWV",
          "t2": "GD",
          "corr": 0.3824,
          "w1": 5.0,
          "w2": 4.5,
          "combined_weight": 9.5
        },
        {
          "t1": "ACWV",
          "t2": "XLV",
          "corr": 0.3824,
          "w1": 5.0,
          "w2": 4.1,
          "combined_weight": 9.1
        },
        {
          "t1": "EOG",
          "t2": "SPYV",
          "corr": 0.3686,
          "w1": 5.3,
          "w2": 4.2,
          "combined_weight": 9.5
        },
        {
          "t1": "ACWV",
          "t2": "VICI",
          "corr": 0.3584,
          "w1": 5.0,
          "w2": 5.3,
          "combined_weight": 10.3
        },
        {
          "t1": "SPLV",
          "t2": "VICI",
          "corr": 0.3573,
          "w1": 6.6,
          "w2": 5.3,
          "combined_weight": 11.9
        }
      ],
      "least_correlated": [
        {
          "t1": "BSV",
          "t2": "STIP",
          "corr": 0.0194,
          "w1": 10.8,
          "w2": 13.0,
          "combined_weight": 23.8
        },
        {
          "t1": "CLTL",
          "t2": "VGSH",
          "corr": 0.0194,
          "w1": 9.9,
          "w2": 12.3,
          "combined_weight": 22.2
        },
        {
          "t1": "CLTL",
          "t2": "STIP",
          "corr": 0.0194,
          "w1": 9.9,
          "w2": 13.0,
          "combined_weight": 22.9
        },
        {
          "t1": "VGSH",
          "t2": "STIP",
          "corr": 0.0194,
          "w1": 12.3,
          "w2": 13.0,
          "combined_weight": 25.3
        },
        {
          "t1": "EOG",
          "t2": "GLD",
          "corr": -0.0501,
          "w1": 5.3,
          "w2": 4.1,
          "combined_weight": 9.4
        }
      ],
      "high_corr_high_weight": []
    }
  },
  "all_pairs_top_30": [
    {
      "t1": "SMH",
      "t2": "SOXX",
      "corr_hybrid": 0.867,
      "corr_structured": 0.95,
      "cat1": "ETF",
      "cat2": "ETF",
      "exp1": "semiconductor",
      "exp2": "semiconductor",
      "fam1": "sector_tech",
      "fam2": "sector_tech"
    },
    {
      "t1": "MU",
      "t2": "SMH",
      "corr_hybrid": 0.8034,
      "corr_structured": null,
      "cat1": "Act",
      "cat2": "ETF",
      "exp1": null,
      "exp2": "semiconductor",
      "fam1": null,
      "fam2": "sector_tech"
    },
    {
      "t1": "GLD",
      "t2": "SILJ",
      "corr_hybrid": 0.7974,
      "corr_structured": 0.85,
      "cat1": "ETF",
      "cat2": "ETF",
      "exp1": "gold_physical",
      "exp2": "silver_miners",
      "fam1": "gold",
      "fam2": "precious_metals"
    },
    {
      "t1": "MU",
      "t2": "SOXX",
      "corr_hybrid": 0.7953,
      "corr_structured": null,
      "cat1": "Act",
      "cat2": "ETF",
      "exp1": null,
      "exp2": "semiconductor",
      "fam1": null,
      "fam2": "sector_tech"
    },
    {
      "t1": "SMH",
      "t2": "VRT",
      "corr_hybrid": 0.7724,
      "corr_structured": null,
      "cat1": "ETF",
      "cat2": "Act",
      "exp1": "semiconductor",
      "exp2": null,
      "fam1": "sector_tech",
      "fam2": null
    },
    {
      "t1": "SOXX",
      "t2": "VRT",
      "corr_hybrid": 0.7636,
      "corr_structured": null,
      "cat1": "ETF",
      "cat2": "Act",
      "exp1": "semiconductor",
      "exp2": null,
      "fam1": "sector_tech",
      "fam2": null
    },
    {
      "t1": "MU",
      "t2": "VRT",
      "corr_hybrid": 0.7474,
      "corr_structured": null,
      "cat1": "Act",
      "cat2": "Act",
      "exp1": null,
      "exp2": null,
      "fam1": null,
      "fam2": null
    },
    {
      "t1": "PICK",
      "t2": "VSS",
      "corr_hybrid": 0.7279,
      "corr_structured": 0.2,
      "cat1": "ETF",
      "cat2": "ETF",
      "exp1": "metals_mining",
      "exp2": "intl_small_cap",
      "fam1": null,
      "fam2": null
    },
    {
      "t1": "NVDA",
      "t2": "SMH",
      "corr_hybrid": 0.7171,
      "corr_structured": null,
      "cat1": "Act",
      "cat2": "ETF",
      "exp1": null,
      "exp2": "semiconductor",
      "fam1": null,
      "fam2": "sector_tech"
    },
    {
      "t1": "NVDA",
      "t2": "SOXX",
      "corr_hybrid": 0.7089,
      "corr_structured": null,
      "cat1": "Act",
      "cat2": "ETF",
      "exp1": null,
      "exp2": "semiconductor",
      "fam1": null,
      "fam2": "sector_tech"
    },
    {
      "t1": "PICK",
      "t2": "SILJ",
      "corr_hybrid": 0.7023,
      "corr_structured": 0.2,
      "cat1": "ETF",
      "cat2": "ETF",
      "exp1": "metals_mining",
      "exp2": "silver_miners",
      "fam1": null,
      "fam2": "precious_metals"
    },
    {
      "t1": "PICK",
      "t2": "RIO",
      "corr_hybrid": 0.665,
      "corr_structured": null,
      "cat1": "ETF",
      "cat2": "Act",
      "exp1": "metals_mining",
      "exp2": null,
      "fam1": null,
      "fam2": null
    },
    {
      "t1": "MU",
      "t2": "NVDA",
      "corr_hybrid": 0.6634,
      "corr_structured": null,
      "cat1": "Act",
      "cat2": "Act",
      "exp1": null,
      "exp2": null,
      "fam1": null,
      "fam2": null
    },
    {
      "t1": "FLKR",
      "t2": "SOXX",
      "corr_hybrid": 0.6613,
      "corr_structured": 0.2,
      "cat1": "ETF",
      "cat2": "ETF",
      "exp1": "south_korea",
      "exp2": "semiconductor",
      "fam1": "em_equity",
      "fam2": "sector_tech"
    },
    {
      "t1": "FLKR",
      "t2": "SMH",
      "corr_hybrid": 0.6593,
      "corr_structured": 0.2,
      "cat1": "ETF",
      "cat2": "ETF",
      "exp1": "south_korea",
      "exp2": "semiconductor",
      "fam1": "em_equity",
      "fam2": "sector_tech"
    },
    {
      "t1": "NVDA",
      "t2": "VRT",
      "corr_hybrid": 0.6583,
      "corr_structured": null,
      "cat1": "Act",
      "cat2": "Act",
      "exp1": null,
      "exp2": null,
      "fam1": null,
      "fam2": null
    },
    {
      "t1": "PICK",
      "t2": "SOXX",
      "corr_hybrid": 0.6221,
      "corr_structured": 0.2,
      "cat1": "ETF",
      "cat2": "ETF",
      "exp1": "metals_mining",
      "exp2": "semiconductor",
      "fam1": null,
      "fam2": "sector_tech"
    },
    {
      "t1": "SOXX",
      "t2": "VSS",
      "corr_hybrid": 0.6159,
      "corr_structured": 0.2,
      "cat1": "ETF",
      "cat2": "ETF",
      "exp1": "semiconductor",
      "exp2": "intl_small_cap",
      "fam1": "sector_tech",
      "fam2": null
    },
    {
      "t1": "PICK",
      "t2": "SMH",
      "corr_hybrid": 0.612,
      "corr_structured": 0.2,
      "cat1": "ETF",
      "cat2": "ETF",
      "exp1": "metals_mining",
      "exp2": "semiconductor",
      "fam1": null,
      "fam2": "sector_tech"
    },
    {
      "t1": "FLKR",
      "t2": "PICK",
      "corr_hybrid": 0.6088,
      "corr_structured": 0.2,
      "cat1": "ETF",
      "cat2": "ETF",
      "exp1": "south_korea",
      "exp2": "metals_mining",
      "fam1": "em_equity",
      "fam2": null
    },
    {
      "t1": "SMH",
      "t2": "VSS",
      "corr_hybrid": 0.6088,
      "corr_structured": 0.2,
      "cat1": "ETF",
      "cat2": "ETF",
      "exp1": "semiconductor",
      "exp2": "intl_small_cap",
      "fam1": "sector_tech",
      "fam2": null
    },
    {
      "t1": "PICK",
      "t2": "SCHY",
      "corr_hybrid": 0.6076,
      "corr_structured": 0.2,
      "cat1": "ETF",
      "cat2": "ETF",
      "exp1": "metals_mining",
      "exp2": "international",
      "fam1": null,
      "fam2": "intl_equity"
    },
    {
      "t1": "RIO",
      "t2": "VSS",
      "corr_hybrid": 0.6074,
      "corr_structured": null,
      "cat1": "Act",
      "cat2": "ETF",
      "exp1": null,
      "exp2": "intl_small_cap",
      "fam1": null,
      "fam2": null
    },
    {
      "t1": "CS",
      "t2": "PICK",
      "corr_hybrid": 0.5931,
      "corr_structured": null,
      "cat1": "Act",
      "cat2": "ETF",
      "exp1": null,
      "exp2": "metals_mining",
      "fam1": null,
      "fam2": null
    },
    {
      "t1": "SMH",
      "t2": "SPYV",
      "corr_hybrid": 0.5886,
      "corr_structured": 0.2,
      "cat1": "ETF",
      "cat2": "ETF",
      "exp1": "semiconductor",
      "exp2": "sp500_value",
      "fam1": "sector_tech",
      "fam2": "factor_value"
    },
    {
      "t1": "SOXX",
      "t2": "SPYV",
      "corr_hybrid": 0.5885,
      "corr_structured": 0.2,
      "cat1": "ETF",
      "cat2": "ETF",
      "exp1": "semiconductor",
      "exp2": "sp500_value",
      "fam1": "sector_tech",
      "fam2": "factor_value"
    },
    {
      "t1": "SILJ",
      "t2": "VSS",
      "corr_hybrid": 0.5866,
      "corr_structured": 0.2,
      "cat1": "ETF",
      "cat2": "ETF",
      "exp1": "silver_miners",
      "exp2": "intl_small_cap",
      "fam1": "precious_metals",
      "fam2": null
    },
    {
      "t1": "FLKR",
      "t2": "MU",
      "corr_hybrid": 0.579,
      "corr_structured": null,
      "cat1": "ETF",
      "cat2": "Act",
      "exp1": "south_korea",
      "exp2": null,
      "fam1": "em_equity",
      "fam2": null
    },
    {
      "t1": "FLKR",
      "t2": "VSS",
      "corr_hybrid": 0.5752,
      "corr_structured": 0.2,
      "cat1": "ETF",
      "cat2": "ETF",
      "exp1": "south_korea",
      "exp2": "intl_small_cap",
      "fam1": "em_equity",
      "fam2": null
    },
    {
      "t1": "RIO",
      "t2": "SILJ",
      "corr_hybrid": 0.5741,
      "corr_structured": null,
      "cat1": "Act",
      "cat2": "ETF",
      "exp1": null,
      "exp2": "silver_miners",
      "fam1": null,
      "fam2": "precious_metals"
    }
  ],
  "all_pairs_bottom_10": [
    {
      "t1": "GLD",
      "t2": "XLE",
      "corr_hybrid": 0.0122,
      "corr_structured": 0.2,
      "cat1": "ETF",
      "cat2": "ETF",
      "exp1": "gold_physical",
      "exp2": "energy",
      "fam1": "gold",
      "fam2": "sector_energy"
    },
    {
      "t1": "PG",
      "t2": "SMH",
      "corr_hybrid": -0.0096,
      "corr_structured": null,
      "cat1": "Act",
      "cat2": "ETF",
      "exp1": null,
      "exp2": "semiconductor",
      "fam1": null,
      "fam2": "sector_tech"
    },
    {
      "t1": "FRES",
      "t2": "JNJ",
      "corr_hybrid": -0.0071,
      "corr_structured": null,
      "cat1": "Act",
      "cat2": "Act",
      "exp1": null,
      "exp2": null,
      "fam1": null,
      "fam2": null
    },
    {
      "t1": "SOXX",
      "t2": "ULVR",
      "corr_hybrid": 0.0039,
      "corr_structured": null,
      "cat1": "ETF",
      "cat2": "Act",
      "exp1": "semiconductor",
      "exp2": null,
      "fam1": "sector_tech",
      "fam2": null
    },
    {
      "t1": "PG",
      "t2": "SOXX",
      "corr_hybrid": -0.0036,
      "corr_structured": null,
      "cat1": "Act",
      "cat2": "ETF",
      "exp1": null,
      "exp2": "semiconductor",
      "fam1": null,
      "fam2": "sector_tech"
    },
    {
      "t1": "CABK",
      "t2": "CS",
      "corr_hybrid": 0.003,
      "corr_structured": null,
      "cat1": "Act",
      "cat2": "Act",
      "exp1": null,
      "exp2": null,
      "fam1": null,
      "fam2": null
    },
    {
      "t1": "SMH",
      "t2": "ULVR",
      "corr_hybrid": 0.0023,
      "corr_structured": null,
      "cat1": "ETF",
      "cat2": "Act",
      "exp1": "semiconductor",
      "exp2": null,
      "fam1": "sector_tech",
      "fam2": null
    },
    {
      "t1": "GLD",
      "t2": "ITX",
      "corr_hybrid": 0.0016,
      "corr_structured": null,
      "cat1": "ETF",
      "cat2": "Act",
      "exp1": "gold_physical",
      "exp2": null,
      "fam1": "gold",
      "fam2": null
    },
    {
      "t1": "FRES",
      "t2": "XLV",
      "corr_hybrid": 0.001,
      "corr_structured": null,
      "cat1": "Act",
      "cat2": "ETF",
      "exp1": null,
      "exp2": "healthcare",
      "fam1": null,
      "fam2": "sector_healthcare"
    },
    {
      "t1": "NVDA",
      "t2": "PG",
      "corr_hybrid": -0.0002,
      "corr_structured": null,
      "cat1": "Act",
      "cat2": "Act",
      "exp1": null,
      "exp2": null,
      "fam1": null,
      "fam2": null
    }
  ],
  "correlation_matrix": {
    "tickers": [
      "ACWV",
      "AGS",
      "BKR",
      "BSV",
      "CABK",
      "CLTL",
      "CS",
      "EOG",
      "FLKR",
      "FLTR",
      "FRES",
      "GBIL",
      "GCOW",
      "GD",
      "GGG",
      "GLD",
      "GOOGL",
      "ITX",
      "JNJ",
      "LI",
      "MU",
      "NVDA",
      "PAAA",
      "PG",
      "PICK",
      "RIO",
      "SCHY",
      "SILJ",
      "SMH",
      "SOXX",
      "SPLV",
      "SPYV",
      "STIP",
      "ULVR",
      "USFR",
      "VGSH",
      "VICI",
      "VRT",
      "VSS",
      "XBI",
      "XLE",
      "XLV"
    ],
    "matrix": [
      [
        1.0,
        0.395,
        0.4015,
        0.0876,
        0.1366,
        0.0876,
        0.3386,
        0.305,
        0.3319,
        0.0876,
        0.0922,
        0.0876,
        0.4925,
        0.3824,
        0.4136,
        0.2331,
        0.2658,
        0.223,
        0.3034,
        0.2767,
        0.1791,
        0.2654,
        0.0876,
        0.3056,
        0.4831,
        0.4438,
        0.4637,
        0.3023,
        0.3334,
        0.3392,
        0.392,
        0.4755,
        0.0876,
        0.1784,
        0.0876,
        0.0876,
        0.3584,
        0.2207,
        0.4753,
        0.3615,
        0.3507,
        0.3824
      ],
      [
        0.395,
        1.0,
        0.4158,
        0.0901,
        0.2608,
        0.0901,
        0.1297,
        0.3782,
        0.164,
        0.0901,
        0.2446,
        0.0901,
        0.4219,
        0.3974,
        0.4276,
        0.0156,
        0.2092,
        0.3107,
        0.308,
        0.2346,
        0.0697,
        0.2252,
        0.0901,
        0.3375,
        0.2693,
        0.2824,
        0.3432,
        0.0549,
        0.2058,
        0.2055,
        0.3985,
        0.4306,
        0.0901,
        0.2617,
        0.0901,
        0.0901,
        0.3915,
        0.1579,
        0.3101,
        0.2751,
        0.3906,
        0.3426
      ],
      [
        0.4015,
        0.4158,
        1.0,
        0.083,
        0.176,
        0.083,
        0.2322,
        0.3469,
        0.3439,
        0.083,
        0.0895,
        0.083,
        0.4447,
        0.373,
        0.4317,
        0.0851,
        0.307,
        0.1877,
        0.2468,
        0.2636,
        0.3003,
        0.3796,
        0.083,
        0.2425,
        0.4066,
        0.3636,
        0.3986,
        0.1638,
        0.4297,
        0.4289,
        0.3468,
        0.5017,
        0.083,
        0.1765,
        0.083,
        0.083,
        0.3223,
        0.3415,
        0.4325,
        0.3598,
        0.3767,
        0.3731
      ],
      [
        0.0876,
        0.0901,
        0.083,
        1.0,
        0.0351,
        0.0194,
        0.03,
        0.069,
        0.0542,
        0.0194,
        0.0154,
        0.0194,
        0.095,
        0.0825,
        0.0807,
        0.0425,
        0.0446,
        0.0541,
        0.0662,
        0.0517,
        0.0238,
        0.0447,
        0.0194,
        0.0652,
        0.0816,
        0.0787,
        0.0863,
        0.053,
        0.0532,
        0.0542,
        0.0802,
        0.0907,
        0.0194,
        0.0475,
        0.0194,
        0.0194,
        0.0781,
        0.0326,
        0.0846,
        0.0655,
        0.0754,
        0.0745
      ],
      [
        0.1366,
        0.2608,
        0.176,
        0.0351,
        1.0,
        0.0351,
        0.003,
        0.1717,
        0.0204,
        0.0351,
        0.2539,
        0.0351,
        0.1381,
        0.1594,
        0.1836,
        -0.0682,
        0.082,
        0.1447,
        0.1032,
        0.0935,
        0.0268,
        0.1078,
        0.0351,
        0.135,
        0.047,
        0.0624,
        0.093,
        -0.0469,
        0.066,
        0.0627,
        0.1549,
        0.1652,
        0.0351,
        0.1358,
        0.0351,
        0.0351,
        0.1584,
        0.0863,
        0.0771,
        0.0816,
        0.1641,
        0.1142
      ],
      [
        0.0876,
        0.0901,
        0.083,
        0.0194,
        0.0351,
        1.0,
        0.03,
        0.069,
        0.0542,
        0.0194,
        0.0154,
        0.0194,
        0.095,
        0.0825,
        0.0807,
        0.0425,
        0.0446,
        0.0541,
        0.0662,
        0.0517,
        0.0238,
        0.0447,
        0.0194,
        0.0652,
        0.0816,
        0.0787,
        0.0863,
        0.053,
        0.0532,
        0.0542,
        0.0802,
        0.0907,
        0.0194,
        0.0475,
        0.0194,
        0.0194,
        0.0781,
        0.0326,
        0.0846,
        0.0655,
        0.0754,
        0.0745
      ],
      [
        0.3386,
        0.1297,
        0.2322,
        0.03,
        0.003,
        0.03,
        1.0,
        0.0769,
        0.4004,
        0.03,
        0.2779,
        0.03,
        0.4202,
        0.1689,
        0.3491,
        0.2177,
        0.3254,
        0.0352,
        0.1327,
        0.27,
        0.268,
        0.2971,
        0.03,
        0.191,
        0.5931,
        0.4917,
        0.4412,
        0.3236,
        0.4103,
        0.4168,
        0.2776,
        0.4063,
        0.03,
        -0.0613,
        0.03,
        0.03,
        0.1679,
        0.3191,
        0.5006,
        0.3585,
        0.1554,
        0.2999
      ],
      [
        0.305,
        0.3782,
        0.3469,
        0.069,
        0.1717,
        0.069,
        0.0769,
        1.0,
        0.1715,
        0.069,
        0.0211,
        0.069,
        0.331,
        0.3094,
        0.3462,
        -0.0501,
        0.1954,
        0.2087,
        0.2283,
        0.1717,
        0.1317,
        0.2404,
        0.069,
        0.2284,
        0.2017,
        0.2043,
        0.263,
        -0.0238,
        0.2405,
        0.2382,
        0.2926,
        0.3686,
        0.069,
        0.1754,
        0.069,
        0.069,
        0.2873,
        0.1807,
        0.249,
        0.2437,
        0.3279,
        0.2919
      ],
      [
        0.3319,
        0.164,
        0.3439,
        0.0542,
        0.0204,
        0.0542,
        0.4004,
        0.1715,
        1.0,
        0.0542,
        0.0312,
        0.0542,
        0.3887,
        0.2469,
        0.3215,
        0.3192,
        0.3829,
        -0.0469,
        0.089,
        0.2837,
        0.579,
        0.5042,
        0.0542,
        0.0517,
        0.6088,
        0.474,
        0.4309,
        0.4687,
        0.6593,
        0.6613,
        0.1941,
        0.4816,
        0.0542,
        0.019,
        0.0542,
        0.0542,
        0.1424,
        0.5459,
        0.5752,
        0.4037,
        0.2297,
        0.3113
      ],
      [
        0.0876,
        0.0901,
        0.083,
        0.0194,
        0.0351,
        0.0194,
        0.03,
        0.069,
        0.0542,
        1.0,
        0.0154,
        0.0194,
        0.095,
        0.0825,
        0.0807,
        0.0425,
        0.0446,
        0.0541,
        0.0662,
        0.0517,
        0.0238,
        0.0447,
        0.0194,
        0.0652,
        0.0816,
        0.0787,
        0.0863,
        0.053,
        0.0532,
        0.0542,
        0.0802,
        0.0907,
        0.0194,
        0.0475,
        0.0194,
        0.0194,
        0.0781,
        0.0326,
        0.0846,
        0.0655,
        0.0754,
        0.0745
      ],
      [
        0.0922,
        0.2446,
        0.0895,
        0.0154,
        0.2539,
        0.0154,
        0.2779,
        0.0211,
        0.0312,
        0.0154,
        1.0,
        0.0154,
        0.0872,
        0.0777,
        0.1407,
        0.1286,
        0.0956,
        0.0969,
        -0.0071,
        0.1668,
        0.0575,
        0.101,
        0.0154,
        0.1092,
        0.1756,
        0.1493,
        0.099,
        0.2336,
        0.0478,
        0.0465,
        0.1156,
        0.1021,
        0.0154,
        0.1267,
        0.0154,
        0.0154,
        0.0903,
        0.1685,
        0.1332,
        0.0318,
        0.0241,
        0.001
      ],
      [
        0.0876,
        0.0901,
        0.083,
        0.0194,
        0.0351,
        0.0194,
        0.03,
        0.069,
        0.0542,
        0.0194,
        0.0154,
        1.0,
        0.095,
        0.0825,
        0.0807,
        0.0425,
        0.0446,
        0.0541,
        0.0662,
        0.0517,
        0.0238,
        0.0447,
        0.0194,
        0.0652,
        0.0816,
        0.0787,
        0.0863,
        0.053,
        0.0532,
        0.0542,
        0.0802,
        0.0907,
        0.0194,
        0.0475,
        0.0194,
        0.0194,
        0.0781,
        0.0326,
        0.0846,
        0.0655,
        0.0754,
        0.0745
      ],
      [
        0.4925,
        0.4219,
        0.4447,
        0.095,
        0.1381,
        0.095,
        0.4202,
        0.331,
        0.3887,
        0.095,
        0.0872,
        0.095,
        1.0,
        0.4172,
        0.4627,
        0.2594,
        0.3088,
        0.2324,
        0.3293,
        0.3107,
        0.2214,
        0.3111,
        0.095,
        0.331,
        0.5551,
        0.5046,
        0.5231,
        0.3398,
        0.3949,
        0.4013,
        0.4313,
        0.5368,
        0.095,
        0.1805,
        0.095,
        0.095,
        0.3885,
        0.2645,
        0.5421,
        0.413,
        0.3852,
        0.4298
      ],
      [
        0.3824,
        0.3974,
        0.373,
        0.0825,
        0.1594,
        0.0825,
        0.1689,
        0.3094,
        0.2469,
        0.0825,
        0.0777,
        0.0825,
        0.4172,
        1.0,
        0.3702,
        0.1444,
        0.2153,
        0.2291,
        0.2796,
        0.2295,
        0.1324,
        0.2274,
        0.0825,
        0.279,
        0.355,
        0.3388,
        0.3745,
        0.1935,
        0.2626,
        0.2657,
        0.3503,
        0.4134,
        0.0825,
        0.1971,
        0.0825,
        0.0825,
        0.336,
        0.1759,
        0.3711,
        0.2967,
        0.3373,
        0.3333
      ],
      [
        0.4136,
        0.4276,
        0.4317,
        0.0807,
        0.1836,
        0.0807,
        0.3491,
        0.3462,
        0.3215,
        0.0807,
        0.1407,
        0.0807,
        0.4627,
        0.3702,
        1.0,
        0.0471,
        0.3099,
        0.2098,
        0.2603,
        0.2681,
        0.2566,
        0.3614,
        0.0807,
        0.2752,
        0.4071,
        0.3701,
        0.4076,
        0.1194,
        0.4016,
        0.401,
        0.3732,
        0.5073,
        0.0807,
        0.1666,
        0.0807,
        0.0807,
        0.3369,
        0.3173,
        0.4261,
        0.363,
        0.3793,
        0.3842
      ],
      [
        0.2331,
        0.0156,
        0.0851,
        0.0425,
        -0.0682,
        0.0425,
        0.2177,
        -0.0501,
        0.3192,
        0.0425,
        0.1286,
        0.0425,
        0.2594,
        0.1444,
        0.0471,
        1.0,
        0.0892,
        0.0016,
        0.1236,
        0.1937,
        0.1183,
        0.0214,
        0.0425,
        0.0963,
        0.5401,
        0.4536,
        0.364,
        0.7974,
        0.1642,
        0.1815,
        0.1374,
        0.1523,
        0.0425,
        0.0538,
        0.0425,
        0.0425,
        0.1143,
        0.0688,
        0.4378,
        0.1873,
        0.0122,
        0.1209
      ],
      [
        0.2658,
        0.2092,
        0.307,
        0.0446,
        0.082,
        0.0446,
        0.3254,
        0.1954,
        0.3829,
        0.0446,
        0.0956,
        0.0446,
        0.3088,
        0.2153,
        0.3099,
        0.0892,
        1.0,
        0.0157,
        0.0852,
        0.2181,
        0.4235,
        0.4171,
        0.0446,
        0.0779,
        0.3965,
        0.3132,
        0.3058,
        0.1927,
        0.4972,
        0.4947,
        0.186,
        0.4036,
        0.0446,
        0.0418,
        0.0446,
        0.0446,
        0.1456,
        0.4321,
        0.3946,
        0.3101,
        0.2293,
        0.2627
      ],
      [
        0.223,
        0.3107,
        0.1877,
        0.0541,
        0.1447,
        0.0541,
        0.0352,
        0.2087,
        -0.0469,
        0.0541,
        0.0969,
        0.0541,
        0.2324,
        0.2291,
        0.2098,
        0.0016,
        0.0157,
        1.0,
        0.2444,
        0.0911,
        -0.1949,
        -0.0542,
        0.0541,
        0.2724,
        0.0645,
        0.1174,
        0.1704,
        -0.0264,
        -0.0973,
        -0.0939,
        0.266,
        0.164,
        0.0541,
        0.1818,
        0.0541,
        0.0541,
        0.2711,
        -0.1271,
        0.0868,
        0.0922,
        0.2115,
        0.1771
      ],
      [
        0.3034,
        0.308,
        0.2468,
        0.0662,
        0.1032,
        0.0662,
        0.1327,
        0.2283,
        0.089,
        0.0662,
        -0.0071,
        0.0662,
        0.3293,
        0.2796,
        0.2603,
        0.1236,
        0.0852,
        0.2444,
        1.0,
        0.1455,
        -0.0917,
        0.0221,
        0.0662,
        0.286,
        0.2229,
        0.2445,
        0.2851,
        0.1193,
        0.032,
        0.0383,
        0.3087,
        0.2585,
        0.0662,
        0.1693,
        0.0662,
        0.0662,
        0.3012,
        -0.0476,
        0.2292,
        0.1872,
        0.2508,
        0.2522
      ],
      [
        0.2767,
        0.2346,
        0.2636,
        0.0517,
        0.0935,
        0.0517,
        0.27,
        0.1717,
        0.2837,
        0.0517,
        0.1668,
        0.0517,
        0.3107,
        0.2295,
        0.2681,
        0.1937,
        0.2181,
        0.0911,
        0.1455,
        1.0,
        0.2295,
        0.2506,
        0.0517,
        0.1509,
        0.3742,
        0.3204,
        0.3113,
        0.2735,
        0.3112,
        0.3139,
        0.2235,
        0.3299,
        0.0517,
        0.0947,
        0.0517,
        0.0517,
        0.194,
        0.2516,
        0.3576,
        0.2544,
        0.2053,
        0.2354
      ],
      [
        0.1791,
        0.0697,
        0.3003,
        0.0238,
        0.0268,
        0.0238,
        0.268,
        0.1317,
        0.579,
        0.0238,
        0.0575,
        0.0238,
        0.2214,
        0.1324,
        0.2566,
        0.1183,
        0.4235,
        -0.1949,
        -0.0917,
        0.2295,
        1.0,
        0.6634,
        0.0238,
        -0.1376,
        0.4726,
        0.3138,
        0.266,
        0.2933,
        0.8034,
        0.7953,
        0.0255,
        0.4363,
        0.0238,
        -0.0553,
        0.0238,
        0.0238,
        -0.0182,
        0.7474,
        0.4705,
        0.3506,
        0.1666,
        0.2138
      ],
      [
        0.2654,
        0.2252,
        0.3796,
        0.0447,
        0.1078,
        0.0447,
        0.2971,
        0.2404,
        0.5042,
        0.0447,
        0.101,
        0.0447,
        0.3111,
        0.2274,
        0.3614,
        0.0214,
        0.4171,
        -0.0542,
        0.0221,
        0.2506,
        0.6634,
        1.0,
        0.0447,
        -0.0002,
        0.4359,
        0.3176,
        0.3086,
        0.1662,
        0.7171,
        0.7089,
        0.151,
        0.4976,
        0.0447,
        0.0255,
        0.0447,
        0.0447,
        0.109,
        0.6583,
        0.4548,
        0.3723,
        0.2703,
        0.2903
      ],
      [
        0.0876,
        0.0901,
        0.083,
        0.0194,
        0.0351,
        0.0194,
        0.03,
        0.069,
        0.0542,
        0.0194,
        0.0154,
        0.0194,
        0.095,
        0.0825,
        0.0807,
        0.0425,
        0.0446,
        0.0541,
        0.0662,
        0.0517,
        0.0238,
        0.0447,
        1.0,
        0.0652,
        0.0816,
        0.0787,
        0.0863,
        0.053,
        0.0532,
        0.0542,
        0.0802,
        0.0907,
        0.0194,
        0.0475,
        0.0194,
        0.0194,
        0.0781,
        0.0326,
        0.0846,
        0.0655,
        0.0754,
        0.0745
      ],
      [
        0.3056,
        0.3375,
        0.2425,
        0.0652,
        0.135,
        0.0652,
        0.191,
        0.2284,
        0.0517,
        0.0652,
        0.1092,
        0.0652,
        0.331,
        0.279,
        0.2752,
        0.0963,
        0.0779,
        0.2724,
        0.286,
        0.1509,
        -0.1376,
        -0.0002,
        0.0652,
        1.0,
        0.2078,
        0.238,
        0.2792,
        0.0908,
        -0.0096,
        -0.0036,
        0.328,
        0.2517,
        0.0652,
        0.1805,
        0.0652,
        0.0652,
        0.3156,
        -0.0704,
        0.2103,
        0.1736,
        0.2493,
        0.2463
      ],
      [
        0.4831,
        0.2693,
        0.4066,
        0.0816,
        0.047,
        0.0816,
        0.5931,
        0.2017,
        0.6088,
        0.0816,
        0.1756,
        0.0816,
        0.5551,
        0.355,
        0.4071,
        0.5401,
        0.3965,
        0.0645,
        0.2229,
        0.3742,
        0.4726,
        0.4359,
        0.0816,
        0.2078,
        1.0,
        0.665,
        0.6076,
        0.7023,
        0.612,
        0.6221,
        0.3466,
        0.5622,
        0.0816,
        0.0874,
        0.0816,
        0.0816,
        0.2786,
        0.465,
        0.7279,
        0.4792,
        0.285,
        0.402
      ],
      [
        0.4438,
        0.2824,
        0.3636,
        0.0787,
        0.0624,
        0.0787,
        0.4917,
        0.2043,
        0.474,
        0.0787,
        0.1493,
        0.0787,
        0.5046,
        0.3388,
        0.3701,
        0.4536,
        0.3132,
        0.1174,
        0.2445,
        0.3204,
        0.3138,
        0.3176,
        0.0787,
        0.238,
        0.665,
        1.0,
        0.5344,
        0.5741,
        0.4519,
        0.4618,
        0.3449,
        0.483,
        0.0787,
        0.1119,
        0.0787,
        0.0787,
        0.291,
        0.3219,
        0.6074,
        0.4048,
        0.2739,
        0.3646
      ],
      [
        0.4637,
        0.3432,
        0.3986,
        0.0863,
        0.093,
        0.0863,
        0.4412,
        0.263,
        0.4309,
        0.0863,
        0.099,
        0.0863,
        0.5231,
        0.3745,
        0.4076,
        0.364,
        0.3058,
        0.1704,
        0.2851,
        0.3113,
        0.266,
        0.3086,
        0.0863,
        0.2792,
        0.6076,
        0.5344,
        1.0,
        0.463,
        0.4199,
        0.4282,
        0.3821,
        0.5031,
        0.0863,
        0.1441,
        0.0863,
        0.0863,
        0.3353,
        0.2875,
        0.5721,
        0.4055,
        0.3248,
        0.3932
      ],
      [
        0.3023,
        0.0549,
        0.1638,
        0.053,
        -0.0469,
        0.053,
        0.3236,
        -0.0238,
        0.4687,
        0.053,
        0.2336,
        0.053,
        0.3398,
        0.1935,
        0.1194,
        0.7974,
        0.1927,
        -0.0264,
        0.1193,
        0.2735,
        0.2933,
        0.1662,
        0.053,
        0.0908,
        0.7023,
        0.5741,
        0.463,
        1.0,
        0.3458,
        0.363,
        0.1693,
        0.2666,
        0.053,
        0.0587,
        0.053,
        0.053,
        0.1323,
        0.2394,
        0.5866,
        0.2807,
        0.052,
        0.1789
      ],
      [
        0.3334,
        0.2058,
        0.4297,
        0.0532,
        0.066,
        0.0532,
        0.4103,
        0.2405,
        0.6593,
        0.0532,
        0.0478,
        0.0532,
        0.3949,
        0.2626,
        0.4016,
        0.1642,
        0.4972,
        -0.0973,
        0.032,
        0.3112,
        0.8034,
        0.7171,
        0.0532,
        -0.0096,
        0.612,
        0.4519,
        0.4199,
        0.3458,
        1.0,
        0.867,
        0.1745,
        0.5886,
        0.0532,
        0.0023,
        0.0532,
        0.0532,
        0.1173,
        0.7724,
        0.6088,
        0.4665,
        0.2911,
        0.351
      ],
      [
        0.3392,
        0.2055,
        0.4289,
