{
  "_meta": {
    "generated": "2026-05-15T14:13:53",
    "portfolio_generated": "2026-05-15T14:10:23.576158",
    "n_assets": 42,
    "n_with_returns": 33,
    "covariance_method": "hybrid_shrunk+diag_shrink",
    "condition_number": 43259402.36,
    "pca_factors": 3
  },
  "profiles": {
    "Agressif": {
      "n_assets": 17,
      "weighted_avg_correlation": -0.0444,
      "most_correlated": [
        {
          "t1": "BKR",
          "t2": "SLVP",
          "corr": 0.1233,
          "w1": 10.1,
          "w2": 2.8,
          "combined_weight": 12.9
        },
        {
          "t1": "OIH",
          "t2": "SLVP",
          "corr": 0.121,
          "w1": 6.1,
          "w2": 2.8,
          "combined_weight": 8.9
        },
        {
          "t1": "OIH",
          "t2": "GLD",
          "corr": 0.0919,
          "w1": 6.1,
          "w2": 8.5,
          "combined_weight": 14.5
        },
        {
          "t1": "BKR",
          "t2": "SLV",
          "corr": 0.0916,
          "w1": 10.1,
          "w2": 4.2,
          "combined_weight": 14.4
        },
        {
          "t1": "GLD",
          "t2": "XBI",
          "corr": 0.0866,
          "w1": 8.5,
          "w2": 3.2,
          "combined_weight": 11.6
        },
        {
          "t1": "OIH",
          "t2": "SLV",
          "corr": 0.0806,
          "w1": 6.1,
          "w2": 4.2,
          "combined_weight": 10.3
        },
        {
          "t1": "BKR",
          "t2": "GLD",
          "corr": 0.0653,
          "w1": 10.1,
          "w2": 8.5,
          "combined_weight": 18.6
        },
        {
          "t1": "XCEM",
          "t2": "XLK",
          "corr": 0.0558,
          "w1": 6.1,
          "w2": 3.7,
          "combined_weight": 9.8
        },
        {
          "t1": "000660",
          "t2": "SLVP",
          "corr": 0.047,
          "w1": 5.1,
          "w2": 2.8,
          "combined_weight": 7.9
        },
        {
          "t1": "2059",
          "t2": "SLVP",
          "corr": 0.047,
          "w1": 9.4,
          "w2": 2.8,
          "combined_weight": 12.3
        }
      ],
      "least_correlated": [
        {
          "t1": "GDXJ",
          "t2": "SLVP",
          "corr": -0.255,
          "w1": 6.1,
          "w2": 2.8,
          "combined_weight": 8.9
        },
        {
          "t1": "FIX",
          "t2": "OIH",
          "corr": -0.2724,
          "w1": 8.0,
          "w2": 6.1,
          "combined_weight": 14.1
        },
        {
          "t1": "FIX",
          "t2": "BKR",
          "corr": -0.2736,
          "w1": 8.0,
          "w2": 10.1,
          "combined_weight": 18.1
        },
        {
          "t1": "GDXJ",
          "t2": "SLV",
          "corr": -0.445,
          "w1": 6.1,
          "w2": 4.2,
          "combined_weight": 10.3
        },
        {
          "t1": "SLVP",
          "t2": "SLV",
          "corr": -0.489,
          "w1": 2.8,
          "w2": 4.2,
          "combined_weight": 7.1
        }
      ],
      "high_corr_high_weight": []
    },
    "Mod\u00e9r\u00e9": {
      "n_assets": 15,
      "weighted_avg_correlation": 0.025,
      "most_correlated": [
        {
          "t1": "VICI",
          "t2": "BMED",
          "corr": 0.726,
          "w1": 9.0,
          "w2": 5.1,
          "combined_weight": 14.1
        },
        {
          "t1": "PEG",
          "t2": "REC",
          "corr": 0.3743,
          "w1": 7.2,
          "w2": 5.1,
          "combined_weight": 12.3
        },
        {
          "t1": "BMED",
          "t2": "EOG",
          "corr": 0.3527,
          "w1": 5.1,
          "w2": 3.1,
          "combined_weight": 8.2
        },
        {
          "t1": "VICI",
          "t2": "EOG",
          "corr": 0.3438,
          "w1": 9.0,
          "w2": 3.1,
          "combined_weight": 12.1
        },
        {
          "t1": "REC",
          "t2": "GLD",
          "corr": 0.3243,
          "w1": 5.1,
          "w2": 7.1,
          "combined_weight": 12.2
        },
        {
          "t1": "VICI",
          "t2": "SCHD",
          "corr": 0.2643,
          "w1": 9.0,
          "w2": 9.0,
          "combined_weight": 18.0
        },
        {
          "t1": "SCHD",
          "t2": "BMED",
          "corr": 0.2585,
          "w1": 9.0,
          "w2": 5.1,
          "combined_weight": 14.1
        },
        {
          "t1": "VICI",
          "t2": "FDVV",
          "corr": 0.1948,
          "w1": 9.0,
          "w2": 5.6,
          "combined_weight": 14.6
        },
        {
          "t1": "FDVV",
          "t2": "BMED",
          "corr": 0.184,
          "w1": 5.6,
          "w2": 5.1,
          "combined_weight": 10.7
        },
        {
          "t1": "REC",
          "t2": "XLV",
          "corr": 0.1794,
          "w1": 5.1,
          "w2": 3.0,
          "combined_weight": 8.2
        }
      ],
      "least_correlated": [
        {
          "t1": "PEG",
          "t2": "BMED",
          "corr": -0.2937,
          "w1": 7.2,
          "w2": 5.1,
          "combined_weight": 12.3
        },
        {
          "t1": "PEG",
          "t2": "VICI",
          "corr": -0.3072,
          "w1": 7.2,
          "w2": 9.0,
          "combined_weight": 16.2
        },
        {
          "t1": "REC",
          "t2": "EOG",
          "corr": -0.3415,
          "w1": 5.1,
          "w2": 3.1,
          "combined_weight": 8.2
        },
        {
          "t1": "BMED",
          "t2": "REC",
          "corr": -0.7141,
          "w1": 5.1,
          "w2": 5.1,
          "combined_weight": 10.3
        },
        {
          "t1": "VICI",
          "t2": "REC",
          "corr": -0.7586,
          "w1": 9.0,
          "w2": 5.1,
          "combined_weight": 14.1
        }
      ],
      "high_corr_high_weight": [
        {
          "t1": "VICI",
          "t2": "BMED",
          "corr": 0.726,
          "w1": 9.0,
          "w2": 5.1,
          "combined_weight": 14.1
        }
      ]
    },
    "Stable": {
      "n_assets": 14,
      "weighted_avg_correlation": 0.017,
      "most_correlated": [
        {
          "t1": "SPLV",
          "t2": "KO",
          "corr": 0.6104,
          "w1": 6.7,
          "w2": 5.3,
          "combined_weight": 12.0
        },
        {
          "t1": "VICI",
          "t2": "SHEL",
          "corr": 0.5008,
          "w1": 7.4,
          "w2": 7.4,
          "combined_weight": 14.7
        },
        {
          "t1": "VICI",
          "t2": "IBE",
          "corr": 0.3101,
          "w1": 7.4,
          "w2": 7.4,
          "combined_weight": 14.7
        },
        {
          "t1": "VICI",
          "t2": "SPYV",
          "corr": 0.2988,
          "w1": 7.4,
          "w2": 4.8,
          "combined_weight": 12.1
        },
        {
          "t1": "ACWV",
          "t2": "SPLV",
          "corr": 0.2625,
          "w1": 6.7,
          "w2": 6.7,
          "combined_weight": 13.3
        },
        {
          "t1": "SPLV",
          "t2": "GLD",
          "corr": 0.2547,
          "w1": 6.7,
          "w2": 5.1,
          "combined_weight": 11.7
        },
        {
          "t1": "IBE",
          "t2": "SHEL",
          "corr": 0.2269,
          "w1": 7.4,
          "w2": 7.4,
          "combined_weight": 14.7
        },
        {
          "t1": "SHEL",
          "t2": "SPYV",
          "corr": 0.2262,
          "w1": 7.4,
          "w2": 4.8,
          "combined_weight": 12.1
        },
        {
          "t1": "ACWV",
          "t2": "KO",
          "corr": 0.2123,
          "w1": 6.7,
          "w2": 5.3,
          "combined_weight": 12.0
        },
        {
          "t1": "SPLV",
          "t2": "XLV",
          "corr": 0.1955,
          "w1": 6.7,
          "w2": 4.8,
          "combined_weight": 11.5
        }
      ],
      "least_correlated": [
        {
          "t1": "SPLV",
          "t2": "IBE",
          "corr": -0.2584,
          "w1": 6.7,
          "w2": 7.4,
          "combined_weight": 14.0
        },
        {
          "t1": "SHEL",
          "t2": "KO",
          "corr": -0.3731,
          "w1": 7.4,
          "w2": 5.3,
          "combined_weight": 12.7
        },
        {
          "t1": "SPLV",
          "t2": "SHEL",
          "corr": -0.4184,
          "w1": 6.7,
          "w2": 7.4,
          "combined_weight": 14.0
        },
        {
          "t1": "VICI",
          "t2": "KO",
          "corr": -0.6146,
          "w1": 7.4,
          "w2": 5.3,
          "combined_weight": 12.7
        },
        {
          "t1": "SPLV",
          "t2": "VICI",
          "corr": -0.6873,
          "w1": 6.7,
          "w2": 7.4,
          "combined_weight": 14.0
        }
      ],
      "high_corr_high_weight": []
    }
  },
  "all_pairs_top_30": [
    {
      "t1": "REC",
      "t2": "VICI",
      "corr_hybrid": -0.7586,
      "corr_structured": null,
      "cat1": "Act",
      "cat2": "Act",
      "exp1": null,
      "exp2": null,
      "fam1": null,
      "fam2": null
    },
    {
      "t1": "BMED",
      "t2": "VICI",
      "corr_hybrid": 0.726,
      "corr_structured": null,
      "cat1": "Act",
      "cat2": "Act",
      "exp1": null,
      "exp2": null,
      "fam1": null,
      "fam2": null
    },
    {
      "t1": "BMED",
      "t2": "REC",
      "corr_hybrid": -0.7141,
      "corr_structured": null,
      "cat1": "Act",
      "cat2": "Act",
      "exp1": null,
      "exp2": null,
      "fam1": null,
      "fam2": null
    },
    {
      "t1": "REC",
      "t2": "SPLV",
      "corr_hybrid": 0.6919,
      "corr_structured": null,
      "cat1": "Act",
      "cat2": "ETF",
      "exp1": null,
      "exp2": "sp500",
      "fam1": null,
      "fam2": "us_equity_large"
    },
    {
      "t1": "LI",
      "t2": "REC",
      "corr_hybrid": -0.69,
      "corr_structured": null,
      "cat1": "Act",
      "cat2": "Act",
      "exp1": null,
      "exp2": null,
      "fam1": null,
      "fam2": null
    },
    {
      "t1": "SPLV",
      "t2": "VICI",
      "corr_hybrid": -0.6873,
      "corr_structured": null,
      "cat1": "ETF",
      "cat2": "Act",
      "exp1": "sp500",
      "exp2": null,
      "fam1": "us_equity_large",
      "fam2": null
    },
    {
      "t1": "BMED",
      "t2": "SPLV",
      "corr_hybrid": -0.661,
      "corr_structured": null,
      "cat1": "Act",
      "cat2": "ETF",
      "exp1": null,
      "exp2": "sp500",
      "fam1": null,
      "fam2": "us_equity_large"
    },
    {
      "t1": "KO",
      "t2": "REC",
      "corr_hybrid": 0.6205,
      "corr_structured": null,
      "cat1": "Act",
      "cat2": "Act",
      "exp1": null,
      "exp2": null,
      "fam1": null,
      "fam2": null
    },
    {
      "t1": "KO",
      "t2": "VICI",
      "corr_hybrid": -0.6146,
      "corr_structured": null,
      "cat1": "Act",
      "cat2": "Act",
      "exp1": null,
      "exp2": null,
      "fam1": null,
      "fam2": null
    },
    {
      "t1": "KO",
      "t2": "SPLV",
      "corr_hybrid": 0.6104,
      "corr_structured": null,
      "cat1": "Act",
      "cat2": "ETF",
      "exp1": null,
      "exp2": "sp500",
      "fam1": null,
      "fam2": "us_equity_large"
    },
    {
      "t1": "BMED",
      "t2": "KO",
      "corr_hybrid": -0.5792,
      "corr_structured": null,
      "cat1": "Act",
      "cat2": "Act",
      "exp1": null,
      "exp2": null,
      "fam1": null,
      "fam2": null
    },
    {
      "t1": "REC",
      "t2": "SHEL",
      "corr_hybrid": -0.505,
      "corr_structured": null,
      "cat1": "Act",
      "cat2": "Act",
      "exp1": null,
      "exp2": null,
      "fam1": null,
      "fam2": null
    },
    {
      "t1": "LI",
      "t2": "VICI",
      "corr_hybrid": 0.5048,
      "corr_structured": null,
      "cat1": "Act",
      "cat2": "Act",
      "exp1": null,
      "exp2": null,
      "fam1": null,
      "fam2": null
    },
    {
      "t1": "SHEL",
      "t2": "VICI",
      "corr_hybrid": 0.5008,
      "corr_structured": null,
      "cat1": "Act",
      "cat2": "Act",
      "exp1": null,
      "exp2": null,
      "fam1": null,
      "fam2": null
    },
    {
      "t1": "FIX",
      "t2": "REC",
      "corr_hybrid": -0.4918,
      "corr_structured": null,
      "cat1": "Act",
      "cat2": "Act",
      "exp1": null,
      "exp2": null,
      "fam1": null,
      "fam2": null
    },
    {
      "t1": "SLV",
      "t2": "SLVP",
      "corr_hybrid": -0.489,
      "corr_structured": 0.9,
      "cat1": "ETF",
      "cat2": "ETF",
      "exp1": "silver_physical",
      "exp2": "silver_miners",
      "fam1": "precious_metals",
      "fam2": "precious_metals"
    },
    {
      "t1": "BMED",
      "t2": "LI",
      "corr_hybrid": 0.4885,
      "corr_structured": null,
      "cat1": "Act",
      "cat2": "Act",
      "exp1": null,
      "exp2": null,
      "fam1": null,
      "fam2": null
    },
    {
      "t1": "BMED",
      "t2": "SHEL",
      "corr_hybrid": 0.4806,
      "corr_structured": null,
      "cat1": "Act",
      "cat2": "Act",
      "exp1": null,
      "exp2": null,
      "fam1": null,
      "fam2": null
    },
    {
      "t1": "GDXJ",
      "t2": "SLV",
      "corr_hybrid": -0.445,
      "corr_structured": 0.85,
      "cat1": "ETF",
      "cat2": "ETF",
      "exp1": "gold_miners",
      "exp2": "silver_physical",
      "fam1": "gold",
      "fam2": "precious_metals"
    },
    {
      "t1": "FLKR",
      "t2": "REC",
      "corr_hybrid": -0.4189,
      "corr_structured": null,
      "cat1": "ETF",
      "cat2": "Act",
      "exp1": "south_korea",
      "exp2": null,
      "fam1": "em_equity",
      "fam2": null
    },
    {
      "t1": "SHEL",
      "t2": "SPLV",
      "corr_hybrid": -0.4184,
      "corr_structured": null,
      "cat1": "Act",
      "cat2": "ETF",
      "exp1": null,
      "exp2": "sp500",
      "fam1": null,
      "fam2": "us_equity_large"
    },
    {
      "t1": "LI",
      "t2": "SPLV",
      "corr_hybrid": -0.4138,
      "corr_structured": null,
      "cat1": "Act",
      "cat2": "ETF",
      "exp1": null,
      "exp2": "sp500",
      "fam1": null,
      "fam2": "us_equity_large"
    },
    {
      "t1": "OIH",
      "t2": "REC",
      "corr_hybrid": 0.3793,
      "corr_structured": null,
      "cat1": "ETF",
      "cat2": "Act",
      "exp1": "energy",
      "exp2": null,
      "fam1": "sector_energy",
      "fam2": null
    },
    {
      "t1": "PEG",
      "t2": "REC",
      "corr_hybrid": 0.3743,
      "corr_structured": null,
      "cat1": "Act",
      "cat2": "Act",
      "exp1": null,
      "exp2": null,
      "fam1": null,
      "fam2": null
    },
    {
      "t1": "KO",
      "t2": "SHEL",
      "corr_hybrid": -0.3731,
      "corr_structured": null,
      "cat1": "Act",
      "cat2": "Act",
      "exp1": null,
      "exp2": null,
      "fam1": null,
      "fam2": null
    },
    {
      "t1": "LI",
      "t2": "SHEL",
      "corr_hybrid": 0.3597,
      "corr_structured": null,
      "cat1": "Act",
      "cat2": "Act",
      "exp1": null,
      "exp2": null,
      "fam1": null,
      "fam2": null
    },
    {
      "t1": "KO",
      "t2": "LI",
      "corr_hybrid": -0.3596,
      "corr_structured": null,
      "cat1": "Act",
      "cat2": "Act",
      "exp1": null,
      "exp2": null,
      "fam1": null,
      "fam2": null
    },
    {
      "t1": "BMED",
      "t2": "EOG",
      "corr_hybrid": 0.3527,
      "corr_structured": null,
      "cat1": "Act",
      "cat2": "Act",
      "exp1": null,
      "exp2": null,
      "fam1": null,
      "fam2": null
    },
    {
      "t1": "BKR",
      "t2": "REC",
      "corr_hybrid": 0.3486,
      "corr_structured": null,
      "cat1": "Act",
      "cat2": "Act",
      "exp1": null,
      "exp2": null,
      "fam1": null,
      "fam2": null
    },
    {
      "t1": "EOG",
      "t2": "VICI",
      "corr_hybrid": 0.3438,
      "corr_structured": null,
      "cat1": "Act",
      "cat2": "Act",
      "exp1": null,
      "exp2": null,
      "fam1": null,
      "fam2": null
    }
  ],
  "all_pairs_bottom_10": [
    {
      "t1": "SLVP",
      "t2": "XCEM",
      "corr_hybrid": 0.0016,
      "corr_structured": 0.2,
      "cat1": "ETF",
      "cat2": "ETF",
      "exp1": "silver_miners",
      "exp2": "emerging_markets",
      "fam1": "precious_metals",
      "fam2": "em_equity"
    },
    {
      "t1": "GD",
      "t2": "VSS",
      "corr_hybrid": 0.0014,
      "corr_structured": null,
      "cat1": "Act",
      "cat2": "ETF",
      "exp1": null,
      "exp2": "intl_small_cap",
      "fam1": null,
      "fam2": null
    },
    {
      "t1": "SCHD",
      "t2": "XLV",
      "corr_hybrid": 0.0013,
      "corr_structured": 0.2,
      "cat1": "ETF",
      "cat2": "ETF",
      "exp1": "dividend",
      "exp2": "healthcare",
      "fam1": "factor_dividend",
      "fam2": "sector_healthcare"
    },
    {
      "t1": "000660",
      "t2": "NVDA",
      "corr_hybrid": -0.0011,
      "corr_structured": null,
      "cat1": "Act",
      "cat2": "Act",
      "exp1": null,
      "exp2": null,
      "fam1": null,
      "fam2": null
    },
    {
      "t1": "2059",
      "t2": "NVDA",
      "corr_hybrid": -0.0011,
      "corr_structured": null,
      "cat1": "Act",
      "cat2": "Act",
      "exp1": null,
      "exp2": null,
      "fam1": null,
      "fam2": null
    },
    {
      "t1": "NVDA",
      "t2": "SUNPHARMA",
      "corr_hybrid": -0.0011,
      "corr_structured": null,
      "cat1": "Act",
      "cat2": "Act",
      "exp1": null,
      "exp2": null,
      "fam1": null,
      "fam2": null
    },
    {
      "t1": "FLKR",
      "t2": "NVDA",
      "corr_hybrid": -0.0005,
      "corr_structured": null,
      "cat1": "ETF",
      "cat2": "Act",
      "exp1": "south_korea",
      "exp2": null,
      "fam1": "em_equity",
      "fam2": null
    },
    {
      "t1": "ACWV",
      "t2": "SLV",
      "corr_hybrid": -0.0004,
      "corr_structured": 0.2,
      "cat1": "ETF",
      "cat2": "ETF",
      "exp1": "min_vol",
      "exp2": "silver_physical",
      "fam1": "factor_min_vol",
      "fam2": "precious_metals"
    },
    {
      "t1": "FNDF",
      "t2": "SOXX",
      "corr_hybrid": 0.0004,
      "corr_structured": 0.2,
      "cat1": "ETF",
      "cat2": "ETF",
      "exp1": "international",
      "exp2": "semiconductor",
      "fam1": "intl_equity",
      "fam2": "sector_tech"
    },
    {
      "t1": "GD",
      "t2": "GLD",
      "corr_hybrid": -0.0004,
      "corr_structured": null,
      "cat1": "Act",
      "cat2": "ETF",
      "exp1": null,
      "exp2": "gold_physical",
      "fam1": null,
      "fam2": "gold"
    }
  ],
  "correlation_matrix": {
    "tickers": [
      "000660",
      "2059",
      "ACWV",
      "BKR",
      "BMED",
      "BSV",
      "EOG",
      "FDVV",
      "FIX",
      "FLKR",
      "FLTR",
      "FNDF",
      "GD",
      "GDXJ",
      "GLD",
      "GTIP",
      "IBE",
      "ITX",
      "KO",
      "LI",
      "MTBA",
      "NVDA",
      "OIH",
      "PEG",
      "REC",
      "SCHD",
      "SCHP",
      "SHEL",
      "SLV",
      "SLVP",
      "SOXX",
      "SPLV",
      "SPYV",
      "STIP",
      "SUNPHARMA",
      "VGSH",
      "VICI",
      "VSS",
      "XBI",
      "XCEM",
      "XLK",
      "XLV"
    ],
    "matrix": [
      [
        1.0,
        0.0369,
        -0.0165,
        -0.0834,
        0.1279,
        0.0252,
        0.1181,
        0.048,
        -0.1069,
        -0.0036,
        0.0252,
        0.0137,
        0.0183,
        -0.0519,
        -0.0852,
        0.0252,
        0.1121,
        0.0622,
        -0.0491,
        0.1258,
        0.0252,
        -0.0011,
        -0.0782,
        -0.0277,
        -0.0653,
        0.0805,
        0.1088,
        0.1015,
        0.0304,
        0.047,
        -0.0454,
        -0.0847,
        0.0741,
        0.0252,
        0.0369,
        0.0252,
        0.1254,
        0.0077,
        -0.0269,
        0.0111,
        0.033,
        -0.006
      ],
      [
        0.0369,
        1.0,
        -0.0165,
        -0.0834,
        0.1279,
        0.0252,
        0.1181,
        0.048,
        -0.1069,
        -0.0036,
        0.0252,
        0.0137,
        0.0183,
        -0.0519,
        -0.0852,
        0.0252,
        0.1121,
        0.0622,
        -0.0491,
        0.1258,
        0.0252,
        -0.0011,
        -0.0782,
        -0.0277,
        -0.0653,
        0.0805,
        0.1088,
        0.1015,
        0.0304,
        0.047,
        -0.0454,
        -0.0847,
        0.0741,
        0.0252,
        0.0369,
        0.0252,
        0.1254,
        0.0077,
        -0.0269,
        0.0111,
        0.033,
        -0.006
      ],
      [
        -0.0165,
        -0.0165,
        1.0,
        0.037,
        -0.201,
        0.0428,
        -0.1129,
        0.0132,
        -0.1823,
        -0.0761,
        0.0428,
        0.0306,
        0.0655,
        0.032,
        0.1314,
        0.0428,
        -0.0781,
        -0.0204,
        0.2123,
        -0.0878,
        0.0428,
        -0.076,
        0.0696,
        0.147,
        0.2377,
        -0.0195,
        -0.061,
        -0.0953,
        -0.0004,
        0.0792,
        -0.07,
        0.2625,
        -0.0242,
        0.0428,
        -0.0165,
        0.0428,
        -0.2023,
        0.0383,
        0.0658,
        0.0024,
        -0.029,
        0.1186
      ],
      [
        -0.0834,
        -0.0834,
        0.037,
        1.0,
        -0.1499,
        -0.0055,
        -0.0874,
        -0.0527,
        -0.2736,
        -0.1303,
        -0.0055,
        -0.0461,
        -0.0216,
        0.0318,
        0.0653,
        -0.0055,
        -0.0762,
        -0.0496,
        0.1192,
        -0.0769,
        -0.0055,
        -0.1484,
        -0.0669,
        0.0328,
        0.3486,
        -0.0628,
        -0.0765,
        -0.1006,
        0.0916,
        0.1233,
        -0.1575,
        0.1425,
        -0.0705,
        -0.0055,
        -0.0834,
        -0.0055,
        -0.1498,
        -0.0366,
        -0.0346,
        -0.0708,
        -0.0922,
        0.0164
      ],
      [
        0.1279,
        0.1279,
        -0.201,
        -0.1499,
        1.0,
        0.0291,
        0.3527,
        0.184,
        0.2174,
        0.2249,
        0.0291,
        0.1244,
        -0.0594,
        -0.1782,
        -0.2535,
        0.0291,
        0.3164,
        0.167,
        -0.5792,
        0.4885,
        0.0291,
        0.225,
        -0.1976,
        -0.2937,
        -0.7141,
        0.2585,
        0.3295,
        0.4806,
        -0.1456,
        -0.0973,
        0.1565,
        -0.661,
        0.2873,
        0.0291,
        0.1279,
        0.0291,
        0.726,
        0.1147,
        -0.0242,
        0.1557,
        0.2259,
        -0.1357
      ],
      [
        0.0252,
        0.0252,
        0.0428,
        -0.0055,
        0.0291,
        1.0,
        0.021,
        0.0465,
        -0.0563,
        0.0042,
        0.0318,
        0.0402,
        0.0327,
        -0.0198,
        0.0109,
        0.0318,
        0.0319,
        0.0294,
        0.0119,
        0.052,
        0.0318,
        0.0067,
        0.0026,
        0.0292,
        -0.0144,
        0.0469,
        0.0419,
        0.0448,
        -0.022,
        0.0247,
        -0.0069,
        0.0175,
        0.0478,
        0.0318,
        0.0252,
        0.0318,
        0.0313,
        0.0406,
        0.0297,
        0.032,
        0.0316,
        0.0411
      ],
      [
        0.1181,
        0.1181,
        -0.1129,
        -0.0874,
        0.3527,
        0.021,
        1.0,
        0.0894,
        0.0617,
        0.093,
        0.021,
        0.0179,
        0.0212,
        -0.1097,
        -0.2473,
        0.021,
        0.263,
        0.1385,
        -0.2065,
        0.2654,
        0.021,
        0.11,
        -0.1116,
        -0.1149,
        -0.3415,
        0.1663,
        0.244,
        0.2407,
        0.023,
        -0.0264,
        0.0392,
        -0.3086,
        0.157,
        0.021,
        0.1181,
        0.021,
        0.3438,
        -0.0034,
        -0.0639,
        0.0424,
        0.1069,
        -0.0721
      ],
      [
        0.048,
        0.048,
        0.0132,
        -0.0527,
        0.184,
        0.0465,
        0.0894,
        1.0,
        -0.0513,
        0.0428,
        0.0465,
        0.0789,
        0.0212,
        -0.0671,
        -0.0289,
        0.0465,
        0.0975,
        0.0665,
        -0.1139,
        0.1701,
        0.0465,
        0.0437,
        -0.0498,
        -0.0303,
        -0.1659,
        0.1105,
        0.1156,
        0.1586,
        -0.0688,
        0.0163,
        0.0116,
        -0.1179,
        0.1195,
        0.0465,
        0.048,
        0.0465,
        0.1948,
        0.0797,
        0.0326,
        0.0718,
        0.083,
        0.0232
      ],
      [
        -0.1069,
        -0.1069,
        -0.1823,
        -0.2736,
        0.2174,
        -0.0563,
        0.0617,
        -0.0513,
        1.0,
        -0.0939,
        -0.0563,
        -0.0713,
        -0.1598,
        -0.1321,
        -0.1135,
        -0.0563,
        0.031,
        -0.0271,
        -0.2767,
        0.1149,
        -0.0563,
        -0.1087,
        -0.2724,
        -0.2366,
        -0.4918,
        -0.0152,
        0.0221,
        0.0982,
        -0.0756,
        -0.0087,
        -0.1555,
        -0.3046,
        -0.0064,
        -0.0563,
        -0.1069,
        -0.0563,
        0.2353,
        -0.0624,
        -0.1424,
        -0.0782,
        -0.0613,
        -0.1653
      ],
      [
        -0.0036,
        -0.0036,
        -0.0761,
        -0.1303,
        0.2249,
        0.0042,
        0.093,
        0.0428,
        -0.0939,
        1.0,
        0.0042,
        0.0208,
        -0.052,
        -0.1476,
        -0.0867,
        0.0042,
        0.0826,
        0.0354,
        -0.2044,
        0.155,
        0.0042,
        -0.0005,
        -0.1337,
        -0.1237,
        -0.4189,
        0.0683,
        0.0895,
        0.1504,
        -0.166,
        -0.0595,
        -0.0431,
        -0.2224,
        0.0783,
        0.0042,
        -0.0036,
        0.0042,
        0.2387,
        0.0231,
        -0.0383,
        0.0157,
        0.0341,
        -0.0596
      ],
      [
        0.0252,
        0.0252,
        0.0428,
        -0.0055,
        0.0291,
        0.0318,
        0.021,
        0.0465,
        -0.0563,
        0.0042,
        1.0,
        0.0402,
        0.0327,
        -0.0198,
        0.0109,
        0.0318,
        0.0319,
        0.0294,
        0.0119,
        0.052,
        0.0318,
        0.0067,
        0.0026,
        0.0292,
        -0.0144,
        0.0469,
        0.0419,
        0.0448,
        -0.022,
        0.0247,
        -0.0069,
        0.0175,
        0.0478,
        0.0318,
        0.0252,
        0.0318,
        0.0313,
        0.0406,
        0.0297,
        0.032,
        0.0316,
        0.0411
      ],
      [
        0.0137,
        0.0137,
        0.0306,
        -0.0461,
        0.1244,
        0.0402,
        0.0179,
        0.0789,
        -0.0713,
        0.0208,
        0.0402,
        1.0,
        0.0044,
        -0.0562,
        0.0297,
        0.0402,
        0.0341,
        0.0317,
        -0.0957,
        0.1209,
        0.0402,
        0.017,
        -0.038,
        -0.0212,
        -0.1194,
        0.0737,
        0.0592,
        0.1167,
        -0.1017,
        0.0125,
        0.0004,
        -0.0726,
        0.088,
        0.0402,
        0.0137,
        0.0402,
        0.1407,
        0.0866,
        0.0464,
        0.065,
        0.0605,
        0.0322
      ],
      [
        0.0183,
        0.0183,
        0.0655,
        -0.0216,
        -0.0594,
        0.0327,
        0.0212,
        0.0212,
        -0.1598,
        -0.052,
        0.0327,
        0.0044,
        1.0,
        -0.0083,
        -0.0004,
        0.0327,
        0.0318,
        0.0279,
        0.1199,
        0.0061,
        0.0327,
        -0.0467,
        -0.0018,
        0.075,
        0.1294,
        0.0289,
        0.0312,
        -0.0145,
        0.0457,
        0.0705,
        -0.0721,
        0.1139,
        0.0164,
        0.0327,
        0.0183,
        0.0327,
        -0.0679,
        0.0014,
        0.005,
        -0.0091,
        -0.0086,
        0.0568
      ],
      [
        -0.0519,
        -0.0519,
        0.032,
        0.0318,
        -0.1782,
        -0.0198,
        -0.1097,
        -0.0671,
        -0.1321,
        -0.1476,
        -0.0198,
        -0.0562,
        -0.0083,
        1.0,
        0.0078,
        -0.0198,
        -0.1041,
        -0.0607,
        0.1196,
        -0.1724,
        -0.0198,
        -0.0887,
        0.0401,
        0.0522,
        0.326,
        -0.0868,
        -0.1072,
        -0.1362,
        -0.445,
        -0.255,
        -0.0961,
        0.1464,
        -0.0929,
        -0.0198,
        -0.0519,
        -0.0198,
        -0.1829,
        -0.0538,
        -0.0166,
        -0.0756,
        -0.0897,
        0.0148
      ],
      [
        -0.0852,
        -0.0852,
        0.1314,
        0.0653,
        -0.2535,
        0.0109,
        -0.2473,
        -0.0289,
        -0.1135,
        -0.0867,
        0.0109,
        0.0297,
        -0.0004,
        0.0078,
        1.0,
        0.0109,
        -0.2059,
        -0.0972,
        0.1531,
        -0.1753,
        0.0109,
        -0.0881,
        0.0919,
        0.1091,
        0.3243,
        -0.0986,
        -0.1753,
        -0.1508,
        -0.1715,
        -0.0229,
        -0.0431,
        0.2547,
        -0.085,
        0.0109,
        -0.0852,
        0.0109,
        -0.2391,
        0.0507,
        0.0866,
        -0.0027,
        -0.0599,
        0.0952
      ],
      [
        0.0252,
        0.0252,
        0.0428,
        -0.0055,
        0.0291,
        0.0318,
        0.021,
        0.0465,
        -0.0563,
        0.0042,
        0.0318,
        0.0402,
        0.0327,
        -0.0198,
        0.0109,
        1.0,
        0.0319,
        0.0294,
        0.0119,
        0.052,
        0.0318,
        0.0067,
        0.0026,
        0.0292,
        -0.0144,
        0.0469,
        0.0419,
        0.0448,
        -0.022,
        0.0247,
        -0.0069,
        0.0175,
        0.0478,
        0.0318,
        0.0252,
        0.0318,
        0.0313,
        0.0406,
        0.0297,
        0.032,
        0.0316,
        0.0411
      ],
      [
        0.1121,
        0.1121,
        -0.0781,
        -0.0762,
        0.3164,
        0.0319,
        0.263,
        0.0975,
        0.031,
        0.0826,
        0.0319,
        0.0341,
        0.0318,
        -0.1041,
        -0.2059,
        0.0319,
        1.0,
        0.1311,
        -0.1743,
        0.2504,
        0.0319,
        0.0985,
        -0.0937,
        -0.0865,
        -0.2956,
        0.163,
        0.2268,
        0.2269,
        0.005,
        -0.0147,
        0.0324,
        -0.2584,
        0.1559,
        0.0319,
        0.1121,
        0.0319,
        0.3101,
        0.0162,
        -0.0406,
        0.0516,
        0.1063,
        -0.0438
      ],
      [
        0.0622,
        0.0622,
        -0.0204,
        -0.0496,
        0.167,
        0.0294,
        0.1385,
        0.0665,
        -0.0271,
        0.0354,
        0.0294,
        0.0317,
        0.0279,
        -0.0607,
        -0.0972,
        0.0294,
        0.1311,
        1.0,
        -0.079,
        0.1469,
        0.0294,
        0.0433,
        -0.053,
        -0.0314,
        -0.1445,
        0.0998,
        0.1296,
        0.1301,
        -0.002,
        0.0108,
        0.0028,
        -0.1182,
        0.0962,
        0.0294,
        0.0622,
        0.0294,
        0.1649,
        0.0234,
        -0.0109,
        0.0354,
        0.062,
        -0.0048
      ],
      [
        -0.0491,
        -0.0491,
        0.2123,
        0.1192,
        -0.5792,
        0.0119,
        -0.2065,
        -0.1139,
        -0.2767,
        -0.2044,
        0.0119,
        -0.0957,
        0.1199,
        0.1196,
        0.1531,
        0.0119,
        -0.1743,
        -0.079,
        1.0,
        -0.3596,
        0.0119,
        -0.1899,
        0.1687,
        0.3087,
        0.6205,
        -0.1526,
        -0.1923,
        -0.3731,
        0.1626,
        0.1218,
        -0.1681,
        0.6104,
        -0.1925,
        0.0119,
        -0.0491,
        0.0119,
        -0.6146,
        -0.0978,
        0.0186,
        -0.1257,
        -0.168,
        0.1589
      ],
      [
        0.1258,
        0.1258,
        -0.0878,
        -0.0769,
        0.4885,
        0.052,
        0.2654,
        0.1701,
        0.1149,
        0.155,
        0.052,
        0.1209,
        0.0061,
        -0.1724,
        -0.1753,
        0.052,
        0.2504,
        0.1469,
        -0.3596,
        1.0,
        0.052,
        0.1713,
        -0.1047,
        -0.1535,
        -0.69,
        0.2219,
        0.2666,
        0.3597,
        -0.1813,
        -0.092,
        0.1102,
        -0.4138,
        0.2397,
        0.052,
        0.1258,
        0.052,
        0.5048,
        0.1117,
        0.0167,
        0.1358,
        0.1861,
        -0.0447
      ],
      [
        0.0252,
        0.0252,
        0.0428,
        -0.0055,
        0.0291,
        0.0318,
        0.021,
        0.0465,
        -0.0563,
        0.0042,
        0.0318,
        0.0402,
        0.0327,
        -0.0198,
        0.0109,
        0.0318,
        0.0319,
        0.0294,
        0.0119,
        0.052,
        1.0,
        0.0067,
        0.0026,
        0.0292,
        -0.0144,
        0.0469,
        0.0419,
        0.0448,
        -0.022,
        0.0247,
        -0.0069,
        0.0175,
        0.0478,
        0.0318,
        0.0252,
        0.0318,
        0.0313,
        0.0406,
        0.0297,
        0.032,
        0.0316,
        0.0411
      ],
      [
        -0.0011,
        -0.0011,
        -0.076,
        -0.1484,
        0.225,
        0.0067,
        0.11,
        0.0437,
        -0.1087,
        -0.0005,
        0.0067,
        0.017,
        -0.0467,
        -0.0887,
        -0.0881,
        0.0067,
        0.0985,
        0.0433,
        -0.1899,
        0.1713,
        0.0067,
        1.0,
        -0.1483,
        -0.1205,
        -0.2508,
        0.0749,
        0.1022,
        0.1528,
        -0.0391,
        0.0182,
        -0.0509,
        -0.2161,
        0.0816,
        0.0067,
        -0.0011,
        0.0067,
        0.2364,
        0.0183,
        -0.046,
        0.0136,
        0.0339,
        -0.0592
      ],
      [
        -0.0782,
        -0.0782,
        0.0696,
        -0.0669,
        -0.1976,
        0.0026,
        -0.1116,
        -0.0498,
        -0.2724,
        -0.1337,
        0.0026,
        -0.038,
        -0.0018,
        0.0401,
        0.0919,
        0.0026,
        -0.0937,
        -0.053,
        0.1687,
        -0.1047,
        0.0026,
        -0.1483,
        1.0,
        0.0706,
        0.3793,
        -0.0682,
        -0.0912,
        -0.1252,
        0.0806,
        0.121,
        -0.1514,
        0.2019,
        -0.0768,
        0.0026,
        -0.0782,
        0.0026,
        -0.1991,
        -0.0282,
        -0.0143,
        -0.0655,
        -0.0927,
        0.0437
      ],
      [
        -0.0277,
        -0.0277,
        0.147,
        0.0328,
        -0.2937,
        0.0292,
        -0.1149,
        -0.0303,
        -0.2366,
        -0.1237,
        0.0292,
        -0.0212,
        0.075,
        0.0522,
        0.1091,
        0.0292,
        -0.0865,
        -0.0314,
        0.3087,
        -0.1535,
        0.0292,
        -0.1205,
        0.0706,
        1.0,
        0.3743,
        -0.0548,
        -0.0851,
        -0.1693,
        0.0746,
        0.1051,
        -0.1192,
        0.342,
        -0.0731,
        0.0292,
        -0.0277,
        0.0292,
        -0.3072,
        -0.0182,
        0.0296,
        -0.0487,
        -0.0771,
        0.1143
      ],
      [
        -0.0653,
        -0.0653,
        0.2377,
        0.3486,
        -0.7141,
        -0.0144,
        -0.3415,
        -0.1659,
        -0.4918,
        -0.4189,
        -0.0144,
        -0.1194,
        0.1294,
        0.326,
        0.3243,
        -0.0144,
        -0.2956,
        -0.1445,
        0.6205,
        -0.69,
        -0.0144,
        -0.2508,
        0.3793,
        0.3743,
        1.0,
        -0.2377,
        -0.3071,
        -0.505,
        0.2525,
        0.016,
        -0.1958,
        0.6919,
        -0.2775,
        -0.0144,
        -0.0653,
        -0.0144,
        -0.7586,
        -0.1207,
        0.0765,
        -0.1683,
        -0.2435,
        0.1794
      ],
      [
        0.0805,
        0.0805,
        -0.0195,
        -0.0628,
        0.2585,
        0.0469,
        0.1663,
        0.1105,
        -0.0152,
        0.0683,
        0.0469,
        0.0737,
        0.0289,
        -0.0868,
        -0.0986,
        0.0469,
        0.163,
        0.0998,
        -0.1526,
        0.2219,
        0.0469,
        0.0749,
        -0.0682,
        -0.0548,
        -0.2377,
        1.0,
        0.1724,
        0.2053,
        -0.049,
        0.0045,
        0.0275,
        -0.1873,
        0.1492,
        0.0469,
        0.0805,
        0.0469,
        0.2643,
        0.0673,
        0.0115,
        0.0758,
        0.1049,
        0.0013
      ],
      [
        0.1088,
        0.1088,
        -0.061,
        -0.0765,
        0.3295,
        0.0419,
        0.244,
        0.1156,
        0.0221,
        0.0895,
        0.0419,
        0.0592,
        0.0312,
        -0.1072,
        -0.1753,
        0.0419,
        0.2268,
        0.1296,
        -0.1923,
        0.2666,
        0.0419,
        0.1022,
        -0.0912,
        -0.0851,
        -0.3071,
        0.1724,
        1.0,
        0.2451,
        -0.0256,
        -0.0112,
        0.0393,
        -0.2606,
        0.1712,
        0.0419,
        0.1088,
        0.0419,
        0.3293,
        0.0453,
        -0.0182,
        0.0718,
        0.1199,
        -0.0289
      ],
      [
        0.1015,
        0.1015,
        -0.0953,
        -0.1006,
        0.4806,
        0.0448,
        0.2407,
        0.1586,
        0.0982,
        0.1504,
        0.0448,
        0.1167,
        -0.0145,
        -0.1362,
        -0.1508,
        0.0448,
        0.2269,
        0.1301,
        -0.3731,
        0.3597,
        0.0448,
        0.1528,
        -0.1252,
        -0.1693,
        -0.505,
        0.2053,
        0.2451,
        1.0,
        -0.1273,
        -0.0499,
        0.0986,
        -0.4184,
        0.2262,
        0.0448,
        0.1015,
        0.0448,
        0.5008,
        0.1116,
        0.0117,
        0.1298,
        0.1738,
        -0.0544
      ],
      [
        0.0304,
        0.0304,
        -0.0004,
        0.0916,
        -0.1456,
        -0.022,
        0.023,
        -0.0688,
        -0.0756,
        -0.166,
        -0.022,
        -0.1017,
        0.0457,
        -0.445,
        -0.1715,
        -0.022,
        0.005,
        -0.002,
        0.1626,
        -0.1813,
        -0.022,
        -0.0391,
        0.0806,
        0.0746,
        0.2525,
        -0.049,
        -0.0256,
        -0.1273,
        1.0,
        -0.489,
        -0.0878,
        0.1235,
        -0.0764,
        -0.022,
        0.0304,
        -0.022,
        -0.1741,
        -0.1213,
        -0.0618,
        -0.1066,
        -0.0811,
        -0.0026
      ],
      [
        0.047,
        0.047,
        0.0792,
        0.1233,
        -0.0973,
        0.0247,
        -0.0264,
        0.0163,
        -0.0087,
        -0.0595,
        0.0247,
        0.0125,
        0.0705,
        -0.255,
        -0.0229,
        0.0247,
        -0.0147,
        0.0108,
        0.1218,
        -0.092,
        0.0247,
        0.0182,
        0.121,
        0.1051,
        0.016,
        0.0045,
        -0.0112,
        -0.0499,
        -0.489,
        1.0,
        0.0029,
        0.1339,
        -0.0022,
        0.0247,
        0.047,
        0.0247,
        -0.1069,
