{
  "_meta": {
    "generated": "2026-06-02T12:50:24",
    "portfolio_generated": "2026-06-02T12:46:18.519504",
    "n_assets": 46,
    "n_with_returns": 34,
    "covariance_method": "hybrid_shrunk",
    "condition_number": 328.89,
    "pca_factors": 6
  },
  "profiles": {
    "Agressif": {
      "n_assets": 20,
      "weighted_avg_correlation": 0.2627,
      "most_correlated": [
        {
          "t1": "COPX",
          "t2": "PICK",
          "corr": 0.8561,
          "w1": 6.2,
          "w2": 5.3,
          "combined_weight": 11.5
        },
        {
          "t1": "XCEM",
          "t2": "PICK",
          "corr": 0.7647,
          "w1": 5.1,
          "w2": 5.3,
          "combined_weight": 10.3
        },
        {
          "t1": "COPX",
          "t2": "XCEM",
          "corr": 0.745,
          "w1": 6.2,
          "w2": 5.1,
          "combined_weight": 11.3
        },
        {
          "t1": "FLKR",
          "t2": "XCEM",
          "corr": 0.7432,
          "w1": 6.1,
          "w2": 5.1,
          "combined_weight": 11.1
        },
        {
          "t1": "FLKR",
          "t2": "PICK",
          "corr": 0.7194,
          "w1": 6.1,
          "w2": 5.3,
          "combined_weight": 11.3
        },
        {
          "t1": "XCEM",
          "t2": "SOXX",
          "corr": 0.7157,
          "w1": 5.1,
          "w2": 3.3,
          "combined_weight": 8.4
        },
        {
          "t1": "COPX",
          "t2": "FLKR",
          "corr": 0.7099,
          "w1": 6.2,
          "w2": 6.1,
          "combined_weight": 12.3
        },
        {
          "t1": "XLK",
          "t2": "SOXX",
          "corr": 0.6943,
          "w1": 3.8,
          "w2": 3.3,
          "combined_weight": 7.1
        },
        {
          "t1": "FLKR",
          "t2": "SOXX",
          "corr": 0.6919,
          "w1": 6.1,
          "w2": 3.3,
          "combined_weight": 9.4
        },
        {
          "t1": "XCEM",
          "t2": "XLK",
          "corr": 0.667,
          "w1": 5.1,
          "w2": 3.8,
          "combined_weight": 8.9
        }
      ],
      "least_correlated": [
        {
          "t1": "FSLR",
          "t2": "FLRN",
          "corr": 0.0248,
          "w1": 4.8,
          "w2": 5.2,
          "combined_weight": 10.0
        },
        {
          "t1": "FLTR",
          "t2": "FLRN",
          "corr": 0.0204,
          "w1": 5.2,
          "w2": 5.2,
          "combined_weight": 10.4
        },
        {
          "t1": "LLY",
          "t2": "NVDA",
          "corr": 0.0146,
          "w1": 4.6,
          "w2": 4.0,
          "combined_weight": 8.6
        },
        {
          "t1": "PLTR",
          "t2": "LLY",
          "corr": -0.0118,
          "w1": 5.6,
          "w2": 4.6,
          "combined_weight": 10.2
        },
        {
          "t1": "FIX",
          "t2": "LLY",
          "corr": -0.0299,
          "w1": 6.8,
          "w2": 4.6,
          "combined_weight": 11.4
        }
      ],
      "high_corr_high_weight": [
        {
          "t1": "COPX",
          "t2": "PICK",
          "corr": 0.8561,
          "w1": 6.2,
          "w2": 5.3,
          "combined_weight": 11.5
        },
        {
          "t1": "XCEM",
          "t2": "PICK",
          "corr": 0.7647,
          "w1": 5.1,
          "w2": 5.3,
          "combined_weight": 10.3
        },
        {
          "t1": "COPX",
          "t2": "XCEM",
          "corr": 0.745,
          "w1": 6.2,
          "w2": 5.1,
          "combined_weight": 11.3
        },
        {
          "t1": "FLKR",
          "t2": "XCEM",
          "corr": 0.7432,
          "w1": 6.1,
          "w2": 5.1,
          "combined_weight": 11.1
        },
        {
          "t1": "FLKR",
          "t2": "PICK",
          "corr": 0.7194,
          "w1": 6.1,
          "w2": 5.3,
          "combined_weight": 11.3
        }
      ]
    },
    "Mod\u00e9r\u00e9": {
      "n_assets": 14,
      "weighted_avg_correlation": 0.1194,
      "most_correlated": [
        {
          "t1": "FNDF",
          "t2": "EEMV",
          "corr": 0.7139,
          "w1": 9.0,
          "w2": 9.0,
          "combined_weight": 18.0
        },
        {
          "t1": "GPIQ",
          "t2": "EEMV",
          "corr": 0.6167,
          "w1": 5.8,
          "w2": 9.0,
          "combined_weight": 14.8
        },
        {
          "t1": "FNDF",
          "t2": "GPIQ",
          "corr": 0.5779,
          "w1": 9.0,
          "w2": 5.8,
          "combined_weight": 14.8
        },
        {
          "t1": "FNDF",
          "t2": "GLD",
          "corr": 0.4691,
          "w1": 9.0,
          "w2": 5.1,
          "combined_weight": 14.1
        },
        {
          "t1": "FNDF",
          "t2": "XLV",
          "corr": 0.4232,
          "w1": 9.0,
          "w2": 3.1,
          "combined_weight": 12.1
        },
        {
          "t1": "EEMV",
          "t2": "GLD",
          "corr": 0.4229,
          "w1": 9.0,
          "w2": 5.1,
          "combined_weight": 14.1
        },
        {
          "t1": "EEMV",
          "t2": "XLV",
          "corr": 0.4128,
          "w1": 9.0,
          "w2": 3.1,
          "combined_weight": 12.1
        },
        {
          "t1": "FNDF",
          "t2": "SCHD",
          "corr": 0.3794,
          "w1": 9.0,
          "w2": 9.0,
          "combined_weight": 18.0
        },
        {
          "t1": "SCHD",
          "t2": "EEMV",
          "corr": 0.3323,
          "w1": 9.0,
          "w2": 9.0,
          "combined_weight": 18.0
        },
        {
          "t1": "SCHD",
          "t2": "XLV",
          "corr": 0.3318,
          "w1": 9.0,
          "w2": 3.1,
          "combined_weight": 12.1
        }
      ],
      "least_correlated": [
        {
          "t1": "GALP",
          "t2": "GLD",
          "corr": -0.0752,
          "w1": 5.4,
          "w2": 5.1,
          "combined_weight": 10.5
        },
        {
          "t1": "FNDF",
          "t2": "CF",
          "corr": -0.2009,
          "w1": 9.0,
          "w2": 7.5,
          "combined_weight": 16.5
        },
        {
          "t1": "CF",
          "t2": "XLV",
          "corr": -0.2134,
          "w1": 7.5,
          "w2": 3.1,
          "combined_weight": 10.5
        },
        {
          "t1": "CF",
          "t2": "GPIQ",
          "corr": -0.2282,
          "w1": 7.5,
          "w2": 5.8,
          "combined_weight": 13.3
        },
        {
          "t1": "CF",
          "t2": "EEMV",
          "corr": -0.3059,
          "w1": 7.5,
          "w2": 9.0,
          "combined_weight": 16.5
        }
      ],
      "high_corr_high_weight": [
        {
          "t1": "FNDF",
          "t2": "EEMV",
          "corr": 0.7139,
          "w1": 9.0,
          "w2": 9.0,
          "combined_weight": 18.0
        }
      ]
    },
    "Stable": {
      "n_assets": 16,
      "weighted_avg_correlation": 0.1163,
      "most_correlated": [
        {
          "t1": "ACWV",
          "t2": "XLV",
          "corr": 0.4161,
          "w1": 4.2,
          "w2": 4.1,
          "combined_weight": 8.3
        },
        {
          "t1": "ACWV",
          "t2": "SPYV",
          "corr": 0.4074,
          "w1": 4.2,
          "w2": 4.6,
          "combined_weight": 8.8
        },
        {
          "t1": "PG",
          "t2": "XLV",
          "corr": 0.4031,
          "w1": 5.9,
          "w2": 4.1,
          "combined_weight": 10.0
        },
        {
          "t1": "VICI",
          "t2": "SCHP",
          "corr": 0.3864,
          "w1": 4.2,
          "w2": 5.8,
          "combined_weight": 10.0
        },
        {
          "t1": "PG",
          "t2": "KO",
          "corr": 0.3831,
          "w1": 5.9,
          "w2": 4.1,
          "combined_weight": 10.0
        },
        {
          "t1": "SPYV",
          "t2": "XLV",
          "corr": 0.3769,
          "w1": 4.6,
          "w2": 4.1,
          "combined_weight": 8.7
        },
        {
          "t1": "SCHP",
          "t2": "KO",
          "corr": 0.3543,
          "w1": 5.8,
          "w2": 4.1,
          "combined_weight": 9.9
        },
        {
          "t1": "SPLV",
          "t2": "PG",
          "corr": 0.354,
          "w1": 4.2,
          "w2": 5.9,
          "combined_weight": 10.1
        },
        {
          "t1": "GD",
          "t2": "SCHP",
          "corr": 0.3532,
          "w1": 4.4,
          "w2": 5.8,
          "combined_weight": 10.2
        },
        {
          "t1": "VICI",
          "t2": "PG",
          "corr": 0.3508,
          "w1": 4.2,
          "w2": 5.9,
          "combined_weight": 10.1
        }
      ],
      "least_correlated": [
        {
          "t1": "CLTL",
          "t2": "BSV",
          "corr": 0.0204,
          "w1": 12.3,
          "w2": 11.1,
          "combined_weight": 23.4
        },
        {
          "t1": "CLTL",
          "t2": "STIP",
          "corr": 0.0204,
          "w1": 12.3,
          "w2": 13.0,
          "combined_weight": 25.3
        },
        {
          "t1": "BSV",
          "t2": "STIP",
          "corr": 0.0204,
          "w1": 11.1,
          "w2": 13.0,
          "combined_weight": 24.1
        },
        {
          "t1": "NOVN",
          "t2": "GLD",
          "corr": 0.0147,
          "w1": 5.3,
          "w2": 4.0,
          "combined_weight": 9.3
        },
        {
          "t1": "KO",
          "t2": "GLD",
          "corr": -0.0039,
          "w1": 4.1,
          "w2": 4.0,
          "combined_weight": 8.1
        }
      ],
      "high_corr_high_weight": []
    }
  },
  "all_pairs_top_30": [
    {
      "t1": "COPX",
      "t2": "PICK",
      "corr_hybrid": 0.8561,
      "corr_structured": 0.2,
      "cat1": "ETF",
      "cat2": "ETF",
      "exp1": "copper",
      "exp2": "metals_mining",
      "fam1": "commodities",
      "fam2": null
    },
    {
      "t1": "FNDF",
      "t2": "PICK",
      "corr_hybrid": 0.7653,
      "corr_structured": 0.2,
      "cat1": "ETF",
      "cat2": "ETF",
      "exp1": "international",
      "exp2": "metals_mining",
      "fam1": "intl_equity",
      "fam2": null
    },
    {
      "t1": "PICK",
      "t2": "XCEM",
      "corr_hybrid": 0.7647,
      "corr_structured": 0.2,
      "cat1": "ETF",
      "cat2": "ETF",
      "exp1": "metals_mining",
      "exp2": "emerging_markets",
      "fam1": null,
      "fam2": "em_equity"
    },
    {
      "t1": "EEMV",
      "t2": "XCEM",
      "corr_hybrid": 0.7495,
      "corr_structured": 0.95,
      "cat1": "ETF",
      "cat2": "ETF",
      "exp1": "emerging_markets",
      "exp2": "emerging_markets",
      "fam1": "em_equity",
      "fam2": "em_equity"
    },
    {
      "t1": "COPX",
      "t2": "XCEM",
      "corr_hybrid": 0.745,
      "corr_structured": 0.2,
      "cat1": "ETF",
      "cat2": "ETF",
      "exp1": "copper",
      "exp2": "emerging_markets",
      "fam1": "commodities",
      "fam2": "em_equity"
    },
    {
      "t1": "FLKR",
      "t2": "XCEM",
      "corr_hybrid": 0.7432,
      "corr_structured": 0.9,
      "cat1": "ETF",
      "cat2": "ETF",
      "exp1": "south_korea",
      "exp2": "emerging_markets",
      "fam1": "em_equity",
      "fam2": "em_equity"
    },
    {
      "t1": "EEMV",
      "t2": "PICK",
      "corr_hybrid": 0.7359,
      "corr_structured": 0.2,
      "cat1": "ETF",
      "cat2": "ETF",
      "exp1": "emerging_markets",
      "exp2": "metals_mining",
      "fam1": "em_equity",
      "fam2": null
    },
    {
      "t1": "COPX",
      "t2": "FNDF",
      "corr_hybrid": 0.7341,
      "corr_structured": 0.2,
      "cat1": "ETF",
      "cat2": "ETF",
      "exp1": "copper",
      "exp2": "international",
      "fam1": "commodities",
      "fam2": "intl_equity"
    },
    {
      "t1": "FNDF",
      "t2": "XCEM",
      "corr_hybrid": 0.7278,
      "corr_structured": 0.62,
      "cat1": "ETF",
      "cat2": "ETF",
      "exp1": "international",
      "exp2": "emerging_markets",
      "fam1": "intl_equity",
      "fam2": "em_equity"
    },
    {
      "t1": "FLKR",
      "t2": "PICK",
      "corr_hybrid": 0.7194,
      "corr_structured": 0.2,
      "cat1": "ETF",
      "cat2": "ETF",
      "exp1": "south_korea",
      "exp2": "metals_mining",
      "fam1": "em_equity",
      "fam2": null
    },
    {
      "t1": "SOXX",
      "t2": "XCEM",
      "corr_hybrid": 0.7157,
      "corr_structured": 0.2,
      "cat1": "ETF",
      "cat2": "ETF",
      "exp1": "semiconductor",
      "exp2": "emerging_markets",
      "fam1": "sector_tech",
      "fam2": "em_equity"
    },
    {
      "t1": "EEMV",
      "t2": "FNDF",
      "corr_hybrid": 0.7139,
      "corr_structured": 0.62,
      "cat1": "ETF",
      "cat2": "ETF",
      "exp1": "emerging_markets",
      "exp2": "international",
      "fam1": "em_equity",
      "fam2": "intl_equity"
    },
    {
      "t1": "COPX",
      "t2": "FLKR",
      "corr_hybrid": 0.7099,
      "corr_structured": 0.2,
      "cat1": "ETF",
      "cat2": "ETF",
      "exp1": "copper",
      "exp2": "south_korea",
      "fam1": "commodities",
      "fam2": "em_equity"
    },
    {
      "t1": "COPX",
      "t2": "EEMV",
      "corr_hybrid": 0.7097,
      "corr_structured": 0.2,
      "cat1": "ETF",
      "cat2": "ETF",
      "exp1": "copper",
      "exp2": "emerging_markets",
      "fam1": "commodities",
      "fam2": "em_equity"
    },
    {
      "t1": "SOXX",
      "t2": "XLK",
      "corr_hybrid": 0.6943,
      "corr_structured": 0.9,
      "cat1": "ETF",
      "cat2": "ETF",
      "exp1": "semiconductor",
      "exp2": "tech",
      "fam1": "sector_tech",
      "fam2": "sector_tech"
    },
    {
      "t1": "FLKR",
      "t2": "SOXX",
      "corr_hybrid": 0.6919,
      "corr_structured": 0.2,
      "cat1": "ETF",
      "cat2": "ETF",
      "exp1": "south_korea",
      "exp2": "semiconductor",
      "fam1": "em_equity",
      "fam2": "sector_tech"
    },
    {
      "t1": "EEMV",
      "t2": "FLKR",
      "corr_hybrid": 0.6897,
      "corr_structured": 0.9,
      "cat1": "ETF",
      "cat2": "ETF",
      "exp1": "emerging_markets",
      "exp2": "south_korea",
      "fam1": "em_equity",
      "fam2": "em_equity"
    },
    {
      "t1": "GPIQ",
      "t2": "XLK",
      "corr_hybrid": 0.6728,
      "corr_structured": 0.9,
      "cat1": "ETF",
      "cat2": "ETF",
      "exp1": "nasdaq100",
      "exp2": "tech",
      "fam1": "sector_tech",
      "fam2": "sector_tech"
    },
    {
      "t1": "XCEM",
      "t2": "XLK",
      "corr_hybrid": 0.667,
      "corr_structured": 0.2,
      "cat1": "ETF",
      "cat2": "ETF",
      "exp1": "emerging_markets",
      "exp2": "tech",
      "fam1": "em_equity",
      "fam2": "sector_tech"
    },
    {
      "t1": "FLKR",
      "t2": "FNDF",
      "corr_hybrid": 0.664,
      "corr_structured": 0.62,
      "cat1": "ETF",
      "cat2": "ETF",
      "exp1": "south_korea",
      "exp2": "international",
      "fam1": "em_equity",
      "fam2": "intl_equity"
    },
    {
      "t1": "PICK",
      "t2": "SOXX",
      "corr_hybrid": 0.6595,
      "corr_structured": 0.2,
      "cat1": "ETF",
      "cat2": "ETF",
      "exp1": "metals_mining",
      "exp2": "semiconductor",
      "fam1": null,
      "fam2": "sector_tech"
    },
    {
      "t1": "COPX",
      "t2": "SOXX",
      "corr_hybrid": 0.6569,
      "corr_structured": 0.2,
      "cat1": "ETF",
      "cat2": "ETF",
      "exp1": "copper",
      "exp2": "semiconductor",
      "fam1": "commodities",
      "fam2": "sector_tech"
    },
    {
      "t1": "FIX",
      "t2": "SOXX",
      "corr_hybrid": 0.6569,
      "corr_structured": null,
      "cat1": "Act",
      "cat2": "ETF",
      "exp1": null,
      "exp2": "semiconductor",
      "fam1": null,
      "fam2": "sector_tech"
    },
    {
      "t1": "GPIQ",
      "t2": "XCEM",
      "corr_hybrid": 0.6547,
      "corr_structured": 0.2,
      "cat1": "ETF",
      "cat2": "ETF",
      "exp1": "nasdaq100",
      "exp2": "emerging_markets",
      "fam1": "sector_tech",
      "fam2": "em_equity"
    },
    {
      "t1": "EEMV",
      "t2": "SOXX",
      "corr_hybrid": 0.6483,
      "corr_structured": 0.2,
      "cat1": "ETF",
      "cat2": "ETF",
      "exp1": "emerging_markets",
      "exp2": "semiconductor",
      "fam1": "em_equity",
      "fam2": "sector_tech"
    },
    {
      "t1": "GPIQ",
      "t2": "SOXX",
      "corr_hybrid": 0.6446,
      "corr_structured": 0.9,
      "cat1": "ETF",
      "cat2": "ETF",
      "exp1": "nasdaq100",
      "exp2": "semiconductor",
      "fam1": "sector_tech",
      "fam2": "sector_tech"
    },
    {
      "t1": "FLKR",
      "t2": "XLK",
      "corr_hybrid": 0.6436,
      "corr_structured": 0.2,
      "cat1": "ETF",
      "cat2": "ETF",
      "exp1": "south_korea",
      "exp2": "tech",
      "fam1": "em_equity",
      "fam2": "sector_tech"
    },
    {
      "t1": "FLKR",
      "t2": "GPIQ",
      "corr_hybrid": 0.6178,
      "corr_structured": 0.2,
      "cat1": "ETF",
      "cat2": "ETF",
      "exp1": "south_korea",
      "exp2": "nasdaq100",
      "fam1": "em_equity",
      "fam2": "sector_tech"
    },
    {
      "t1": "FSLR",
      "t2": "ICLN",
      "corr_hybrid": 0.6171,
      "corr_structured": null,
      "cat1": "Act",
      "cat2": "ETF",
      "exp1": null,
      "exp2": "clean_energy",
      "fam1": null,
      "fam2": null
    },
    {
      "t1": "EEMV",
      "t2": "GPIQ",
      "corr_hybrid": 0.6167,
      "corr_structured": 0.2,
      "cat1": "ETF",
      "cat2": "ETF",
      "exp1": "emerging_markets",
      "exp2": "nasdaq100",
      "fam1": "em_equity",
      "fam2": "sector_tech"
    }
  ],
  "all_pairs_bottom_10": [
    {
      "t1": "FSLR",
      "t2": "LUPIN",
      "corr_hybrid": 0.0058,
      "corr_structured": null,
      "cat1": "Act",
      "cat2": "Act",
      "exp1": null,
      "exp2": null,
      "fam1": null,
      "fam2": null
    },
    {
      "t1": "LUPIN",
      "t2": "XCEM",
      "corr_hybrid": 0.0056,
      "corr_structured": null,
      "cat1": "Act",
      "cat2": "ETF",
      "exp1": null,
      "exp2": "emerging_markets",
      "fam1": null,
      "fam2": "em_equity"
    },
    {
      "t1": "ITX",
      "t2": "PICK",
      "corr_hybrid": 0.0055,
      "corr_structured": null,
      "cat1": "Act",
      "cat2": "ETF",
      "exp1": null,
      "exp2": "metals_mining",
      "fam1": null,
      "fam2": null
    },
    {
      "t1": "GLD",
      "t2": "LUPIN",
      "corr_hybrid": -0.0054,
      "corr_structured": null,
      "cat1": "ETF",
      "cat2": "Act",
      "exp1": "gold_physical",
      "exp2": null,
      "fam1": "gold",
      "fam2": null
    },
    {
      "t1": "CF",
      "t2": "PLTR",
      "corr_hybrid": 0.0044,
      "corr_structured": null,
      "cat1": "Act",
      "cat2": "Act",
      "exp1": null,
      "exp2": null,
      "fam1": null,
      "fam2": null
    },
    {
      "t1": "GLD",
      "t2": "KO",
      "corr_hybrid": -0.0039,
      "corr_structured": null,
      "cat1": "ETF",
      "cat2": "Act",
      "exp1": "gold_physical",
      "exp2": null,
      "fam1": "gold",
      "fam2": null
    },
    {
      "t1": "ICLN",
      "t2": "KO",
      "corr_hybrid": -0.0015,
      "corr_structured": null,
      "cat1": "ETF",
      "cat2": "Act",
      "exp1": "clean_energy",
      "exp2": null,
      "fam1": null,
      "fam2": null
    },
    {
      "t1": "PLTR",
      "t2": "XLV",
      "corr_hybrid": -0.001,
      "corr_structured": null,
      "cat1": "Act",
      "cat2": "ETF",
      "exp1": null,
      "exp2": "healthcare",
      "fam1": null,
      "fam2": "sector_healthcare"
    },
    {
      "t1": "NOVN",
      "t2": "PICK",
      "corr_hybrid": -0.0007,
      "corr_structured": null,
      "cat1": "Act",
      "cat2": "ETF",
      "exp1": null,
      "exp2": "metals_mining",
      "fam1": null,
      "fam2": null
    },
    {
      "t1": "LUPIN",
      "t2": "PICK",
      "corr_hybrid": 0.0004,
      "corr_structured": null,
      "cat1": "Act",
      "cat2": "ETF",
      "exp1": null,
      "exp2": "metals_mining",
      "fam1": null,
      "fam2": null
    }
  ],
  "correlation_matrix": {
    "tickers": [
      "000660",
      "2059",
      "ACWV",
      "BSV",
      "CF",
      "CLTL",
      "COPX",
      "CUMMINSIND",
      "EEMV",
      "EXPD",
      "FIX",
      "FLKR",
      "FLRN",
      "FLTR",
      "FNDF",
      "FSLR",
      "GALP",
      "GD",
      "GLD",
      "GPIQ",
      "GVT&D",
      "ICLN",
      "ITX",
      "KO",
      "LLY",
      "LUPIN",
      "NOVN",
      "NVDA",
      "PAAA",
      "PG",
      "PICK",
      "PLTR",
      "SCHD",
      "SCHP",
      "SHEL",
      "SOXX",
      "SPLV",
      "SPYV",
      "STIP",
      "TDTT",
      "VGSH",
      "VICI",
      "XBI",
      "XCEM",
      "XLK",
      "XLV"
    ],
    "matrix": [
      [
        1.0,
        0.581,
        0.3346,
        0.0798,
        0.2403,
        0.0798,
        0.1087,
        0.581,
        0.2106,
        0.3202,
        0.2044,
        0.075,
        0.0798,
        0.0798,
        0.2397,
        0.1648,
        0.2959,
        0.4015,
        0.0912,
        0.217,
        0.581,
        0.1934,
        0.3138,
        0.3417,
        0.3069,
        0.318,
        0.2774,
        0.1907,
        0.0798,
        0.3211,
        0.1491,
        0.198,
        0.3225,
        0.5328,
        0.3556,
        0.1104,
        0.2987,
        0.3241,
        0.0798,
        0.0798,
        0.0798,
        0.4014,
        0.1928,
        0.1445,
        0.1685,
        0.3046
      ],
      [
        0.581,
        1.0,
        0.3346,
        0.0798,
        0.2403,
        0.0798,
        0.1087,
        0.581,
        0.2106,
        0.3202,
        0.2044,
        0.075,
        0.0798,
        0.0798,
        0.2397,
        0.1648,
        0.2959,
        0.4015,
        0.0912,
        0.217,
        0.581,
        0.1934,
        0.3138,
        0.3417,
        0.3069,
        0.318,
        0.2774,
        0.1907,
        0.0798,
        0.3211,
        0.1491,
        0.198,
        0.3225,
        0.5328,
        0.3556,
        0.1104,
        0.2987,
        0.3241,
        0.0798,
        0.0798,
        0.0798,
        0.4014,
        0.1928,
        0.1445,
        0.1685,
        0.3046
      ],
      [
        0.3346,
        0.3346,
        1.0,
        0.0893,
        -0.0976,
        0.0893,
        0.3944,
        0.3346,
        0.4465,
        0.2012,
        0.1126,
        0.3365,
        0.0893,
        0.0893,
        0.4734,
        0.1276,
        0.1054,
        0.2563,
        0.276,
        0.3172,
        0.3346,
        0.2903,
        0.214,
        0.2633,
        0.3343,
        0.181,
        0.1231,
        0.1532,
        0.0893,
        0.3494,
        0.4371,
        0.0669,
        0.3543,
        0.3185,
        0.2059,
        0.2713,
        0.3271,
        0.4074,
        0.0893,
        0.0893,
        0.0893,
        0.3218,
        0.3577,
        0.4094,
        0.2619,
        0.4161
      ],
      [
        0.0798,
        0.0798,
        0.0893,
        1.0,
        0.0102,
        0.0204,
        0.0951,
        0.0798,
        0.0953,
        0.0509,
        0.0318,
        0.0734,
        0.0204,
        0.0204,
        0.1047,
        0.0248,
        0.0235,
        0.0646,
        0.0702,
        0.0728,
        0.0798,
        0.0673,
        0.0447,
        0.051,
        0.0609,
        0.0399,
        0.032,
        0.0402,
        0.0204,
        0.0637,
        0.1029,
        0.0267,
        0.0799,
        0.072,
        0.0656,
        0.0636,
        0.0686,
        0.0898,
        0.0204,
        0.0204,
        0.0204,
        0.071,
        0.0728,
        0.0878,
        0.063,
        0.0807
      ],
      [
        0.2403,
        0.2403,
        -0.0976,
        0.0102,
        1.0,
        0.0102,
        -0.0976,
        0.2403,
        -0.3059,
        0.2206,
        -0.1052,
        -0.3233,
        0.0102,
        0.0102,
        -0.2009,
        -0.0283,
        0.1143,
        0.2073,
        0.0795,
        -0.2282,
        0.2403,
        -0.0975,
        0.043,
        0.0219,
        -0.1784,
        0.1095,
        0.2047,
        -0.1316,
        0.0102,
        -0.1358,
        -0.1138,
        0.0044,
        0.0834,
        0.1597,
        0.5078,
        -0.2428,
        0.0329,
        -0.1025,
        0.0102,
        0.0102,
        0.0102,
        0.1356,
        -0.3005,
        -0.3475,
        -0.2285,
        -0.2134
      ],
      [
        0.0798,
        0.0798,
        0.0893,
        0.0204,
        0.0102,
        1.0,
        0.0951,
        0.0798,
        0.0953,
        0.0509,
        0.0318,
        0.0734,
        0.0204,
        0.0204,
        0.1047,
        0.0248,
        0.0235,
        0.0646,
        0.0702,
        0.0728,
        0.0798,
        0.0673,
        0.0447,
        0.051,
        0.0609,
        0.0399,
        0.032,
        0.0402,
        0.0204,
        0.0637,
        0.1029,
        0.0267,
        0.0799,
        0.072,
        0.0656,
        0.0636,
        0.0686,
        0.0898,
        0.0204,
        0.0204,
        0.0204,
        0.071,
        0.0728,
        0.0878,
        0.063,
        0.0807
      ],
      [
        0.1087,
        0.1087,
        0.3944,
        0.0951,
        -0.0976,
        0.0951,
        1.0,
        0.1087,
        0.7097,
        0.12,
        0.339,
        0.7099,
        0.0951,
        0.0951,
        0.7341,
        0.2292,
        -0.1213,
        0.1904,
        0.5755,
        0.5938,
        0.1087,
        0.591,
        -0.0424,
        -0.036,
        0.1153,
        -0.0306,
        -0.0196,
        0.3543,
        0.0951,
        0.0649,
        0.8561,
        0.2528,
        0.331,
        0.0465,
        0.2378,
        0.6569,
        0.1859,
        0.4986,
        0.0951,
        0.0951,
        0.0951,
        0.1241,
        0.4804,
        0.745,
        0.6049,
        0.309
      ],
      [
        0.581,
        0.581,
        0.3346,
        0.0798,
        0.2403,
        0.0798,
        0.1087,
        1.0,
        0.2106,
        0.3202,
        0.2044,
        0.075,
        0.0798,
        0.0798,
        0.2397,
        0.1648,
        0.2959,
        0.4015,
        0.0912,
        0.217,
        0.581,
        0.1934,
        0.3138,
        0.3417,
        0.3069,
        0.318,
        0.2774,
        0.1907,
        0.0798,
        0.3211,
        0.1491,
        0.198,
        0.3225,
        0.5328,
        0.3556,
        0.1104,
        0.2987,
        0.3241,
        0.0798,
        0.0798,
        0.0798,
        0.4014,
        0.1928,
        0.1445,
        0.1685,
        0.3046
      ],
      [
        0.2106,
        0.2106,
        0.4465,
        0.0953,
        -0.3059,
        0.0953,
        0.7097,
        0.2106,
        1.0,
        0.1373,
        0.427,
        0.6897,
        0.0953,
        0.0953,
        0.7139,
        0.271,
        -0.0261,
        0.2121,
        0.4229,
        0.6167,
        0.2106,
        0.5752,
        0.072,
        0.0913,
        0.2552,
        0.0534,
        0.0137,
        0.399,
        0.0953,
        0.2126,
        0.7359,
        0.2303,
        0.3323,
        0.1727,
        0.117,
        0.6483,
        0.2304,
        0.5325,
        0.0953,
        0.0953,
        0.0953,
        0.1851,
        0.5321,
        0.7495,
        0.6114,
        0.4128
      ],
      [
        0.3202,
        0.3202,
        0.2012,
        0.0509,
        0.2206,
        0.0509,
        0.12,
        0.3202,
        0.1373,
        1.0,
        0.1413,
        0.0664,
        0.0509,
        0.0509,
        0.1768,
        0.1076,
        0.1337,
        0.2257,
        0.1073,
        0.1025,
        0.3202,
        0.149,
        0.1869,
        0.203,
        0.1492,
        0.1732,
        0.1626,
        0.0695,
        0.0509,
        0.1884,
        0.1474,
        -0.0239,
        0.2227,
        0.2846,
        0.2608,
        0.0884,
        0.2006,
        0.1984,
        0.0509,
        0.0509,
        0.0509,
        0.2447,
        0.0816,
        0.1048,
        0.0717,
        0.169
      ],
      [
        0.2044,
        0.2044,
        0.1126,
        0.0318,
        -0.1052,
        0.0318,
        0.339,
        0.2044,
        0.427,
        0.1413,
        1.0,
        0.4924,
        0.0318,
        0.0318,
        0.3673,
        0.3251,
        0.0206,
        0.1576,
        0.0765,
        0.5411,
        0.2044,
        0.5278,
        0.0468,
        -0.0431,
        -0.0299,
        0.0257,
        0.0343,
        0.5628,
        0.0318,
        -0.0673,
        0.3432,
        0.2373,
        0.0652,
        0.1354,
        0.0336,
        0.6569,
        -0.0517,
        0.3007,
        0.0318,
        0.0318,
        0.0318,
        -0.0131,
        0.2385,
        0.5029,
        0.6146,
        0.0483
      ],
      [
        0.075,
        0.075,
        0.3365,
        0.0734,
        -0.3233,
        0.0734,
        0.7099,
        0.075,
        0.6897,
        0.0664,
        0.4924,
        1.0,
        0.0734,
        0.0734,
        0.664,
        0.2548,
        -0.1042,
        0.1264,
        0.4039,
        0.6178,
        0.075,
        0.577,
        -0.0255,
        -0.037,
        0.1262,
        -0.0385,
        -0.0542,
        0.4292,
        0.0734,
        0.0689,
        0.7194,
        0.245,
        0.2318,
        0.0342,
        0.0475,
        0.6919,
        0.113,
        0.4582,
        0.0734,
        0.0734,
        0.0734,
        0.0546,
        0.4807,
        0.7432,
        0.6436,
        0.2904
      ],
      [
        0.0798,
        0.0798,
        0.0893,
        0.0204,
        0.0102,
        0.0204,
        0.0951,
        0.0798,
        0.0953,
        0.0509,
        0.0318,
        0.0734,
        1.0,
        0.0204,
        0.1047,
        0.0248,
        0.0235,
        0.0646,
        0.0702,
        0.0728,
        0.0798,
        0.0673,
        0.0447,
        0.051,
        0.0609,
        0.0399,
        0.032,
        0.0402,
        0.0204,
        0.0637,
        0.1029,
        0.0267,
        0.0799,
        0.072,
        0.0656,
        0.0636,
        0.0686,
        0.0898,
        0.0204,
        0.0204,
        0.0204,
        0.071,
        0.0728,
        0.0878,
        0.063,
        0.0807
      ],
      [
        0.0798,
        0.0798,
        0.0893,
        0.0204,
        0.0102,
        0.0204,
        0.0951,
        0.0798,
        0.0953,
        0.0509,
        0.0318,
        0.0734,
        0.0204,
        1.0,
        0.1047,
        0.0248,
        0.0235,
        0.0646,
        0.0702,
        0.0728,
        0.0798,
        0.0673,
        0.0447,
        0.051,
        0.0609,
        0.0399,
        0.032,
        0.0402,
        0.0204,
        0.0637,
        0.1029,
        0.0267,
        0.0799,
        0.072,
        0.0656,
        0.0636,
        0.0686,
        0.0898,
        0.0204,
        0.0204,
        0.0204,
        0.071,
        0.0728,
        0.0878,
        0.063,
        0.0807
      ],
      [
        0.2397,
        0.2397,
        0.4734,
        0.1047,
        -0.2009,
        0.1047,
        0.7341,
        0.2397,
        0.7139,
        0.1768,
        0.3673,
        0.664,
        0.1047,
        0.1047,
        1.0,
        0.1919,
        -0.0245,
        0.238,
        0.4691,
        0.5779,
        0.2397,
        0.5378,
        0.1166,
        0.1256,
        0.2534,
        0.0773,
        0.041,
        0.353,
        0.1047,
        0.24,
        0.7653,
        0.1648,
        0.3794,
        0.1996,
        0.204,
        0.61,
        0.28,
        0.5416,
        0.1047,
        0.1047,
        0.1047,
        0.2341,
        0.5098,
        0.7278,
        0.5609,
        0.4232
      ],
      [
        0.1648,
        0.1648,
        0.1276,
        0.0248,
        -0.0283,
        0.0248,
        0.2292,
        0.1648,
        0.271,
        0.1076,
        0.3251,
        0.2548,
        0.0248,
        0.0248,
        0.1919,
        1.0,
        0.0571,
        0.1398,
        0.1322,
        0.2457,
        0.1648,
        0.6171,
        -0.2177,
        0.0119,
        0.1813,
        0.0058,
        0.043,
        0.1055,
        0.0248,
        0.0508,
        0.2231,
        0.134,
        0.1392,
        0.0875,
        0.0107,
        0.3058,
        0.0447,
        0.2206,
        0.0248,
        0.0248,
        0.0248,
        0.0585,
        0.1754,
        0.2674,
        0.2543,
        0.1636
      ],
      [
        0.2959,
        0.2959,
        0.1054,
        0.0235,
        0.1143,
        0.0235,
        -0.1213,
        0.2959,
        -0.0261,
        0.1337,
        0.0206,
        -0.1042,
        0.0235,
        0.0235,
        -0.0245,
        0.0571,
        1.0,
        0.1823,
        -0.0752,
        0.0098,
        0.2959,
        -0.0175,
        0.1662,
        0.1885,
        0.1609,
        0.1793,
        0.151,
        0.0415,
        0.0235,
        0.1624,
        -0.1027,
        0.1146,
        0.1001,
        0.2845,
        0.1242,
        -0.0801,
        0.1178,
        0.0766,
        0.0235,
        0.0235,
        0.0235,
        0.1892,
        0.0274,
        -0.0725,
        -0.019,
        0.1136
      ],
      [
        0.4015,
        0.4015,
        0.2563,
        0.0646,
        0.2073,
        0.0646,
        0.1904,
        0.4015,
        0.2121,
        0.2257,
        0.1576,
        0.1264,
        0.0646,
        0.0646,
        0.238,
        0.1398,
        0.1823,
        1.0,
        0.1531,
        0.2196,
        0.4015,
        0.201,
        0.1764,
        0.1943,
        0.1923,
        0.1998,
        0.186,
        0.1771,
        0.0646,
        0.182,
        0.211,
        0.2259,
        0.2497,
        0.3532,
        0.2998,
        0.1465,
        0.2043,
        0.2679,
        0.0646,
        0.0646,
        0.0646,
        0.273,
        0.1782,
        0.1714,
        0.1941,
        0.2137
      ],
      [
        0.0912,
        0.0912,
        0.276,
        0.0702,
        0.0795,
        0.0702,
        0.5755,
        0.0912,
        0.4229,
        0.1073,
        0.0765,
        0.4039,
        0.0702,
        0.0702,
        0.4691,
        0.1322,
        -0.0752,
        0.1531,
        1.0,
        0.3169,
        0.0912,
        0.3502,
        -0.0305,
        -0.0039,
        0.08,
        -0.0054,
        0.0147,
        0.1381,
        0.0702,
        0.0566,
        0.5782,
        0.134,
        0.265,
        0.0437,
        0.2567,
        0.3432,
        0.1689,
        0.3177,
        0.0702,
        0.0702,
        0.0702,
        0.1293,
        0.2806,
        0.4272,
        0.3086,
        0.2077
      ],
      [
        0.217,
        0.217,
        0.3172,
        0.0728,
        -0.2282,
        0.0728,
        0.5938,
        0.217,
        0.6167,
        0.1025,
        0.5411,
        0.6178,
        0.0728,
        0.0728,
        0.5779,
        0.2457,
        0.0098,
        0.2196,
        0.3169,
        1.0,
        0.217,
        0.5307,
        0.0217,
        -0.0106,
        0.1371,
        0.0352,
        0.0179,
        0.5186,
        0.0728,
        0.051,
        0.5985,
        0.4604,
        0.2098,
        0.1626,
        0.1005,
        0.6446,
        0.0878,
        0.4468,
        0.0728,
        0.0728,
        0.0728,
        0.0914,
        0.4643,
        0.6547,
        0.6728,
        0.2609
      ],
      [
        0.581,
        0.581,
        0.3346,
        0.0798,
        0.2403,
        0.0798,
        0.1087,
        0.581,
        0.2106,
        0.3202,
        0.2044,
        0.075,
        0.0798,
        0.0798,
        0.2397,
        0.1648,
        0.2959,
        0.4015,
        0.0912,
        0.217,
        1.0,
        0.1934,
        0.3138,
        0.3417,
        0.3069,
        0.318,
        0.2774,
        0.1907,
        0.0798,
        0.3211,
        0.1491,
        0.198,
        0.3225,
        0.5328,
        0.3556,
        0.1104,
        0.2987,
        0.3241,
        0.0798,
        0.0798,
        0.0798,
        0.4014,
        0.1928,
        0.1445,
        0.1685,
        0.3046
      ],
      [
        0.1934,
        0.1934,
        0.2903,
        0.0673,
        -0.0975,
        0.0673,
        0.591,
        0.1934,
        0.5752,
        0.149,
        0.5278,
        0.577,
        0.0673,
        0.0673,
        0.5378,
        0.6171,
        -0.0175,
        0.201,
        0.3502,
        0.5307,
        0.1934,
        1.0,
        -0.0848,
        -0.0015,
        0.1482,
        0.0079,
        0.0259,
        0.3566,
        0.0673,
        0.0617,
        0.5954,
        0.2301,
        0.2489,
        0.1146,
        0.1285,
        0.6121,
        0.1129,
        0.4232,
        0.0673,
        0.0673,
        0.0673,
        0.0997,
        0.3771,
        0.6063,
        0.5538,
        0.2525
      ],
      [
        0.3138,
        0.3138,
        0.214,
        0.0447,
        0.043,
        0.0447,
        -0.0424,
        0.3138,
        0.072,
        0.1869,
        0.0468,
        -0.0255,
        0.0447,
        0.0447,
        0.1166,
        -0.2177,
        0.1662,
        0.1764,
        -0.0305,
        0.0217,
        0.3138,
        -0.0848,
        1.0,
        0.3027,
        0.207,
        0.226,
        0.1597,
        0.0327,
        0.0447,
        0.3052,
        0.0055,
        -0.1336,
        0.1896,
        0.3304,
        0.1564,
        -0.0331,
        0.2392,
        0.1535,
        0.0447,
        0.0447,
        0.0447,
        0.2758,
        0.0715,
        0.0298,
        -0.0319,
        0.2141
      ],
      [
        0.3417,
        0.3417,
        0.2633,
        0.051,
        0.0219,
        0.051,
        -0.036,
        0.3417,
        0.0913,
        0.203,
        -0.0431,
        -0.037,
        0.051,
        0.051,
        0.1256,
        0.0119,
        0.1885,
        0.1943,
        -0.0039,
        -0.0106,
        0.3417,
        -0.0015,
        0.3027,
        1.0,
        0.3074,
        0.2406,
        0.1731,
        -0.0595,
        0.051,
        0.3831,
        0.0158,
        -0.1771,
        0.2439,
        0.3543,
        0.1482,
        -0.0727,
        0.2971,
        0.1827,
        0.051,
        0.051,
        0.051,
        0.3254,
        0.0974,
        0.0279,
        -0.0856,
        0.2957
      ],
      [
        0.3069,
        0.3069,
        0.3343,
        0.0609,
        -0.1784,
        0.0609,
        0.1153,
        0.3069,
        0.2552,
        0.1492,
        -0.0299,
        0.1262,
        0.0609,
        0.0609,
        0.2534,
        0.1813,
        0.1609,
        0.1923,
        0.08,
        0.1371,
        0.3069,
        0.1482,
        0.207,
        0.3074,
        1.0,
        0.198,
        0.1223,
        0.0146,
        0.0609,
        0.3911,
        0.1605,
        -0.0118,
        0.265,
        0.3178,
        0.0668,
        0.0575,
        0.2941,
        0.2741,
        0.0609,
        0.0609,
        0.0609,
        0.3001,
        0.2528,
        0.1971,
        0.0664,
        0.3875
      ],
      [
        0.318,
        0.318,
        0.181,
        0.0399,
        0.1095,
        0.0399,
        -0.0306,
        0.318,
        0.0534,
        0.1732,
        0.0257,
        -0.0385,
        0.0399,
        0.0399,
        0.0773,
        0.0058,
        0.1793,
        0.1998,
        -0.0054,
        0.0352,
        0.318,
        0.0079,
        0.226,
        0.2406,
        0.198,
        1.0,
        0.1607,
        0.0314,
        0.0399,
        0.2337,
        0.0004,
        0.0127,
        0.1731,
        0.3101,
        0.1709,
        -0.0354,
