{
  "_meta": {
    "generated": "2026-04-01T12:28:13",
    "portfolio_generated": "2026-04-01T12:26:49.065967",
    "n_assets": 40,
    "n_with_returns": 32,
    "covariance_method": "hybrid_shrunk",
    "condition_number": 498.2,
    "pca_factors": 4
  },
  "profiles": {
    "Agressif": {
      "n_assets": 16,
      "weighted_avg_correlation": 0.2373,
      "most_correlated": [
        {
          "t1": "SOXX",
          "t2": "MU",
          "corr": 0.8149,
          "w1": 8.3,
          "w2": 6.5,
          "combined_weight": 14.8
        },
        {
          "t1": "VRT",
          "t2": "MU",
          "corr": 0.7838,
          "w1": 4.5,
          "w2": 6.5,
          "combined_weight": 11.0
        },
        {
          "t1": "VRT",
          "t2": "SOXX",
          "corr": 0.7718,
          "w1": 4.5,
          "w2": 8.3,
          "combined_weight": 12.8
        },
        {
          "t1": "SOXX",
          "t2": "NVDA",
          "corr": 0.7182,
          "w1": 8.3,
          "w2": 3.2,
          "combined_weight": 11.5
        },
        {
          "t1": "SLV",
          "t2": "GLD",
          "corr": 0.7138,
          "w1": 5.8,
          "w2": 10.1,
          "combined_weight": 15.9
        },
        {
          "t1": "NVDA",
          "t2": "MU",
          "corr": 0.7059,
          "w1": 3.2,
          "w2": 6.5,
          "combined_weight": 9.7
        },
        {
          "t1": "VRT",
          "t2": "NVDA",
          "corr": 0.6813,
          "w1": 4.5,
          "w2": 3.2,
          "combined_weight": 7.7
        },
        {
          "t1": "SLVP",
          "t2": "SLV",
          "corr": 0.6752,
          "w1": 3.9,
          "w2": 5.8,
          "combined_weight": 9.7
        },
        {
          "t1": "SOXX",
          "t2": "FLKR",
          "corr": 0.642,
          "w1": 8.3,
          "w2": 5.8,
          "combined_weight": 14.2
        },
        {
          "t1": "MU",
          "t2": "FLKR",
          "corr": 0.5911,
          "w1": 6.5,
          "w2": 5.8,
          "combined_weight": 12.3
        }
      ],
      "least_correlated": [
        {
          "t1": "CF",
          "t2": "XBI",
          "corr": -0.0578,
          "w1": 5.2,
          "w2": 3.4,
          "combined_weight": 8.6
        },
        {
          "t1": "INCY",
          "t2": "CF",
          "corr": -0.064,
          "w1": 8.1,
          "w2": 5.2,
          "combined_weight": 13.3
        },
        {
          "t1": "CF",
          "t2": "GOOGL",
          "corr": -0.0944,
          "w1": 5.2,
          "w2": 3.9,
          "combined_weight": 9.1
        },
        {
          "t1": "CF",
          "t2": "FLKR",
          "corr": -0.098,
          "w1": 5.2,
          "w2": 5.8,
          "combined_weight": 11.0
        },
        {
          "t1": "CF",
          "t2": "SLVP",
          "corr": -0.1918,
          "w1": 5.2,
          "w2": 3.9,
          "combined_weight": 9.1
        }
      ],
      "high_corr_high_weight": [
        {
          "t1": "SOXX",
          "t2": "MU",
          "corr": 0.8149,
          "w1": 8.3,
          "w2": 6.5,
          "combined_weight": 14.8
        },
        {
          "t1": "VRT",
          "t2": "MU",
          "corr": 0.7838,
          "w1": 4.5,
          "w2": 6.5,
          "combined_weight": 11.0
        },
        {
          "t1": "VRT",
          "t2": "SOXX",
          "corr": 0.7718,
          "w1": 4.5,
          "w2": 8.3,
          "combined_weight": 12.8
        },
        {
          "t1": "SOXX",
          "t2": "NVDA",
          "corr": 0.7182,
          "w1": 8.3,
          "w2": 3.2,
          "combined_weight": 11.5
        },
        {
          "t1": "SLV",
          "t2": "GLD",
          "corr": 0.7138,
          "w1": 5.8,
          "w2": 10.1,
          "combined_weight": 15.9
        }
      ]
    },
    "Mod\u00e9r\u00e9": {
      "n_assets": 15,
      "weighted_avg_correlation": 0.2611,
      "most_correlated": [
        {
          "t1": "SCHD",
          "t2": "HDV",
          "corr": 0.6247,
          "w1": 6.8,
          "w2": 7.5,
          "combined_weight": 14.3
        },
        {
          "t1": "SCHD",
          "t2": "GGG",
          "corr": 0.5828,
          "w1": 6.8,
          "w2": 3.2,
          "combined_weight": 10.0
        },
        {
          "t1": "SCHD",
          "t2": "VSS",
          "corr": 0.5751,
          "w1": 6.8,
          "w2": 8.4,
          "combined_weight": 15.1
        },
        {
          "t1": "RIO",
          "t2": "VSS",
          "corr": 0.5715,
          "w1": 6.8,
          "w2": 8.4,
          "combined_weight": 15.1
        },
        {
          "t1": "SCHY",
          "t2": "VSS",
          "corr": 0.569,
          "w1": 8.4,
          "w2": 8.4,
          "combined_weight": 16.8
        },
        {
          "t1": "SCHD",
          "t2": "XLV",
          "corr": 0.5646,
          "w1": 6.8,
          "w2": 3.1,
          "combined_weight": 9.9
        },
        {
          "t1": "SCHD",
          "t2": "SCHY",
          "corr": 0.5486,
          "w1": 6.8,
          "w2": 8.4,
          "combined_weight": 15.1
        },
        {
          "t1": "HDV",
          "t2": "GGG",
          "corr": 0.5291,
          "w1": 7.5,
          "w2": 3.2,
          "combined_weight": 10.7
        },
        {
          "t1": "HDV",
          "t2": "XLV",
          "corr": 0.5287,
          "w1": 7.5,
          "w2": 3.1,
          "combined_weight": 10.6
        },
        {
          "t1": "SCHY",
          "t2": "HDV",
          "corr": 0.525,
          "w1": 8.4,
          "w2": 7.5,
          "combined_weight": 15.9
        }
      ],
      "least_correlated": [
        {
          "t1": "VGSH",
          "t2": "ITX",
          "corr": 0.0346,
          "w1": 9.0,
          "w2": 3.2,
          "combined_weight": 12.2
        },
        {
          "t1": "STIP",
          "t2": "ITX",
          "corr": 0.0346,
          "w1": 9.0,
          "w2": 3.2,
          "combined_weight": 12.2
        },
        {
          "t1": "VGSH",
          "t2": "STIP",
          "corr": 0.0182,
          "w1": 9.0,
          "w2": 9.0,
          "combined_weight": 18.0
        },
        {
          "t1": "EOG",
          "t2": "ITX",
          "corr": 0.0164,
          "w1": 7.6,
          "w2": 3.2,
          "combined_weight": 10.8
        },
        {
          "t1": "ITX",
          "t2": "GLD",
          "corr": -0.0226,
          "w1": 3.2,
          "w2": 8.1,
          "combined_weight": 11.3
        }
      ],
      "high_corr_high_weight": []
    },
    "Stable": {
      "n_assets": 16,
      "weighted_avg_correlation": 0.1145,
      "most_correlated": [
        {
          "t1": "SPYV",
          "t2": "XLV",
          "corr": 0.5749,
          "w1": 4.3,
          "w2": 3.1,
          "combined_weight": 7.4
        },
        {
          "t1": "ACWV",
          "t2": "SPYV",
          "corr": 0.5686,
          "w1": 4.7,
          "w2": 4.3,
          "combined_weight": 8.9
        },
        {
          "t1": "ACWV",
          "t2": "XLV",
          "corr": 0.5336,
          "w1": 4.7,
          "w2": 3.1,
          "combined_weight": 7.8
        },
        {
          "t1": "ACWV",
          "t2": "SPLV",
          "corr": 0.5237,
          "w1": 4.7,
          "w2": 4.7,
          "combined_weight": 9.3
        },
        {
          "t1": "SPLV",
          "t2": "SPYV",
          "corr": 0.5206,
          "w1": 4.7,
          "w2": 4.3,
          "combined_weight": 8.9
        },
        {
          "t1": "SPLV",
          "t2": "XLV",
          "corr": 0.5097,
          "w1": 4.7,
          "w2": 3.1,
          "combined_weight": 7.8
        },
        {
          "t1": "SPYV",
          "t2": "GD",
          "corr": 0.4947,
          "w1": 4.3,
          "w2": 3.8,
          "combined_weight": 8.1
        },
        {
          "t1": "ACWV",
          "t2": "GD",
          "corr": 0.448,
          "w1": 4.7,
          "w2": 3.8,
          "combined_weight": 8.5
        },
        {
          "t1": "SPLV",
          "t2": "GD",
          "corr": 0.4455,
          "w1": 4.7,
          "w2": 3.8,
          "combined_weight": 8.5
        },
        {
          "t1": "SPLV",
          "t2": "VICI",
          "corr": 0.4454,
          "w1": 4.7,
          "w2": 4.5,
          "combined_weight": 9.2
        }
      ],
      "least_correlated": [
        {
          "t1": "BSV",
          "t2": "VGSH",
          "corr": 0.0182,
          "w1": 10.3,
          "w2": 13.3,
          "combined_weight": 23.6
        },
        {
          "t1": "BSV",
          "t2": "STIP",
          "corr": 0.0182,
          "w1": 10.3,
          "w2": 14.0,
          "combined_weight": 24.3
        },
        {
          "t1": "CLTL",
          "t2": "VGSH",
          "corr": 0.0182,
          "w1": 10.8,
          "w2": 13.3,
          "combined_weight": 24.1
        },
        {
          "t1": "CLTL",
          "t2": "STIP",
          "corr": 0.0182,
          "w1": 10.8,
          "w2": 14.0,
          "combined_weight": 24.8
        },
        {
          "t1": "VGSH",
          "t2": "STIP",
          "corr": 0.0182,
          "w1": 13.3,
          "w2": 14.0,
          "combined_weight": 27.3
        }
      ],
      "high_corr_high_weight": []
    }
  },
  "all_pairs_top_30": [
    {
      "t1": "MU",
      "t2": "SOXX",
      "corr_hybrid": 0.8149,
      "corr_structured": null,
      "cat1": "Act",
      "cat2": "ETF",
      "exp1": null,
      "exp2": "semiconductor",
      "fam1": null,
      "fam2": "sector_tech"
    },
    {
      "t1": "MU",
      "t2": "VRT",
      "corr_hybrid": 0.7838,
      "corr_structured": null,
      "cat1": "Act",
      "cat2": "Act",
      "exp1": null,
      "exp2": null,
      "fam1": null,
      "fam2": null
    },
    {
      "t1": "SOXX",
      "t2": "VRT",
      "corr_hybrid": 0.7718,
      "corr_structured": null,
      "cat1": "ETF",
      "cat2": "Act",
      "exp1": "semiconductor",
      "exp2": null,
      "fam1": "sector_tech",
      "fam2": null
    },
    {
      "t1": "NVDA",
      "t2": "SOXX",
      "corr_hybrid": 0.7182,
      "corr_structured": null,
      "cat1": "Act",
      "cat2": "ETF",
      "exp1": null,
      "exp2": "semiconductor",
      "fam1": null,
      "fam2": "sector_tech"
    },
    {
      "t1": "GLD",
      "t2": "SLV",
      "corr_hybrid": 0.7138,
      "corr_structured": 0.85,
      "cat1": "ETF",
      "cat2": "ETF",
      "exp1": "gold_physical",
      "exp2": "silver_physical",
      "fam1": "gold",
      "fam2": "precious_metals"
    },
    {
      "t1": "MU",
      "t2": "NVDA",
      "corr_hybrid": 0.7059,
      "corr_structured": null,
      "cat1": "Act",
      "cat2": "Act",
      "exp1": null,
      "exp2": null,
      "fam1": null,
      "fam2": null
    },
    {
      "t1": "NVDA",
      "t2": "VRT",
      "corr_hybrid": 0.6813,
      "corr_structured": null,
      "cat1": "Act",
      "cat2": "Act",
      "exp1": null,
      "exp2": null,
      "fam1": null,
      "fam2": null
    },
    {
      "t1": "SLV",
      "t2": "SLVP",
      "corr_hybrid": 0.6752,
      "corr_structured": 0.9,
      "cat1": "ETF",
      "cat2": "ETF",
      "exp1": "silver_physical",
      "exp2": "silver_miners",
      "fam1": "precious_metals",
      "fam2": "precious_metals"
    },
    {
      "t1": "SCHD",
      "t2": "SPYV",
      "corr_hybrid": 0.6651,
      "corr_structured": 0.8,
      "cat1": "ETF",
      "cat2": "ETF",
      "exp1": "dividend",
      "exp2": "sp500_value",
      "fam1": "factor_dividend",
      "fam2": "factor_value"
    },
    {
      "t1": "FLKR",
      "t2": "SOXX",
      "corr_hybrid": 0.642,
      "corr_structured": 0.2,
      "cat1": "ETF",
      "cat2": "ETF",
      "exp1": "south_korea",
      "exp2": "semiconductor",
      "fam1": "em_equity",
      "fam2": "sector_tech"
    },
    {
      "t1": "SOXX",
      "t2": "SPYV",
      "corr_hybrid": 0.6385,
      "corr_structured": 0.2,
      "cat1": "ETF",
      "cat2": "ETF",
      "exp1": "semiconductor",
      "exp2": "sp500_value",
      "fam1": "sector_tech",
      "fam2": "factor_value"
    },
    {
      "t1": "SPYV",
      "t2": "VSS",
      "corr_hybrid": 0.637,
      "corr_structured": 0.2,
      "cat1": "ETF",
      "cat2": "ETF",
      "exp1": "sp500_value",
      "exp2": "intl_small_cap",
      "fam1": "factor_value",
      "fam2": null
    },
    {
      "t1": "HDV",
      "t2": "SCHD",
      "corr_hybrid": 0.6247,
      "corr_structured": 0.95,
      "cat1": "ETF",
      "cat2": "ETF",
      "exp1": "dividend",
      "exp2": "dividend",
      "fam1": "factor_dividend",
      "fam2": "factor_dividend"
    },
    {
      "t1": "SOXX",
      "t2": "VSS",
      "corr_hybrid": 0.6099,
      "corr_structured": 0.2,
      "cat1": "ETF",
      "cat2": "ETF",
      "exp1": "semiconductor",
      "exp2": "intl_small_cap",
      "fam1": "sector_tech",
      "fam2": null
    },
    {
      "t1": "FLKR",
      "t2": "MU",
      "corr_hybrid": 0.5911,
      "corr_structured": null,
      "cat1": "ETF",
      "cat2": "Act",
      "exp1": "south_korea",
      "exp2": null,
      "fam1": "em_equity",
      "fam2": null
    },
    {
      "t1": "GGG",
      "t2": "SPYV",
      "corr_hybrid": 0.5909,
      "corr_structured": null,
      "cat1": "Act",
      "cat2": "ETF",
      "exp1": null,
      "exp2": "sp500_value",
      "fam1": null,
      "fam2": "factor_value"
    },
    {
      "t1": "HDV",
      "t2": "SPYV",
      "corr_hybrid": 0.5889,
      "corr_structured": 0.8,
      "cat1": "ETF",
      "cat2": "ETF",
      "exp1": "dividend",
      "exp2": "sp500_value",
      "fam1": "factor_dividend",
      "fam2": "factor_value"
    },
    {
      "t1": "GGG",
      "t2": "SCHD",
      "corr_hybrid": 0.5828,
      "corr_structured": null,
      "cat1": "Act",
      "cat2": "ETF",
      "exp1": null,
      "exp2": "dividend",
      "fam1": null,
      "fam2": "factor_dividend"
    },
    {
      "t1": "ACWV",
      "t2": "SCHD",
      "corr_hybrid": 0.576,
      "corr_structured": 0.72,
      "cat1": "ETF",
      "cat2": "ETF",
      "exp1": "min_vol",
      "exp2": "dividend",
      "fam1": "factor_min_vol",
      "fam2": "factor_dividend"
    },
    {
      "t1": "SCHD",
      "t2": "VSS",
      "corr_hybrid": 0.5751,
      "corr_structured": 0.2,
      "cat1": "ETF",
      "cat2": "ETF",
      "exp1": "dividend",
      "exp2": "intl_small_cap",
      "fam1": "factor_dividend",
      "fam2": null
    },
    {
      "t1": "SPYV",
      "t2": "XLV",
      "corr_hybrid": 0.5749,
      "corr_structured": 0.2,
      "cat1": "ETF",
      "cat2": "ETF",
      "exp1": "sp500_value",
      "exp2": "healthcare",
      "fam1": "factor_value",
      "fam2": "sector_healthcare"
    },
    {
      "t1": "RIO",
      "t2": "VSS",
      "corr_hybrid": 0.5715,
      "corr_structured": null,
      "cat1": "Act",
      "cat2": "ETF",
      "exp1": null,
      "exp2": "intl_small_cap",
      "fam1": null,
      "fam2": null
    },
    {
      "t1": "CF",
      "t2": "EOG",
      "corr_hybrid": 0.5712,
      "corr_structured": null,
      "cat1": "Act",
      "cat2": "Act",
      "exp1": null,
      "exp2": null,
      "fam1": null,
      "fam2": null
    },
    {
      "t1": "REMX",
      "t2": "SLV",
      "corr_hybrid": 0.5703,
      "corr_structured": 0.2,
      "cat1": "ETF",
      "cat2": "ETF",
      "exp1": "rare_earth",
      "exp2": "silver_physical",
      "fam1": null,
      "fam2": "precious_metals"
    },
    {
      "t1": "REMX",
      "t2": "VSS",
      "corr_hybrid": 0.5698,
      "corr_structured": 0.2,
      "cat1": "ETF",
      "cat2": "ETF",
      "exp1": "rare_earth",
      "exp2": "intl_small_cap",
      "fam1": null,
      "fam2": null
    },
    {
      "t1": "SPYV",
      "t2": "XBI",
      "corr_hybrid": 0.5691,
      "corr_structured": 0.2,
      "cat1": "ETF",
      "cat2": "ETF",
      "exp1": "sp500_value",
      "exp2": "biotech",
      "fam1": "factor_value",
      "fam2": "sector_healthcare"
    },
    {
      "t1": "SCHY",
      "t2": "VSS",
      "corr_hybrid": 0.569,
      "corr_structured": 0.2,
      "cat1": "ETF",
      "cat2": "ETF",
      "exp1": "international",
      "exp2": "intl_small_cap",
      "fam1": "intl_equity",
      "fam2": null
    },
    {
      "t1": "ACWV",
      "t2": "SPYV",
      "corr_hybrid": 0.5686,
      "corr_structured": 0.2,
      "cat1": "ETF",
      "cat2": "ETF",
      "exp1": "min_vol",
      "exp2": "sp500_value",
      "fam1": "factor_min_vol",
      "fam2": "factor_value"
    },
    {
      "t1": "BKR",
      "t2": "SCHD",
      "corr_hybrid": 0.5657,
      "corr_structured": null,
      "cat1": "Act",
      "cat2": "ETF",
      "exp1": null,
      "exp2": "dividend",
      "fam1": null,
      "fam2": "factor_dividend"
    },
    {
      "t1": "SCHY",
      "t2": "SPYV",
      "corr_hybrid": 0.5648,
      "corr_structured": 0.2,
      "cat1": "ETF",
      "cat2": "ETF",
      "exp1": "international",
      "exp2": "sp500_value",
      "fam1": "intl_equity",
      "fam2": "factor_value"
    }
  ],
  "all_pairs_bottom_10": [
    {
      "t1": "SGOV",
      "t2": "VRT",
      "corr_hybrid": 0.0131,
      "corr_structured": null,
      "cat1": "Obl",
      "cat2": "Act",
      "exp1": "bonds_tbill",
      "exp2": null,
      "fam1": "bonds_short",
      "fam2": null
    },
    {
      "t1": "STIP",
      "t2": "VRT",
      "corr_hybrid": 0.0131,
      "corr_structured": null,
      "cat1": "Obl",
      "cat2": "Act",
      "exp1": "bonds_tips",
      "exp2": null,
      "fam1": "bonds_gov",
      "fam2": null
    },
    {
      "t1": "VGSH",
      "t2": "VRT",
      "corr_hybrid": 0.0131,
      "corr_structured": null,
      "cat1": "Obl",
      "cat2": "Act",
      "exp1": "bonds_short_treasury",
      "exp2": null,
      "fam1": "bonds_short",
      "fam2": null
    },
    {
      "t1": "SCHP",
      "t2": "SLV",
      "corr_hybrid": 0.0102,
      "corr_structured": 0.2,
      "cat1": "Act",
      "cat2": "ETF",
      "exp1": "bonds_tips",
      "exp2": "silver_physical",
      "fam1": "bonds_gov",
      "fam2": "precious_metals"
    },
    {
      "t1": "ITX",
      "t2": "VRT",
      "corr_hybrid": 0.009,
      "corr_structured": null,
      "cat1": "Act",
      "cat2": "Act",
      "exp1": null,
      "exp2": null,
      "fam1": null,
      "fam2": null
    },
    {
      "t1": "CF",
      "t2": "XLV",
      "corr_hybrid": 0.0083,
      "corr_structured": null,
      "cat1": "Act",
      "cat2": "ETF",
      "exp1": null,
      "exp2": "healthcare",
      "fam1": null,
      "fam2": "sector_healthcare"
    },
    {
      "t1": "AGS",
      "t2": "SLVP",
      "corr_hybrid": 0.0073,
      "corr_structured": null,
      "cat1": "Act",
      "cat2": "ETF",
      "exp1": null,
      "exp2": "silver_miners",
      "fam1": null,
      "fam2": "precious_metals"
    },
    {
      "t1": "INCY",
      "t2": "SLV",
      "corr_hybrid": -0.0051,
      "corr_structured": null,
      "cat1": "Act",
      "cat2": "ETF",
      "exp1": null,
      "exp2": "silver_physical",
      "fam1": null,
      "fam2": "precious_metals"
    },
    {
      "t1": "JNJ",
      "t2": "NVDA",
      "corr_hybrid": -0.005,
      "corr_structured": null,
      "cat1": "Act",
      "cat2": "Act",
      "exp1": null,
      "exp2": null,
      "fam1": null,
      "fam2": null
    },
    {
      "t1": "CF",
      "t2": "SOXX",
      "corr_hybrid": 0.0043,
      "corr_structured": null,
      "cat1": "Act",
      "cat2": "ETF",
      "exp1": null,
      "exp2": "semiconductor",
      "fam1": null,
      "fam2": "sector_tech"
    }
  ],
  "correlation_matrix": {
    "tickers": [
      "ACWV",
      "AGS",
      "BKR",
      "BSV",
      "CF",
      "CLTL",
      "EOG",
      "FLKR",
      "GD",
      "GGG",
      "GLD",
      "GOOGL",
      "HDV",
      "INCY",
      "ITX",
      "JNJ",
      "MU",
      "NVDA",
      "PAAA",
      "PG",
      "REMX",
      "RIO",
      "SCHD",
      "SCHO",
      "SCHP",
      "SCHY",
      "SGOV",
      "SLV",
      "SLVP",
      "SOXX",
      "SPLV",
      "SPYV",
      "STIP",
      "ULVR",
      "VGSH",
      "VICI",
      "VRT",
      "VSS",
      "XBI",
      "XLV"
    ],
    "matrix": [
      [
        1.0,
        0.3992,
        0.4234,
        0.0979,
        0.0983,
        0.0979,
        0.3282,
        0.3587,
        0.448,
        0.5036,
        0.176,
        0.3251,
        0.553,
        0.4079,
        0.1879,
        0.3754,
        0.2472,
        0.2602,
        0.0979,
        0.3802,
        0.3957,
        0.4373,
        0.576,
        0.0979,
        0.2538,
        0.5253,
        0.0979,
        0.2071,
        0.2174,
        0.3773,
        0.5237,
        0.5686,
        0.0979,
        0.1143,
        0.0979,
        0.4295,
        0.1738,
        0.5281,
        0.4851,
        0.5336
      ],
      [
        0.3992,
        1.0,
        0.3732,
        0.0716,
        0.2306,
        0.0716,
        0.3563,
        0.1833,
        0.3707,
        0.3927,
        0.0556,
        0.1949,
        0.4486,
        0.2893,
        0.1229,
        0.2899,
        0.1214,
        0.1638,
        0.0716,
        0.3004,
        0.2179,
        0.2902,
        0.4661,
        0.0716,
        0.2187,
        0.3586,
        0.0716,
        0.0492,
        0.0073,
        0.2222,
        0.415,
        0.4196,
        0.0716,
        0.0738,
        0.0716,
        0.359,
        0.084,
        0.3377,
        0.3143,
        0.3839
      ],
      [
        0.4234,
        0.3732,
        1.0,
        0.0682,
        0.3934,
        0.0682,
        0.5596,
        0.3547,
        0.4401,
        0.4681,
        0.1724,
        0.3028,
        0.5026,
        0.2902,
        0.0788,
        0.2025,
        0.4132,
        0.4251,
        0.0682,
        0.2052,
        0.3791,
        0.4535,
        0.5657,
        0.0682,
        0.1951,
        0.4199,
        0.0682,
        0.2285,
        0.0429,
        0.5045,
        0.4048,
        0.5632,
        0.0682,
        0.0684,
        0.0682,
        0.3551,
        0.4218,
        0.4916,
        0.3779,
        0.393
      ],
      [
        0.0979,
        0.0716,
        0.0682,
        1.0,
        0.0153,
        0.0182,
        0.0521,
        0.0556,
        0.079,
        0.0863,
        0.0359,
        0.0507,
        0.0991,
        0.0709,
        0.0346,
        0.0734,
        0.0267,
        0.0311,
        0.0182,
        0.0747,
        0.0685,
        0.0761,
        0.0995,
        0.0182,
        0.0473,
        0.0943,
        0.0182,
        0.0399,
        0.0449,
        0.0518,
        0.0963,
        0.0949,
        0.0182,
        0.021,
        0.0182,
        0.0799,
        0.0131,
        0.0903,
        0.0836,
        0.0951
      ],
      [
        0.0983,
        0.2306,
        0.3934,
        0.0153,
        1.0,
        0.0153,
        0.5712,
        -0.098,
        0.2467,
        0.1353,
        0.15,
        -0.0944,
        0.256,
        -0.064,
        -0.0954,
        0.0489,
        -0.0466,
        0.0432,
        0.0153,
        0.0635,
        0.071,
        0.1994,
        0.2518,
        0.0153,
        0.1071,
        0.0761,
        0.0153,
        0.1499,
        -0.1918,
        0.0043,
        0.1575,
        0.1352,
        0.0153,
        -0.0195,
        0.0153,
        0.215,
        0.0779,
        0.077,
        -0.0578,
        0.0083
      ],
      [
        0.0979,
        0.0716,
        0.0682,
        0.0182,
        0.0153,
        1.0,
        0.0521,
        0.0556,
        0.079,
        0.0863,
        0.0359,
        0.0507,
        0.0991,
        0.0709,
        0.0346,
        0.0734,
        0.0267,
        0.0311,
        0.0182,
        0.0747,
        0.0685,
        0.0761,
        0.0995,
        0.0182,
        0.0473,
        0.0943,
        0.0182,
        0.0399,
        0.0449,
        0.0518,
        0.0963,
        0.0949,
        0.0182,
        0.021,
        0.0182,
        0.0799,
        0.0131,
        0.0903,
        0.0836,
        0.0951
      ],
      [
        0.3282,
        0.3563,
        0.5596,
        0.0521,
        0.5712,
        0.0521,
        1.0,
        0.1961,
        0.4046,
        0.382,
        0.1475,
        0.1708,
        0.4506,
        0.1781,
        0.0164,
        0.1571,
        0.2674,
        0.3147,
        0.0521,
        0.1657,
        0.2692,
        0.3775,
        0.496,
        0.0521,
        0.1806,
        0.3104,
        0.0521,
        0.1794,
        -0.0852,
        0.3486,
        0.3429,
        0.4444,
        0.0521,
        0.0374,
        0.0521,
        0.3319,
        0.3218,
        0.3573,
        0.233,
        0.274
      ],
      [
        0.3587,
        0.1833,
        0.3547,
        0.0556,
        -0.098,
        0.0556,
        0.1961,
        1.0,
        0.2739,
        0.3795,
        0.2074,
        0.4226,
        0.3214,
        0.3187,
        0.1221,
        0.1179,
        0.5911,
        0.5103,
        0.0556,
        0.1027,
        0.4602,
        0.4222,
        0.4005,
        0.0556,
        0.0871,
        0.4103,
        0.0556,
        0.315,
        0.3103,
        0.642,
        0.267,
        0.5177,
        0.0556,
        0.0832,
        0.0556,
        0.179,
        0.5358,
        0.5375,
        0.4557,
        0.3797
      ],
      [
        0.448,
        0.3707,
        0.4401,
        0.079,
        0.2467,
        0.079,
        0.4046,
        0.2739,
        1.0,
        0.4393,
        0.1456,
        0.2512,
        0.4954,
        0.3155,
        0.1264,
        0.2954,
        0.2198,
        0.2476,
        0.079,
        0.3022,
        0.3217,
        0.3858,
        0.5218,
        0.079,
        0.223,
        0.4271,
        0.079,
        0.1694,
        0.0968,
        0.3295,
        0.4455,
        0.4947,
        0.079,
        0.0842,
        0.079,
        0.3826,
        0.1888,
        0.4363,
        0.3757,
        0.4257
      ],
      [
        0.5036,
        0.3927,
        0.4681,
        0.0863,
        0.1353,
        0.0863,
        0.382,
        0.3795,
        0.4393,
        1.0,
        0.0747,
        0.3586,
        0.5291,
        0.4085,
        0.1719,
        0.3107,
        0.3553,
        0.3601,
        0.0863,
        0.3147,
        0.3504,
        0.4007,
        0.5828,
        0.0863,
        0.2353,
        0.4782,
        0.0863,
        0.1015,
        0.0887,
        0.4627,
        0.4827,
        0.5909,
        0.0863,
        0.1009,
        0.0863,
        0.3908,
        0.2861,
        0.5053,
        0.474,
        0.5095
      ],
      [
        0.176,
        0.0556,
        0.1724,
        0.0359,
        0.15,
        0.0359,
        0.1475,
        0.2074,
        0.1456,
        0.0747,
        1.0,
        0.0488,
        0.1743,
        -0.0134,
        -0.0226,
        0.0859,
        0.0863,
        0.0656,
        0.0359,
        0.0757,
        0.4447,
        0.4154,
        0.1353,
        0.0359,
        0.0244,
        0.2735,
        0.0359,
        0.7138,
        0.5465,
        0.154,
        0.1274,
        0.1508,
        0.0359,
        0.0387,
        0.0359,
        0.1326,
        0.1545,
        0.342,
        0.139,
        0.0934
      ],
      [
        0.3251,
        0.1949,
        0.3028,
        0.0507,
        -0.0944,
        0.0507,
        0.1708,
        0.4226,
        0.2512,
        0.3586,
        0.0488,
        1.0,
        0.2986,
        0.3167,
        0.1308,
        0.1335,
        0.475,
        0.4201,
        0.0507,
        0.125,
        0.3144,
        0.2992,
        0.3725,
        0.0507,
        0.1039,
        0.3387,
        0.0507,
        0.1071,
        0.145,
        0.52,
        0.2631,
        0.4575,
        0.0507,
        0.074,
        0.0507,
        0.1784,
        0.404,
        0.4205,
        0.3988,
        0.3593
      ],
      [
        0.553,
        0.4486,
        0.5026,
        0.0991,
        0.256,
        0.0991,
        0.4506,
        0.3214,
        0.4954,
        0.5291,
        0.1743,
        0.2986,
        1.0,
        0.3928,
        0.1668,
        0.3814,
        0.2286,
        0.264,
        0.0991,
        0.3903,
        0.3835,
        0.4567,
        0.6247,
        0.0991,
        0.277,
        0.525,
        0.0991,
        0.1974,
        0.139,
        0.3663,
        0.5518,
        0.5889,
        0.0991,
        0.1072,
        0.0991,
        0.4708,
        0.18,
        0.5232,
        0.4617,
        0.5287
      ],
      [
        0.4079,
        0.2893,
        0.2902,
        0.0709,
        -0.064,
        0.0709,
        0.1781,
        0.3187,
        0.3155,
        0.4085,
        -0.0134,
        0.3167,
        0.3928,
        1.0,
        0.1781,
        0.2694,
        0.2765,
        0.2669,
        0.0709,
        0.2714,
        0.2463,
        0.2646,
        0.4365,
        0.0709,
        0.1855,
        0.3801,
        0.0709,
        -0.0051,
        0.0846,
        0.3575,
        0.3843,
        0.4615,
        0.0709,
        0.0912,
        0.0709,
        0.2905,
        0.1795,
        0.3872,
        0.4115,
        0.4385
      ],
      [
        0.1879,
        0.1229,
        0.0788,
        0.0346,
        -0.0954,
        0.0346,
        0.0164,
        0.1221,
        0.1264,
        0.1719,
        -0.0226,
        0.1308,
        0.1668,
        0.1781,
        1.0,
        0.1474,
        0.0689,
        0.0667,
        0.0346,
        0.1492,
        0.0894,
        0.0909,
        0.1762,
        0.0346,
        0.0889,
        0.1702,
        0.0346,
        -0.0292,
        0.0564,
        0.1091,
        0.1805,
        0.1837,
        0.0346,
        0.0463,
        0.0346,
        0.1323,
        0.009,
        0.1545,
        0.1866,
        0.2075
      ],
      [
        0.3754,
        0.2899,
        0.2025,
        0.0734,
        0.0489,
        0.0734,
        0.1571,
        0.1179,
        0.2954,
        0.3107,
        0.0859,
        0.1335,
        0.3814,
        0.2694,
        0.1474,
        1.0,
        -0.0469,
        -0.005,
        0.0734,
        0.3426,
        0.1854,
        0.2275,
        0.3609,
        0.0734,
        0.2063,
        0.339,
        0.0734,
        0.0679,
        0.1273,
        0.0595,
        0.3932,
        0.3092,
        0.0734,
        0.0818,
        0.0734,
        0.3319,
        -0.111,
        0.2767,
        0.2852,
        0.3647
      ],
      [
        0.2472,
        0.1214,
        0.4132,
        0.0267,
        -0.0466,
        0.0267,
        0.2674,
        0.5911,
        0.2198,
        0.3553,
        0.0863,
        0.475,
        0.2286,
        0.2765,
        0.0689,
        -0.0469,
        1.0,
        0.7059,
        0.0267,
        -0.0677,
        0.4091,
        0.3703,
        0.3628,
        0.0267,
        0.0173,
        0.3045,
        0.0267,
        0.2077,
        0.14,
        0.8149,
        0.1376,
        0.5252,
        0.0267,
        0.0513,
        0.0267,
        0.0624,
        0.7838,
        0.4975,
        0.4116,
        0.2882
      ],
      [
        0.2602,
        0.1638,
        0.4251,
        0.0311,
        0.0432,
        0.0311,
        0.3147,
        0.5103,
        0.2476,
        0.3601,
        0.0656,
        0.4201,
        0.264,
        0.2669,
        0.0667,
        -0.005,
        0.7059,
        1.0,
        0.0311,
        -0.0198,
        0.3619,
        0.3499,
        0.3826,
        0.0311,
        0.0494,
        0.2978,
        0.0311,
        0.1629,
        0.0782,
        0.7182,
        0.1756,
        0.5053,
        0.0311,
        0.0493,
        0.0311,
        0.1092,
        0.6813,
        0.4575,
        0.3791,
        0.2896
      ],
      [
        0.0979,
        0.0716,
        0.0682,
        0.0182,
        0.0153,
        0.0182,
        0.0521,
        0.0556,
        0.079,
        0.0863,
        0.0359,
        0.0507,
        0.0991,
        0.0709,
        0.0346,
        0.0734,
        0.0267,
        0.0311,
        1.0,
        0.0747,
        0.0685,
        0.0761,
        0.0995,
        0.0182,
        0.0473,
        0.0943,
        0.0182,
        0.0399,
        0.0449,
        0.0518,
        0.0963,
        0.0949,
        0.0182,
        0.021,
        0.0182,
        0.0799,
        0.0131,
        0.0903,
        0.0836,
        0.0951
      ],
      [
        0.3802,
        0.3004,
        0.2052,
        0.0747,
        0.0635,
        0.0747,
        0.1657,
        0.1027,
        0.3022,
        0.3147,
        0.0757,
        0.125,
        0.3903,
        0.2714,
        0.1492,
        0.3426,
        -0.0677,
        -0.0198,
        0.0747,
        1.0,
        0.1738,
        0.2215,
        0.3674,
        0.0747,
        0.2142,
        0.3387,
        0.0747,
        0.0517,
        0.111,
        0.0416,
        0.4033,
        0.3079,
        0.0747,
        0.082,
        0.0747,
        0.3427,
        -0.1322,
        0.2689,
        0.2814,
        0.3684
      ],
      [
        0.3957,
        0.2179,
        0.3791,
        0.0685,
        0.071,
        0.0685,
        0.2692,
        0.4602,
        0.3217,
        0.3504,
        0.4447,
        0.3144,
        0.3835,
        0.2463,
        0.0894,
        0.1854,
        0.4091,
        0.3619,
        0.0685,
        0.1738,
        1.0,
        0.5303,
        0.4113,
        0.0685,
        0.1157,
        0.4671,
        0.0685,
        0.5703,
        0.4735,
        0.4989,
        0.3211,
        0.4755,
        0.0685,
        0.0867,
        0.0685,
        0.2592,
        0.4029,
        0.5698,
        0.4113,
        0.3607
      ],
      [
        0.4373,
        0.2902,
        0.4535,
        0.0761,
        0.1994,
        0.0761,
        0.3775,
        0.4222,
        0.3858,
        0.4007,
        0.4154,
        0.2992,
        0.4567,
        0.2646,
        0.0909,
        0.2275,
        0.3703,
        0.3499,
        0.0761,
        0.2215,
        0.5303,
        1.0,
        0.4833,
        0.0761,
        0.1592,
        0.4877,
        0.0761,
        0.5224,
        0.3876,
        0.4755,
        0.3838,
        0.514,
        0.0761,
        0.0878,
        0.0761,
        0.326,
        0.3728,
        0.5715,
        0.4129,
        0.3924
      ],
      [
        0.576,
        0.4661,
        0.5657,
        0.0995,
        0.2518,
        0.0995,
        0.496,
        0.4005,
        0.5218,
        0.5828,
        0.1353,
        0.3725,
        0.6247,
        0.4365,
        0.1762,
        0.3609,
        0.3628,
        0.3826,
        0.0995,
        0.3674,
        0.4113,
        0.4833,
        1.0,
        0.0995,
        0.2772,
        0.5486,
        0.0995,
        0.1679,
        0.1037,
        0.4934,
        0.5615,
        0.6651,
        0.0995,
        0.1107,
        0.0995,
        0.4694,
        0.3064,
        0.5751,
        0.5144,
        0.5646
      ],
      [
        0.0979,
        0.0716,
        0.0682,
        0.0182,
        0.0153,
        0.0182,
        0.0521,
        0.0556,
        0.079,
        0.0863,
        0.0359,
        0.0507,
        0.0991,
        0.0709,
        0.0346,
        0.0734,
        0.0267,
        0.0311,
        0.0182,
        0.0747,
        0.0685,
        0.0761,
        0.0995,
        1.0,
        0.0473,
        0.0943,
        0.0182,
        0.0399,
        0.0449,
        0.0518,
        0.0963,
        0.0949,
        0.0182,
        0.021,
        0.0182,
        0.0799,
        0.0131,
        0.0903,
        0.0836,
        0.0951
      ],
      [
        0.2538,
        0.2187,
        0.1951,
        0.0473,
        0.1071,
        0.0473,
        0.1806,
        0.0871,
        0.223,
        0.2353,
        0.0244,
        0.1039,
        0.277,
        0.1855,
        0.0889,
        0.2063,
        0.0173,
        0.0494,
        0.0473,
        0.2142,
        0.1157,
        0.1592,
        0.2772,
        0.0473,
        1.0,
        0.2228,
        0.0473,
        0.0102,
        0.0144,
        0.0852,
        0.2693,
        0.2398,
        0.0473,
        0.0497,
        0.0473,
        0.2316,
        -0.0163,
        0.1912,
        0.192,
        0.2463
      ],
      [
        0.5253,
        0.3586,
        0.4199,
        0.0943,
        0.0761,
        0.0943,
        0.3104,
        0.4103,
        0.4271,
        0.4782,
        0.2735,
        0.3387,
        0.525,
        0.3801,
        0.1702,
        0.339,
        0.3045,
        0.2978,
        0.0943,
        0.3387,
        0.4671,
        0.4877,
        0.5486,
        0.0943,
        0.2228,
        1.0,
        0.0943,
        0.3362,
        0.3228,
        0.4293,
        0.4871,
        0.5648,
        0.0943,
        0.1131,
        0.0943,
        0.3966,
        0.2453,
        0.569,
        0.4897,
        0.5091
      ],
      [
        0.0979,
        0.0716,
        0.0682,
        0.0182,
        0.0153,
        0.0182,
        0.0521,
        0.0556,
        0.079,
        0.0863,
        0.0359,
        0.0507,
        0.0991,
        0.0709,
        0.0346,
        0.0734,
        0.0267,
        0.0311,
        0.0182,
        0.0747,
        0.0685,
        0.0761,
        0.0995,
        0.0182,
        0.0473,
        0.0943,
        1.0,
        0.0399,
        0.0449,
        0.0518,
        0.0963,
        0.0949,
        0.0182,
        0.021,
        0.0182,
        0.0799,
        0.0131,
        0.0903,
        0.0836,
        0.0951
      ],
      [
        0.2071,
        0.0492,
        0.2285,
        0.0399,
        0.1499,
        0.0399,
        0.1794,
        0.315,
        0.1694,
        0.1015,
        0.7138,
        0.1071,
        0.1974,
        -0.0051,
        -0.0292,
        0.0679,
        0.2077,
        0.1629,
        0.0399,
        0.0517,
        0.5703,
        0.5224,
        0.1679,
        0.0399,
        0.0102,
        0.3362,
        0.0399,
        1.0,
        0.6752,
        0.2788,
        0.1316,
        0.2143,
        0.0399,
        0.0465,
        0.0399,
        0.1325,
        0.2884,
        0.4478,
        0.1944,
        0.1154
      ],
      [
        0.2174,
        0.0073,
        0.0429,
        0.0449,
        -0.1918,
        0.0449,
        -0.0852,
        0.3103,
        0.0968,
        0.0887,
        0.5465,
        0.145,
        0.139,
        0.0846,
        0.0564,
        0.1273,
        0.14,
        0.0782,
        0.0449,
        0.111,
        0.4735,
        0.3876,
        0.1037,
        0.0449,
        0.0144,
        0.3228,
        0.0449,
        0.6752,
        1.0,
        0.2051,
        0.1374,
        0.1739,
        0.0449,
        0.0676,
        0.0449,
        0.0988,
        0.1341,
        0.3887,
        0.2459,
        0.1774
      ],
      [
        0.3773,
        0.2222,
        0.5045,
        0.0518,
        0.0043,
        0.0518,
        0.3486,
        0.642,
        0.3295,
        0.4627,
        0.154,
        0.52,
        0.3663,
        0.3575,
        0.1091,
        0.0595,
        0.8149,
        0.7182,
        0.0518,
        0.0416,
        0.4989,
        0.4755,
        0.4934,
        0.0518,
        0.0852,
        0.4293,
        0.0518,
        0.2788,
        0.2051,
        1.0,
        0.2712,
        0.6385,
        0.0518,
        0.0781,
        0.0518,
        0.1792,
        0.7718,
        0.6099,
        0.5083,
        0.4072
      ],
      [
        0.5237,
        0.415,
        0.4048,
        0.0963,
        0.1575,
        0.0963,
        0.3429,
        0.267,
        0.4455,
        0.4827,
