{
  "_meta": {
    "generated": "2026-05-31T10:12:00",
    "portfolio_generated": "2026-05-31T10:08:03.821483",
    "n_assets": 43,
    "n_with_returns": 31,
    "covariance_method": "hybrid_shrunk",
    "condition_number": 321.95,
    "pca_factors": 6
  },
  "profiles": {
    "Agressif": {
      "n_assets": 17,
      "weighted_avg_correlation": 0.2812,
      "most_correlated": [
        {
          "t1": "XCEM",
          "t2": "FLKR",
          "corr": 0.792,
          "w1": 7.7,
          "w2": 4.1,
          "combined_weight": 11.8
        },
        {
          "t1": "SOXX",
          "t2": "XCEM",
          "corr": 0.7625,
          "w1": 6.9,
          "w2": 7.7,
          "combined_weight": 14.7
        },
        {
          "t1": "SOXX",
          "t2": "FLKR",
          "corr": 0.7579,
          "w1": 6.9,
          "w2": 4.1,
          "combined_weight": 11.0
        },
        {
          "t1": "SOXX",
          "t2": "XLK",
          "corr": 0.7495,
          "w1": 6.9,
          "w2": 6.1,
          "combined_weight": 13.1
        },
        {
          "t1": "XCEM",
          "t2": "PICK",
          "corr": 0.7334,
          "w1": 7.7,
          "w2": 7.7,
          "combined_weight": 15.5
        },
        {
          "t1": "XLK",
          "t2": "XCEM",
          "corr": 0.7196,
          "w1": 6.1,
          "w2": 7.7,
          "combined_weight": 13.9
        },
        {
          "t1": "XLK",
          "t2": "FLKR",
          "corr": 0.7115,
          "w1": 6.1,
          "w2": 4.1,
          "combined_weight": 10.2
        },
        {
          "t1": "PICK",
          "t2": "FLKR",
          "corr": 0.6964,
          "w1": 7.7,
          "w2": 4.1,
          "combined_weight": 11.8
        },
        {
          "t1": "ICLN",
          "t2": "XCEM",
          "corr": 0.6519,
          "w1": 4.1,
          "w2": 7.7,
          "combined_weight": 11.8
        },
        {
          "t1": "SOXX",
          "t2": "ICLN",
          "corr": 0.6506,
          "w1": 6.9,
          "w2": 4.1,
          "combined_weight": 11.0
        }
      ],
      "least_correlated": [
        {
          "t1": "FLTR",
          "t2": "FSLR",
          "corr": 0.0267,
          "w1": 5.5,
          "w2": 6.4,
          "combined_weight": 11.9
        },
        {
          "t1": "PAAA",
          "t2": "FSLR",
          "corr": 0.0267,
          "w1": 5.5,
          "w2": 6.4,
          "combined_weight": 11.9
        },
        {
          "t1": "FLTR",
          "t2": "PAAA",
          "corr": 0.0266,
          "w1": 5.5,
          "w2": 5.5,
          "combined_weight": 11.1
        },
        {
          "t1": "FIX",
          "t2": "FLTR",
          "corr": 0.0153,
          "w1": 4.9,
          "w2": 5.5,
          "combined_weight": 10.4
        },
        {
          "t1": "FIX",
          "t2": "PAAA",
          "corr": 0.0153,
          "w1": 4.9,
          "w2": 5.5,
          "combined_weight": 10.4
        }
      ],
      "high_corr_high_weight": [
        {
          "t1": "XCEM",
          "t2": "FLKR",
          "corr": 0.792,
          "w1": 7.7,
          "w2": 4.1,
          "combined_weight": 11.8
        },
        {
          "t1": "SOXX",
          "t2": "XCEM",
          "corr": 0.7625,
          "w1": 6.9,
          "w2": 7.7,
          "combined_weight": 14.7
        },
        {
          "t1": "SOXX",
          "t2": "FLKR",
          "corr": 0.7579,
          "w1": 6.9,
          "w2": 4.1,
          "combined_weight": 11.0
        },
        {
          "t1": "SOXX",
          "t2": "XLK",
          "corr": 0.7495,
          "w1": 6.9,
          "w2": 6.1,
          "combined_weight": 13.1
        },
        {
          "t1": "XCEM",
          "t2": "PICK",
          "corr": 0.7334,
          "w1": 7.7,
          "w2": 7.7,
          "combined_weight": 15.5
        }
      ]
    },
    "Mod\u00e9r\u00e9": {
      "n_assets": 14,
      "weighted_avg_correlation": 0.1558,
      "most_correlated": [
        {
          "t1": "FNDF",
          "t2": "FNDX",
          "corr": 0.6129,
          "w1": 8.2,
          "w2": 7.5,
          "combined_weight": 15.7
        },
        {
          "t1": "FNDF",
          "t2": "DIVB",
          "corr": 0.5403,
          "w1": 8.2,
          "w2": 8.0,
          "combined_weight": 16.2
        },
        {
          "t1": "DIVB",
          "t2": "FNDX",
          "corr": 0.4987,
          "w1": 8.0,
          "w2": 7.5,
          "combined_weight": 15.5
        },
        {
          "t1": "FNDF",
          "t2": "XLV",
          "corr": 0.4331,
          "w1": 8.2,
          "w2": 3.0,
          "combined_weight": 11.2
        },
        {
          "t1": "FNDF",
          "t2": "SCHD",
          "corr": 0.4164,
          "w1": 8.2,
          "w2": 7.3,
          "combined_weight": 15.5
        },
        {
          "t1": "FNDX",
          "t2": "XLV",
          "corr": 0.4109,
          "w1": 7.5,
          "w2": 3.0,
          "combined_weight": 10.5
        },
        {
          "t1": "FNDX",
          "t2": "SCHD",
          "corr": 0.4052,
          "w1": 7.5,
          "w2": 7.3,
          "combined_weight": 14.8
        },
        {
          "t1": "DIVB",
          "t2": "SCHD",
          "corr": 0.4002,
          "w1": 8.0,
          "w2": 7.3,
          "combined_weight": 15.3
        },
        {
          "t1": "DIVB",
          "t2": "XLV",
          "corr": 0.3985,
          "w1": 8.0,
          "w2": 3.0,
          "combined_weight": 11.0
        },
        {
          "t1": "FNDF",
          "t2": "GLD",
          "corr": 0.38,
          "w1": 8.2,
          "w2": 4.0,
          "combined_weight": 12.2
        }
      ],
      "least_correlated": [
        {
          "t1": "NOVN",
          "t2": "TDTF",
          "corr": 0.0254,
          "w1": 8.5,
          "w2": 8.0,
          "combined_weight": 16.5
        },
        {
          "t1": "NOVN",
          "t2": "TDTT",
          "corr": 0.0254,
          "w1": 8.5,
          "w2": 8.0,
          "combined_weight": 16.5
        },
        {
          "t1": "FNDF",
          "t2": "SCHN",
          "corr": 0.023,
          "w1": 8.2,
          "w2": 8.0,
          "combined_weight": 16.2
        },
        {
          "t1": "NOVN",
          "t2": "GLD",
          "corr": 0.0051,
          "w1": 8.5,
          "w2": 4.0,
          "combined_weight": 12.5
        },
        {
          "t1": "SCHN",
          "t2": "GLD",
          "corr": -0.0375,
          "w1": 8.0,
          "w2": 4.0,
          "combined_weight": 12.0
        }
      ],
      "high_corr_high_weight": []
    },
    "Stable": {
      "n_assets": 17,
      "weighted_avg_correlation": 0.1206,
      "most_correlated": [
        {
          "t1": "ACWV",
          "t2": "SPYV",
          "corr": 0.4621,
          "w1": 4.6,
          "w2": 5.0,
          "combined_weight": 9.6
        },
        {
          "t1": "VICI",
          "t2": "SUNPHARMA",
          "corr": 0.4502,
          "w1": 4.4,
          "w2": 4.9,
          "combined_weight": 9.3
        },
        {
          "t1": "KO",
          "t2": "SUNPHARMA",
          "corr": 0.4411,
          "w1": 5.2,
          "w2": 4.9,
          "combined_weight": 10.1
        },
        {
          "t1": "ACWV",
          "t2": "XLV",
          "corr": 0.4126,
          "w1": 4.6,
          "w2": 3.0,
          "combined_weight": 7.6
        },
        {
          "t1": "SPYV",
          "t2": "XLV",
          "corr": 0.4089,
          "w1": 5.0,
          "w2": 3.0,
          "combined_weight": 8.0
        },
        {
          "t1": "SUNPHARMA",
          "t2": "PG",
          "corr": 0.4064,
          "w1": 4.9,
          "w2": 2.3,
          "combined_weight": 7.1
        },
        {
          "t1": "VICI",
          "t2": "KO",
          "corr": 0.4025,
          "w1": 4.4,
          "w2": 5.2,
          "combined_weight": 9.6
        },
        {
          "t1": "KO",
          "t2": "PG",
          "corr": 0.3938,
          "w1": 5.2,
          "w2": 2.3,
          "combined_weight": 7.5
        },
        {
          "t1": "VICI",
          "t2": "PG",
          "corr": 0.3898,
          "w1": 4.4,
          "w2": 2.3,
          "combined_weight": 6.6
        },
        {
          "t1": "GD",
          "t2": "SUNPHARMA",
          "corr": 0.387,
          "w1": 6.2,
          "w2": 4.9,
          "combined_weight": 11.1
        }
      ],
      "least_correlated": [
        {
          "t1": "CLTL",
          "t2": "BSV",
          "corr": 0.0266,
          "w1": 11.4,
          "w2": 8.7,
          "combined_weight": 20.1
        },
        {
          "t1": "CLTL",
          "t2": "STIP",
          "corr": 0.0266,
          "w1": 11.4,
          "w2": 13.0,
          "combined_weight": 24.4
        },
        {
          "t1": "BSV",
          "t2": "STIP",
          "corr": 0.0266,
          "w1": 8.7,
          "w2": 13.0,
          "combined_weight": 21.7
        },
        {
          "t1": "SCHN",
          "t2": "GLD",
          "corr": -0.0375,
          "w1": 5.3,
          "w2": 3.0,
          "combined_weight": 8.3
        },
        {
          "t1": "SCHN",
          "t2": "CS",
          "corr": -0.0503,
          "w1": 5.3,
          "w2": 4.9,
          "combined_weight": 10.2
        }
      ],
      "high_corr_high_weight": []
    }
  },
  "all_pairs_top_30": [
    {
      "t1": "FLKR",
      "t2": "XCEM",
      "corr_hybrid": 0.792,
      "corr_structured": 0.9,
      "cat1": "ETF",
      "cat2": "ETF",
      "exp1": "south_korea",
      "exp2": "emerging_markets",
      "fam1": "em_equity",
      "fam2": "em_equity"
    },
    {
      "t1": "SOXX",
      "t2": "XCEM",
      "corr_hybrid": 0.7625,
      "corr_structured": 0.2,
      "cat1": "ETF",
      "cat2": "ETF",
      "exp1": "semiconductor",
      "exp2": "emerging_markets",
      "fam1": "sector_tech",
      "fam2": "em_equity"
    },
    {
      "t1": "FLKR",
      "t2": "SOXX",
      "corr_hybrid": 0.7579,
      "corr_structured": 0.2,
      "cat1": "ETF",
      "cat2": "ETF",
      "exp1": "south_korea",
      "exp2": "semiconductor",
      "fam1": "em_equity",
      "fam2": "sector_tech"
    },
    {
      "t1": "SOXX",
      "t2": "XLK",
      "corr_hybrid": 0.7495,
      "corr_structured": 0.9,
      "cat1": "ETF",
      "cat2": "ETF",
      "exp1": "semiconductor",
      "exp2": "tech",
      "fam1": "sector_tech",
      "fam2": "sector_tech"
    },
    {
      "t1": "FNDF",
      "t2": "XCEM",
      "corr_hybrid": 0.7419,
      "corr_structured": 0.62,
      "cat1": "ETF",
      "cat2": "ETF",
      "exp1": "international",
      "exp2": "emerging_markets",
      "fam1": "intl_equity",
      "fam2": "em_equity"
    },
    {
      "t1": "PICK",
      "t2": "XCEM",
      "corr_hybrid": 0.7334,
      "corr_structured": 0.2,
      "cat1": "ETF",
      "cat2": "ETF",
      "exp1": "metals_mining",
      "exp2": "emerging_markets",
      "fam1": null,
      "fam2": "em_equity"
    },
    {
      "t1": "XCEM",
      "t2": "XLK",
      "corr_hybrid": 0.7196,
      "corr_structured": 0.2,
      "cat1": "ETF",
      "cat2": "ETF",
      "exp1": "emerging_markets",
      "exp2": "tech",
      "fam1": "em_equity",
      "fam2": "sector_tech"
    },
    {
      "t1": "FLKR",
      "t2": "XLK",
      "corr_hybrid": 0.7115,
      "corr_structured": 0.2,
      "cat1": "ETF",
      "cat2": "ETF",
      "exp1": "south_korea",
      "exp2": "tech",
      "fam1": "em_equity",
      "fam2": "sector_tech"
    },
    {
      "t1": "FNDF",
      "t2": "PICK",
      "corr_hybrid": 0.7037,
      "corr_structured": 0.2,
      "cat1": "ETF",
      "cat2": "ETF",
      "exp1": "international",
      "exp2": "metals_mining",
      "fam1": "intl_equity",
      "fam2": null
    },
    {
      "t1": "FLKR",
      "t2": "PICK",
      "corr_hybrid": 0.6964,
      "corr_structured": 0.2,
      "cat1": "ETF",
      "cat2": "ETF",
      "exp1": "south_korea",
      "exp2": "metals_mining",
      "fam1": "em_equity",
      "fam2": null
    },
    {
      "t1": "FLKR",
      "t2": "FNDF",
      "corr_hybrid": 0.6933,
      "corr_structured": 0.62,
      "cat1": "ETF",
      "cat2": "ETF",
      "exp1": "south_korea",
      "exp2": "international",
      "fam1": "em_equity",
      "fam2": "intl_equity"
    },
    {
      "t1": "ICLN",
      "t2": "XCEM",
      "corr_hybrid": 0.6519,
      "corr_structured": 0.2,
      "cat1": "ETF",
      "cat2": "ETF",
      "exp1": "clean_energy",
      "exp2": "emerging_markets",
      "fam1": null,
      "fam2": "em_equity"
    },
    {
      "t1": "ICLN",
      "t2": "SOXX",
      "corr_hybrid": 0.6506,
      "corr_structured": 0.2,
      "cat1": "ETF",
      "cat2": "ETF",
      "exp1": "clean_energy",
      "exp2": "semiconductor",
      "fam1": null,
      "fam2": "sector_tech"
    },
    {
      "t1": "PICK",
      "t2": "SOXX",
      "corr_hybrid": 0.6488,
      "corr_structured": 0.2,
      "cat1": "ETF",
      "cat2": "ETF",
      "exp1": "metals_mining",
      "exp2": "semiconductor",
      "fam1": null,
      "fam2": "sector_tech"
    },
    {
      "t1": "FNDF",
      "t2": "SOXX",
      "corr_hybrid": 0.6416,
      "corr_structured": 0.2,
      "cat1": "ETF",
      "cat2": "ETF",
      "exp1": "international",
      "exp2": "semiconductor",
      "fam1": "intl_equity",
      "fam2": "sector_tech"
    },
    {
      "t1": "FLKR",
      "t2": "ICLN",
      "corr_hybrid": 0.6317,
      "corr_structured": 0.2,
      "cat1": "ETF",
      "cat2": "ETF",
      "exp1": "south_korea",
      "exp2": "clean_energy",
      "fam1": "em_equity",
      "fam2": null
    },
    {
      "t1": "FSLR",
      "t2": "ICLN",
      "corr_hybrid": 0.6227,
      "corr_structured": null,
      "cat1": "Act",
      "cat2": "ETF",
      "exp1": null,
      "exp2": "clean_energy",
      "fam1": null,
      "fam2": null
    },
    {
      "t1": "FNDX",
      "t2": "XCEM",
      "corr_hybrid": 0.6147,
      "corr_structured": 0.2,
      "cat1": "ETF",
      "cat2": "ETF",
      "exp1": "value",
      "exp2": "emerging_markets",
      "fam1": "factor_value",
      "fam2": "em_equity"
    },
    {
      "t1": "FNDF",
      "t2": "FNDX",
      "corr_hybrid": 0.6129,
      "corr_structured": 0.2,
      "cat1": "ETF",
      "cat2": "ETF",
      "exp1": "international",
      "exp2": "value",
      "fam1": "intl_equity",
      "fam2": "factor_value"
    },
    {
      "t1": "FIX",
      "t2": "SOXX",
      "corr_hybrid": 0.6107,
      "corr_structured": null,
      "cat1": "Act",
      "cat2": "ETF",
      "exp1": null,
      "exp2": "semiconductor",
      "fam1": null,
      "fam2": "sector_tech"
    },
    {
      "t1": "CS",
      "t2": "PICK",
      "corr_hybrid": 0.6097,
      "corr_structured": null,
      "cat1": "Act",
      "cat2": "ETF",
      "exp1": null,
      "exp2": "metals_mining",
      "fam1": null,
      "fam2": null
    },
    {
      "t1": "FNDF",
      "t2": "XLK",
      "corr_hybrid": 0.6085,
      "corr_structured": 0.2,
      "cat1": "ETF",
      "cat2": "ETF",
      "exp1": "international",
      "exp2": "tech",
      "fam1": "intl_equity",
      "fam2": "sector_tech"
    },
    {
      "t1": "ICLN",
      "t2": "XLK",
      "corr_hybrid": 0.6061,
      "corr_structured": 0.2,
      "cat1": "ETF",
      "cat2": "ETF",
      "exp1": "clean_energy",
      "exp2": "tech",
      "fam1": null,
      "fam2": "sector_tech"
    },
    {
      "t1": "PICK",
      "t2": "XLK",
      "corr_hybrid": 0.5984,
      "corr_structured": 0.2,
      "cat1": "ETF",
      "cat2": "ETF",
      "exp1": "metals_mining",
      "exp2": "tech",
      "fam1": null,
      "fam2": "sector_tech"
    },
    {
      "t1": "FIX",
      "t2": "XLK",
      "corr_hybrid": 0.5971,
      "corr_structured": null,
      "cat1": "Act",
      "cat2": "ETF",
      "exp1": null,
      "exp2": "tech",
      "fam1": null,
      "fam2": "sector_tech"
    },
    {
      "t1": "000660",
      "t2": "2059",
      "corr_hybrid": 0.5893,
      "corr_structured": null,
      "cat1": "Act",
      "cat2": "Act",
      "exp1": null,
      "exp2": null,
      "fam1": null,
      "fam2": null
    },
    {
      "t1": "000660",
      "t2": "BNB/USD",
      "corr_hybrid": 0.5893,
      "corr_structured": null,
      "cat1": "Act",
      "cat2": "Act",
      "exp1": null,
      "exp2": null,
      "fam1": null,
      "fam2": null
    },
    {
      "t1": "000660",
      "t2": "SUNPHARMA",
      "corr_hybrid": 0.5893,
      "corr_structured": null,
      "cat1": "Act",
      "cat2": "Act",
      "exp1": null,
      "exp2": null,
      "fam1": null,
      "fam2": null
    },
    {
      "t1": "2059",
      "t2": "BNB/USD",
      "corr_hybrid": 0.5893,
      "corr_structured": null,
      "cat1": "Act",
      "cat2": "Act",
      "exp1": null,
      "exp2": null,
      "fam1": null,
      "fam2": null
    },
    {
      "t1": "2059",
      "t2": "SUNPHARMA",
      "corr_hybrid": 0.5893,
      "corr_structured": null,
      "cat1": "Act",
      "cat2": "Act",
      "exp1": null,
      "exp2": null,
      "fam1": null,
      "fam2": null
    }
  ],
  "all_pairs_bottom_10": [
    {
      "t1": "NVDA",
      "t2": "SPLV",
      "corr_hybrid": -0.0134,
      "corr_structured": null,
      "cat1": "Act",
      "cat2": "ETF",
      "exp1": null,
      "exp2": "sp500",
      "fam1": null,
      "fam2": "us_equity_large"
    },
    {
      "t1": "NOVN",
      "t2": "NVDA",
      "corr_hybrid": 0.0112,
      "corr_structured": null,
      "cat1": "Act",
      "cat2": "Act",
      "exp1": null,
      "exp2": null,
      "fam1": null,
      "fam2": null
    },
    {
      "t1": "FSLR",
      "t2": "KO",
      "corr_hybrid": 0.0098,
      "corr_structured": null,
      "cat1": "Act",
      "cat2": "Act",
      "exp1": null,
      "exp2": null,
      "fam1": null,
      "fam2": null
    },
    {
      "t1": "GLD",
      "t2": "NOVN",
      "corr_hybrid": 0.0051,
      "corr_structured": null,
      "cat1": "ETF",
      "cat2": "Act",
      "exp1": "gold_physical",
      "exp2": null,
      "fam1": "gold",
      "fam2": null
    },
    {
      "t1": "FIX",
      "t2": "NOVN",
      "corr_hybrid": -0.0033,
      "corr_structured": null,
      "cat1": "Act",
      "cat2": "Act",
      "exp1": null,
      "exp2": null,
      "fam1": null,
      "fam2": null
    },
    {
      "t1": "FLKR",
      "t2": "PG",
      "corr_hybrid": -0.0013,
      "corr_structured": null,
      "cat1": "ETF",
      "cat2": "Act",
      "exp1": "south_korea",
      "exp2": null,
      "fam1": "em_equity",
      "fam2": null
    },
    {
      "t1": "GD",
      "t2": "LI",
      "corr_hybrid": 0.001,
      "corr_structured": null,
      "cat1": "Act",
      "cat2": "Act",
      "exp1": null,
      "exp2": null,
      "fam1": null,
      "fam2": null
    },
    {
      "t1": "LI",
      "t2": "SHEL",
      "corr_hybrid": 0.0009,
      "corr_structured": null,
      "cat1": "Act",
      "cat2": "Act",
      "exp1": null,
      "exp2": null,
      "fam1": null,
      "fam2": null
    },
    {
      "t1": "SCHN",
      "t2": "XLK",
      "corr_hybrid": -0.0003,
      "corr_structured": null,
      "cat1": "Act",
      "cat2": "ETF",
      "exp1": null,
      "exp2": "tech",
      "fam1": null,
      "fam2": "sector_tech"
    },
    {
      "t1": "SOXX",
      "t2": "VICI",
      "corr_hybrid": 0.0002,
      "corr_structured": null,
      "cat1": "ETF",
      "cat2": "Act",
      "exp1": "semiconductor",
      "exp2": null,
      "fam1": "sector_tech",
      "fam2": null
    }
  ],
  "correlation_matrix": {
    "tickers": [
      "000660",
      "2059",
      "ACWV",
      "BNB/USD",
      "BSV",
      "BZU",
      "CLTL",
      "CS",
      "DIVB",
      "FIX",
      "FLKR",
      "FLTR",
      "FNDF",
      "FNDX",
      "FSLR",
      "GD",
      "GLD",
      "ICLN",
      "INCY",
      "KO",
      "LI",
      "NOVN",
      "NVDA",
      "PAAA",
      "PEG",
      "PG",
      "PICK",
      "SCHD",
      "SCHN",
      "SHEL",
      "SOXX",
      "SPLV",
      "SPYV",
      "STIP",
      "SUNPHARMA",
      "TDTF",
      "TDTT",
      "VGSH",
      "VICI",
      "XBI",
      "XCEM",
      "XLK",
      "XLV"
    ],
    "matrix": [
      [
        1.0,
        0.5893,
        0.3516,
        0.5893,
        0.0749,
        0.2627,
        0.0749,
        0.171,
        0.3108,
        0.2078,
        0.0816,
        0.0749,
        0.2448,
        0.3251,
        0.1598,
        0.387,
        0.0827,
        0.1713,
        0.3135,
        0.4411,
        0.2549,
        0.3479,
        0.1984,
        0.0749,
        0.4138,
        0.4064,
        0.1565,
        0.3279,
        0.3443,
        0.3268,
        0.1055,
        0.3427,
        0.3298,
        0.0749,
        0.5893,
        0.0749,
        0.0749,
        0.0749,
        0.4502,
        0.1933,
        0.1656,
        0.1394,
        0.2928
      ],
      [
        0.5893,
        1.0,
        0.3516,
        0.5893,
        0.0749,
        0.2627,
        0.0749,
        0.171,
        0.3108,
        0.2078,
        0.0816,
        0.0749,
        0.2448,
        0.3251,
        0.1598,
        0.387,
        0.0827,
        0.1713,
        0.3135,
        0.4411,
        0.2549,
        0.3479,
        0.1984,
        0.0749,
        0.4138,
        0.4064,
        0.1565,
        0.3279,
        0.3443,
        0.3268,
        0.1055,
        0.3427,
        0.3298,
        0.0749,
        0.5893,
        0.0749,
        0.0749,
        0.0749,
        0.4502,
        0.1933,
        0.1656,
        0.1394,
        0.2928
      ],
      [
        0.3516,
        0.3516,
        1.0,
        0.3516,
        0.1047,
        0.1563,
        0.1047,
        0.2953,
        0.4478,
        0.0904,
        0.3544,
        0.1047,
        0.4857,
        0.4649,
        0.1334,
        0.3155,
        0.2293,
        0.3023,
        0.4026,
        0.2881,
        0.0629,
        0.1596,
        0.1481,
        0.1047,
        0.2562,
        0.3281,
        0.4118,
        0.4245,
        0.1348,
        0.2684,
        0.2901,
        0.3844,
        0.4621,
        0.1047,
        0.3516,
        0.1047,
        0.1047,
        0.1047,
        0.3528,
        0.3727,
        0.4242,
        0.2914,
        0.4126
      ],
      [
        0.5893,
        0.5893,
        0.3516,
        1.0,
        0.0749,
        0.2627,
        0.0749,
        0.171,
        0.3108,
        0.2078,
        0.0816,
        0.0749,
        0.2448,
        0.3251,
        0.1598,
        0.387,
        0.0827,
        0.1713,
        0.3135,
        0.4411,
        0.2549,
        0.3479,
        0.1984,
        0.0749,
        0.4138,
        0.4064,
        0.1565,
        0.3279,
        0.3443,
        0.3268,
        0.1055,
        0.3427,
        0.3298,
        0.0749,
        0.5893,
        0.0749,
        0.0749,
        0.0749,
        0.4502,
        0.1933,
        0.1656,
        0.1394,
        0.2928
      ],
      [
        0.0749,
        0.0749,
        0.1047,
        0.0749,
        1.0,
        0.0359,
        0.0266,
        0.0288,
        0.1022,
        0.0153,
        0.0947,
        0.0266,
        0.1133,
        0.1099,
        0.0267,
        0.0657,
        0.0477,
        0.0747,
        0.1014,
        0.0547,
        0.0237,
        0.0254,
        0.0435,
        0.0266,
        0.0525,
        0.0638,
        0.0908,
        0.0942,
        0.0322,
        0.0553,
        0.0783,
        0.0813,
        0.1092,
        0.0266,
        0.0749,
        0.0266,
        0.0266,
        0.0266,
        0.0758,
        0.0907,
        0.1072,
        0.0796,
        0.0925
      ],
      [
        0.2627,
        0.2627,
        0.1563,
        0.2627,
        0.0359,
        1.0,
        0.0359,
        0.1745,
        0.1416,
        -0.0328,
        0.0953,
        0.0359,
        0.1558,
        0.1495,
        0.0599,
        0.1001,
        0.1115,
        0.0921,
        0.0705,
        0.1907,
        0.369,
        0.1686,
        0.0927,
        0.0359,
        0.1617,
        0.2016,
        0.1546,
        0.1477,
        0.1433,
        0.1099,
        0.0652,
        0.1448,
        0.1459,
        0.0359,
        0.2627,
        0.0359,
        0.0359,
        0.0359,
        0.193,
        0.1082,
        0.1268,
        0.0658,
        0.1278
      ],
      [
        0.0749,
        0.0749,
        0.1047,
        0.0749,
        0.0266,
        0.0359,
        1.0,
        0.0288,
        0.1022,
        0.0153,
        0.0947,
        0.0266,
        0.1133,
        0.1099,
        0.0267,
        0.0657,
        0.0477,
        0.0747,
        0.1014,
        0.0547,
        0.0237,
        0.0254,
        0.0435,
        0.0266,
        0.0525,
        0.0638,
        0.0908,
        0.0942,
        0.0322,
        0.0553,
        0.0783,
        0.0813,
        0.1092,
        0.0266,
        0.0749,
        0.0266,
        0.0266,
        0.0266,
        0.0758,
        0.0907,
        0.1072,
        0.0796,
        0.0925
      ],
      [
        0.171,
        0.171,
        0.2953,
        0.171,
        0.0288,
        0.1745,
        0.0288,
        1.0,
        0.3348,
        0.2875,
        0.3645,
        0.0288,
        0.4999,
        0.348,
        0.1197,
        0.1499,
        0.3841,
        0.3117,
        0.0527,
        0.1449,
        0.2454,
        0.1378,
        0.182,
        0.0288,
        0.1628,
        0.2222,
        0.6097,
        0.2633,
        -0.0503,
        0.1397,
        0.3413,
        0.2095,
        0.31,
        0.0288,
        0.171,
        0.0288,
        0.0288,
        0.0288,
        0.1255,
        0.3124,
        0.427,
        0.2872,
        0.2679
      ],
      [
        0.3108,
        0.3108,
        0.4478,
        0.3108,
        0.1022,
        0.1416,
        0.1022,
        0.3348,
        1.0,
        0.2063,
        0.4552,
        0.1022,
        0.5403,
        0.4987,
        0.2173,
        0.2903,
        0.2644,
        0.4083,
        0.388,
        0.2127,
        0.1235,
        0.1041,
        0.2272,
        0.1022,
        0.2321,
        0.2633,
        0.4864,
        0.4002,
        0.0945,
        0.2298,
        0.4083,
        0.3299,
        0.484,
        0.1022,
        0.3108,
        0.1022,
        0.1022,
        0.1022,
        0.2908,
        0.4124,
        0.515,
        0.3975,
        0.3985
      ],
      [
        0.2078,
        0.2078,
        0.0904,
        0.2078,
        0.0153,
        -0.0328,
        0.0153,
        0.2875,
        0.2063,
        1.0,
        0.4294,
        0.0153,
        0.3361,
        0.3225,
        0.3159,
        0.1931,
        0.1225,
        0.5007,
        0.1572,
        -0.0644,
        0.2352,
        -0.0033,
        0.5883,
        0.0153,
        0.2111,
        -0.0881,
        0.3478,
        0.0322,
        0.0792,
        0.0686,
        0.6107,
        -0.0817,
        0.2662,
        0.0153,
        0.2078,
        0.0153,
        0.0153,
        0.0153,
        -0.0232,
        0.2604,
        0.4421,
        0.5971,
        0.0659
      ],
      [
        0.0816,
        0.0816,
        0.3544,
        0.0816,
        0.0947,
        0.0953,
        0.0947,
        0.3645,
        0.4552,
        0.4294,
        1.0,
        0.0947,
        0.6933,
        0.5589,
        0.2577,
        0.1176,
        0.3598,
        0.6317,
        0.3259,
        -0.0914,
        0.3191,
        -0.1195,
        0.4586,
        0.0947,
        0.0798,
        -0.0013,
        0.6964,
        0.2813,
        -0.0651,
        0.0571,
        0.7579,
        0.1165,
        0.5081,
        0.0947,
        0.0816,
        0.0947,
        0.0947,
        0.0947,
        0.0356,
        0.5305,
        0.792,
        0.7115,
        0.3173
      ],
      [
        0.0749,
        0.0749,
        0.1047,
        0.0749,
        0.0266,
        0.0359,
        0.0266,
        0.0288,
        0.1022,
        0.0153,
        0.0947,
        1.0,
        0.1133,
        0.1099,
        0.0267,
        0.0657,
        0.0477,
        0.0747,
        0.1014,
        0.0547,
        0.0237,
        0.0254,
        0.0435,
        0.0266,
        0.0525,
        0.0638,
        0.0908,
        0.0942,
        0.0322,
        0.0553,
        0.0783,
        0.0813,
        0.1092,
        0.0266,
        0.0749,
        0.0266,
        0.0266,
        0.0266,
        0.0758,
        0.0907,
        0.1072,
        0.0796,
        0.0925
      ],
      [
        0.2448,
        0.2448,
        0.4857,
        0.2448,
        0.1133,
        0.1558,
        0.1133,
        0.4999,
        0.5403,
        0.3361,
        0.6933,
        0.1133,
        1.0,
        0.6129,
        0.2009,
        0.2473,
        0.38,
        0.554,
        0.4081,
        0.1102,
        0.2443,
        0.0292,
        0.3745,
        0.1133,
        0.1978,
        0.1934,
        0.7037,
        0.4164,
        0.023,
        0.1898,
        0.6416,
        0.2924,
        0.5762,
        0.1133,
        0.2448,
        0.1133,
        0.1133,
        0.1133,
        0.2149,
        0.5475,
        0.7419,
        0.6085,
        0.4331
      ],
      [
        0.3251,
        0.3251,
        0.4649,
        0.3251,
        0.1099,
        0.1495,
        0.1099,
        0.348,
        0.4987,
        0.3225,
        0.5589,
        0.1099,
        0.6129,
        1.0,
        0.2356,
        0.2986,
        0.2921,
        0.4908,
        0.4219,
        0.1813,
        0.194,
        0.0848,
        0.3333,
        0.1099,
        0.248,
        0.2338,
        0.5577,
        0.4052,
        0.1002,
        0.2268,
        0.5288,
        0.3095,
        0.535,
        0.1099,
        0.3251,
        0.1099,
        0.1099,
        0.1099,
        0.2756,
        0.4718,
        0.6147,
        0.5149,
        0.4109
      ],
      [
        0.1598,
        0.1598,
        0.1334,
        0.1598,
        0.0267,
        0.0599,
        0.0267,
        0.1197,
        0.2173,
        0.3159,
        0.2577,
        0.0267,
        0.2009,
        0.2356,
        1.0,
        0.1501,
        0.1486,
        0.6227,
        0.0506,
        0.0098,
        0.2406,
        -0.0504,
        0.0922,
        0.0267,
        0.0827,
        0.0568,
        0.242,
        0.1356,
        -0.0252,
        0.0196,
        0.2925,
        0.0513,
        0.2197,
        0.0267,
        0.1598,
        0.0267,
        0.0267,
        0.0267,
        0.0689,
        0.1401,
        0.2777,
        0.253,
        0.1318
      ],
      [
        0.387,
        0.387,
        0.3155,
        0.387,
        0.0657,
        0.1001,
        0.0657,
        0.1499,
        0.2903,
        0.1931,
        0.1176,
        0.0657,
        0.2473,
        0.2986,
        0.1501,
        1.0,
        0.0803,
        0.1784,
        0.3034,
        0.3044,
        0.001,
        0.2078,
        0.127,
        0.0657,
        0.2868,
        0.2899,
        0.1682,
        0.292,
        0.2021,
        0.2579,
        0.1289,
        0.2914,
        0.3028,
        0.0657,
        0.387,
        0.0657,
        0.0657,
        0.0657,
        0.3279,
        0.1964,
        0.1841,
        0.1503,
        0.2734
      ],
      [
        0.0827,
        0.0827,
        0.2293,
        0.0827,
        0.0477,
        0.1115,
        0.0477,
        0.3841,
        0.2644,
        0.1225,
        0.3598,
        0.0477,
        0.38,
        0.2921,
        0.1486,
        0.0803,
        1.0,
        0.2984,
        0.132,
        0.0348,
        0.1913,
        0.0051,
        0.1514,
        0.0477,
        0.0656,
        0.0971,
        0.4091,
        0.2002,
        -0.0375,
        0.0646,
        0.3164,
        0.1343,
        0.2698,
        0.0477,
        0.0827,
        0.0477,
        0.0477,
        0.0477,
        0.0765,
        0.2701,
        0.3831,
        0.2843,
        0.2082
      ],
      [
        0.1713,
        0.1713,
        0.3023,
        0.1713,
        0.0747,
        0.0921,
        0.0747,
        0.3117,
        0.4083,
        0.5007,
        0.6317,
        0.0747,
        0.554,
        0.4908,
        0.6227,
        0.1784,
        0.2984,
        1.0,
        0.2542,
        -0.032,
        0.3273,
        -0.075,
        0.3852,
        0.0747,
        0.1282,
        0.0385,
        0.5692,
        0.2518,
        -0.0238,
        0.0694,
        0.6506,
        0.1056,
        0.4481,
        0.0747,
        0.1713,
        0.0747,
        0.0747,
        0.0747,
        0.0749,
        0.4187,
        0.6519,
        0.6061,
        0.2734
      ],
      [
        0.3135,
        0.3135,
        0.4026,
        0.3135,
        0.1014,
        0.0705,
        0.1014,
        0.0527,
        0.388,
        0.1572,
        0.3259,
        0.1014,
        0.4081,
        0.4219,
        0.0506,
        0.3034,
        0.132,
        0.2542,
        1.0,
        0.228,
        -0.037,
        0.1111,
        0.1965,
        0.1014,
        0.2364,
        0.2394,
        0.2936,
        0.3576,
        0.1555,
        0.2453,
        0.2952,
        0.3165,
        0.4215,
        0.1014,
        0.3135,
        0.1014,
        0.1014,
        0.1014,
        0.3066,
        0.3376,
        0.3789,
        0.3134,
        0.3534
      ],
      [
        0.4411,
        0.4411,
        0.2881,
        0.4411,
        0.0547,
        0.1907,
        0.0547,
        0.1449,
        0.2127,
        -0.0644,
        -0.0914,
        0.0547,
        0.1102,
        0.1813,
        0.0098,
        0.3044,
        0.0348,
        -0.032,
        0.228,
        1.0,
        0.0371,
        0.3162,
        -0.0292,
        0.0547,
        0.3051,
        0.3938,
        0.0331,
        0.2854,
        0.2609,
        0.2847,
        -0.1166,
        0.3424,
        0.2033,
        0.0547,
        0.4411,
        0.0547,
        0.0547,
        0.0547,
        0.4025,
        0.0829,
        -0.0137,
        -0.0827,
        0.2457
      ],
      [
        0.2549,
        0.2549,
        0.0629,
        0.2549,
        0.0237,
        0.369,
        0.0237,
        0.2454,
        0.1235,
        0.2352,
        0.3191,
        0.0237,
        0.2443,
        0.194,
        0.2406,
        0.001,
        0.1913,
        0.3273,
        -0.037,
        0.0371,
        1.0,
        0.1017,
        0.3616,
        0.0237,
        0.1461,
        0.0614,
        0.3078,
        0.0388,
        0.1293,
        0.0009,
        0.342,
        -0.0345,
        0.1563,
        0.0237,
        0.2549,
        0.0237,
        0.0237,
        0.0237,
        0.0589,
        0.169,
        0.3205,
        0.3171,
        0.0352
      ],
      [
        0.3479,
        0.3479,
        0.1596,
        0.3479,
        0.0254,
        0.1686,
        0.0254,
        0.1378,
        0.1041,
        -0.0033,
        -0.1195,
        0.0254,
        0.0292,
        0.0848,
        -0.0504,
        0.2078,
        0.0051,
        -0.075,
        0.1111,
        0.3162,
        0.1017,
        1.0,
        0.0112,
        0.0254,
        0.2439,
        0.282,
        -0.0136,
        0.1596,
        0.2215,
        0.2021,
        -0.1141,
        0.2116,
        0.0976,
        0.0254,
        0.3479,
        0.0254,
        0.0254,
        0.0254,
        0.2824,
        0.0169,
        -0.0636,
        -0.0861,
        0.1289
      ],
      [
        0.1984,
        0.1984,
        0.1481,
        0.1984,
        0.0435,
        0.0927,
        0.0435,
        0.182,
        0.2272,
        0.5883,
        0.4586,
        0.0435,
        0.3745,
        0.3333,
        0.0922,
        0.127,
        0.1514,
        0.3852,
        0.1965,
        -0.0292,
        0.3616,
        0.0112,
        1.0,
        0.0435,
        0.1727,
        -0.0299,
        0.3627,
        0.0898,
        0.0982,
        0.0661,
        0.546,
        -0.0134,
        0.288,
        0.0435,
        0.1984,
        0.0435,
        0.0435,
        0.0435,
        0.0305,
        0.2973,
        0.4644,
        0.5373,
        0.1146
      ],
      [
        0.0749,
        0.0749,
        0.1047,
        0.0749,
        0.0266,
        0.0359,
        0.0266,
        0.0288,
        0.1022,
        0.0153,
        0.0947,
        0.0266,
        0.1133,
        0.1099,
        0.0267,
        0.0657,
        0.0477,
        0.0747,
        0.1014,
        0.0547,
        0.0237,
        0.0254,
        0.0435,
        1.0,
        0.0525,
        0.0638,
        0.0908,
        0.0942,
        0.0322,
        0.0553,
        0.0783,
        0.0813,
        0.1092,
        0.0266,
        0.0749,
        0.0266,
        0.0266,
        0.0266,
        0.0758,
        0.0907,
        0.1072,
        0.0796,
        0.0925
      ],
      [
        0.4138,
        0.4138,
        0.2562,
        0.4138,
        0.0525,
        0.1617,
        0.0525,
        0.1628,
        0.2321,
        0.2111,
        0.0798,
        0.0525,
        0.1978,
        0.248,
        0.0827,
        0.2868,
        0.0656,
        0.1282,
        0.2364,
        0.3051,
        0.1461,
        0.2439,
        0.1727,
        0.0525,
        1.0,
        0.2782,
        0.1353,
        0.2344,
        0.2388,
        0.2392,
        0.1086,
        0.2405,
        0.2478,
        0.0525,
        0.4138,
        0.0525,
        0.0525,
        0.0525,
        0.3107,
        0.155,
        0.141,
        0.1323,
        0.2135
      ],
      [
        0.4064,
        0.4064,
        0.3281,
        0.4064,
        0.0638,
        0.2016,
        0.0638,
        0.2222,
        0.2633,
        -0.0881,
        -0.0013,
        0.0638,
        0.1934,
        0.2338,
        0.0568,
        0.2899,
        0.0971,
        0.0385,
        0.2394,
        0.3938,
        0.0614,
        0.282,
        -0.0299,
        0.0638,
        0.2782,
        1.0,
        0.1308,
        0.3216,
        0.2138,
        0.2724,
        -0.0513,
        0.36,
        0.2515,
        0.0638,
        0.4064,
        0.0638,
        0.0638,
        0.0638,
        0.3898,
        0.1404,
        0.0755,
        -0.0302,
        0.2857
      ],
      [
        0.1565,
        0.1565,
        0.4118,
        0.1565,
        0.0908,
        0.1546,
        0.0908,
        0.6097,
        0.4864,
        0.3478,
        0.6964,
        0.0908,
        0.7037,
        0.5577,
        0.242,
        0.1682,
        0.4091,
        0.5692,
        0.2936,
        0.0331,
        0.3078,
        -0.0136,
        0.3627,
        0.0908,
        0.1353,
        0.1308,
        1.0,
        0.3484,
        -0.0478,
        0.1218,
        0.6488,
        0.2157,
        0.5128,
        0.0908,
        0.1565,
        0.0908,
        0.0908,
        0.0908,
        0.1232,
        0.5144,
        0.7334,
        0.5984,
        0.3706
      ],
      [
        0.3279,
        0.3279,
        0.4245,
        0.3279,
        0.0942,
        0.1477,
        0.0942,
        0.2633,
        0.4002,
        0.0322,
        0.2813,
        0.0942,
        0.4164,
        0.4052,
        0.1356,
        0.292,
        0.2002,
        0.2518,
        0.3576,
        0.2854,
        0.0388,
        0.1596,
        0.0898,
        0.0942,
        0.2344,
        0.3216,
        0.3484,
        1.0,
        0.1268,
        0.2515,
        0.2146,
        0.3671,
        0.4073,
        0.0942,
        0.3279,
        0.0942,
        0.0942,
        0.0942,
        0.3388,
        0.318,
        0.3483,
        0.2172,
        0.378
      ],
      [
        0.3443,
        0.3443,
        0.1348,
        0.3443,
        0.0322,
        0.1433,
        0.0322,
        -0.0503,
