{
  "_meta": {
    "generated": "2026-05-07T10:20:08",
    "portfolio_generated": "2026-05-07T10:16:25.317449",
    "n_assets": 41,
    "n_with_returns": 31,
    "covariance_method": "hybrid_shrunk",
    "condition_number": 391.5,
    "pca_factors": 5
  },
  "profiles": {
    "Agressif": {
      "n_assets": 17,
      "weighted_avg_correlation": 0.2804,
      "most_correlated": [
        {
          "t1": "NEM",
          "t2": "CDE",
          "corr": 0.7933,
          "w1": 5.6,
          "w2": 4.2,
          "combined_weight": 9.7
        },
        {
          "t1": "SOXX",
          "t2": "XLK",
          "corr": 0.7365,
          "w1": 6.1,
          "w2": 3.2,
          "combined_weight": 9.3
        },
        {
          "t1": "PICK",
          "t2": "REMX",
          "corr": 0.7235,
          "w1": 8.2,
          "w2": 8.2,
          "combined_weight": 16.4
        },
        {
          "t1": "SOXX",
          "t2": "VRT",
          "corr": 0.7173,
          "w1": 6.1,
          "w2": 3.1,
          "combined_weight": 9.2
        },
        {
          "t1": "PICK",
          "t2": "XCEM",
          "corr": 0.7128,
          "w1": 8.2,
          "w2": 7.2,
          "combined_weight": 15.4
        },
        {
          "t1": "FLKR",
          "t2": "XCEM",
          "corr": 0.709,
          "w1": 3.8,
          "w2": 7.2,
          "combined_weight": 11.0
        },
        {
          "t1": "VRT",
          "t2": "XLK",
          "corr": 0.6964,
          "w1": 3.1,
          "w2": 3.2,
          "combined_weight": 6.2
        },
        {
          "t1": "CDE",
          "t2": "GLD",
          "corr": 0.6915,
          "w1": 4.2,
          "w2": 8.6,
          "combined_weight": 12.8
        },
        {
          "t1": "VRT",
          "t2": "NVDA",
          "corr": 0.6912,
          "w1": 3.1,
          "w2": 6.1,
          "combined_weight": 9.2
        },
        {
          "t1": "SOXX",
          "t2": "XCEM",
          "corr": 0.6896,
          "w1": 6.1,
          "w2": 7.2,
          "combined_weight": 13.4
        }
      ],
      "least_correlated": [
        {
          "t1": "FLTR",
          "t2": "FLOT",
          "corr": 0.0269,
          "w1": 5.6,
          "w2": 5.6,
          "combined_weight": 11.2
        },
        {
          "t1": "FLTR",
          "t2": "VRT",
          "corr": 0.0264,
          "w1": 5.6,
          "w2": 3.1,
          "combined_weight": 8.6
        },
        {
          "t1": "FLOT",
          "t2": "VRT",
          "corr": 0.0264,
          "w1": 5.6,
          "w2": 3.1,
          "combined_weight": 8.6
        },
        {
          "t1": "FLTR",
          "t2": "CDE",
          "corr": 0.0112,
          "w1": 5.6,
          "w2": 4.2,
          "combined_weight": 9.8
        },
        {
          "t1": "FLOT",
          "t2": "CDE",
          "corr": 0.0112,
          "w1": 5.6,
          "w2": 4.2,
          "combined_weight": 9.8
        }
      ],
      "high_corr_high_weight": [
        {
          "t1": "PICK",
          "t2": "REMX",
          "corr": 0.7235,
          "w1": 8.2,
          "w2": 8.2,
          "combined_weight": 16.4
        },
        {
          "t1": "PICK",
          "t2": "XCEM",
          "corr": 0.7128,
          "w1": 8.2,
          "w2": 7.2,
          "combined_weight": 15.4
        },
        {
          "t1": "FLKR",
          "t2": "XCEM",
          "corr": 0.709,
          "w1": 3.8,
          "w2": 7.2,
          "combined_weight": 11.0
        }
      ]
    },
    "Mod\u00e9r\u00e9": {
      "n_assets": 15,
      "weighted_avg_correlation": 0.142,
      "most_correlated": [
        {
          "t1": "VSS",
          "t2": "FNDF",
          "corr": 0.6861,
          "w1": 9.2,
          "w2": 6.6,
          "combined_weight": 15.8
        },
        {
          "t1": "FNDF",
          "t2": "FDVV",
          "corr": 0.6178,
          "w1": 6.6,
          "w2": 5.5,
          "combined_weight": 12.1
        },
        {
          "t1": "VSS",
          "t2": "FDVV",
          "corr": 0.6104,
          "w1": 9.2,
          "w2": 5.5,
          "combined_weight": 14.7
        },
        {
          "t1": "FNDF",
          "t2": "XLV",
          "corr": 0.4502,
          "w1": 6.6,
          "w2": 3.1,
          "combined_weight": 9.7
        },
        {
          "t1": "SCHD",
          "t2": "FNDF",
          "corr": 0.4447,
          "w1": 9.2,
          "w2": 6.6,
          "combined_weight": 15.8
        },
        {
          "t1": "SCHD",
          "t2": "FDVV",
          "corr": 0.4402,
          "w1": 9.2,
          "w2": 5.5,
          "combined_weight": 14.7
        },
        {
          "t1": "FDVV",
          "t2": "XLV",
          "corr": 0.4302,
          "w1": 5.5,
          "w2": 3.1,
          "combined_weight": 8.6
        },
        {
          "t1": "VSS",
          "t2": "XLV",
          "corr": 0.4261,
          "w1": 9.2,
          "w2": 3.1,
          "combined_weight": 12.3
        },
        {
          "t1": "SCHD",
          "t2": "VSS",
          "corr": 0.4092,
          "w1": 9.2,
          "w2": 9.2,
          "combined_weight": 18.4
        },
        {
          "t1": "VSS",
          "t2": "GLD",
          "corr": 0.3931,
          "w1": 9.2,
          "w2": 7.3,
          "combined_weight": 16.5
        }
      ],
      "least_correlated": [
        {
          "t1": "CF",
          "t2": "GLD",
          "corr": -0.0226,
          "w1": 7.3,
          "w2": 7.3,
          "combined_weight": 14.5
        },
        {
          "t1": "CF",
          "t2": "FDVV",
          "corr": -0.144,
          "w1": 7.3,
          "w2": 5.5,
          "combined_weight": 12.8
        },
        {
          "t1": "CF",
          "t2": "XLV",
          "corr": -0.1572,
          "w1": 7.3,
          "w2": 3.1,
          "combined_weight": 10.4
        },
        {
          "t1": "CF",
          "t2": "FNDF",
          "corr": -0.2234,
          "w1": 7.3,
          "w2": 6.6,
          "combined_weight": 13.9
        },
        {
          "t1": "VSS",
          "t2": "CF",
          "corr": -0.2528,
          "w1": 9.2,
          "w2": 7.3,
          "combined_weight": 16.5
        }
      ],
      "high_corr_high_weight": []
    },
    "Stable": {
      "n_assets": 15,
      "weighted_avg_correlation": 0.1322,
      "most_correlated": [
        {
          "t1": "ACWV",
          "t2": "SPYV",
          "corr": 0.4722,
          "w1": 4.8,
          "w2": 4.4,
          "combined_weight": 9.3
        },
        {
          "t1": "SPYV",
          "t2": "XLV",
          "corr": 0.4336,
          "w1": 4.4,
          "w2": 5.0,
          "combined_weight": 9.4
        },
        {
          "t1": "ACWV",
          "t2": "XLV",
          "corr": 0.4327,
          "w1": 4.8,
          "w2": 5.0,
          "combined_weight": 9.8
        },
        {
          "t1": "VICI",
          "t2": "SUNPHARMA",
          "corr": 0.4267,
          "w1": 5.3,
          "w2": 5.5,
          "combined_weight": 10.8
        },
        {
          "t1": "ACWV",
          "t2": "SPLV",
          "corr": 0.4158,
          "w1": 4.8,
          "w2": 5.9,
          "combined_weight": 10.7
        },
        {
          "t1": "PG",
          "t2": "KO",
          "corr": 0.4145,
          "w1": 5.3,
          "w2": 4.5,
          "combined_weight": 9.8
        },
        {
          "t1": "VICI",
          "t2": "PG",
          "corr": 0.3973,
          "w1": 5.3,
          "w2": 5.3,
          "combined_weight": 10.7
        },
        {
          "t1": "SPLV",
          "t2": "PG",
          "corr": 0.3941,
          "w1": 5.9,
          "w2": 5.3,
          "combined_weight": 11.2
        },
        {
          "t1": "ACWV",
          "t2": "PG",
          "corr": 0.3873,
          "w1": 4.8,
          "w2": 5.3,
          "combined_weight": 10.2
        },
        {
          "t1": "SPLV",
          "t2": "VICI",
          "corr": 0.3818,
          "w1": 5.9,
          "w2": 5.3,
          "combined_weight": 11.2
        }
      ],
      "least_correlated": [
        {
          "t1": "CLTL",
          "t2": "BSV",
          "corr": 0.0269,
          "w1": 7.9,
          "w2": 13.0,
          "combined_weight": 20.9
        },
        {
          "t1": "CLTL",
          "t2": "STIP",
          "corr": 0.0269,
          "w1": 7.9,
          "w2": 13.0,
          "combined_weight": 20.9
        },
        {
          "t1": "BSV",
          "t2": "STIP",
          "corr": 0.0269,
          "w1": 13.0,
          "w2": 13.0,
          "combined_weight": 26.0
        },
        {
          "t1": "IBE",
          "t2": "GLD",
          "corr": 0.0125,
          "w1": 5.3,
          "w2": 4.1,
          "combined_weight": 9.5
        },
        {
          "t1": "KO",
          "t2": "GLD",
          "corr": -0.0287,
          "w1": 4.5,
          "w2": 4.1,
          "combined_weight": 8.6
        }
      ],
      "high_corr_high_weight": []
    }
  },
  "all_pairs_top_30": [
    {
      "t1": "CDE",
      "t2": "NEM",
      "corr_hybrid": 0.7933,
      "corr_structured": null,
      "cat1": "Act",
      "cat2": "Act",
      "exp1": null,
      "exp2": null,
      "fam1": null,
      "fam2": null
    },
    {
      "t1": "SOXX",
      "t2": "XLK",
      "corr_hybrid": 0.7365,
      "corr_structured": 0.9,
      "cat1": "ETF",
      "cat2": "ETF",
      "exp1": "semiconductor",
      "exp2": "tech",
      "fam1": "sector_tech",
      "fam2": "sector_tech"
    },
    {
      "t1": "PICK",
      "t2": "REMX",
      "corr_hybrid": 0.7235,
      "corr_structured": 0.2,
      "cat1": "ETF",
      "cat2": "ETF",
      "exp1": "metals_mining",
      "exp2": "rare_earth",
      "fam1": null,
      "fam2": null
    },
    {
      "t1": "PICK",
      "t2": "VSS",
      "corr_hybrid": 0.7215,
      "corr_structured": 0.2,
      "cat1": "ETF",
      "cat2": "ETF",
      "exp1": "metals_mining",
      "exp2": "intl_small_cap",
      "fam1": null,
      "fam2": null
    },
    {
      "t1": "SOXX",
      "t2": "VRT",
      "corr_hybrid": 0.7173,
      "corr_structured": null,
      "cat1": "ETF",
      "cat2": "Act",
      "exp1": "semiconductor",
      "exp2": null,
      "fam1": "sector_tech",
      "fam2": null
    },
    {
      "t1": "VSS",
      "t2": "XCEM",
      "corr_hybrid": 0.7155,
      "corr_structured": 0.2,
      "cat1": "ETF",
      "cat2": "ETF",
      "exp1": "intl_small_cap",
      "exp2": "emerging_markets",
      "fam1": null,
      "fam2": "em_equity"
    },
    {
      "t1": "PICK",
      "t2": "XCEM",
      "corr_hybrid": 0.7128,
      "corr_structured": 0.2,
      "cat1": "ETF",
      "cat2": "ETF",
      "exp1": "metals_mining",
      "exp2": "emerging_markets",
      "fam1": null,
      "fam2": "em_equity"
    },
    {
      "t1": "FLKR",
      "t2": "XCEM",
      "corr_hybrid": 0.709,
      "corr_structured": 0.9,
      "cat1": "ETF",
      "cat2": "ETF",
      "exp1": "south_korea",
      "exp2": "emerging_markets",
      "fam1": "em_equity",
      "fam2": "em_equity"
    },
    {
      "t1": "VRT",
      "t2": "XLK",
      "corr_hybrid": 0.6964,
      "corr_structured": null,
      "cat1": "Act",
      "cat2": "ETF",
      "exp1": null,
      "exp2": "tech",
      "fam1": null,
      "fam2": "sector_tech"
    },
    {
      "t1": "FNDF",
      "t2": "XCEM",
      "corr_hybrid": 0.6948,
      "corr_structured": 0.62,
      "cat1": "ETF",
      "cat2": "ETF",
      "exp1": "international",
      "exp2": "emerging_markets",
      "fam1": "intl_equity",
      "fam2": "em_equity"
    },
    {
      "t1": "CDE",
      "t2": "GLD",
      "corr_hybrid": 0.6915,
      "corr_structured": null,
      "cat1": "Act",
      "cat2": "ETF",
      "exp1": null,
      "exp2": "gold_physical",
      "fam1": null,
      "fam2": "gold"
    },
    {
      "t1": "NVDA",
      "t2": "VRT",
      "corr_hybrid": 0.6912,
      "corr_structured": null,
      "cat1": "Act",
      "cat2": "Act",
      "exp1": null,
      "exp2": null,
      "fam1": null,
      "fam2": null
    },
    {
      "t1": "SOXX",
      "t2": "XCEM",
      "corr_hybrid": 0.6896,
      "corr_structured": 0.2,
      "cat1": "ETF",
      "cat2": "ETF",
      "exp1": "semiconductor",
      "exp2": "emerging_markets",
      "fam1": "sector_tech",
      "fam2": "em_equity"
    },
    {
      "t1": "FNDF",
      "t2": "PICK",
      "corr_hybrid": 0.6862,
      "corr_structured": 0.2,
      "cat1": "ETF",
      "cat2": "ETF",
      "exp1": "international",
      "exp2": "metals_mining",
      "fam1": "intl_equity",
      "fam2": null
    },
    {
      "t1": "FNDF",
      "t2": "VSS",
      "corr_hybrid": 0.6861,
      "corr_structured": 0.2,
      "cat1": "ETF",
      "cat2": "ETF",
      "exp1": "international",
      "exp2": "intl_small_cap",
      "fam1": "intl_equity",
      "fam2": null
    },
    {
      "t1": "FLKR",
      "t2": "SOXX",
      "corr_hybrid": 0.6607,
      "corr_structured": 0.2,
      "cat1": "ETF",
      "cat2": "ETF",
      "exp1": "south_korea",
      "exp2": "semiconductor",
      "fam1": "em_equity",
      "fam2": "sector_tech"
    },
    {
      "t1": "XCEM",
      "t2": "XLK",
      "corr_hybrid": 0.6597,
      "corr_structured": 0.2,
      "cat1": "ETF",
      "cat2": "ETF",
      "exp1": "emerging_markets",
      "exp2": "tech",
      "fam1": "em_equity",
      "fam2": "sector_tech"
    },
    {
      "t1": "FLKR",
      "t2": "PICK",
      "corr_hybrid": 0.6463,
      "corr_structured": 0.2,
      "cat1": "ETF",
      "cat2": "ETF",
      "exp1": "south_korea",
      "exp2": "metals_mining",
      "fam1": "em_equity",
      "fam2": null
    },
    {
      "t1": "FLKR",
      "t2": "VSS",
      "corr_hybrid": 0.6407,
      "corr_structured": 0.2,
      "cat1": "ETF",
      "cat2": "ETF",
      "exp1": "south_korea",
      "exp2": "intl_small_cap",
      "fam1": "em_equity",
      "fam2": null
    },
    {
      "t1": "FLKR",
      "t2": "XLK",
      "corr_hybrid": 0.6267,
      "corr_structured": 0.2,
      "cat1": "ETF",
      "cat2": "ETF",
      "exp1": "south_korea",
      "exp2": "tech",
      "fam1": "em_equity",
      "fam2": "sector_tech"
    },
    {
      "t1": "FLKR",
      "t2": "FNDF",
      "corr_hybrid": 0.6221,
      "corr_structured": 0.62,
      "cat1": "ETF",
      "cat2": "ETF",
      "exp1": "south_korea",
      "exp2": "international",
      "fam1": "em_equity",
      "fam2": "intl_equity"
    },
    {
      "t1": "FDVV",
      "t2": "XCEM",
      "corr_hybrid": 0.6218,
      "corr_structured": 0.2,
      "cat1": "ETF",
      "cat2": "ETF",
      "exp1": "dividend",
      "exp2": "emerging_markets",
      "fam1": "factor_dividend",
      "fam2": "em_equity"
    },
    {
      "t1": "PICK",
      "t2": "SOXX",
      "corr_hybrid": 0.6195,
      "corr_structured": 0.2,
      "cat1": "ETF",
      "cat2": "ETF",
      "exp1": "metals_mining",
      "exp2": "semiconductor",
      "fam1": null,
      "fam2": "sector_tech"
    },
    {
      "t1": "FDVV",
      "t2": "FNDF",
      "corr_hybrid": 0.6178,
      "corr_structured": 0.2,
      "cat1": "ETF",
      "cat2": "ETF",
      "exp1": "dividend",
      "exp2": "international",
      "fam1": "factor_dividend",
      "fam2": "intl_equity"
    },
    {
      "t1": "FDVV",
      "t2": "VSS",
      "corr_hybrid": 0.6104,
      "corr_structured": 0.2,
      "cat1": "ETF",
      "cat2": "ETF",
      "exp1": "dividend",
      "exp2": "intl_small_cap",
      "fam1": "factor_dividend",
      "fam2": null
    },
    {
      "t1": "GLD",
      "t2": "NEM",
      "corr_hybrid": 0.6059,
      "corr_structured": null,
      "cat1": "ETF",
      "cat2": "Act",
      "exp1": "gold_physical",
      "exp2": null,
      "fam1": "gold",
      "fam2": null
    },
    {
      "t1": "SOXX",
      "t2": "VSS",
      "corr_hybrid": 0.601,
      "corr_structured": 0.2,
      "cat1": "ETF",
      "cat2": "ETF",
      "exp1": "semiconductor",
      "exp2": "intl_small_cap",
      "fam1": "sector_tech",
      "fam2": null
    },
    {
      "t1": "REMX",
      "t2": "VSS",
      "corr_hybrid": 0.5983,
      "corr_structured": 0.2,
      "cat1": "ETF",
      "cat2": "ETF",
      "exp1": "rare_earth",
      "exp2": "intl_small_cap",
      "fam1": null,
      "fam2": null
    },
    {
      "t1": "NVDA",
      "t2": "SOXX",
      "corr_hybrid": 0.5931,
      "corr_structured": null,
      "cat1": "Act",
      "cat2": "ETF",
      "exp1": null,
      "exp2": "semiconductor",
      "fam1": null,
      "fam2": "sector_tech"
    },
    {
      "t1": "FDVV",
      "t2": "PICK",
      "corr_hybrid": 0.5863,
      "corr_structured": 0.2,
      "cat1": "ETF",
      "cat2": "ETF",
      "exp1": "dividend",
      "exp2": "metals_mining",
      "fam1": "factor_dividend",
      "fam2": null
    }
  ],
  "all_pairs_bottom_10": [
    {
      "t1": "CF",
      "t2": "FLTR",
      "corr_hybrid": 0.0071,
      "corr_structured": null,
      "cat1": "Act",
      "cat2": "Obl",
      "exp1": null,
      "exp2": null,
      "fam1": null,
      "fam2": null
    },
    {
      "t1": "CF",
      "t2": "GBIL",
      "corr_hybrid": 0.0071,
      "corr_structured": null,
      "cat1": "Act",
      "cat2": "Obl",
      "exp1": null,
      "exp2": "bonds_tbill",
      "fam1": null,
      "fam2": "bonds_short"
    },
    {
      "t1": "CF",
      "t2": "STIP",
      "corr_hybrid": 0.0071,
      "corr_structured": null,
      "cat1": "Act",
      "cat2": "Obl",
      "exp1": null,
      "exp2": "bonds_tips",
      "fam1": null,
      "fam2": "bonds_gov"
    },
    {
      "t1": "CF",
      "t2": "VGSH",
      "corr_hybrid": 0.0071,
      "corr_structured": null,
      "cat1": "Act",
      "cat2": "Obl",
      "exp1": null,
      "exp2": "bonds_short_treasury",
      "fam1": null,
      "fam2": "bonds_short"
    },
    {
      "t1": "NVDA",
      "t2": "VICI",
      "corr_hybrid": -0.0055,
      "corr_structured": null,
      "cat1": "Act",
      "cat2": "Act",
      "exp1": null,
      "exp2": null,
      "fam1": null,
      "fam2": null
    },
    {
      "t1": "PG",
      "t2": "XLK",
      "corr_hybrid": -0.0045,
      "corr_structured": null,
      "cat1": "Act",
      "cat2": "ETF",
      "exp1": null,
      "exp2": "tech",
      "fam1": null,
      "fam2": "sector_tech"
    },
    {
      "t1": "CF",
      "t2": "LI",
      "corr_hybrid": -0.0037,
      "corr_structured": null,
      "cat1": "Act",
      "cat2": "Act",
      "exp1": null,
      "exp2": null,
      "fam1": null,
      "fam2": null
    },
    {
      "t1": "GLD",
      "t2": "ITX",
      "corr_hybrid": 0.0034,
      "corr_structured": null,
      "cat1": "ETF",
      "cat2": "Act",
      "exp1": "gold_physical",
      "exp2": null,
      "fam1": "gold",
      "fam2": null
    },
    {
      "t1": "ITX",
      "t2": "PICK",
      "corr_hybrid": -0.0021,
      "corr_structured": null,
      "cat1": "Act",
      "cat2": "ETF",
      "exp1": null,
      "exp2": "metals_mining",
      "fam1": null,
      "fam2": null
    },
    {
      "t1": "CDE",
      "t2": "ITX",
      "corr_hybrid": 0.0011,
      "corr_structured": null,
      "cat1": "Act",
      "cat2": "Act",
      "exp1": null,
      "exp2": null,
      "fam1": null,
      "fam2": null
    }
  ],
  "correlation_matrix": {
    "tickers": [
      "000660",
      "2059",
      "ACWV",
      "BSV",
      "CDE",
      "CF",
      "CLTL",
      "EXPD",
      "FDVV",
      "FLKR",
      "FLOT",
      "FLTR",
      "FNDF",
      "GBIL",
      "GD",
      "GLD",
      "IBE",
      "ITX",
      "KO",
      "LI",
      "NEM",
      "NOVN",
      "NVDA",
      "OIH",
      "PG",
      "PICK",
      "REMX",
      "SCHD",
      "SOXX",
      "SPLV",
      "SPYV",
      "STIP",
      "SUNPHARMA",
      "VGSH",
      "VICI",
      "VRT",
      "VSS",
      "XBI",
      "XCEM",
      "XLK",
      "XLV"
    ],
    "matrix": [
      [
        1.0,
        0.5725,
        0.3456,
        0.077,
        0.1426,
        0.2309,
        0.077,
        0.3565,
        0.3202,
        0.0916,
        0.077,
        0.077,
        0.2682,
        0.077,
        0.3702,
        0.1072,
        0.3816,
        0.3915,
        0.3588,
        0.2801,
        0.1952,
        0.3493,
        0.1826,
        0.1753,
        0.3641,
        0.1715,
        0.0587,
        0.3313,
        0.1322,
        0.3334,
        0.334,
        0.077,
        0.5725,
        0.077,
        0.4267,
        0.2006,
        0.2462,
        0.175,
        0.1784,
        0.169,
        0.2739
      ],
      [
        0.5725,
        1.0,
        0.3456,
        0.077,
        0.1426,
        0.2309,
        0.077,
        0.3565,
        0.3202,
        0.0916,
        0.077,
        0.077,
        0.2682,
        0.077,
        0.3702,
        0.1072,
        0.3816,
        0.3915,
        0.3588,
        0.2801,
        0.1952,
        0.3493,
        0.1826,
        0.1753,
        0.3641,
        0.1715,
        0.0587,
        0.3313,
        0.1322,
        0.3334,
        0.334,
        0.077,
        0.5725,
        0.077,
        0.4267,
        0.2006,
        0.2462,
        0.175,
        0.1784,
        0.169,
        0.2739
      ],
      [
        0.3456,
        0.3456,
        1.0,
        0.1058,
        0.1627,
        -0.1296,
        0.1058,
        0.2794,
        0.4682,
        0.3562,
        0.1058,
        0.1058,
        0.4915,
        0.1058,
        0.3238,
        0.1896,
        0.175,
        0.2696,
        0.3134,
        0.2026,
        0.2237,
        0.2346,
        0.1247,
        0.2223,
        0.3873,
        0.4243,
        0.3295,
        0.4307,
        0.2557,
        0.4158,
        0.4722,
        0.1058,
        0.3456,
        0.1058,
        0.3711,
        0.0721,
        0.4713,
        0.3437,
        0.4344,
        0.2636,
        0.4327
      ],
      [
        0.077,
        0.077,
        0.1058,
        1.0,
        0.0112,
        0.0071,
        0.0269,
        0.0749,
        0.1122,
        0.0844,
        0.0269,
        0.0269,
        0.1137,
        0.0269,
        0.0824,
        0.029,
        0.0384,
        0.049,
        0.0573,
        0.044,
        0.0317,
        0.0501,
        0.0379,
        0.0788,
        0.066,
        0.0997,
        0.0903,
        0.1111,
        0.0715,
        0.09,
        0.1157,
        0.0269,
        0.077,
        0.0269,
        0.0773,
        0.0264,
        0.1054,
        0.0751,
        0.0985,
        0.0725,
        0.0974
      ],
      [
        0.1426,
        0.1426,
        0.1627,
        0.0112,
        1.0,
        -0.0899,
        0.0112,
        -0.0159,
        0.2423,
        0.3111,
        0.0112,
        0.0112,
        0.358,
        0.0112,
        0.1079,
        0.6915,
        0.0529,
        0.0011,
        -0.0552,
        0.2574,
        0.7933,
        0.0431,
        0.1672,
        0.1165,
        0.1065,
        0.5704,
        0.4608,
        0.0548,
        0.3198,
        0.0485,
        0.1767,
        0.0112,
        0.1426,
        0.0112,
        0.1187,
        0.2964,
        0.457,
        0.253,
        0.3881,
        0.2982,
        0.0815
      ],
      [
        0.2309,
        0.2309,
        -0.1296,
        0.0071,
        -0.0899,
        1.0,
        0.0071,
        0.2336,
        -0.144,
        -0.3543,
        0.0071,
        0.0071,
        -0.2234,
        0.0071,
        0.2219,
        -0.0226,
        0.149,
        0.0298,
        -0.0851,
        -0.0037,
        -0.0206,
        0.0741,
        -0.095,
        0.2802,
        -0.186,
        -0.1571,
        0.014,
        0.1005,
        -0.1828,
        -0.0285,
        -0.0778,
        0.0071,
        0.2309,
        0.0071,
        0.0886,
        -0.0625,
        -0.2528,
        -0.2479,
        -0.3631,
        -0.159,
        -0.1572
      ],
      [
        0.077,
        0.077,
        0.1058,
        0.0269,
        0.0112,
        0.0071,
        1.0,
        0.0749,
        0.1122,
        0.0844,
        0.0269,
        0.0269,
        0.1137,
        0.0269,
        0.0824,
        0.029,
        0.0384,
        0.049,
        0.0573,
        0.044,
        0.0317,
        0.0501,
        0.0379,
        0.0788,
        0.066,
        0.0997,
        0.0903,
        0.1111,
        0.0715,
        0.09,
        0.1157,
        0.0269,
        0.077,
        0.0269,
        0.0773,
        0.0264,
        0.1054,
        0.0751,
        0.0985,
        0.0725,
        0.0974
      ],
      [
        0.3565,
        0.3565,
        0.2794,
        0.0749,
        -0.0159,
        0.2336,
        0.0749,
        1.0,
        0.2655,
        0.0971,
        0.0749,
        0.0749,
        0.231,
        0.0749,
        0.3005,
        0.0356,
        0.2145,
        0.2312,
        0.223,
        0.1482,
        0.0625,
        0.2171,
        0.0865,
        0.2282,
        0.2155,
        0.1665,
        0.1465,
        0.3247,
        0.1055,
        0.2749,
        0.2932,
        0.0749,
        0.3565,
        0.0749,
        0.2948,
        0.062,
        0.1963,
        0.1349,
        0.1458,
        0.1256,
        0.2408
      ],
      [
        0.3202,
        0.3202,
        0.4682,
        0.1122,
        0.2423,
        -0.144,
        0.1122,
        0.2655,
        1.0,
        0.5529,
        0.1122,
        0.1122,
        0.6178,
        0.1122,
        0.3129,
        0.2318,
        0.1761,
        0.16,
        0.1953,
        0.2926,
        0.2697,
        0.2069,
        0.3597,
        0.3461,
        0.2601,
        0.5863,
        0.4758,
        0.4402,
        0.5353,
        0.3258,
        0.5595,
        0.1122,
        0.3202,
        0.1122,
        0.2788,
        0.3758,
        0.6104,
        0.4363,
        0.6218,
        0.5259,
        0.4302
      ],
      [
        0.0916,
        0.0916,
        0.3562,
        0.0844,
        0.3111,
        -0.3543,
        0.0844,
        0.0971,
        0.5529,
        1.0,
        0.0844,
        0.0844,
        0.6221,
        0.0844,
        0.1496,
        0.2612,
        0.0343,
        -0.03,
        0.0205,
        0.2584,
        0.2804,
        0.0668,
        0.4353,
        0.3018,
        0.1013,
        0.6463,
        0.5338,
        0.3037,
        0.6607,
        0.1625,
        0.492,
        0.0844,
        0.0916,
        0.0844,
        0.0785,
        0.4875,
        0.6407,
        0.4593,
        0.709,
        0.6267,
        0.346
      ],
      [
        0.077,
        0.077,
        0.1058,
        0.0269,
        0.0112,
        0.0071,
        0.0269,
        0.0749,
        0.1122,
        0.0844,
        1.0,
        0.0269,
        0.1137,
        0.0269,
        0.0824,
        0.029,
        0.0384,
        0.049,
        0.0573,
        0.044,
        0.0317,
        0.0501,
        0.0379,
        0.0788,
        0.066,
        0.0997,
        0.0903,
        0.1111,
        0.0715,
        0.09,
        0.1157,
        0.0269,
        0.077,
        0.0269,
        0.0773,
        0.0264,
        0.1054,
        0.0751,
        0.0985,
        0.0725,
        0.0974
      ],
      [
        0.077,
        0.077,
        0.1058,
        0.0269,
        0.0112,
        0.0071,
        0.0269,
        0.0749,
        0.1122,
        0.0844,
        0.0269,
        1.0,
        0.1137,
        0.0269,
        0.0824,
        0.029,
        0.0384,
        0.049,
        0.0573,
        0.044,
        0.0317,
        0.0501,
        0.0379,
        0.0788,
        0.066,
        0.0997,
        0.0903,
        0.1111,
        0.0715,
        0.09,
        0.1157,
        0.0269,
        0.077,
        0.0269,
        0.0773,
        0.0264,
        0.1054,
        0.0751,
        0.0985,
        0.0725,
        0.0974
      ],
      [
        0.2682,
        0.2682,
        0.4915,
        0.1137,
        0.358,
        -0.2234,
        0.1137,
        0.231,
        0.6178,
        0.6221,
        0.1137,
        0.1137,
        1.0,
        0.1137,
        0.2989,
        0.3288,
        0.1255,
        0.1203,
        0.1626,
        0.2922,
        0.3655,
        0.1734,
        0.3496,
        0.3558,
        0.2599,
        0.6862,
        0.5733,
        0.4447,
        0.5768,
        0.3297,
        0.5816,
        0.1137,
        0.2682,
        0.1137,
        0.2637,
        0.3668,
        0.6861,
        0.4818,
        0.6948,
        0.5583,
        0.4502
      ],
      [
        0.077,
        0.077,
        0.1058,
        0.0269,
        0.0112,
        0.0071,
        0.0269,
        0.0749,
        0.1122,
        0.0844,
        0.0269,
        0.0269,
        0.1137,
        1.0,
        0.0824,
        0.029,
        0.0384,
        0.049,
        0.0573,
        0.044,
        0.0317,
        0.0501,
        0.0379,
        0.0788,
        0.066,
        0.0997,
        0.0903,
        0.1111,
        0.0715,
        0.09,
        0.1157,
        0.0269,
        0.077,
        0.0269,
        0.0773,
        0.0264,
        0.1054,
        0.0751,
        0.0985,
        0.0725,
        0.0974
      ],
      [
        0.3702,
        0.3702,
        0.3238,
        0.0824,
        0.1079,
        0.2219,
        0.0824,
        0.3005,
        0.3129,
        0.1496,
        0.0824,
        0.0824,
        0.2989,
        0.0824,
        1.0,
        0.1391,
        0.2087,
        0.2317,
        0.221,
        0.1729,
        0.1738,
        0.2204,
        0.0861,
        0.2614,
        0.2407,
        0.2659,
        0.2405,
        0.359,
        0.1433,
        0.3056,
        0.336,
        0.0824,
        0.3702,
        0.0824,
        0.3234,
        0.0666,
        0.275,
        0.1795,
        0.2097,
        0.1595,
        0.2738
      ],
      [
        0.1072,
        0.1072,
        0.1896,
        0.029,
        0.6915,
        -0.0226,
        0.029,
        0.0356,
        0.2318,
        0.2612,
        0.029,
        0.029,
        0.3288,
        0.029,
        0.1391,
        1.0,
        0.0125,
        0.0034,
        -0.0287,
        0.1698,
        0.6059,
        0.032,
        0.0666,
        0.1631,
        0.1028,
        0.4979,
        0.4501,
        0.1347,
        0.2321,
        0.1098,
        0.1972,
        0.029,
        0.1072,
        0.029,
        0.1324,
        0.1299,
        0.3931,
        0.2177,
        0.3219,
        0.2137,
        0.1262
      ],
      [
        0.3816,
        0.3816,
        0.175,
        0.0384,
        0.0529,
        0.149,
        0.0384,
        0.2145,
        0.1761,
        0.0343,
        0.0384,
        0.0384,
        0.1255,
        0.0384,
        0.2087,
        0.0125,
        1.0,
        0.2546,
        0.2263,
        0.1973,
        0.0775,
        0.2336,
        0.1723,
        0.0773,
        0.2097,
        0.044,
        -0.0466,
        0.1614,
        0.0962,
        0.1652,
        0.1784,
        0.0384,
        0.3816,
        0.0384,
        0.2463,
        0.2056,
        0.1114,
        0.0873,
        0.0853,
        0.123,
        0.1338
      ],
      [
        0.3915,
        0.3915,
        0.2696,
        0.049,
        0.0011,
        0.0298,
        0.049,
        0.2312,
        0.16,
        -0.03,
        0.049,
        0.049,
        0.1203,
        0.049,
        0.2317,
        0.0034,
        0.2546,
        1.0,
        0.3623,
        0.1303,
        0.0597,
        0.2615,
        -0.0153,
        -0.0151,
        0.377,
        -0.0021,
        -0.0984,
        0.2106,
        -0.0827,
        0.3029,
        0.1835,
        0.049,
        0.3915,
        0.049,
        0.3512,
        -0.0604,
        0.0941,
        0.0882,
        0.0362,
        -0.0461,
        0.2197
      ],
      [
        0.3588,
        0.3588,
        0.3134,
        0.0573,
        -0.0552,
        -0.0851,
        0.0573,
        0.223,
        0.1953,
        0.0205,
        0.0573,
        0.0573,
        0.1626,
        0.0573,
        0.221,
        -0.0287,
        0.2263,
        0.3623,
        1.0,
        0.1119,
        0.0154,
        0.2549,
        -0.0263,
        -0.0312,
        0.4145,
        0.0163,
        -0.0887,
        0.2362,
        -0.0713,
        0.3396,
        0.2186,
        0.0573,
        0.3588,
        0.0573,
        0.3547,
        -0.0975,
        0.1297,
        0.1263,
        0.0857,
        -0.0372,
        0.2712
      ],
      [
        0.2801,
        0.2801,
        0.2026,
        0.044,
        0.2574,
        -0.0037,
        0.044,
        0.1482,
        0.2926,
        0.2584,
        0.044,
        0.044,
        0.2922,
        0.044,
        0.1729,
        0.1698,
        0.1973,
        0.1303,
        0.1119,
        1.0,
        0.2332,
        0.1646,
        0.296,
        0.1541,
        0.1382,
        0.2825,
        0.1757,
        0.1696,
        0.3228,
        0.1179,
        0.262,
        0.044,
        0.2801,
        0.044,
        0.1646,
        0.3683,
        0.3055,
        0.2126,
        0.3084,
        0.3255,
        0.1654
      ],
      [
        0.1952,
        0.1952,
        0.2237,
        0.0317,
        0.7933,
        -0.0206,
        0.0317,
        0.0625,
        0.2697,
        0.2804,
        0.0317,
        0.0317,
        0.3655,
        0.0317,
        0.1738,
        0.6059,
        0.0775,
        0.0597,
        0.0154,
        0.2332,
        1.0,
        0.0831,
        0.1169,
        0.1589,
        0.158,
        0.5337,
        0.4482,
        0.1455,
        0.2665,
        0.1337,
        0.2269,
        0.0317,
        0.1952,
        0.0317,
        0.186,
        0.2031,
        0.4385,
        0.2477,
        0.3584,
        0.2529,
        0.1445
      ],
      [
        0.3493,
        0.3493,
        0.2346,
        0.0501,
        0.0431,
        0.0741,
        0.0501,
        0.2171,
        0.2069,
        0.0668,
        0.0501,
        0.0501,
        0.1734,
        0.0501,
        0.2204,
        0.032,
        0.2336,
        0.2615,
        0.2549,
        0.1646,
        0.0831,
        1.0,
        0.1049,
        0.0794,
        0.2594,
        0.0896,
        0.0077,
        0.2097,
        0.071,
        0.2279,
        0.2159,
        0.0501,
        0.3493,
        0.0501,
        0.2732,
        0.1012,
        0.1548,
        0.1206,
        0.121,
        0.0951,
        0.1939
      ],
      [
        0.1826,
        0.1826,
        0.1247,
        0.0379,
        0.1672,
        -0.095,
        0.0379,
        0.0865,
        0.3597,
        0.4353,
        0.0379,
        0.0379,
        0.3496,
        0.0379,
        0.0861,
        0.0666,
        0.1723,
        -0.0153,
        -0.0263,
        0.296,
        0.1169,
        0.1049,
        1.0,
        0.2182,
        -0.0397,
        0.3337,
        0.2099,
        0.1141,
        0.5931,
        -0.0344,
        0.2957,
        0.0379,
        0.1826,
        0.0379,
        -0.0055,
        0.6912,
        0.3645,
        0.2696,
        0.4551,
        0.5778,
        0.1225
      ],
      [
        0.1753,
        0.1753,
        0.2223,
        0.0788,
        0.1165,
        0.2802,
        0.0788,
        0.2282,
        0.3461,
        0.3018,
        0.0788,
        0.0788,
        0.3558,
        0.0788,
        0.2614,
        0.1631,
        0.0773,
        -0.0151,
        -0.0312,
        0.1541,
        0.1589,
        0.0794,
        0.2182,
        1.0,
        -0.0291,
        0.4097,
        0.4546,
        0.3369,
        0.3665,
        0.1445,
        0.3511,
        0.0788,
        0.1753,
        0.0788,
        0.1204,
        0.2452,
        0.3417,
        0.2056,
        0.3227,
        0.353,
        0.2036
      ],
      [
        0.3641,
        0.3641,
        0.3873,
        0.066,
        0.1065,
        -0.186,
        0.066,
        0.2155,
        0.2601,
        0.1013,
        0.066,
        0.066,
        0.2599,
        0.066,
        0.2407,
        0.1028,
        0.2097,
        0.377,
        0.4145,
        0.1382,
        0.158,
        0.2594,
        -0.0397,
        -0.0291,
        1.0,
        0.1422,
        0.0129,
        0.2714,
        -0.0338,
        0.3941,
        0.2741,
        0.066,
        0.3641,
        0.066,
        0.3973,
        -0.114,
        0.2422,
        0.1991,
        0.1841,
        -0.0045,
        0.331
      ],
      [
        0.1715,
        0.1715,
        0.4243,
        0.0997,
        0.5704,
        -0.1571,
        0.0997,
        0.1665,
        0.5863,
        0.6463,
        0.0997,
        0.0997,
        0.6862,
        0.0997,
        0.2659,
        0.4979,
        0.044,
        -0.0021,
        0.0163,
        0.2825,
        0.5337,
        0.0896,
        0.3337,
        0.4097,
        0.1422,
        1.0,
        0.7235,
        0.3975,
        0.6195,
        0.2454,
        0.5389,
        0.0997,
        0.1715,
        0.0997,
        0.1839,
        0.3863,
        0.7215,
        0.473,
        0.7128,
        0.5858,
        0.3776
      ],
      [
        0.0587,
        0.0587,
        0.3295,
        0.0903,
        0.4608,
        0.014,
        0.0903,
        0.1465,
        0.4758,
        0.5338,
        0.0903,
        0.0903,
        0.5733,
        0.0903,
        0.2405,
        0.4501,
        -0.0466,
        -0.0984,
        -0.0887,
        0.1757,
        0.4482,
        0.0077,
        0.2099,
        0.4546,
        0.0129,
        0.7235,
        1.0,
        0.3759,
        0.5101,
        0.1883,
        0.4516,
        0.0903,
        0.0587,
        0.0903,
        0.1081,
        0.2379,
        0.5983,
        0.3687,
        0.5731,
        0.4719,
        0.2977
      ],
      [
        0.3313,
        0.3313,
        0.4307,
        0.1111,
        0.0548,
        0.1005,
        0.1111,
        0.3247,
        0.4402,
        0.3037,
        0.1111,
        0.1111,
        0.4447,
        0.1111,
        0.359,
        0.1347,
        0.1614,
        0.2106,
        0.2362,
        0.1696,
        0.1455,
        0.2097,
        0.1141,
        0.3369,
        0.2714,
        0.3975,
        0.3759,
        1.0,
        0.25,
        0.381,
        0.4629,
        0.1111,
        0.3313,
        0.1111,
        0.3361,
        0.0613,
        0.4092,
        0.2841,
        0.3634,
        0.2564,
        0.3909
      ],
      [
        0.1322,
        0.1322,
        0.2557,
        0.0715,
        0.3198,
        -0.1828,
        0.0715,
        0.1055,
        0.5353,
        0.6607,
        0.0715,
        0.0715,
        0.5768,
        0.0715,
        0.1433,
        0.2321,
        0.0962,
        -0.0827,
        -0.0713,
        0.3228,
        0.2665,
        0.071,
        0.5931,
        0.3665,
        -0.0338,
        0.6195,
        0.5101,
        0.25,
        1.0,
        0.0415,
        0.4619,
        0.0715,
        0.1322,
        0.0715,
        0.0091,
        0.7173,
        0.601,
        0.4211,
        0.6896,
        0.7365,
        0.2495
      ],
      [
        0.3334,
        0.3334,
        0.4158,
        0.09,
        0.0485,
        -0.0285,
        0.09,
        0.2749,
        0.3258,
        0.1625,
        0.09,
        0.09,
        0.3297,
        0.09,
        0.3056,
        0.1098,
        0.1652,
        0.3029,
        0.3396,
        0.1179,
        0.1337,
        0.2279,
        -0.0344,
        0.1445,
        0.3941,
        0.2454,
        0.1883,
        0.381,
        0.0415,
        1.0,
        0.3547,
        0.09,
        0.3334,
        0.09,
        0.3818,
        -0.122,
        0.2978,
        0.2208,
        0.2328,
        0.0612,
        0.3675
      ],
      [
        0.334,
        0.334,
        0.4722,
        0.1157,
        0.1767,
        -0.0778,
        0.1157,
