{
  "_meta": {
    "generated": "2026-05-21T07:58:58",
    "portfolio_generated": "2026-05-21T07:55:21.921472",
    "n_assets": 41,
    "n_with_returns": 30,
    "covariance_method": "hybrid_shrunk",
    "condition_number": 277.8,
    "pca_factors": 6
  },
  "profiles": {
    "Agressif": {
      "n_assets": 16,
      "weighted_avg_correlation": 0.219,
      "most_correlated": [
        {
          "t1": "SLV",
          "t2": "GLD",
          "corr": 0.8291,
          "w1": 2.8,
          "w2": 9.5,
          "combined_weight": 12.2
        },
        {
          "t1": "XLK",
          "t2": "SOXX",
          "corr": 0.7945,
          "w1": 4.2,
          "w2": 6.3,
          "combined_weight": 10.6
        },
        {
          "t1": "FLKR",
          "t2": "SOXX",
          "corr": 0.7645,
          "w1": 5.2,
          "w2": 6.3,
          "combined_weight": 11.5
        },
        {
          "t1": "SOXX",
          "t2": "FLTW",
          "corr": 0.7616,
          "w1": 6.3,
          "w2": 6.5,
          "combined_weight": 12.9
        },
        {
          "t1": "FLKR",
          "t2": "XLK",
          "corr": 0.7456,
          "w1": 5.2,
          "w2": 4.2,
          "combined_weight": 9.4
        },
        {
          "t1": "XLK",
          "t2": "FLTW",
          "corr": 0.7419,
          "w1": 4.2,
          "w2": 6.5,
          "combined_weight": 10.8
        },
        {
          "t1": "FLKR",
          "t2": "FLTW",
          "corr": 0.7209,
          "w1": 5.2,
          "w2": 6.5,
          "combined_weight": 11.7
        },
        {
          "t1": "NVDA",
          "t2": "XLK",
          "corr": 0.643,
          "w1": 6.4,
          "w2": 4.2,
          "combined_weight": 10.7
        },
        {
          "t1": "NVDA",
          "t2": "SOXX",
          "corr": 0.63,
          "w1": 6.4,
          "w2": 6.3,
          "combined_weight": 12.8
        },
        {
          "t1": "2059",
          "t2": "000660",
          "corr": 0.6284,
          "w1": 10.5,
          "w2": 6.3,
          "combined_weight": 16.8
        }
      ],
      "least_correlated": [
        {
          "t1": "XLE",
          "t2": "FLTW",
          "corr": -0.019,
          "w1": 6.9,
          "w2": 6.5,
          "combined_weight": 13.5
        },
        {
          "t1": "FLKR",
          "t2": "XLE",
          "corr": -0.0563,
          "w1": 5.2,
          "w2": 6.9,
          "combined_weight": 12.1
        },
        {
          "t1": "SOXX",
          "t2": "XLE",
          "corr": -0.0665,
          "w1": 6.3,
          "w2": 6.9,
          "combined_weight": 13.3
        },
        {
          "t1": "XLK",
          "t2": "XLE",
          "corr": -0.0679,
          "w1": 4.2,
          "w2": 6.9,
          "combined_weight": 11.2
        },
        {
          "t1": "NVDA",
          "t2": "XLE",
          "corr": -0.1363,
          "w1": 6.4,
          "w2": 6.9,
          "combined_weight": 13.4
        }
      ],
      "high_corr_high_weight": [
        {
          "t1": "SLV",
          "t2": "GLD",
          "corr": 0.8291,
          "w1": 2.8,
          "w2": 9.5,
          "combined_weight": 12.2
        },
        {
          "t1": "XLK",
          "t2": "SOXX",
          "corr": 0.7945,
          "w1": 4.2,
          "w2": 6.3,
          "combined_weight": 10.6
        },
        {
          "t1": "FLKR",
          "t2": "SOXX",
          "corr": 0.7645,
          "w1": 5.2,
          "w2": 6.3,
          "combined_weight": 11.5
        },
        {
          "t1": "SOXX",
          "t2": "FLTW",
          "corr": 0.7616,
          "w1": 6.3,
          "w2": 6.5,
          "combined_weight": 12.9
        },
        {
          "t1": "XLK",
          "t2": "FLTW",
          "corr": 0.7419,
          "w1": 4.2,
          "w2": 6.5,
          "combined_weight": 10.8
        }
      ]
    },
    "Mod\u00e9r\u00e9": {
      "n_assets": 14,
      "weighted_avg_correlation": 0.1577,
      "most_correlated": [
        {
          "t1": "FNDX",
          "t2": "FNDF",
          "corr": 0.5985,
          "w1": 9.0,
          "w2": 9.0,
          "combined_weight": 18.0
        },
        {
          "t1": "FNDX",
          "t2": "BMED",
          "corr": 0.5506,
          "w1": 9.0,
          "w2": 5.6,
          "combined_weight": 14.6
        },
        {
          "t1": "FNDF",
          "t2": "BMED",
          "corr": 0.5145,
          "w1": 9.0,
          "w2": 5.6,
          "combined_weight": 14.6
        },
        {
          "t1": "BMED",
          "t2": "XLV",
          "corr": 0.4911,
          "w1": 5.6,
          "w2": 3.2,
          "combined_weight": 8.7
        },
        {
          "t1": "FNDX",
          "t2": "XLV",
          "corr": 0.4827,
          "w1": 9.0,
          "w2": 3.2,
          "combined_weight": 12.2
        },
        {
          "t1": "SCHD",
          "t2": "BMED",
          "corr": 0.4806,
          "w1": 9.0,
          "w2": 5.6,
          "combined_weight": 14.6
        },
        {
          "t1": "SCHD",
          "t2": "FNDX",
          "corr": 0.4738,
          "w1": 9.0,
          "w2": 9.0,
          "combined_weight": 18.0
        },
        {
          "t1": "SCHD",
          "t2": "XLV",
          "corr": 0.4599,
          "w1": 9.0,
          "w2": 3.2,
          "combined_weight": 12.2
        },
        {
          "t1": "FNDF",
          "t2": "XLV",
          "corr": 0.4275,
          "w1": 9.0,
          "w2": 3.2,
          "combined_weight": 12.2
        },
        {
          "t1": "BMED",
          "t2": "VICI",
          "corr": 0.4006,
          "w1": 5.6,
          "w2": 8.4,
          "combined_weight": 13.9
        }
      ],
      "least_correlated": [
        {
          "t1": "ITX",
          "t2": "JAAA",
          "corr": 0.0155,
          "w1": 8.2,
          "w2": 3.8,
          "combined_weight": 11.9
        },
        {
          "t1": "FNDF",
          "t2": "ITX",
          "corr": -0.0325,
          "w1": 9.0,
          "w2": 8.2,
          "combined_weight": 17.2
        },
        {
          "t1": "FNDX",
          "t2": "ITX",
          "corr": -0.0597,
          "w1": 9.0,
          "w2": 8.2,
          "combined_weight": 17.2
        },
        {
          "t1": "SCHD",
          "t2": "ITX",
          "corr": -0.0731,
          "w1": 9.0,
          "w2": 8.2,
          "combined_weight": 17.2
        },
        {
          "t1": "ITX",
          "t2": "XLV",
          "corr": -0.1199,
          "w1": 8.2,
          "w2": 3.2,
          "combined_weight": 11.3
        }
      ],
      "high_corr_high_weight": []
    },
    "Stable": {
      "n_assets": 14,
      "weighted_avg_correlation": 0.1938,
      "most_correlated": [
        {
          "t1": "SCHP",
          "t2": "SUNPHARMA",
          "corr": 0.5961,
          "w1": 7.4,
          "w2": 5.3,
          "combined_weight": 12.6
        },
        {
          "t1": "IG",
          "t2": "SUNPHARMA",
          "corr": 0.5845,
          "w1": 7.4,
          "w2": 5.3,
          "combined_weight": 12.6
        },
        {
          "t1": "SCHP",
          "t2": "IG",
          "corr": 0.5526,
          "w1": 7.4,
          "w2": 7.4,
          "combined_weight": 14.7
        },
        {
          "t1": "ACWV",
          "t2": "SPYV",
          "corr": 0.4903,
          "w1": 6.7,
          "w2": 4.8,
          "combined_weight": 11.5
        },
        {
          "t1": "SPYV",
          "t2": "XLV",
          "corr": 0.481,
          "w1": 4.8,
          "w2": 4.8,
          "combined_weight": 9.6
        },
        {
          "t1": "ACWV",
          "t2": "XLV",
          "corr": 0.4604,
          "w1": 6.7,
          "w2": 4.8,
          "combined_weight": 11.5
        },
        {
          "t1": "SUNPHARMA",
          "t2": "KO",
          "corr": 0.4416,
          "w1": 5.3,
          "w2": 5.3,
          "combined_weight": 10.6
        },
        {
          "t1": "VICI",
          "t2": "SUNPHARMA",
          "corr": 0.439,
          "w1": 7.4,
          "w2": 5.3,
          "combined_weight": 12.6
        },
        {
          "t1": "SCHP",
          "t2": "KO",
          "corr": 0.4364,
          "w1": 7.4,
          "w2": 5.3,
          "combined_weight": 12.7
        },
        {
          "t1": "VICI",
          "t2": "SCHP",
          "corr": 0.4231,
          "w1": 7.4,
          "w2": 7.4,
          "combined_weight": 14.7
        }
      ],
      "least_correlated": [
        {
          "t1": "GLD",
          "t2": "STIP",
          "corr": 0.0318,
          "w1": 5.1,
          "w2": 13.0,
          "combined_weight": 18.1
        },
        {
          "t1": "VGSH",
          "t2": "BSV",
          "corr": 0.0239,
          "w1": 6.0,
          "w2": 13.0,
          "combined_weight": 19.0
        },
        {
          "t1": "VGSH",
          "t2": "STIP",
          "corr": 0.0239,
          "w1": 6.0,
          "w2": 13.0,
          "combined_weight": 19.0
        },
        {
          "t1": "BSV",
          "t2": "STIP",
          "corr": 0.0239,
          "w1": 13.0,
          "w2": 13.0,
          "combined_weight": 26.0
        },
        {
          "t1": "KO",
          "t2": "GLD",
          "corr": -0.0044,
          "w1": 5.3,
          "w2": 5.1,
          "combined_weight": 10.4
        }
      ],
      "high_corr_high_weight": []
    }
  },
  "all_pairs_top_30": [
    {
      "t1": "GLD",
      "t2": "SLV",
      "corr_hybrid": 0.8291,
      "corr_structured": 0.85,
      "cat1": "ETF",
      "cat2": "ETF",
      "exp1": "gold_physical",
      "exp2": "silver_physical",
      "fam1": "gold",
      "fam2": "precious_metals"
    },
    {
      "t1": "SOXX",
      "t2": "XLK",
      "corr_hybrid": 0.7945,
      "corr_structured": 0.9,
      "cat1": "ETF",
      "cat2": "ETF",
      "exp1": "semiconductor",
      "exp2": "tech",
      "fam1": "sector_tech",
      "fam2": "sector_tech"
    },
    {
      "t1": "FLKR",
      "t2": "SOXX",
      "corr_hybrid": 0.7645,
      "corr_structured": 0.2,
      "cat1": "ETF",
      "cat2": "ETF",
      "exp1": "south_korea",
      "exp2": "semiconductor",
      "fam1": "em_equity",
      "fam2": "sector_tech"
    },
    {
      "t1": "FLTW",
      "t2": "SOXX",
      "corr_hybrid": 0.7616,
      "corr_structured": 0.2,
      "cat1": "ETF",
      "cat2": "ETF",
      "exp1": "taiwan",
      "exp2": "semiconductor",
      "fam1": "em_equity",
      "fam2": "sector_tech"
    },
    {
      "t1": "FLKR",
      "t2": "XLK",
      "corr_hybrid": 0.7456,
      "corr_structured": 0.2,
      "cat1": "ETF",
      "cat2": "ETF",
      "exp1": "south_korea",
      "exp2": "tech",
      "fam1": "em_equity",
      "fam2": "sector_tech"
    },
    {
      "t1": "FLTW",
      "t2": "XLK",
      "corr_hybrid": 0.7419,
      "corr_structured": 0.2,
      "cat1": "ETF",
      "cat2": "ETF",
      "exp1": "taiwan",
      "exp2": "tech",
      "fam1": "em_equity",
      "fam2": "sector_tech"
    },
    {
      "t1": "FLKR",
      "t2": "FLTW",
      "corr_hybrid": 0.7209,
      "corr_structured": 0.9,
      "cat1": "ETF",
      "cat2": "ETF",
      "exp1": "south_korea",
      "exp2": "taiwan",
      "fam1": "em_equity",
      "fam2": "em_equity"
    },
    {
      "t1": "NVDA",
      "t2": "XLK",
      "corr_hybrid": 0.643,
      "corr_structured": null,
      "cat1": "Act",
      "cat2": "ETF",
      "exp1": null,
      "exp2": "tech",
      "fam1": null,
      "fam2": "sector_tech"
    },
    {
      "t1": "FLTW",
      "t2": "FNDF",
      "corr_hybrid": 0.6324,
      "corr_structured": 0.62,
      "cat1": "ETF",
      "cat2": "ETF",
      "exp1": "taiwan",
      "exp2": "international",
      "fam1": "em_equity",
      "fam2": "intl_equity"
    },
    {
      "t1": "NVDA",
      "t2": "SOXX",
      "corr_hybrid": 0.63,
      "corr_structured": null,
      "cat1": "Act",
      "cat2": "ETF",
      "exp1": null,
      "exp2": "semiconductor",
      "fam1": null,
      "fam2": "sector_tech"
    },
    {
      "t1": "FNDF",
      "t2": "SOXX",
      "corr_hybrid": 0.6293,
      "corr_structured": 0.2,
      "cat1": "ETF",
      "cat2": "ETF",
      "exp1": "international",
      "exp2": "semiconductor",
      "fam1": "intl_equity",
      "fam2": "sector_tech"
    },
    {
      "t1": "000660",
      "t2": "2059",
      "corr_hybrid": 0.6284,
      "corr_structured": null,
      "cat1": "Act",
      "cat2": "Act",
      "exp1": null,
      "exp2": null,
      "fam1": null,
      "fam2": null
    },
    {
      "t1": "000660",
      "t2": "SUNPHARMA",
      "corr_hybrid": 0.6284,
      "corr_structured": null,
      "cat1": "Act",
      "cat2": "Act",
      "exp1": null,
      "exp2": null,
      "fam1": null,
      "fam2": null
    },
    {
      "t1": "2059",
      "t2": "SUNPHARMA",
      "corr_hybrid": 0.6284,
      "corr_structured": null,
      "cat1": "Act",
      "cat2": "Act",
      "exp1": null,
      "exp2": null,
      "fam1": null,
      "fam2": null
    },
    {
      "t1": "FNDF",
      "t2": "XLK",
      "corr_hybrid": 0.6115,
      "corr_structured": 0.2,
      "cat1": "ETF",
      "cat2": "ETF",
      "exp1": "international",
      "exp2": "tech",
      "fam1": "intl_equity",
      "fam2": "sector_tech"
    },
    {
      "t1": "FLKR",
      "t2": "FNDF",
      "corr_hybrid": 0.6099,
      "corr_structured": 0.62,
      "cat1": "ETF",
      "cat2": "ETF",
      "exp1": "south_korea",
      "exp2": "international",
      "fam1": "em_equity",
      "fam2": "intl_equity"
    },
    {
      "t1": "FNDF",
      "t2": "FNDX",
      "corr_hybrid": 0.5985,
      "corr_structured": 0.2,
      "cat1": "ETF",
      "cat2": "ETF",
      "exp1": "international",
      "exp2": "value",
      "fam1": "intl_equity",
      "fam2": "factor_value"
    },
    {
      "t1": "000660",
      "t2": "SCHP",
      "corr_hybrid": 0.5961,
      "corr_structured": null,
      "cat1": "Act",
      "cat2": "Act",
      "exp1": null,
      "exp2": "bonds_tips",
      "fam1": null,
      "fam2": "bonds_gov"
    },
    {
      "t1": "2059",
      "t2": "SCHP",
      "corr_hybrid": 0.5961,
      "corr_structured": null,
      "cat1": "Act",
      "cat2": "Act",
      "exp1": null,
      "exp2": "bonds_tips",
      "fam1": null,
      "fam2": "bonds_gov"
    },
    {
      "t1": "SCHP",
      "t2": "SUNPHARMA",
      "corr_hybrid": 0.5961,
      "corr_structured": null,
      "cat1": "Act",
      "cat2": "Act",
      "exp1": "bonds_tips",
      "exp2": null,
      "fam1": "bonds_gov",
      "fam2": null
    },
    {
      "t1": "FNDX",
      "t2": "SPYV",
      "corr_hybrid": 0.5894,
      "corr_structured": 0.9,
      "cat1": "ETF",
      "cat2": "ETF",
      "exp1": "value",
      "exp2": "sp500_value",
      "fam1": "factor_value",
      "fam2": "factor_value"
    },
    {
      "t1": "000660",
      "t2": "IG",
      "corr_hybrid": 0.5845,
      "corr_structured": null,
      "cat1": "Act",
      "cat2": "Act",
      "exp1": null,
      "exp2": null,
      "fam1": null,
      "fam2": null
    },
    {
      "t1": "2059",
      "t2": "IG",
      "corr_hybrid": 0.5845,
      "corr_structured": null,
      "cat1": "Act",
      "cat2": "Act",
      "exp1": null,
      "exp2": null,
      "fam1": null,
      "fam2": null
    },
    {
      "t1": "IG",
      "t2": "SUNPHARMA",
      "corr_hybrid": 0.5845,
      "corr_structured": null,
      "cat1": "Act",
      "cat2": "Act",
      "exp1": null,
      "exp2": null,
      "fam1": null,
      "fam2": null
    },
    {
      "t1": "FLKR",
      "t2": "NVDA",
      "corr_hybrid": 0.584,
      "corr_structured": null,
      "cat1": "ETF",
      "cat2": "Act",
      "exp1": "south_korea",
      "exp2": null,
      "fam1": "em_equity",
      "fam2": null
    },
    {
      "t1": "FNDF",
      "t2": "SPYV",
      "corr_hybrid": 0.567,
      "corr_structured": 0.2,
      "cat1": "ETF",
      "cat2": "ETF",
      "exp1": "international",
      "exp2": "sp500_value",
      "fam1": "intl_equity",
      "fam2": "factor_value"
    },
    {
      "t1": "FLTW",
      "t2": "NVDA",
      "corr_hybrid": 0.5622,
      "corr_structured": null,
      "cat1": "ETF",
      "cat2": "Act",
      "exp1": "taiwan",
      "exp2": null,
      "fam1": "em_equity",
      "fam2": null
    },
    {
      "t1": "DIVB",
      "t2": "FNDX",
      "corr_hybrid": 0.561,
      "corr_structured": 0.8,
      "cat1": "ETF",
      "cat2": "ETF",
      "exp1": "dividend",
      "exp2": "value",
      "fam1": "factor_dividend",
      "fam2": "factor_value"
    },
    {
      "t1": "IG",
      "t2": "SCHP",
      "corr_hybrid": 0.5526,
      "corr_structured": null,
      "cat1": "Act",
      "cat2": "Act",
      "exp1": null,
      "exp2": "bonds_tips",
      "fam1": null,
      "fam2": "bonds_gov"
    },
    {
      "t1": "BMED",
      "t2": "FNDX",
      "corr_hybrid": 0.5506,
      "corr_structured": null,
      "cat1": "Act",
      "cat2": "ETF",
      "exp1": null,
      "exp2": "value",
      "fam1": null,
      "fam2": "factor_value"
    }
  ],
  "all_pairs_bottom_10": [
    {
      "t1": "NOVN",
      "t2": "REMX",
      "corr_hybrid": 0.0112,
      "corr_structured": null,
      "cat1": "Act",
      "cat2": "ETF",
      "exp1": null,
      "exp2": "rare_earth",
      "fam1": null,
      "fam2": null
    },
    {
      "t1": "INCY",
      "t2": "LI",
      "corr_hybrid": -0.0108,
      "corr_structured": null,
      "cat1": "Act",
      "cat2": "Act",
      "exp1": null,
      "exp2": null,
      "fam1": null,
      "fam2": null
    },
    {
      "t1": "ITX",
      "t2": "SOXX",
      "corr_hybrid": 0.0091,
      "corr_structured": null,
      "cat1": "Act",
      "cat2": "ETF",
      "exp1": null,
      "exp2": "semiconductor",
      "fam1": null,
      "fam2": "sector_tech"
    },
    {
      "t1": "GOOG",
      "t2": "XLE",
      "corr_hybrid": 0.0056,
      "corr_structured": null,
      "cat1": "Act",
      "cat2": "ETF",
      "exp1": null,
      "exp2": "energy",
      "fam1": null,
      "fam2": "sector_energy"
    },
    {
      "t1": "SOXX",
      "t2": "VICI",
      "corr_hybrid": -0.0052,
      "corr_structured": null,
      "cat1": "ETF",
      "cat2": "Act",
      "exp1": "semiconductor",
      "exp2": null,
      "fam1": "sector_tech",
      "fam2": null
    },
    {
      "t1": "GLD",
      "t2": "KO",
      "corr_hybrid": -0.0044,
      "corr_structured": null,
      "cat1": "ETF",
      "cat2": "Act",
      "exp1": "gold_physical",
      "exp2": null,
      "fam1": "gold",
      "fam2": null
    },
    {
      "t1": "FLKR",
      "t2": "ITX",
      "corr_hybrid": 0.0039,
      "corr_structured": null,
      "cat1": "ETF",
      "cat2": "Act",
      "exp1": "south_korea",
      "exp2": null,
      "fam1": "em_equity",
      "fam2": null
    },
    {
      "t1": "NVDA",
      "t2": "SCHD",
      "corr_hybrid": 0.0036,
      "corr_structured": null,
      "cat1": "Act",
      "cat2": "ETF",
      "exp1": null,
      "exp2": "dividend",
      "fam1": null,
      "fam2": "factor_dividend"
    },
    {
      "t1": "REMX",
      "t2": "SCHP",
      "corr_hybrid": 0.003,
      "corr_structured": 0.2,
      "cat1": "ETF",
      "cat2": "Act",
      "exp1": "rare_earth",
      "exp2": "bonds_tips",
      "fam1": null,
      "fam2": "bonds_gov"
    },
    {
      "t1": "NOVN",
      "t2": "XBI",
      "corr_hybrid": -0.0029,
      "corr_structured": null,
      "cat1": "Act",
      "cat2": "ETF",
      "exp1": null,
      "exp2": "biotech",
      "fam1": null,
      "fam2": "sector_healthcare"
    }
  ],
  "correlation_matrix": {
    "tickers": [
      "000660",
      "2059",
      "ACWV",
      "BMED",
      "BSV",
      "DIVB",
      "FLKR",
      "FLTR",
      "FLTW",
      "FNDF",
      "FNDX",
      "GBIL",
      "GD",
      "GLD",
      "GOOG",
      "IG",
      "INCY",
      "ITX",
      "JAAA",
      "KO",
      "LI",
      "MTBA",
      "NOVN",
      "NVDA",
      "PEG",
      "REMX",
      "SCHD",
      "SCHO",
      "SCHP",
      "SLV",
      "SOXX",
      "SPLV",
      "SPYV",
      "STIP",
      "SUNPHARMA",
      "VGSH",
      "VICI",
      "XBI",
      "XLE",
      "XLK",
      "XLV"
    ],
    "matrix": [
      [
        1.0,
        0.6284,
        0.3734,
        0.4807,
        0.0841,
        0.318,
        0.123,
        0.0841,
        0.148,
        0.2714,
        0.3256,
        0.0841,
        0.3911,
        0.1028,
        0.2588,
        0.5845,
        0.3402,
        0.3201,
        0.0841,
        0.4416,
        0.2666,
        0.0841,
        0.3414,
        0.2085,
        0.4199,
        0.0587,
        0.3242,
        0.0841,
        0.5961,
        0.0646,
        0.1197,
        0.3546,
        0.3369,
        0.0841,
        0.6284,
        0.0841,
        0.439,
        0.2277,
        0.1488,
        0.1611,
        0.3148
      ],
      [
        0.6284,
        1.0,
        0.3734,
        0.4807,
        0.0841,
        0.318,
        0.123,
        0.0841,
        0.148,
        0.2714,
        0.3256,
        0.0841,
        0.3911,
        0.1028,
        0.2588,
        0.5845,
        0.3402,
        0.3201,
        0.0841,
        0.4416,
        0.2666,
        0.0841,
        0.3414,
        0.2085,
        0.4199,
        0.0587,
        0.3242,
        0.0841,
        0.5961,
        0.0646,
        0.1197,
        0.3546,
        0.3369,
        0.0841,
        0.6284,
        0.0841,
        0.439,
        0.2277,
        0.1488,
        0.1611,
        0.3148
      ],
      [
        0.3734,
        0.3734,
        1.0,
        0.5162,
        0.1031,
        0.4789,
        0.2829,
        0.1031,
        0.3155,
        0.4515,
        0.4931,
        0.1031,
        0.3697,
        0.167,
        0.3103,
        0.3675,
        0.4279,
        -0.037,
        0.1031,
        0.2795,
        0.1134,
        0.1031,
        0.1149,
        0.1142,
        0.2786,
        0.2978,
        0.4575,
        0.1031,
        0.3302,
        0.1868,
        0.2812,
        0.4117,
        0.4903,
        0.1031,
        0.3734,
        0.1031,
        0.3542,
        0.3994,
        0.1722,
        0.2817,
        0.4604
      ],
      [
        0.4807,
        0.4807,
        0.5162,
        1.0,
        0.1139,
        0.523,
        0.3555,
        0.1139,
        0.3851,
        0.5145,
        0.5506,
        0.1139,
        0.4097,
        0.1888,
        0.3791,
        0.4672,
        0.481,
        0.0289,
        0.1139,
        0.3308,
        0.2052,
        0.1139,
        0.1657,
        0.2235,
        0.3476,
        0.2933,
        0.4806,
        0.1139,
        0.427,
        0.2037,
        0.359,
        0.4313,
        0.5455,
        0.1139,
        0.4807,
        0.1139,
        0.4006,
        0.4469,
        0.1655,
        0.3674,
        0.4911
      ],
      [
        0.0841,
        0.0841,
        0.1031,
        0.1139,
        1.0,
        0.1088,
        0.0719,
        0.0239,
        0.0814,
        0.1046,
        0.1136,
        0.0239,
        0.0863,
        0.0318,
        0.0706,
        0.0822,
        0.088,
        0.0155,
        0.0239,
        0.0576,
        0.0228,
        0.0239,
        0.0291,
        0.0367,
        0.0579,
        0.0835,
        0.102,
        0.0239,
        0.0732,
        0.0348,
        0.0735,
        0.0873,
        0.1121,
        0.0239,
        0.0841,
        0.0239,
        0.0758,
        0.0888,
        0.04,
        0.074,
        0.0993
      ],
      [
        0.318,
        0.318,
        0.4789,
        0.523,
        0.1088,
        1.0,
        0.3982,
        0.1088,
        0.4334,
        0.5273,
        0.561,
        0.1088,
        0.355,
        0.1434,
        0.3482,
        0.3182,
        0.4194,
        -0.0741,
        0.1088,
        0.2091,
        0.1662,
        0.1088,
        0.0558,
        0.1892,
        0.2317,
        0.4051,
        0.4764,
        0.1088,
        0.2612,
        0.1662,
        0.4114,
        0.3829,
        0.5466,
        0.1088,
        0.318,
        0.1088,
        0.3013,
        0.454,
        0.161,
        0.4012,
        0.4739
      ],
      [
        0.123,
        0.123,
        0.2829,
        0.3555,
        0.0719,
        0.3982,
        1.0,
        0.0719,
        0.7209,
        0.6099,
        0.5047,
        0.0719,
        0.1133,
        0.2771,
        0.4344,
        0.136,
        0.2876,
        0.0039,
        0.0719,
        -0.0922,
        0.273,
        0.0719,
        -0.0694,
        0.584,
        0.0832,
        0.4439,
        0.2024,
        0.0719,
        0.0444,
        0.3522,
        0.7645,
        0.0422,
        0.4593,
        0.0719,
        0.123,
        0.0719,
        0.0134,
        0.4686,
        -0.0563,
        0.7456,
        0.2571
      ],
      [
        0.0841,
        0.0841,
        0.1031,
        0.1139,
        0.0239,
        0.1088,
        0.0719,
        1.0,
        0.0814,
        0.1046,
        0.1136,
        0.0239,
        0.0863,
        0.0318,
        0.0706,
        0.0822,
        0.088,
        0.0155,
        0.0239,
        0.0576,
        0.0228,
        0.0239,
        0.0291,
        0.0367,
        0.0579,
        0.0835,
        0.102,
        0.0239,
        0.0732,
        0.0348,
        0.0735,
        0.0873,
        0.1121,
        0.0239,
        0.0841,
        0.0239,
        0.0758,
        0.0888,
        0.04,
        0.074,
        0.0993
      ],
      [
        0.148,
        0.148,
        0.3155,
        0.3851,
        0.0814,
        0.4334,
        0.7209,
        0.0814,
        1.0,
        0.6324,
        0.5356,
        0.0814,
        0.1593,
        0.2881,
        0.4324,
        0.1578,
        0.2899,
        0.0444,
        0.0814,
        -0.0699,
        0.2682,
        0.0814,
        -0.047,
        0.5622,
        0.0949,
        0.5198,
        0.2478,
        0.0814,
        0.0676,
        0.361,
        0.7616,
        0.0819,
        0.4905,
        0.0814,
        0.148,
        0.0814,
        0.0484,
        0.4815,
        -0.019,
        0.7419,
        0.2871
      ],
      [
        0.2714,
        0.2714,
        0.4515,
        0.5145,
        0.1046,
        0.5273,
        0.6099,
        0.1046,
        0.6324,
        1.0,
        0.5985,
        0.1046,
        0.2861,
        0.3373,
        0.4306,
        0.275,
        0.4054,
        -0.0325,
        0.1046,
        0.0912,
        0.2543,
        0.1046,
        0.019,
        0.3969,
        0.2058,
        0.5183,
        0.3974,
        0.1046,
        0.1988,
        0.4073,
        0.6293,
        0.2705,
        0.567,
        0.1046,
        0.2714,
        0.1046,
        0.2175,
        0.5237,
        0.0802,
        0.6115,
        0.4275
      ],
      [
        0.3256,
        0.3256,
        0.4931,
        0.5506,
        0.1136,
        0.561,
        0.5047,
        0.1136,
        0.5356,
        0.5985,
        1.0,
        0.1136,
        0.3484,
        0.1747,
        0.4067,
        0.3275,
        0.4427,
        -0.0597,
        0.1136,
        0.1801,
        0.2112,
        0.1136,
        0.0432,
        0.2952,
        0.234,
        0.4438,
        0.4738,
        0.1136,
        0.258,
        0.2071,
        0.5258,
        0.3581,
        0.5894,
        0.1136,
        0.3256,
        0.1136,
        0.2811,
        0.5053,
        0.1342,
        0.5144,
        0.4827
      ],
      [
        0.0841,
        0.0841,
        0.1031,
        0.1139,
        0.0239,
        0.1088,
        0.0719,
        0.0239,
        0.0814,
        0.1046,
        0.1136,
        1.0,
        0.0863,
        0.0318,
        0.0706,
        0.0822,
        0.088,
        0.0155,
        0.0239,
        0.0576,
        0.0228,
        0.0239,
        0.0291,
        0.0367,
        0.0579,
        0.0835,
        0.102,
        0.0239,
        0.0732,
        0.0348,
        0.0735,
        0.0873,
        0.1121,
        0.0239,
        0.0841,
        0.0239,
        0.0758,
        0.0888,
        0.04,
        0.074,
        0.0993
      ],
      [
        0.3911,
        0.3911,
        0.3697,
        0.4097,
        0.0863,
        0.355,
        0.1133,
        0.0863,
        0.1593,
        0.2861,
        0.3484,
        0.0863,
        1.0,
        0.088,
        0.1901,
        0.3709,
        0.2896,
        0.1686,
        0.0863,
        0.3048,
        0.0568,
        0.0863,
        0.1989,
        0.0345,
        0.261,
        0.257,
        0.3796,
        0.0863,
        0.3641,
        0.0757,
        0.1082,
        0.3669,
        0.3552,
        0.0863,
        0.3911,
        0.0863,
        0.3536,
        0.244,
        0.1962,
        0.1226,
        0.3466
      ],
      [
        0.1028,
        0.1028,
        0.167,
        0.1888,
        0.0318,
        0.1434,
        0.2771,
        0.0318,
        0.2881,
        0.3373,
        0.1747,
        0.0318,
        0.088,
        1.0,
        0.1354,
        0.0899,
        0.0929,
        0.0645,
        0.0318,
        -0.0044,
        0.2064,
        0.0318,
        0.0738,
        0.1454,
        0.1324,
        0.4395,
        0.0759,
        0.0318,
        0.0833,
        0.8291,
        0.2422,
        0.0725,
        0.157,
        0.0318,
        0.1028,
        0.0318,
        0.1271,
        0.21,
        0.0289,
        0.2211,
        0.1134
      ],
      [
        0.2588,
        0.2588,
        0.3103,
        0.3791,
        0.0706,
        0.3482,
        0.4344,
        0.0706,
        0.4324,
        0.4306,
        0.4067,
        0.0706,
        0.1901,
        0.1354,
        1.0,
        0.2631,
        0.3522,
        0.0168,
        0.0706,
        0.1067,
        0.1239,
        0.0706,
        0.0391,
        0.3655,
        0.1834,
        0.1637,
        0.2437,
        0.0706,
        0.2074,
        0.1682,
        0.4539,
        0.1727,
        0.3906,
        0.0706,
        0.2588,
        0.0706,
        0.1539,
        0.3656,
        0.0056,
        0.4596,
        0.2924
      ],
      [
        0.5845,
        0.5845,
        0.3675,
        0.4672,
        0.0822,
        0.3182,
        0.136,
        0.0822,
        0.1578,
        0.275,
        0.3275,
        0.0822,
        0.3709,
        0.0899,
        0.2631,
        1.0,
        0.3483,
        0.2765,
        0.0822,
        0.412,
        0.2211,
        0.0822,
        0.3068,
        0.2032,
        0.3926,
        0.048,
        0.3191,
        0.0822,
        0.5526,
        0.0576,
        0.1337,
        0.3435,
        0.3381,
        0.0822,
        0.5845,
        0.0822,
        0.4114,
        0.2367,
        0.1365,
        0.1721,
        0.3166
      ],
      [
        0.3402,
        0.3402,
        0.4279,
        0.481,
        0.088,
        0.4194,
        0.2876,
        0.088,
        0.2899,
        0.4054,
        0.4427,
        0.088,
        0.2896,
        0.0929,
        0.3522,
        0.3483,
        1.0,
        -0.1104,
        0.088,
        0.2568,
        -0.0108,
        0.088,
        0.0707,
        0.1702,
        0.2654,
        0.0469,
        0.3764,
        0.088,
        0.3026,
        0.1174,
        0.2866,
        0.3525,
        0.4454,
        0.088,
        0.3402,
        0.088,
        0.2927,
        0.3923,
        0.0828,
        0.2983,
        0.429
      ],
      [
        0.3201,
        0.3201,
        -0.037,
        0.0289,
        0.0155,
        -0.0741,
        0.0039,
        0.0155,
        0.0444,
        -0.0325,
        -0.0597,
        0.0155,
        0.1686,
        0.0645,
        0.0168,
        0.2765,
        -0.1104,
        1.0,
        0.0155,
        0.1303,
        -0.0964,
        0.0155,
        0.3416,
        0.2459,
        0.1254,
        0.1248,
        -0.0731,
        0.0155,
        0.3154,
        0.0337,
        0.0091,
        -0.0416,
        -0.0515,
        0.0155,
        0.3201,
        0.0155,
        0.1233,
        -0.1114,
        0.0407,
        0.0639,
        -0.1199
      ],
      [
        0.0841,
        0.0841,
        0.1031,
        0.1139,
        0.0239,
        0.1088,
        0.0719,
        0.0239,
        0.0814,
        0.1046,
        0.1136,
        0.0239,
        0.0863,
        0.0318,
        0.0706,
        0.0822,
        0.088,
        0.0155,
        1.0,
        0.0576,
        0.0228,
        0.0239,
        0.0291,
        0.0367,
        0.0579,
        0.0835,
        0.102,
        0.0239,
        0.0732,
        0.0348,
        0.0735,
        0.0873,
        0.1121,
        0.0239,
        0.0841,
        0.0239,
        0.0758,
        0.0888,
        0.04,
        0.074,
        0.0993
      ],
      [
        0.4416,
        0.4416,
        0.2795,
        0.3308,
        0.0576,
        0.2091,
        -0.0922,
        0.0576,
        -0.0699,
        0.0912,
        0.1801,
        0.0576,
        0.3048,
        -0.0044,
        0.1067,
        0.412,
        0.2568,
        0.1303,
        0.0576,
        1.0,
        0.0935,
        0.0576,
        0.2477,
        -0.0536,
        0.3082,
        -0.056,
        0.2748,
        0.0576,
        0.4364,
        -0.0484,
        -0.1089,
        0.3346,
        0.2024,
        0.0576,
        0.4416,
        0.0576,
        0.3667,
        0.1069,
        0.1588,
        -0.0784,
        0.256
      ],
      [
        0.2666,
        0.2666,
        0.1134,
        0.2052,
        0.0228,
        0.1662,
        0.273,
        0.0228,
        0.2682,
        0.2543,
        0.2112,
        0.0228,
        0.0568,
        0.2064,
        0.1239,
        0.2211,
        -0.0108,
        -0.0964,
        0.0228,
        0.0935,
        1.0,
        0.0228,
        0.0771,
        0.2968,
        0.2022,
        0.2806,
        0.0921,
        0.0228,
        0.2177,
        0.1822,
        0.2991,
        0.0257,
        0.1765,
        0.0228,
        0.2666,
        0.0228,
        0.1154,
        0.1545,
        0.0181,
        0.2749,
        0.0631
      ],
      [
        0.0841,
        0.0841,
        0.1031,
        0.1139,
        0.0239,
        0.1088,
        0.0719,
        0.0239,
        0.0814,
        0.1046,
        0.1136,
        0.0239,
        0.0863,
        0.0318,
        0.0706,
        0.0822,
        0.088,
        0.0155,
        0.0239,
        0.0576,
        0.0228,
        1.0,
        0.0291,
        0.0367,
        0.0579,
        0.0835,
        0.102,
        0.0239,
        0.0732,
        0.0348,
        0.0735,
        0.0873,
        0.1121,
        0.0239,
        0.0841,
        0.0239,
        0.0758,
        0.0888,
        0.04,
        0.074,
        0.0993
      ],
      [
        0.3414,
        0.3414,
        0.1149,
        0.1657,
        0.0291,
        0.0558,
        -0.0694,
        0.0291,
        -0.047,
        0.019,
        0.0432,
        0.0291,
        0.1989,
        0.0738,
        0.0391,
        0.3068,
        0.0707,
        0.3416,
        0.0291,
        0.2477,
        0.0771,
        0.0291,
        1.0,
        0.0411,
        0.214,
        0.0112,
        0.0937,
        0.0291,
        0.3401,
        0.0452,
        -0.0815,
        0.1473,
        0.0574,
        0.0291,
        0.3414,
        0.0291,
        0.2359,
        -0.0029,
        0.0924,
        -0.0492,
        0.0691
      ],
      [
        0.2085,
        0.2085,
        0.1142,
        0.2235,
        0.0367,
        0.1892,
        0.584,
        0.0367,
        0.5622,
        0.3969,
        0.2952,
        0.0367,
        0.0345,
        0.1454,
        0.3655,
        0.2032,
        0.1702,
        0.2459,
        0.0367,
        -0.0536,
        0.2968,
        0.0367,
        0.0411,
        1.0,
        0.1103,
        0.153,
        0.0036,
        0.0367,
        0.1445,
        0.1752,
        0.63,
        -0.0996,
        0.2603,
        0.0367,
        0.2085,
        0.0367,
        -0.0277,
        0.2822,
        -0.1363,
        0.643,
        0.0633
      ],
      [
        0.4199,
        0.4199,
        0.2786,
        0.3476,
        0.0579,
        0.2317,
        0.0832,
        0.0579,
        0.0949,
        0.2058,
        0.234,
        0.0579,
        0.261,
        0.1324,
        0.1834,
        0.3926,
        0.2654,
        0.1254,
        0.0579,
        0.3082,
        0.2022,
        0.0579,
        0.214,
        0.1103,
        1.0,
        0.032,
        0.2367,
        0.0579,
        0.3995,
        0.1209,
        0.0734,
        0.2659,
        0.2422,
        0.0579,
        0.4199,
        0.0579,
        0.3141,
        0.18,
        0.1017,
        0.0961,
        0.2426
      ],
      [
        0.0587,
        0.0587,
        0.2978,
        0.2933,
        0.0835,
        0.4051,
        0.4439,
        0.0835,
        0.5198,
        0.5183,
        0.4438,
        0.0835,
        0.257,
        0.4395,
        0.1637,
        0.048,
        0.0469,
        0.1248,
        0.0835,
        -0.056,
        0.2806,
        0.0835,
        0.0112,
        0.153,
        0.032,
        1.0,
        0.3386,
        0.0835,
        0.003,
        0.5122,
        0.4555,
        0.1869,
        0.4042,
        0.0835,
        0.0587,
        0.0835,
        0.1357,
        0.3368,
        0.1889,
        0.4089,
        0.266
      ],
      [
        0.3242,
        0.3242,
        0.4575,
        0.4806,
        0.102,
        0.4764,
        0.2024,
        0.102,
        0.2478,
        0.3974,
        0.4738,
        0.102,
        0.3796,
        0.0759,
        0.2437,
        0.3191,
        0.3764,
        -0.0731,
        0.102,
        0.2748,
        0.0921,
        0.102,
        0.0937,
        0.0036,
        0.2367,
        0.3386,
        1.0,
        0.102,
        0.2863,
        0.0763,
        0.2026,
        0.4339,
        0.473,
        0.102,
        0.3242,
        0.102,
        0.349,
        0.3588,
        0.2159,
        0.1967,
        0.4599
      ],
      [
        0.0841,
        0.0841,
        0.1031,
        0.1139,
        0.0239,
        0.1088,
        0.0719,
        0.0239,
        0.0814,
        0.1046,
        0.1136,
        0.0239,
        0.0863,
        0.0318,
        0.0706,
        0.0822,
        0.088,
        0.0155,
        0.0239,
        0.0576,
        0.0228,
        0.0239,
        0.0291,
        0.0367,
        0.0579,
        0.0835,
        0.102,
        1.0,
        0.0732,
        0.0348,
        0.0735,
        0.0873,
        0.1121,
        0.0239,
        0.0841,
        0.0239,
        0.0758,
        0.0888,
        0.04,
        0.074,
        0.0993
      ],
      [
        0.5961,
        0.5961,
        0.3302,
        0.427,
        0.0732,
        0.2612,
        0.0444,
        0.0732,
        0.0676,
        0.1988,
        0.258,
        0.0732,
        0.3641,
        0.0833,
        0.2074,
        0.5526,
        0.3026,
        0.3154,
        0.0732,
        0.4364,
        0.2177,
        0.0732,
        0.3401,
        0.1445,
        0.3995,
        0.003,
        0.2863,
        0.0732,
        1.0,
        0.0418,
        0.0355,
        0.3358,
        0.2741,
        0.0732,
        0.5961,
        0.0732,
        0.4231,
        0.171,
        0.1456,
        0.0784,
        0.2751
      ],
      [
        0.0646,
        0.0646,
        0.1868,
        0.2037,
        0.0348,
        0.1662,
        0.3522,
        0.0348,
        0.361,
        0.4073,
        0.2071,
        0.0348,
        0.0757,
        0.8291,
        0.1682,
        0.0576,
        0.1174,
        0.0337,
        0.0348,
        -0.0484,
        0.1822,
        0.0348,
        0.0452,
        0.1752,
        0.1209,
        0.5122,
        0.0763,
        0.0348,
        0.0418,
