{
  "_meta": {
    "generated": "2026-04-09T09:05:26",
    "portfolio_generated": "2026-04-09T09:01:40.553657",
    "n_assets": 43,
    "n_with_returns": 34,
    "covariance_method": "hybrid_shrunk",
    "condition_number": 503.62,
    "pca_factors": 5
  },
  "profiles": {
    "Agressif": {
      "n_assets": 16,
      "weighted_avg_correlation": 0.2455,
      "most_correlated": [
        {
          "t1": "SOXX",
          "t2": "MU",
          "corr": 0.7965,
          "w1": 8.0,
          "w2": 3.6,
          "combined_weight": 11.6
        },
        {
          "t1": "SILJ",
          "t2": "GLD",
          "corr": 0.7958,
          "w1": 11.1,
          "w2": 9.9,
          "combined_weight": 21.0
        },
        {
          "t1": "SOXX",
          "t2": "VRT",
          "corr": 0.7594,
          "w1": 8.0,
          "w2": 3.4,
          "combined_weight": 11.4
        },
        {
          "t1": "VRT",
          "t2": "MU",
          "corr": 0.7489,
          "w1": 3.4,
          "w2": 3.6,
          "combined_weight": 6.9
        },
        {
          "t1": "SOXX",
          "t2": "NVDA",
          "corr": 0.7066,
          "w1": 8.0,
          "w2": 2.9,
          "combined_weight": 10.9
        },
        {
          "t1": "SILJ",
          "t2": "PICK",
          "corr": 0.7034,
          "w1": 11.1,
          "w2": 6.9,
          "combined_weight": 18.0
        },
        {
          "t1": "NVDA",
          "t2": "MU",
          "corr": 0.6682,
          "w1": 2.9,
          "w2": 3.6,
          "combined_weight": 6.5
        },
        {
          "t1": "FLKR",
          "t2": "SOXX",
          "corr": 0.6676,
          "w1": 4.4,
          "w2": 8.0,
          "combined_weight": 12.4
        },
        {
          "t1": "VRT",
          "t2": "NVDA",
          "corr": 0.6528,
          "w1": 3.4,
          "w2": 2.9,
          "combined_weight": 6.3
        },
        {
          "t1": "SOXX",
          "t2": "PICK",
          "corr": 0.6242,
          "w1": 8.0,
          "w2": 6.9,
          "combined_weight": 15.0
        }
      ],
      "least_correlated": [
        {
          "t1": "FLTR",
          "t2": "PAAA",
          "corr": 0.02,
          "w1": 6.5,
          "w2": 6.5,
          "combined_weight": 13.0
        },
        {
          "t1": "FLTR",
          "t2": "FRES",
          "corr": 0.0181,
          "w1": 6.5,
          "w2": 2.5,
          "combined_weight": 9.0
        },
        {
          "t1": "PAAA",
          "t2": "FRES",
          "corr": 0.0181,
          "w1": 6.5,
          "w2": 2.5,
          "combined_weight": 9.0
        },
        {
          "t1": "INCY",
          "t2": "GLD",
          "corr": 0.0097,
          "w1": 8.9,
          "w2": 9.9,
          "combined_weight": 18.8
        },
        {
          "t1": "XLE",
          "t2": "GLD",
          "corr": -0.0022,
          "w1": 11.1,
          "w2": 9.9,
          "combined_weight": 21.0
        }
      ],
      "high_corr_high_weight": [
        {
          "t1": "SOXX",
          "t2": "MU",
          "corr": 0.7965,
          "w1": 8.0,
          "w2": 3.6,
          "combined_weight": 11.6
        },
        {
          "t1": "SILJ",
          "t2": "GLD",
          "corr": 0.7958,
          "w1": 11.1,
          "w2": 9.9,
          "combined_weight": 21.0
        },
        {
          "t1": "SOXX",
          "t2": "VRT",
          "corr": 0.7594,
          "w1": 8.0,
          "w2": 3.4,
          "combined_weight": 11.4
        },
        {
          "t1": "SOXX",
          "t2": "NVDA",
          "corr": 0.7066,
          "w1": 8.0,
          "w2": 2.9,
          "combined_weight": 10.9
        },
        {
          "t1": "SILJ",
          "t2": "PICK",
          "corr": 0.7034,
          "w1": 11.1,
          "w2": 6.9,
          "combined_weight": 18.0
        }
      ]
    },
    "Mod\u00e9r\u00e9": {
      "n_assets": 16,
      "weighted_avg_correlation": 0.2057,
      "most_correlated": [
        {
          "t1": "VSS",
          "t2": "RIO",
          "corr": 0.6119,
          "w1": 8.4,
          "w2": 3.1,
          "combined_weight": 11.5
        },
        {
          "t1": "SCHY",
          "t2": "VSS",
          "corr": 0.5889,
          "w1": 9.2,
          "w2": 8.4,
          "combined_weight": 17.5
        },
        {
          "t1": "SCHD",
          "t2": "GCOW",
          "corr": 0.5583,
          "w1": 9.0,
          "w2": 5.4,
          "combined_weight": 14.4
        },
        {
          "t1": "SCHY",
          "t2": "GCOW",
          "corr": 0.558,
          "w1": 9.2,
          "w2": 5.4,
          "combined_weight": 14.6
        },
        {
          "t1": "VSS",
          "t2": "GCOW",
          "corr": 0.5546,
          "w1": 8.4,
          "w2": 5.4,
          "combined_weight": 13.7
        },
        {
          "t1": "SCHY",
          "t2": "RIO",
          "corr": 0.5464,
          "w1": 9.2,
          "w2": 3.1,
          "combined_weight": 12.3
        },
        {
          "t1": "GCOW",
          "t2": "RIO",
          "corr": 0.5086,
          "w1": 5.4,
          "w2": 3.1,
          "combined_weight": 8.5
        },
        {
          "t1": "CS",
          "t2": "RIO",
          "corr": 0.5024,
          "w1": 3.1,
          "w2": 3.1,
          "combined_weight": 6.3
        },
        {
          "t1": "SCHD",
          "t2": "SCHY",
          "corr": 0.4989,
          "w1": 9.0,
          "w2": 9.2,
          "combined_weight": 18.2
        },
        {
          "t1": "VSS",
          "t2": "CS",
          "corr": 0.4979,
          "w1": 8.4,
          "w2": 3.1,
          "combined_weight": 11.5
        }
      ],
      "least_correlated": [
        {
          "t1": "STIP",
          "t2": "USFR",
          "corr": 0.02,
          "w1": 6.5,
          "w2": 9.0,
          "combined_weight": 15.5
        },
        {
          "t1": "GBIL",
          "t2": "USFR",
          "corr": 0.02,
          "w1": 9.0,
          "w2": 9.0,
          "combined_weight": 18.0
        },
        {
          "t1": "AGS",
          "t2": "GLD",
          "corr": 0.0127,
          "w1": 4.2,
          "w2": 8.2,
          "combined_weight": 12.4
        },
        {
          "t1": "ITX",
          "t2": "GLD",
          "corr": -0.0067,
          "w1": 6.3,
          "w2": 8.2,
          "combined_weight": 14.5
        },
        {
          "t1": "EOG",
          "t2": "GLD",
          "corr": -0.0628,
          "w1": 8.2,
          "w2": 8.2,
          "combined_weight": 16.3
        }
      ],
      "high_corr_high_weight": []
    },
    "Stable": {
      "n_assets": 15,
      "weighted_avg_correlation": 0.1212,
      "most_correlated": [
        {
          "t1": "ACWV",
          "t2": "SPYV",
          "corr": 0.5057,
          "w1": 4.6,
          "w2": 4.2,
          "combined_weight": 8.9
        },
        {
          "t1": "SPYV",
          "t2": "XLV",
          "corr": 0.4989,
          "w1": 4.2,
          "w2": 4.1,
          "combined_weight": 8.3
        },
        {
          "t1": "ACWV",
          "t2": "XLV",
          "corr": 0.4356,
          "w1": 4.6,
          "w2": 4.1,
          "combined_weight": 8.7
        },
        {
          "t1": "ACWV",
          "t2": "SPLV",
          "corr": 0.4268,
          "w1": 4.6,
          "w2": 6.0,
          "combined_weight": 10.7
        },
        {
          "t1": "SPLV",
          "t2": "SPYV",
          "corr": 0.423,
          "w1": 6.0,
          "w2": 4.2,
          "combined_weight": 10.3
        },
        {
          "t1": "SPYV",
          "t2": "GD",
          "corr": 0.4043,
          "w1": 4.2,
          "w2": 4.5,
          "combined_weight": 8.7
        },
        {
          "t1": "SPLV",
          "t2": "XLV",
          "corr": 0.392,
          "w1": 6.0,
          "w2": 4.1,
          "combined_weight": 10.1
        },
        {
          "t1": "SPLV",
          "t2": "VICI",
          "corr": 0.3853,
          "w1": 6.0,
          "w2": 5.3,
          "combined_weight": 11.3
        },
        {
          "t1": "ACWV",
          "t2": "VICI",
          "corr": 0.3829,
          "w1": 4.6,
          "w2": 5.3,
          "combined_weight": 9.9
        },
        {
          "t1": "EOG",
          "t2": "SPYV",
          "corr": 0.3811,
          "w1": 5.3,
          "w2": 4.2,
          "combined_weight": 9.5
        }
      ],
      "least_correlated": [
        {
          "t1": "BSV",
          "t2": "STIP",
          "corr": 0.02,
          "w1": 9.8,
          "w2": 13.0,
          "combined_weight": 22.8
        },
        {
          "t1": "CLTL",
          "t2": "VGSH",
          "corr": 0.02,
          "w1": 10.2,
          "w2": 12.7,
          "combined_weight": 23.0
        },
        {
          "t1": "CLTL",
          "t2": "STIP",
          "corr": 0.02,
          "w1": 10.2,
          "w2": 13.0,
          "combined_weight": 23.2
        },
        {
          "t1": "VGSH",
          "t2": "STIP",
          "corr": 0.02,
          "w1": 12.7,
          "w2": 13.0,
          "combined_weight": 25.7
        },
        {
          "t1": "EOG",
          "t2": "GLD",
          "corr": -0.0628,
          "w1": 5.3,
          "w2": 5.1,
          "combined_weight": 10.4
        }
      ],
      "high_corr_high_weight": []
    }
  },
  "all_pairs_top_30": [
    {
      "t1": "SMH",
      "t2": "SOXX",
      "corr_hybrid": 0.8667,
      "corr_structured": 0.95,
      "cat1": "ETF",
      "cat2": "ETF",
      "exp1": "semiconductor",
      "exp2": "semiconductor",
      "fam1": "sector_tech",
      "fam2": "sector_tech"
    },
    {
      "t1": "MU",
      "t2": "SMH",
      "corr_hybrid": 0.8051,
      "corr_structured": null,
      "cat1": "Act",
      "cat2": "ETF",
      "exp1": null,
      "exp2": "semiconductor",
      "fam1": null,
      "fam2": "sector_tech"
    },
    {
      "t1": "MU",
      "t2": "SOXX",
      "corr_hybrid": 0.7965,
      "corr_structured": null,
      "cat1": "Act",
      "cat2": "ETF",
      "exp1": null,
      "exp2": "semiconductor",
      "fam1": null,
      "fam2": "sector_tech"
    },
    {
      "t1": "GLD",
      "t2": "SILJ",
      "corr_hybrid": 0.7958,
      "corr_structured": 0.85,
      "cat1": "ETF",
      "cat2": "ETF",
      "exp1": "gold_physical",
      "exp2": "silver_miners",
      "fam1": "gold",
      "fam2": "precious_metals"
    },
    {
      "t1": "SMH",
      "t2": "VRT",
      "corr_hybrid": 0.7685,
      "corr_structured": null,
      "cat1": "ETF",
      "cat2": "Act",
      "exp1": "semiconductor",
      "exp2": null,
      "fam1": "sector_tech",
      "fam2": null
    },
    {
      "t1": "SOXX",
      "t2": "VRT",
      "corr_hybrid": 0.7594,
      "corr_structured": null,
      "cat1": "ETF",
      "cat2": "Act",
      "exp1": "semiconductor",
      "exp2": null,
      "fam1": "sector_tech",
      "fam2": null
    },
    {
      "t1": "MU",
      "t2": "VRT",
      "corr_hybrid": 0.7489,
      "corr_structured": null,
      "cat1": "Act",
      "cat2": "Act",
      "exp1": null,
      "exp2": null,
      "fam1": null,
      "fam2": null
    },
    {
      "t1": "PICK",
      "t2": "VSS",
      "corr_hybrid": 0.7301,
      "corr_structured": 0.2,
      "cat1": "ETF",
      "cat2": "ETF",
      "exp1": "metals_mining",
      "exp2": "intl_small_cap",
      "fam1": null,
      "fam2": null
    },
    {
      "t1": "NVDA",
      "t2": "SMH",
      "corr_hybrid": 0.714,
      "corr_structured": null,
      "cat1": "Act",
      "cat2": "ETF",
      "exp1": null,
      "exp2": "semiconductor",
      "fam1": null,
      "fam2": "sector_tech"
    },
    {
      "t1": "NVDA",
      "t2": "SOXX",
      "corr_hybrid": 0.7066,
      "corr_structured": null,
      "cat1": "Act",
      "cat2": "ETF",
      "exp1": null,
      "exp2": "semiconductor",
      "fam1": null,
      "fam2": "sector_tech"
    },
    {
      "t1": "PICK",
      "t2": "SILJ",
      "corr_hybrid": 0.7034,
      "corr_structured": 0.2,
      "cat1": "ETF",
      "cat2": "ETF",
      "exp1": "metals_mining",
      "exp2": "silver_miners",
      "fam1": null,
      "fam2": "precious_metals"
    },
    {
      "t1": "PICK",
      "t2": "RIO",
      "corr_hybrid": 0.6697,
      "corr_structured": null,
      "cat1": "ETF",
      "cat2": "Act",
      "exp1": "metals_mining",
      "exp2": null,
      "fam1": null,
      "fam2": null
    },
    {
      "t1": "MU",
      "t2": "NVDA",
      "corr_hybrid": 0.6682,
      "corr_structured": null,
      "cat1": "Act",
      "cat2": "Act",
      "exp1": null,
      "exp2": null,
      "fam1": null,
      "fam2": null
    },
    {
      "t1": "FLKR",
      "t2": "SOXX",
      "corr_hybrid": 0.6676,
      "corr_structured": 0.2,
      "cat1": "ETF",
      "cat2": "ETF",
      "exp1": "south_korea",
      "exp2": "semiconductor",
      "fam1": "em_equity",
      "fam2": "sector_tech"
    },
    {
      "t1": "FLKR",
      "t2": "SMH",
      "corr_hybrid": 0.6653,
      "corr_structured": 0.2,
      "cat1": "ETF",
      "cat2": "ETF",
      "exp1": "south_korea",
      "exp2": "semiconductor",
      "fam1": "em_equity",
      "fam2": "sector_tech"
    },
    {
      "t1": "NVDA",
      "t2": "VRT",
      "corr_hybrid": 0.6528,
      "corr_structured": null,
      "cat1": "Act",
      "cat2": "Act",
      "exp1": null,
      "exp2": null,
      "fam1": null,
      "fam2": null
    },
    {
      "t1": "PICK",
      "t2": "SOXX",
      "corr_hybrid": 0.6242,
      "corr_structured": 0.2,
      "cat1": "ETF",
      "cat2": "ETF",
      "exp1": "metals_mining",
      "exp2": "semiconductor",
      "fam1": null,
      "fam2": "sector_tech"
    },
    {
      "t1": "SOXX",
      "t2": "VSS",
      "corr_hybrid": 0.6184,
      "corr_structured": 0.2,
      "cat1": "ETF",
      "cat2": "ETF",
      "exp1": "semiconductor",
      "exp2": "intl_small_cap",
      "fam1": "sector_tech",
      "fam2": null
    },
    {
      "t1": "PICK",
      "t2": "SCHY",
      "corr_hybrid": 0.6181,
      "corr_structured": 0.2,
      "cat1": "ETF",
      "cat2": "ETF",
      "exp1": "metals_mining",
      "exp2": "international",
      "fam1": null,
      "fam2": "intl_equity"
    },
    {
      "t1": "FLKR",
      "t2": "PICK",
      "corr_hybrid": 0.6162,
      "corr_structured": 0.2,
      "cat1": "ETF",
      "cat2": "ETF",
      "exp1": "south_korea",
      "exp2": "metals_mining",
      "fam1": "em_equity",
      "fam2": null
    },
    {
      "t1": "PICK",
      "t2": "SMH",
      "corr_hybrid": 0.6135,
      "corr_structured": 0.2,
      "cat1": "ETF",
      "cat2": "ETF",
      "exp1": "metals_mining",
      "exp2": "semiconductor",
      "fam1": null,
      "fam2": "sector_tech"
    },
    {
      "t1": "RIO",
      "t2": "VSS",
      "corr_hybrid": 0.6119,
      "corr_structured": null,
      "cat1": "Act",
      "cat2": "ETF",
      "exp1": null,
      "exp2": "intl_small_cap",
      "fam1": null,
      "fam2": null
    },
    {
      "t1": "SMH",
      "t2": "VSS",
      "corr_hybrid": 0.6095,
      "corr_structured": 0.2,
      "cat1": "ETF",
      "cat2": "ETF",
      "exp1": "semiconductor",
      "exp2": "intl_small_cap",
      "fam1": "sector_tech",
      "fam2": null
    },
    {
      "t1": "SOXX",
      "t2": "SPYV",
      "corr_hybrid": 0.5969,
      "corr_structured": 0.2,
      "cat1": "ETF",
      "cat2": "ETF",
      "exp1": "semiconductor",
      "exp2": "sp500_value",
      "fam1": "sector_tech",
      "fam2": "factor_value"
    },
    {
      "t1": "CS",
      "t2": "PICK",
      "corr_hybrid": 0.5942,
      "corr_structured": null,
      "cat1": "Act",
      "cat2": "ETF",
      "exp1": null,
      "exp2": "metals_mining",
      "fam1": null,
      "fam2": null
    },
    {
      "t1": "SMH",
      "t2": "SPYV",
      "corr_hybrid": 0.5931,
      "corr_structured": 0.2,
      "cat1": "ETF",
      "cat2": "ETF",
      "exp1": "semiconductor",
      "exp2": "sp500_value",
      "fam1": "sector_tech",
      "fam2": "factor_value"
    },
    {
      "t1": "SCHY",
      "t2": "VSS",
      "corr_hybrid": 0.5889,
      "corr_structured": 0.2,
      "cat1": "ETF",
      "cat2": "ETF",
      "exp1": "international",
      "exp2": "intl_small_cap",
      "fam1": "intl_equity",
      "fam2": null
    },
    {
      "t1": "SILJ",
      "t2": "VSS",
      "corr_hybrid": 0.5882,
      "corr_structured": 0.2,
      "cat1": "ETF",
      "cat2": "ETF",
      "exp1": "silver_miners",
      "exp2": "intl_small_cap",
      "fam1": "precious_metals",
      "fam2": null
    },
    {
      "t1": "FLKR",
      "t2": "VSS",
      "corr_hybrid": 0.5854,
      "corr_structured": 0.2,
      "cat1": "ETF",
      "cat2": "ETF",
      "exp1": "south_korea",
      "exp2": "intl_small_cap",
      "fam1": "em_equity",
      "fam2": null
    },
    {
      "t1": "SCHD",
      "t2": "SPYV",
      "corr_hybrid": 0.5825,
      "corr_structured": 0.8,
      "cat1": "ETF",
      "cat2": "ETF",
      "exp1": "dividend",
      "exp2": "sp500_value",
      "fam1": "factor_dividend",
      "fam2": "factor_value"
    }
  ],
  "all_pairs_bottom_10": [
    {
      "t1": "NVDA",
      "t2": "ULVR",
      "corr_hybrid": 0.0102,
      "corr_structured": null,
      "cat1": "Act",
      "cat2": "Act",
      "exp1": null,
      "exp2": null,
      "fam1": null,
      "fam2": null
    },
    {
      "t1": "GLD",
      "t2": "INCY",
      "corr_hybrid": 0.0097,
      "corr_structured": null,
      "cat1": "ETF",
      "cat2": "Act",
      "exp1": "gold_physical",
      "exp2": null,
      "fam1": "gold",
      "fam2": null
    },
    {
      "t1": "FRES",
      "t2": "XLV",
      "corr_hybrid": 0.0089,
      "corr_structured": null,
      "cat1": "Act",
      "cat2": "ETF",
      "exp1": null,
      "exp2": "healthcare",
      "fam1": null,
      "fam2": "sector_healthcare"
    },
    {
      "t1": "PG",
      "t2": "SMH",
      "corr_hybrid": -0.0079,
      "corr_structured": null,
      "cat1": "Act",
      "cat2": "ETF",
      "exp1": null,
      "exp2": "semiconductor",
      "fam1": null,
      "fam2": "sector_tech"
    },
    {
      "t1": "SMH",
      "t2": "ULVR",
      "corr_hybrid": 0.0074,
      "corr_structured": null,
      "cat1": "ETF",
      "cat2": "Act",
      "exp1": "semiconductor",
      "exp2": null,
      "fam1": "sector_tech",
      "fam2": null
    },
    {
      "t1": "GLD",
      "t2": "ITX",
      "corr_hybrid": -0.0067,
      "corr_structured": null,
      "cat1": "ETF",
      "cat2": "Act",
      "exp1": "gold_physical",
      "exp2": null,
      "fam1": "gold",
      "fam2": null
    },
    {
      "t1": "MU",
      "t2": "VICI",
      "corr_hybrid": -0.0031,
      "corr_structured": null,
      "cat1": "Act",
      "cat2": "Act",
      "exp1": null,
      "exp2": null,
      "fam1": null,
      "fam2": null
    },
    {
      "t1": "FRES",
      "t2": "JNJ",
      "corr_hybrid": 0.0023,
      "corr_structured": null,
      "cat1": "Act",
      "cat2": "Act",
      "exp1": null,
      "exp2": null,
      "fam1": null,
      "fam2": null
    },
    {
      "t1": "GLD",
      "t2": "XLE",
      "corr_hybrid": -0.0022,
      "corr_structured": 0.2,
      "cat1": "ETF",
      "cat2": "ETF",
      "exp1": "gold_physical",
      "exp2": "energy",
      "fam1": "gold",
      "fam2": "sector_energy"
    },
    {
      "t1": "PG",
      "t2": "SOXX",
      "corr_hybrid": 0.0018,
      "corr_structured": null,
      "cat1": "Act",
      "cat2": "ETF",
      "exp1": null,
      "exp2": "semiconductor",
      "fam1": null,
      "fam2": "sector_tech"
    }
  ],
  "correlation_matrix": {
    "tickers": [
      "ACWV",
      "AGS",
      "BBVA",
      "BKR",
      "BSV",
      "CLTL",
      "CS",
      "EOG",
      "FLKR",
      "FLTR",
      "FRES",
      "GBIL",
      "GCOW",
      "GD",
      "GLD",
      "GOOGL",
      "INCY",
      "ITX",
      "JNJ",
      "LI",
      "MU",
      "NVDA",
      "PAAA",
      "PG",
      "PICK",
      "RIO",
      "SCHD",
      "SCHY",
      "SILJ",
      "SMH",
      "SOXX",
      "SPLV",
      "SPYV",
      "STIP",
      "ULVR",
      "USFR",
      "VGSH",
      "VICI",
      "VRT",
      "VSS",
      "XBI",
      "XLE",
      "XLV"
    ],
    "matrix": [
      [
        1.0,
        0.3987,
        0.3584,
        0.4071,
        0.0926,
        0.0926,
        0.3239,
        0.316,
        0.3477,
        0.0926,
        0.0966,
        0.0926,
        0.5248,
        0.3762,
        0.218,
        0.2808,
        0.3497,
        0.2088,
        0.3315,
        0.2723,
        0.1905,
        0.2539,
        0.0926,
        0.3229,
        0.4853,
        0.4454,
        0.5025,
        0.496,
        0.2963,
        0.3375,
        0.3471,
        0.4268,
        0.5057,
        0.0926,
        0.1851,
        0.0926,
        0.0926,
        0.3829,
        0.1998,
        0.4853,
        0.418,
        0.3653,
        0.4356
      ],
      [
        0.3987,
        1.0,
        0.2462,
        0.3842,
        0.0868,
        0.0868,
        0.1422,
        0.352,
        0.1795,
        0.0868,
        0.2489,
        0.0868,
        0.4282,
        0.357,
        0.0127,
        0.2137,
        0.3431,
        0.2544,
        0.3099,
        0.2024,
        0.0918,
        0.1929,
        0.0868,
        0.322,
        0.266,
        0.2671,
        0.468,
        0.3559,
        0.0594,
        0.2038,
        0.2091,
        0.4047,
        0.4311,
        0.0868,
        0.2298,
        0.0868,
        0.0868,
        0.3797,
        0.125,
        0.3054,
        0.3211,
        0.3714,
        0.3806
      ],
      [
        0.3584,
        0.2462,
        1.0,
        0.3177,
        0.0611,
        0.0611,
        0.4062,
        0.2041,
        0.3838,
        0.0611,
        0.0812,
        0.0611,
        0.4116,
        0.2587,
        0.2209,
        0.2879,
        0.2558,
        0.0855,
        0.1932,
        0.2527,
        0.2959,
        0.3106,
        0.0611,
        0.1874,
        0.4851,
        0.4152,
        0.3771,
        0.4162,
        0.3182,
        0.4086,
        0.4139,
        0.2871,
        0.4287,
        0.0611,
        0.082,
        0.0611,
        0.0611,
        0.2375,
        0.3025,
        0.4614,
        0.3626,
        0.254,
        0.3294
      ],
      [
        0.4071,
        0.3842,
        0.3177,
        1.0,
        0.0813,
        0.0813,
        0.2334,
        0.3325,
        0.3547,
        0.0813,
        0.1144,
        0.0813,
        0.4518,
        0.3421,
        0.0765,
        0.3138,
        0.3631,
        0.15,
        0.25,
        0.2479,
        0.3174,
        0.3594,
        0.0813,
        0.2348,
        0.4019,
        0.3536,
        0.4765,
        0.4099,
        0.1658,
        0.428,
        0.4311,
        0.3559,
        0.5064,
        0.0813,
        0.1623,
        0.0813,
        0.0813,
        0.3179,
        0.321,
        0.4285,
        0.3987,
        0.3657,
        0.4039
      ],
      [
        0.0926,
        0.0868,
        0.0611,
        0.0813,
        1.0,
        0.02,
        0.027,
        0.0687,
        0.0566,
        0.02,
        0.0181,
        0.02,
        0.1,
        0.0793,
        0.0392,
        0.0469,
        0.0726,
        0.0476,
        0.0709,
        0.0474,
        0.0266,
        0.0394,
        0.02,
        0.0669,
        0.0804,
        0.0765,
        0.0988,
        0.0914,
        0.0513,
        0.0526,
        0.0546,
        0.0864,
        0.0951,
        0.02,
        0.0464,
        0.02,
        0.02,
        0.0811,
        0.0254,
        0.0849,
        0.0769,
        0.0761,
        0.0856
      ],
      [
        0.0926,
        0.0868,
        0.0611,
        0.0813,
        0.02,
        1.0,
        0.027,
        0.0687,
        0.0566,
        0.02,
        0.0181,
        0.02,
        0.1,
        0.0793,
        0.0392,
        0.0469,
        0.0726,
        0.0476,
        0.0709,
        0.0474,
        0.0266,
        0.0394,
        0.02,
        0.0669,
        0.0804,
        0.0765,
        0.0988,
        0.0914,
        0.0513,
        0.0526,
        0.0546,
        0.0864,
        0.0951,
        0.02,
        0.0464,
        0.02,
        0.02,
        0.0811,
        0.0254,
        0.0849,
        0.0769,
        0.0761,
        0.0856
      ],
      [
        0.3239,
        0.1422,
        0.4062,
        0.2334,
        0.027,
        0.027,
        1.0,
        0.0777,
        0.3971,
        0.027,
        0.2654,
        0.027,
        0.408,
        0.1469,
        0.2163,
        0.3203,
        0.1364,
        0.0577,
        0.1208,
        0.3047,
        0.2546,
        0.3181,
        0.027,
        0.1902,
        0.5942,
        0.5024,
        0.3302,
        0.4379,
        0.3288,
        0.4105,
        0.4138,
        0.2598,
        0.3952,
        0.027,
        -0.0453,
        0.027,
        0.027,
        0.1645,
        0.3496,
        0.4979,
        0.3479,
        0.1508,
        0.2699
      ],
      [
        0.316,
        0.352,
        0.2041,
        0.3325,
        0.0687,
        0.0687,
        0.0777,
        1.0,
        0.1858,
        0.0687,
        0.0539,
        0.0687,
        0.3429,
        0.2863,
        -0.0628,
        0.2073,
        0.3102,
        0.1714,
        0.2343,
        0.155,
        0.1565,
        0.2261,
        0.0687,
        0.2219,
        0.1986,
        0.1937,
        0.3947,
        0.2768,
        -0.0255,
        0.2462,
        0.2479,
        0.3066,
        0.3811,
        0.0687,
        0.1613,
        0.0687,
        0.0687,
        0.2864,
        0.1657,
        0.2484,
        0.288,
        0.3223,
        0.3304
      ],
      [
        0.3477,
        0.1795,
        0.3838,
        0.3547,
        0.0566,
        0.0566,
        0.3971,
        0.1858,
        1.0,
        0.0566,
        0.0269,
        0.0566,
        0.4077,
        0.2459,
        0.3126,
        0.3931,
        0.2781,
        -0.0426,
        0.103,
        0.2977,
        0.5821,
        0.5088,
        0.0566,
        0.0648,
        0.6162,
        0.487,
        0.3652,
        0.4493,
        0.4694,
        0.6653,
        0.6676,
        0.2113,
        0.4994,
        0.0566,
        0.0328,
        0.0566,
        0.0566,
        0.1576,
        0.5459,
        0.5854,
        0.4272,
        0.2433,
        0.3307
      ],
      [
        0.0926,
        0.0868,
        0.0611,
        0.0813,
        0.02,
        0.02,
        0.027,
        0.0687,
        0.0566,
        1.0,
        0.0181,
        0.02,
        0.1,
        0.0793,
        0.0392,
        0.0469,
        0.0726,
        0.0476,
        0.0709,
        0.0474,
        0.0266,
        0.0394,
        0.02,
        0.0669,
        0.0804,
        0.0765,
        0.0988,
        0.0914,
        0.0513,
        0.0526,
        0.0546,
        0.0864,
        0.0951,
        0.02,
        0.0464,
        0.02,
        0.02,
        0.0811,
        0.0254,
        0.0849,
        0.0769,
        0.0761,
        0.0856
      ],
      [
        0.0966,
        0.2489,
        0.0812,
        0.1144,
        0.0181,
        0.0181,
        0.2654,
        0.0539,
        0.0269,
        0.0181,
        1.0,
        0.0181,
        0.0975,
        0.0944,
        0.1339,
        0.0891,
        0.0259,
        0.1064,
        0.0023,
        0.1521,
        0.0627,
        0.099,
        0.0181,
        0.1163,
        0.1727,
        0.141,
        0.1004,
        0.0987,
        0.2288,
        0.0476,
        0.0476,
        0.126,
        0.1089,
        0.0181,
        0.1344,
        0.0181,
        0.0181,
        0.1069,
        0.1647,
        0.1301,
        0.0265,
        0.055,
        0.0089
      ],
      [
        0.0926,
        0.0868,
        0.0611,
        0.0813,
        0.02,
        0.02,
        0.027,
        0.0687,
        0.0566,
        0.02,
        0.0181,
        1.0,
        0.1,
        0.0793,
        0.0392,
        0.0469,
        0.0726,
        0.0476,
        0.0709,
        0.0474,
        0.0266,
        0.0394,
        0.02,
        0.0669,
        0.0804,
        0.0765,
        0.0988,
        0.0914,
        0.0513,
        0.0526,
        0.0546,
        0.0864,
        0.0951,
        0.02,
        0.0464,
        0.02,
        0.02,
        0.0811,
        0.0254,
        0.0849,
        0.0769,
        0.0761,
        0.0856
      ],
      [
        0.5248,
        0.4282,
        0.4116,
        0.4518,
        0.1,
        0.1,
        0.408,
        0.3429,
        0.4077,
        0.1,
        0.0975,
        0.1,
        1.0,
        0.4092,
        0.2423,
        0.3272,
        0.3852,
        0.2181,
        0.357,
        0.3106,
        0.2367,
        0.3045,
        0.1,
        0.3486,
        0.5596,
        0.5086,
        0.5583,
        0.558,
        0.3345,
        0.4033,
        0.4134,
        0.4672,
        0.5703,
        0.1,
        0.1887,
        0.1,
        0.1,
        0.4137,
        0.2495,
        0.5546,
        0.4739,
        0.4005,
        0.4847
      ],
      [
        0.3762,
        0.357,
        0.2587,
        0.3421,
        0.0793,
        0.0793,
        0.1469,
        0.2863,
        0.2459,
        0.0793,
        0.0944,
        0.0793,
        0.4092,
        1.0,
        0.1297,
        0.2126,
        0.3031,
        0.1855,
        0.276,
        0.2012,
        0.1427,
        0.1969,
        0.0793,
        0.2639,
        0.3329,
        0.3122,
        0.4121,
        0.3716,
        0.1855,
        0.249,
        0.256,
        0.3491,
        0.4043,
        0.0793,
        0.18,
        0.0793,
        0.0793,
        0.3235,
        0.1443,
        0.3523,
        0.3236,
        0.3165,
        0.3535
      ],
      [
        0.218,
        0.0127,
        0.2209,
        0.0765,
        0.0392,
        0.0392,
        0.2163,
        -0.0628,
        0.3126,
        0.0392,
        0.1339,
        0.0392,
        0.2423,
        0.1297,
        1.0,
        0.0852,
        0.0097,
        -0.0067,
        0.1083,
        0.19,
        0.1164,
        0.0207,
        0.0392,
        0.0919,
        0.5327,
        0.448,
        0.0782,
        0.3532,
        0.7958,
        0.159,
        0.1756,
        0.1242,
        0.1401,
        0.0392,
        0.0554,
        0.0392,
        0.0392,
        0.1043,
        0.0683,
        0.4308,
        0.1701,
        -0.0022,
        0.0984
      ],
      [
        0.2808,
        0.2137,
        0.2879,
        0.3138,
        0.0469,
        0.0469,
        0.3203,
        0.2073,
        0.3931,
        0.0469,
        0.0891,
        0.0469,
        0.3272,
        0.2126,
        0.0852,
        1.0,
        0.258,
        0.0148,
        0.0998,
        0.225,
        0.428,
        0.4158,
        0.0469,
        0.0867,
        0.402,
        0.3212,
        0.3366,
        0.323,
        0.1944,
        0.5012,
        0.5,
        0.2022,
        0.4188,
        0.0469,
        0.0489,
        0.0469,
        0.0469,
        0.1584,
        0.4273,
        0.402,
        0.3366,
        0.2416,
        0.2865
      ],
      [
        0.3497,
        0.3431,
        0.2558,
        0.3631,
        0.0726,
        0.0726,
        0.1364,
        0.3102,
        0.2781,
        0.0726,
        0.0259,
        0.0726,
        0.3852,
        0.3031,
        0.0097,
        0.258,
        1.0,
        0.1431,
        0.2319,
        0.1931,
        0.2491,
        0.2951,
        0.0726,
        0.2096,
        0.2964,
        0.2676,
        0.4212,
        0.3353,
        0.0712,
        0.3461,
        0.3484,
        0.3134,
        0.4346,
        0.0726,
        0.1487,
        0.0726,
        0.0726,
        0.2857,
        0.2463,
        0.3354,
        0.3404,
        0.3338,
        0.3601
      ],
      [
        0.2088,
        0.2544,
        0.0855,
        0.15,
        0.0476,
        0.0476,
        0.0577,
        0.1714,
        -0.0426,
        0.0476,
        0.1064,
        0.0476,
        0.2181,
        0.1855,
        -0.0067,
        0.0148,
        0.1431,
        1.0,
        0.2287,
        0.0644,
        -0.1808,
        -0.0764,
        0.0476,
        0.2493,
        0.0546,
        0.0974,
        0.2278,
        0.1651,
        -0.0299,
        -0.1018,
        -0.0952,
        0.253,
        0.1491,
        0.0476,
        0.1474,
        0.0476,
        0.0476,
        0.2457,
        -0.1449,
        0.0735,
        0.1108,
        0.1792,
        0.185
      ],
      [
        0.3315,
        0.3099,
        0.1932,
        0.25,
        0.0709,
        0.0709,
        0.1208,
        0.2343,
        0.103,
        0.0709,
        0.0023,
        0.0709,
        0.357,
        0.276,
        0.1083,
        0.0998,
        0.2319,
        0.2287,
        1.0,
        0.1371,
        -0.079,
        0.0119,
        0.0709,
        0.3002,
        0.2238,
        0.2425,
        0.3447,
        0.313,
        0.1114,
        0.0371,
        0.047,
        0.34,
        0.2862,
        0.0709,
        0.1717,
        0.0709,
        0.0709,
        0.3217,
        -0.0664,
        0.238,
        0.2385,
        0.261,
        0.3016
      ],
      [
        0.2723,
        0.2024,
        0.2527,
        0.2479,
        0.0474,
        0.0474,
        0.3047,
        0.155,
        0.2977,
        0.0474,
        0.1521,
        0.0474,
        0.3106,
        0.2012,
        0.19,
        0.225,
        0.1931,
        0.0644,
        0.1371,
        1.0,
        0.2439,
        0.249,
        0.0474,
        0.1398,
        0.3817,
        0.3231,
        0.2846,
        0.3175,
        0.2754,
        0.3208,
        0.3247,
        0.2176,
        0.3291,
        0.0474,
        0.0746,
        0.0474,
        0.0474,
        0.1808,
        0.2526,
        0.3606,
        0.2722,
        0.1917,
        0.2423
      ],
      [
        0.1905,
        0.0918,
        0.2959,
        0.3174,
        0.0266,
        0.0266,
        0.2546,
        0.1565,
        0.5821,
        0.0266,
        0.0627,
        0.0266,
        0.2367,
        0.1427,
        0.1164,
        0.428,
        0.2491,
        -0.1808,
        -0.079,
        0.2439,
        1.0,
        0.6682,
        0.0266,
        -0.1264,
        0.4762,
        0.3249,
        0.2579,
        0.2745,
        0.2955,
        0.8051,
        0.7965,
        0.0395,
        0.4488,
        0.0266,
        -0.0363,
        0.0266,
        0.0266,
        -0.0031,
        0.7489,
        0.4758,
        0.3582,
        0.188,
        0.2247
      ],
      [
        0.2539,
        0.1929,
        0.3106,
        0.3594,
        0.0394,
        0.0394,
        0.3181,
        0.2261,
        0.5088,
        0.0394,
        0.099,
        0.0394,
        0.3045,
        0.1969,
        0.0207,
        0.4158,
        0.2951,
        -0.0764,
        0.0119,
        0.249,
        0.6682,
        1.0,
        0.0394,
        -0.0149,
        0.4353,
        0.317,
        0.3444,
        0.3051,
        0.1715,
        0.714,
        0.7066,
        0.1403,
        0.4859,
        0.0394,
        0.0102,
        0.0394,
        0.0394,
        0.0921,
        0.6528,
        0.4481,
        0.3795,
        0.2562,
        0.2891
      ],
      [
        0.0926,
        0.0868,
        0.0611,
        0.0813,
        0.02,
        0.02,
        0.027,
        0.0687,
        0.0566,
        0.02,
        0.0181,
        0.02,
        0.1,
        0.0793,
        0.0392,
        0.0469,
        0.0726,
        0.0476,
        0.0709,
        0.0474,
        0.0266,
        0.0394,
        1.0,
        0.0669,
        0.0804,
        0.0765,
        0.0988,
        0.0914,
        0.0513,
        0.0526,
        0.0546,
        0.0864,
        0.0951,
        0.02,
        0.0464,
        0.02,
        0.02,
        0.0811,
        0.0254,
        0.0849,
        0.0769,
        0.0761,
        0.0856
      ],
      [
        0.3229,
        0.322,
        0.1874,
        0.2348,
        0.0669,
        0.0669,
        0.1902,
        0.2219,
        0.0648,
        0.0669,
        0.1163,
        0.0669,
        0.3486,
        0.2639,
        0.0919,
        0.0867,
        0.2096,
        0.2493,
        0.3002,
        0.1398,
        -0.1264,
        -0.0149,
        0.0669,
        1.0,
        0.2108,
        0.2354,
        0.3363,
        0.3012,
        0.0932,
        -0.0079,
        0.0018,
        0.347,
        0.2668,
        0.0669,
        0.1736,
        0.0669,
        0.0669,
        0.3246,
        -0.089,
        0.2163,
        0.2161,
        0.2477,
        0.283
      ],
      [
        0.4853,
        0.266,
        0.4851,
        0.4019,
        0.0804,
        0.0804,
        0.5942,
        0.1986,
        0.6162,
        0.0804,
        0.1727,
        0.0804,
        0.5596,
        0.3329,
        0.5327,
        0.402,
        0.2964,
        0.0546,
        0.2238,
        0.3817,
        0.4762,
        0.4353,
        0.0804,
        0.2108,
        1.0,
        0.6697,
        0.4568,
        0.6181,
        0.7034,
        0.6135,
        0.6242,
        0.3504,
        0.5669,
        0.0804,
        0.0919,
        0.0804,
        0.0804,
        0.2807,
        0.4633,
        0.7301,
        0.4977,
        0.2815,
        0.4091
      ],
      [
        0.4454,
        0.2671,
        0.4152,
        0.3536,
        0.0765,
        0.0765,
        0.5024,
        0.1937,
        0.487,
        0.0765,
        0.141,
        0.0765,
        0.5086,
        0.3122,
        0.448,
        0.3212,
        0.2676,
        0.0974,
        0.2425,
        0.3231,
        0.3249,
        0.317,
        0.0765,
        0.2354,
        0.6697,
        1.0,
        0.4202,
        0.5464,
        0.5774,
        0.4588,
        0.4699,
        0.3461,
        0.4879,
        0.0765,
        0.1068,
        0.0765,
        0.0765,
        0.2876,
        0.3213,
        0.6119,
        0.4285,
        0.2648,
        0.3751
      ],
      [
        0.5025,
        0.468,
        0.3771,
        0.4765,
        0.0988,
        0.0988,
        0.3302,
        0.3947,
        0.3652,
        0.0988,
        0.1004,
        0.0988,
        0.5583,
        0.4121,
        0.0782,
        0.3366,
        0.4212,
        0.2278,
        0.3447,
        0.2846,
        0.2579,
        0.3444,
        0.0988,
        0.3363,
        0.4568,
        0.4202,
        1.0,
        0.4989,
        0.1592,
        0.414,
        0.4198,
        0.4617,
        0.5825,
        0.0988,
        0.1994,
        0.0988,
        0.0988,
        0.4135,
        0.2778,
        0.484,
        0.4643,
        0.4373,
        0.4923
      ],
      [
        0.496,
        0.3559,
        0.4162,
        0.4099,
        0.0914,
        0.0914,
        0.4379,
        0.2768,
        0.4493,
        0.0914,
        0.0987,
        0.0914,
        0.558,
        0.3716,
        0.3532,
        0.323,
        0.3353,
        0.1651,
        0.313,
        0.3175,
        0.2745,
        0.3051,
        0.0914,
        0.3012,
        0.6181,
        0.5464,
        0.4989,
        1.0,
        0.462,
        0.4278,
        0.439,
        0.4171,
        0.5358,
        0.0914,
        0.1556,
        0.0914,
        0.0914,
        0.3622,
        0.275,
        0.5889,
        0.4581,
        0.3418,
        0.4405
      ],
      [
        0.2963,
        0.0594,
        0.3182,
        0.1658,
        0.0513,
        0.0513,
        0.3288,
        -0.0255,
        0.4694,
        0.0513,
        0.2288,
        0.0513,
        0.3345,
        0.1855,
        0.7958,
        0.1944,
        0.0712,
        -0.0299,
