{
  "_meta": {
    "generated": "2026-05-21T11:05:09",
    "portfolio_generated": "2026-05-21T11:01:29.619112",
    "n_assets": 40,
    "n_with_returns": 30,
    "covariance_method": "hybrid_shrunk",
    "condition_number": 277.7,
    "pca_factors": 6
  },
  "profiles": {
    "Agressif": {
      "n_assets": 16,
      "weighted_avg_correlation": 0.2194,
      "most_correlated": [
        {
          "t1": "SLV",
          "t2": "GLD",
          "corr": 0.8291,
          "w1": 2.9,
          "w2": 8.4,
          "combined_weight": 11.3
        },
        {
          "t1": "XLK",
          "t2": "SOXX",
          "corr": 0.7964,
          "w1": 4.3,
          "w2": 6.7,
          "combined_weight": 11.0
        },
        {
          "t1": "FLKR",
          "t2": "SOXX",
          "corr": 0.7637,
          "w1": 5.2,
          "w2": 6.7,
          "combined_weight": 12.0
        },
        {
          "t1": "SOXX",
          "t2": "FLTW",
          "corr": 0.7625,
          "w1": 6.7,
          "w2": 6.7,
          "combined_weight": 13.5
        },
        {
          "t1": "XLK",
          "t2": "FLTW",
          "corr": 0.7453,
          "w1": 4.3,
          "w2": 6.7,
          "combined_weight": 11.0
        },
        {
          "t1": "FLKR",
          "t2": "XLK",
          "corr": 0.7452,
          "w1": 5.2,
          "w2": 4.3,
          "combined_weight": 9.5
        },
        {
          "t1": "FLKR",
          "t2": "FLTW",
          "corr": 0.7193,
          "w1": 5.2,
          "w2": 6.7,
          "combined_weight": 11.9
        },
        {
          "t1": "XLK",
          "t2": "NVDA",
          "corr": 0.6447,
          "w1": 4.3,
          "w2": 6.4,
          "combined_weight": 10.6
        },
        {
          "t1": "SOXX",
          "t2": "NVDA",
          "corr": 0.635,
          "w1": 6.7,
          "w2": 6.4,
          "combined_weight": 13.1
        },
        {
          "t1": "2059",
          "t2": "000660",
          "corr": 0.6103,
          "w1": 10.7,
          "w2": 5.9,
          "combined_weight": 16.5
        }
      ],
      "least_correlated": [
        {
          "t1": "XLE",
          "t2": "FLTW",
          "corr": -0.0172,
          "w1": 7.2,
          "w2": 6.7,
          "combined_weight": 13.9
        },
        {
          "t1": "FLKR",
          "t2": "XLE",
          "corr": -0.0533,
          "w1": 5.2,
          "w2": 7.2,
          "combined_weight": 12.4
        },
        {
          "t1": "SOXX",
          "t2": "XLE",
          "corr": -0.0642,
          "w1": 6.7,
          "w2": 7.2,
          "combined_weight": 13.9
        },
        {
          "t1": "XLK",
          "t2": "XLE",
          "corr": -0.0663,
          "w1": 4.3,
          "w2": 7.2,
          "combined_weight": 11.5
        },
        {
          "t1": "XLE",
          "t2": "NVDA",
          "corr": -0.1345,
          "w1": 7.2,
          "w2": 6.4,
          "combined_weight": 13.6
        }
      ],
      "high_corr_high_weight": [
        {
          "t1": "SLV",
          "t2": "GLD",
          "corr": 0.8291,
          "w1": 2.9,
          "w2": 8.4,
          "combined_weight": 11.3
        },
        {
          "t1": "XLK",
          "t2": "SOXX",
          "corr": 0.7964,
          "w1": 4.3,
          "w2": 6.7,
          "combined_weight": 11.0
        },
        {
          "t1": "FLKR",
          "t2": "SOXX",
          "corr": 0.7637,
          "w1": 5.2,
          "w2": 6.7,
          "combined_weight": 12.0
        },
        {
          "t1": "SOXX",
          "t2": "FLTW",
          "corr": 0.7625,
          "w1": 6.7,
          "w2": 6.7,
          "combined_weight": 13.5
        },
        {
          "t1": "XLK",
          "t2": "FLTW",
          "corr": 0.7453,
          "w1": 4.3,
          "w2": 6.7,
          "combined_weight": 11.0
        }
      ]
    },
    "Mod\u00e9r\u00e9": {
      "n_assets": 13,
      "weighted_avg_correlation": 0.1598,
      "most_correlated": [
        {
          "t1": "FNDX",
          "t2": "FNDF",
          "corr": 0.5768,
          "w1": 9.0,
          "w2": 9.0,
          "combined_weight": 18.0
        },
        {
          "t1": "FNDX",
          "t2": "BMED",
          "corr": 0.5339,
          "w1": 9.0,
          "w2": 5.3,
          "combined_weight": 14.3
        },
        {
          "t1": "FNDF",
          "t2": "BMED",
          "corr": 0.4981,
          "w1": 9.0,
          "w2": 5.3,
          "combined_weight": 14.3
        },
        {
          "t1": "BMED",
          "t2": "XLV",
          "corr": 0.4747,
          "w1": 5.3,
          "w2": 3.1,
          "combined_weight": 8.4
        },
        {
          "t1": "SCHD",
          "t2": "BMED",
          "corr": 0.4657,
          "w1": 9.0,
          "w2": 5.3,
          "combined_weight": 14.3
        },
        {
          "t1": "FNDX",
          "t2": "XLV",
          "corr": 0.4448,
          "w1": 9.0,
          "w2": 3.1,
          "combined_weight": 12.1
        },
        {
          "t1": "SCHD",
          "t2": "FNDX",
          "corr": 0.4433,
          "w1": 9.0,
          "w2": 9.0,
          "combined_weight": 18.0
        },
        {
          "t1": "SCHD",
          "t2": "XLV",
          "corr": 0.4223,
          "w1": 9.0,
          "w2": 3.1,
          "combined_weight": 12.1
        },
        {
          "t1": "FNDF",
          "t2": "XLV",
          "corr": 0.3948,
          "w1": 9.0,
          "w2": 3.1,
          "combined_weight": 12.1
        },
        {
          "t1": "VICI",
          "t2": "BMED",
          "corr": 0.3883,
          "w1": 8.2,
          "w2": 5.3,
          "combined_weight": 13.5
        }
      ],
      "least_correlated": [
        {
          "t1": "STIP",
          "t2": "VGSH",
          "corr": 0.0234,
          "w1": 9.0,
          "w2": 7.6,
          "combined_weight": 16.6
        },
        {
          "t1": "STIP",
          "t2": "GBIL",
          "corr": 0.0234,
          "w1": 9.0,
          "w2": 7.1,
          "combined_weight": 16.1
        },
        {
          "t1": "VGSH",
          "t2": "GBIL",
          "corr": 0.0234,
          "w1": 7.6,
          "w2": 7.1,
          "combined_weight": 14.7
        },
        {
          "t1": "ITX",
          "t2": "XLV",
          "corr": 0.0033,
          "w1": 8.2,
          "w2": 3.1,
          "combined_weight": 11.3
        },
        {
          "t1": "ITX",
          "t2": "GLD",
          "corr": 0.0019,
          "w1": 8.2,
          "w2": 7.2,
          "combined_weight": 15.5
        }
      ],
      "high_corr_high_weight": []
    },
    "Stable": {
      "n_assets": 14,
      "weighted_avg_correlation": 0.1927,
      "most_correlated": [
        {
          "t1": "SCHP",
          "t2": "SUNPHARMA",
          "corr": 0.5695,
          "w1": 7.4,
          "w2": 5.3,
          "combined_weight": 12.6
        },
        {
          "t1": "IG",
          "t2": "SUNPHARMA",
          "corr": 0.5643,
          "w1": 7.4,
          "w2": 5.3,
          "combined_weight": 12.6
        },
        {
          "t1": "SCHP",
          "t2": "IG",
          "corr": 0.5286,
          "w1": 7.4,
          "w2": 7.4,
          "combined_weight": 14.7
        },
        {
          "t1": "ACWV",
          "t2": "SPYV",
          "corr": 0.4612,
          "w1": 6.7,
          "w2": 4.8,
          "combined_weight": 11.5
        },
        {
          "t1": "VICI",
          "t2": "SUNPHARMA",
          "corr": 0.448,
          "w1": 7.4,
          "w2": 5.3,
          "combined_weight": 12.6
        },
        {
          "t1": "SPYV",
          "t2": "XLV",
          "corr": 0.4427,
          "w1": 4.8,
          "w2": 4.8,
          "combined_weight": 9.6
        },
        {
          "t1": "SUNPHARMA",
          "t2": "KO",
          "corr": 0.4347,
          "w1": 5.3,
          "w2": 5.3,
          "combined_weight": 10.6
        },
        {
          "t1": "SCHP",
          "t2": "KO",
          "corr": 0.43,
          "w1": 7.4,
          "w2": 5.3,
          "combined_weight": 12.7
        },
        {
          "t1": "VICI",
          "t2": "SCHP",
          "corr": 0.4244,
          "w1": 7.4,
          "w2": 7.4,
          "combined_weight": 14.7
        },
        {
          "t1": "ACWV",
          "t2": "XLV",
          "corr": 0.421,
          "w1": 6.7,
          "w2": 4.8,
          "combined_weight": 11.5
        }
      ],
      "least_correlated": [
        {
          "t1": "GLD",
          "t2": "STIP",
          "corr": 0.0315,
          "w1": 5.1,
          "w2": 13.0,
          "combined_weight": 18.1
        },
        {
          "t1": "VGSH",
          "t2": "BSV",
          "corr": 0.0234,
          "w1": 6.0,
          "w2": 13.0,
          "combined_weight": 19.0
        },
        {
          "t1": "VGSH",
          "t2": "STIP",
          "corr": 0.0234,
          "w1": 6.0,
          "w2": 13.0,
          "combined_weight": 19.0
        },
        {
          "t1": "BSV",
          "t2": "STIP",
          "corr": 0.0234,
          "w1": 13.0,
          "w2": 13.0,
          "combined_weight": 26.0
        },
        {
          "t1": "KO",
          "t2": "GLD",
          "corr": -0.0028,
          "w1": 5.3,
          "w2": 5.1,
          "combined_weight": 10.4
        }
      ],
      "high_corr_high_weight": []
    }
  },
  "all_pairs_top_30": [
    {
      "t1": "GLD",
      "t2": "SLV",
      "corr_hybrid": 0.8291,
      "corr_structured": 0.85,
      "cat1": "ETF",
      "cat2": "ETF",
      "exp1": "gold_physical",
      "exp2": "silver_physical",
      "fam1": "gold",
      "fam2": "precious_metals"
    },
    {
      "t1": "SOXX",
      "t2": "XLK",
      "corr_hybrid": 0.7964,
      "corr_structured": 0.9,
      "cat1": "ETF",
      "cat2": "ETF",
      "exp1": "semiconductor",
      "exp2": "tech",
      "fam1": "sector_tech",
      "fam2": "sector_tech"
    },
    {
      "t1": "FLKR",
      "t2": "SOXX",
      "corr_hybrid": 0.7637,
      "corr_structured": 0.2,
      "cat1": "ETF",
      "cat2": "ETF",
      "exp1": "south_korea",
      "exp2": "semiconductor",
      "fam1": "em_equity",
      "fam2": "sector_tech"
    },
    {
      "t1": "FLTW",
      "t2": "SOXX",
      "corr_hybrid": 0.7625,
      "corr_structured": 0.2,
      "cat1": "ETF",
      "cat2": "ETF",
      "exp1": "taiwan",
      "exp2": "semiconductor",
      "fam1": "em_equity",
      "fam2": "sector_tech"
    },
    {
      "t1": "FLTW",
      "t2": "XLK",
      "corr_hybrid": 0.7453,
      "corr_structured": 0.2,
      "cat1": "ETF",
      "cat2": "ETF",
      "exp1": "taiwan",
      "exp2": "tech",
      "fam1": "em_equity",
      "fam2": "sector_tech"
    },
    {
      "t1": "FLKR",
      "t2": "XLK",
      "corr_hybrid": 0.7452,
      "corr_structured": 0.2,
      "cat1": "ETF",
      "cat2": "ETF",
      "exp1": "south_korea",
      "exp2": "tech",
      "fam1": "em_equity",
      "fam2": "sector_tech"
    },
    {
      "t1": "FLKR",
      "t2": "FLTW",
      "corr_hybrid": 0.7193,
      "corr_structured": 0.9,
      "cat1": "ETF",
      "cat2": "ETF",
      "exp1": "south_korea",
      "exp2": "taiwan",
      "fam1": "em_equity",
      "fam2": "em_equity"
    },
    {
      "t1": "NVDA",
      "t2": "XLK",
      "corr_hybrid": 0.6447,
      "corr_structured": null,
      "cat1": "Act",
      "cat2": "ETF",
      "exp1": null,
      "exp2": "tech",
      "fam1": null,
      "fam2": "sector_tech"
    },
    {
      "t1": "NVDA",
      "t2": "SOXX",
      "corr_hybrid": 0.635,
      "corr_structured": null,
      "cat1": "Act",
      "cat2": "ETF",
      "exp1": null,
      "exp2": "semiconductor",
      "fam1": null,
      "fam2": "sector_tech"
    },
    {
      "t1": "FLTW",
      "t2": "FNDF",
      "corr_hybrid": 0.6349,
      "corr_structured": 0.62,
      "cat1": "ETF",
      "cat2": "ETF",
      "exp1": "taiwan",
      "exp2": "international",
      "fam1": "em_equity",
      "fam2": "intl_equity"
    },
    {
      "t1": "FNDF",
      "t2": "SOXX",
      "corr_hybrid": 0.6282,
      "corr_structured": 0.2,
      "cat1": "ETF",
      "cat2": "ETF",
      "exp1": "international",
      "exp2": "semiconductor",
      "fam1": "intl_equity",
      "fam2": "sector_tech"
    },
    {
      "t1": "FNDF",
      "t2": "XLK",
      "corr_hybrid": 0.617,
      "corr_structured": 0.2,
      "cat1": "ETF",
      "cat2": "ETF",
      "exp1": "international",
      "exp2": "tech",
      "fam1": "intl_equity",
      "fam2": "sector_tech"
    },
    {
      "t1": "000660",
      "t2": "2059",
      "corr_hybrid": 0.6103,
      "corr_structured": null,
      "cat1": "Act",
      "cat2": "Act",
      "exp1": null,
      "exp2": null,
      "fam1": null,
      "fam2": null
    },
    {
      "t1": "000660",
      "t2": "SUNPHARMA",
      "corr_hybrid": 0.6103,
      "corr_structured": null,
      "cat1": "Act",
      "cat2": "Act",
      "exp1": null,
      "exp2": null,
      "fam1": null,
      "fam2": null
    },
    {
      "t1": "2059",
      "t2": "SUNPHARMA",
      "corr_hybrid": 0.6103,
      "corr_structured": null,
      "cat1": "Act",
      "cat2": "Act",
      "exp1": null,
      "exp2": null,
      "fam1": null,
      "fam2": null
    },
    {
      "t1": "FLKR",
      "t2": "FNDF",
      "corr_hybrid": 0.6064,
      "corr_structured": 0.62,
      "cat1": "ETF",
      "cat2": "ETF",
      "exp1": "south_korea",
      "exp2": "international",
      "fam1": "em_equity",
      "fam2": "intl_equity"
    },
    {
      "t1": "FLKR",
      "t2": "NVDA",
      "corr_hybrid": 0.5848,
      "corr_structured": null,
      "cat1": "ETF",
      "cat2": "Act",
      "exp1": "south_korea",
      "exp2": null,
      "fam1": "em_equity",
      "fam2": null
    },
    {
      "t1": "FNDF",
      "t2": "FNDX",
      "corr_hybrid": 0.5768,
      "corr_structured": 0.2,
      "cat1": "ETF",
      "cat2": "ETF",
      "exp1": "international",
      "exp2": "value",
      "fam1": "intl_equity",
      "fam2": "factor_value"
    },
    {
      "t1": "000660",
      "t2": "SCHP",
      "corr_hybrid": 0.5695,
      "corr_structured": null,
      "cat1": "Act",
      "cat2": "Act",
      "exp1": null,
      "exp2": "bonds_tips",
      "fam1": null,
      "fam2": "bonds_gov"
    },
    {
      "t1": "2059",
      "t2": "SCHP",
      "corr_hybrid": 0.5695,
      "corr_structured": null,
      "cat1": "Act",
      "cat2": "Act",
      "exp1": null,
      "exp2": "bonds_tips",
      "fam1": null,
      "fam2": "bonds_gov"
    },
    {
      "t1": "FLTW",
      "t2": "NVDA",
      "corr_hybrid": 0.5695,
      "corr_structured": null,
      "cat1": "ETF",
      "cat2": "Act",
      "exp1": "taiwan",
      "exp2": null,
      "fam1": "em_equity",
      "fam2": null
    },
    {
      "t1": "SCHP",
      "t2": "SUNPHARMA",
      "corr_hybrid": 0.5695,
      "corr_structured": null,
      "cat1": "Act",
      "cat2": "Act",
      "exp1": "bonds_tips",
      "exp2": null,
      "fam1": "bonds_gov",
      "fam2": null
    },
    {
      "t1": "000660",
      "t2": "IG",
      "corr_hybrid": 0.5643,
      "corr_structured": null,
      "cat1": "Act",
      "cat2": "Act",
      "exp1": null,
      "exp2": null,
      "fam1": null,
      "fam2": null
    },
    {
      "t1": "2059",
      "t2": "IG",
      "corr_hybrid": 0.5643,
      "corr_structured": null,
      "cat1": "Act",
      "cat2": "Act",
      "exp1": null,
      "exp2": null,
      "fam1": null,
      "fam2": null
    },
    {
      "t1": "IG",
      "t2": "SUNPHARMA",
      "corr_hybrid": 0.5643,
      "corr_structured": null,
      "cat1": "Act",
      "cat2": "Act",
      "exp1": null,
      "exp2": null,
      "fam1": null,
      "fam2": null
    },
    {
      "t1": "FNDX",
      "t2": "SPYV",
      "corr_hybrid": 0.5617,
      "corr_structured": 0.9,
      "cat1": "ETF",
      "cat2": "ETF",
      "exp1": "value",
      "exp2": "sp500_value",
      "fam1": "factor_value",
      "fam2": "factor_value"
    },
    {
      "t1": "FNDF",
      "t2": "SPYV",
      "corr_hybrid": 0.5457,
      "corr_structured": 0.2,
      "cat1": "ETF",
      "cat2": "ETF",
      "exp1": "international",
      "exp2": "sp500_value",
      "fam1": "intl_equity",
      "fam2": "factor_value"
    },
    {
      "t1": "FLTW",
      "t2": "FNDX",
      "corr_hybrid": 0.5367,
      "corr_structured": 0.2,
      "cat1": "ETF",
      "cat2": "ETF",
      "exp1": "taiwan",
      "exp2": "value",
      "fam1": "em_equity",
      "fam2": "factor_value"
    },
    {
      "t1": "FNDF",
      "t2": "REMX",
      "corr_hybrid": 0.5359,
      "corr_structured": 0.2,
      "cat1": "ETF",
      "cat2": "ETF",
      "exp1": "international",
      "exp2": "rare_earth",
      "fam1": "intl_equity",
      "fam2": null
    },
    {
      "t1": "BMED",
      "t2": "FNDX",
      "corr_hybrid": 0.5339,
      "corr_structured": null,
      "cat1": "Act",
      "cat2": "ETF",
      "exp1": null,
      "exp2": "value",
      "fam1": null,
      "fam2": "factor_value"
    }
  ],
  "all_pairs_bottom_10": [
    {
      "t1": "SLV",
      "t2": "XLE",
      "corr_hybrid": 0.014,
      "corr_structured": 0.2,
      "cat1": "ETF",
      "cat2": "ETF",
      "exp1": "silver_physical",
      "exp2": "energy",
      "fam1": "precious_metals",
      "fam2": "sector_energy"
    },
    {
      "t1": "FLKR",
      "t2": "VICI",
      "corr_hybrid": 0.0125,
      "corr_structured": null,
      "cat1": "ETF",
      "cat2": "Act",
      "exp1": "south_korea",
      "exp2": null,
      "fam1": "em_equity",
      "fam2": null
    },
    {
      "t1": "NVDA",
      "t2": "VICI",
      "corr_hybrid": -0.0089,
      "corr_structured": null,
      "cat1": "Act",
      "cat2": "Act",
      "exp1": null,
      "exp2": null,
      "fam1": null,
      "fam2": null
    },
    {
      "t1": "GOOG",
      "t2": "XLE",
      "corr_hybrid": 0.0045,
      "corr_structured": null,
      "cat1": "Act",
      "cat2": "ETF",
      "exp1": null,
      "exp2": "energy",
      "fam1": null,
      "fam2": "sector_energy"
    },
    {
      "t1": "ITX",
      "t2": "XLV",
      "corr_hybrid": 0.0033,
      "corr_structured": null,
      "cat1": "Act",
      "cat2": "ETF",
      "exp1": null,
      "exp2": "healthcare",
      "fam1": null,
      "fam2": "sector_healthcare"
    },
    {
      "t1": "SOXX",
      "t2": "VICI",
      "corr_hybrid": -0.0029,
      "corr_structured": null,
      "cat1": "ETF",
      "cat2": "Act",
      "exp1": "semiconductor",
      "exp2": null,
      "fam1": "sector_tech",
      "fam2": null
    },
    {
      "t1": "GLD",
      "t2": "KO",
      "corr_hybrid": -0.0028,
      "corr_structured": null,
      "cat1": "ETF",
      "cat2": "Act",
      "exp1": "gold_physical",
      "exp2": null,
      "fam1": "gold",
      "fam2": null
    },
    {
      "t1": "ITX",
      "t2": "XLK",
      "corr_hybrid": 0.0024,
      "corr_structured": null,
      "cat1": "Act",
      "cat2": "ETF",
      "exp1": null,
      "exp2": "tech",
      "fam1": null,
      "fam2": "sector_tech"
    },
    {
      "t1": "GLD",
      "t2": "ITX",
      "corr_hybrid": 0.0019,
      "corr_structured": null,
      "cat1": "ETF",
      "cat2": "Act",
      "exp1": "gold_physical",
      "exp2": null,
      "fam1": "gold",
      "fam2": null
    },
    {
      "t1": "LI",
      "t2": "SPLV",
      "corr_hybrid": 0.0004,
      "corr_structured": null,
      "cat1": "Act",
      "cat2": "ETF",
      "exp1": null,
      "exp2": "sp500",
      "fam1": null,
      "fam2": "us_equity_large"
    }
  ],
  "correlation_matrix": {
    "tickers": [
      "000660",
      "2059",
      "ACWV",
      "BMED",
      "BSV",
      "DIVB",
      "FLKR",
      "FLTR",
      "FLTW",
      "FNDF",
      "FNDX",
      "GBIL",
      "GD",
      "GLD",
      "GOOG",
      "IG",
      "INCY",
      "ITX",
      "KO",
      "LI",
      "MTBA",
      "NOVN",
      "NVDA",
      "PEG",
      "REMX",
      "SCHD",
      "SCHO",
      "SCHP",
      "SLV",
      "SOXX",
      "SPLV",
      "SPYV",
      "STIP",
      "SUNPHARMA",
      "VGSH",
      "VICI",
      "XBI",
      "XLE",
      "XLK",
      "XLV"
    ],
    "matrix": [
      [
        1.0,
        0.6103,
        0.3974,
        0.4902,
        0.0845,
        0.3457,
        0.1229,
        0.0845,
        0.151,
        0.2929,
        0.3468,
        0.0845,
        0.3843,
        0.0952,
        0.2668,
        0.5643,
        0.366,
        0.3098,
        0.4347,
        0.2839,
        0.0845,
        0.2965,
        0.1853,
        0.4165,
        0.043,
        0.343,
        0.0845,
        0.5695,
        0.0683,
        0.1219,
        0.3775,
        0.3589,
        0.0845,
        0.6103,
        0.0845,
        0.448,
        0.2435,
        0.1457,
        0.1589,
        0.3441
      ],
      [
        0.6103,
        1.0,
        0.3974,
        0.4902,
        0.0845,
        0.3457,
        0.1229,
        0.0845,
        0.151,
        0.2929,
        0.3468,
        0.0845,
        0.3843,
        0.0952,
        0.2668,
        0.5643,
        0.366,
        0.3098,
        0.4347,
        0.2839,
        0.0845,
        0.2965,
        0.1853,
        0.4165,
        0.043,
        0.343,
        0.0845,
        0.5695,
        0.0683,
        0.1219,
        0.3775,
        0.3589,
        0.0845,
        0.6103,
        0.0845,
        0.448,
        0.2435,
        0.1457,
        0.1589,
        0.3441
      ],
      [
        0.3974,
        0.3974,
        1.0,
        0.4982,
        0.1,
        0.4456,
        0.2802,
        0.1,
        0.3167,
        0.4294,
        0.4638,
        0.1,
        0.3766,
        0.17,
        0.3009,
        0.3873,
        0.3943,
        0.0995,
        0.2793,
        0.0881,
        0.1,
        0.1624,
        0.1503,
        0.277,
        0.319,
        0.4248,
        0.1,
        0.3559,
        0.1828,
        0.28,
        0.3805,
        0.4612,
        0.1,
        0.3974,
        0.1,
        0.3472,
        0.3711,
        0.1689,
        0.2871,
        0.421
      ],
      [
        0.4902,
        0.4902,
        0.4982,
        1.0,
        0.111,
        0.5006,
        0.3552,
        0.111,
        0.3798,
        0.4981,
        0.5339,
        0.111,
        0.4093,
        0.1962,
        0.3761,
        0.4804,
        0.4787,
        0.048,
        0.3362,
        0.1977,
        0.111,
        0.1995,
        0.2343,
        0.3475,
        0.3031,
        0.4657,
        0.111,
        0.4434,
        0.2011,
        0.3573,
        0.4129,
        0.5279,
        0.111,
        0.4902,
        0.111,
        0.3883,
        0.4447,
        0.1627,
        0.3662,
        0.4747
      ],
      [
        0.0845,
        0.0845,
        0.1,
        0.111,
        1.0,
        0.1058,
        0.0718,
        0.0234,
        0.0819,
        0.1029,
        0.1107,
        0.0234,
        0.0857,
        0.0315,
        0.0693,
        0.082,
        0.0843,
        0.0292,
        0.0559,
        0.0209,
        0.0234,
        0.031,
        0.0397,
        0.0566,
        0.0852,
        0.0984,
        0.0234,
        0.0732,
        0.0344,
        0.0736,
        0.0839,
        0.1093,
        0.0234,
        0.0845,
        0.0234,
        0.0745,
        0.0857,
        0.039,
        0.0746,
        0.0954
      ],
      [
        0.3457,
        0.3457,
        0.4456,
        0.5006,
        0.1058,
        1.0,
        0.3958,
        0.1058,
        0.4365,
        0.5035,
        0.5286,
        0.1058,
        0.3639,
        0.1459,
        0.3375,
        0.3404,
        0.3777,
        0.0759,
        0.208,
        0.1355,
        0.1058,
        0.1075,
        0.2323,
        0.2302,
        0.4285,
        0.4394,
        0.1058,
        0.2902,
        0.1621,
        0.4109,
        0.348,
        0.5146,
        0.1058,
        0.3457,
        0.1058,
        0.2952,
        0.4195,
        0.1578,
        0.4089,
        0.4283
      ],
      [
        0.1229,
        0.1229,
        0.2802,
        0.3552,
        0.0718,
        0.3958,
        1.0,
        0.0718,
        0.7193,
        0.6064,
        0.5034,
        0.0718,
        0.1145,
        0.2783,
        0.4338,
        0.1396,
        0.2827,
        -0.0687,
        -0.0905,
        0.2729,
        0.0718,
        -0.0654,
        0.5848,
        0.0846,
        0.4475,
        0.2027,
        0.0718,
        0.049,
        0.351,
        0.7637,
        0.0404,
        0.4576,
        0.0718,
        0.1229,
        0.0718,
        0.0125,
        0.4668,
        -0.0533,
        0.7452,
        0.2536
      ],
      [
        0.0845,
        0.0845,
        0.1,
        0.111,
        0.0234,
        0.1058,
        0.0718,
        1.0,
        0.0819,
        0.1029,
        0.1107,
        0.0234,
        0.0857,
        0.0315,
        0.0693,
        0.082,
        0.0843,
        0.0292,
        0.0559,
        0.0209,
        0.0234,
        0.031,
        0.0397,
        0.0566,
        0.0852,
        0.0984,
        0.0234,
        0.0732,
        0.0344,
        0.0736,
        0.0839,
        0.1093,
        0.0234,
        0.0845,
        0.0234,
        0.0745,
        0.0857,
        0.039,
        0.0746,
        0.0954
      ],
      [
        0.151,
        0.151,
        0.3167,
        0.3798,
        0.0819,
        0.4365,
        0.7193,
        0.0819,
        1.0,
        0.6349,
        0.5367,
        0.0819,
        0.1631,
        0.2848,
        0.4325,
        0.1594,
        0.2784,
        0.0223,
        -0.0722,
        0.2635,
        0.0819,
        -0.0519,
        0.5695,
        0.0962,
        0.5211,
        0.2465,
        0.0819,
        0.0694,
        0.3614,
        0.7625,
        0.083,
        0.4921,
        0.0819,
        0.151,
        0.0819,
        0.0553,
        0.4721,
        -0.0172,
        0.7453,
        0.283
      ],
      [
        0.2929,
        0.2929,
        0.4294,
        0.4981,
        0.1029,
        0.5035,
        0.6064,
        0.1029,
        0.6349,
        1.0,
        0.5768,
        0.1029,
        0.2947,
        0.338,
        0.423,
        0.2925,
        0.3722,
        0.054,
        0.0911,
        0.2324,
        0.1029,
        0.0541,
        0.4284,
        0.2063,
        0.5359,
        0.3723,
        0.1029,
        0.2213,
        0.4044,
        0.6282,
        0.2479,
        0.5457,
        0.1029,
        0.2929,
        0.1029,
        0.217,
        0.4962,
        0.0798,
        0.617,
        0.3948
      ],
      [
        0.3468,
        0.3468,
        0.4638,
        0.5339,
        0.1107,
        0.5286,
        0.5034,
        0.1107,
        0.5367,
        0.5768,
        1.0,
        0.1107,
        0.3543,
        0.1785,
        0.3982,
        0.3466,
        0.4109,
        0.0343,
        0.1802,
        0.1866,
        0.1107,
        0.0886,
        0.3294,
        0.2327,
        0.4631,
        0.4433,
        0.1107,
        0.2828,
        0.2033,
        0.5255,
        0.3276,
        0.5617,
        0.1107,
        0.3468,
        0.1107,
        0.2725,
        0.4797,
        0.1315,
        0.5202,
        0.4448
      ],
      [
        0.0845,
        0.0845,
        0.1,
        0.111,
        0.0234,
        0.1058,
        0.0718,
        0.0234,
        0.0819,
        0.1029,
        0.1107,
        1.0,
        0.0857,
        0.0315,
        0.0693,
        0.082,
        0.0843,
        0.0292,
        0.0559,
        0.0209,
        0.0234,
        0.031,
        0.0397,
        0.0566,
        0.0852,
        0.0984,
        0.0234,
        0.0732,
        0.0344,
        0.0736,
        0.0839,
        0.1093,
        0.0234,
        0.0845,
        0.0234,
        0.0745,
        0.0857,
        0.039,
        0.0746,
        0.0954
      ],
      [
        0.3843,
        0.3843,
        0.3766,
        0.4093,
        0.0857,
        0.3639,
        0.1145,
        0.0857,
        0.1631,
        0.2947,
        0.3543,
        0.0857,
        1.0,
        0.0834,
        0.1923,
        0.3609,
        0.2958,
        0.203,
        0.2985,
        0.0598,
        0.0857,
        0.1806,
        0.0302,
        0.2571,
        0.2522,
        0.3822,
        0.0857,
        0.3514,
        0.077,
        0.1106,
        0.3723,
        0.3615,
        0.0857,
        0.3843,
        0.0857,
        0.3563,
        0.2463,
        0.1926,
        0.124,
        0.3543
      ],
      [
        0.0952,
        0.0952,
        0.17,
        0.1962,
        0.0315,
        0.1459,
        0.2783,
        0.0315,
        0.2848,
        0.338,
        0.1785,
        0.0315,
        0.0834,
        1.0,
        0.1379,
        0.0865,
        0.1069,
        0.0019,
        -0.0028,
        0.214,
        0.0315,
        0.0693,
        0.1347,
        0.1317,
        0.4358,
        0.082,
        0.0315,
        0.0788,
        0.8291,
        0.2422,
        0.0756,
        0.1601,
        0.0315,
        0.0952,
        0.0315,
        0.1221,
        0.2219,
        0.0282,
        0.2181,
        0.1219
      ],
      [
        0.2668,
        0.2668,
        0.3009,
        0.3761,
        0.0693,
        0.3375,
        0.4338,
        0.0693,
        0.4325,
        0.423,
        0.3982,
        0.0693,
        0.1923,
        0.1379,
        1.0,
        0.2731,
        0.3442,
        0.0144,
        0.1084,
        0.1144,
        0.0693,
        0.0557,
        0.3788,
        0.1851,
        0.1679,
        0.2338,
        0.0693,
        0.2193,
        0.1678,
        0.4546,
        0.1625,
        0.3819,
        0.0693,
        0.2668,
        0.0693,
        0.1515,
        0.3584,
        0.0045,
        0.4627,
        0.28
      ],
      [
        0.5643,
        0.5643,
        0.3873,
        0.4804,
        0.082,
        0.3404,
        0.1396,
        0.082,
        0.1594,
        0.2925,
        0.3466,
        0.082,
        0.3609,
        0.0865,
        0.2731,
        1.0,
        0.3805,
        0.2267,
        0.4071,
        0.2376,
        0.082,
        0.2695,
        0.1803,
        0.3892,
        0.031,
        0.3366,
        0.082,
        0.5286,
        0.0612,
        0.138,
        0.3613,
        0.3571,
        0.082,
        0.5643,
        0.082,
        0.4123,
        0.2594,
        0.1318,
        0.1709,
        0.345
      ],
      [
        0.366,
        0.366,
        0.3943,
        0.4787,
        0.0843,
        0.3777,
        0.2827,
        0.0843,
        0.2784,
        0.3722,
        0.4109,
        0.0843,
        0.2958,
        0.1069,
        0.3442,
        0.3805,
        1.0,
        -0.082,
        0.2715,
        -0.0262,
        0.0843,
        0.1409,
        0.1935,
        0.2703,
        0.0694,
        0.3503,
        0.0843,
        0.3429,
        0.1121,
        0.2796,
        0.3204,
        0.4123,
        0.0843,
        0.366,
        0.0843,
        0.2767,
        0.3806,
        0.0836,
        0.2945,
        0.3942
      ],
      [
        0.3098,
        0.3098,
        0.0995,
        0.048,
        0.0292,
        0.0759,
        -0.0687,
        0.0292,
        0.0223,
        0.054,
        0.0343,
        0.0292,
        0.203,
        0.0019,
        0.0144,
        0.2267,
        -0.082,
        1.0,
        0.1414,
        -0.0198,
        0.0292,
        0.1491,
        0.1216,
        0.1517,
        0.0586,
        0.0366,
        0.0292,
        0.2515,
        0.0349,
        -0.0511,
        0.1194,
        0.0545,
        0.0292,
        0.3098,
        0.0292,
        0.2621,
        -0.1248,
        0.0786,
        0.0024,
        0.0033
      ],
      [
        0.4347,
        0.4347,
        0.2793,
        0.3362,
        0.0559,
        0.208,
        -0.0905,
        0.0559,
        -0.0722,
        0.0911,
        0.1802,
        0.0559,
        0.2985,
        -0.0028,
        0.1084,
        0.4071,
        0.2715,
        0.1414,
        1.0,
        0.0991,
        0.0559,
        0.2461,
        -0.0613,
        0.3045,
        -0.058,
        0.2755,
        0.0559,
        0.43,
        -0.0487,
        -0.108,
        0.3333,
        0.2021,
        0.0559,
        0.4347,
        0.0559,
        0.3591,
        0.1174,
        0.1545,
        -0.0806,
        0.2617
      ],
      [
        0.2839,
        0.2839,
        0.0881,
        0.1977,
        0.0209,
        0.1355,
        0.2729,
        0.0209,
        0.2635,
        0.2324,
        0.1866,
        0.0209,
        0.0598,
        0.214,
        0.1144,
        0.2376,
        -0.0262,
        -0.0198,
        0.0991,
        1.0,
        0.0209,
        0.1237,
        0.3159,
        0.2014,
        0.297,
        0.0696,
        0.0209,
        0.2395,
        0.1782,
        0.2957,
        0.0004,
        0.1514,
        0.0209,
        0.2839,
        0.0209,
        0.1022,
        0.1431,
        0.0161,
        0.274,
        0.0362
      ],
      [
        0.0845,
        0.0845,
        0.1,
        0.111,
        0.0234,
        0.1058,
        0.0718,
        0.0234,
        0.0819,
        0.1029,
        0.1107,
        0.0234,
        0.0857,
        0.0315,
        0.0693,
        0.082,
        0.0843,
        0.0292,
        0.0559,
        0.0209,
        1.0,
        0.031,
        0.0397,
        0.0566,
        0.0852,
        0.0984,
        0.0234,
        0.0732,
        0.0344,
        0.0736,
        0.0839,
        0.1093,
        0.0234,
        0.0845,
        0.0234,
        0.0745,
        0.0857,
        0.039,
        0.0746,
        0.0954
      ],
      [
        0.2965,
        0.2965,
        0.1624,
        0.1995,
        0.031,
        0.1075,
        -0.0654,
        0.031,
        -0.0519,
        0.0541,
        0.0886,
        0.031,
        0.1806,
        0.0693,
        0.0557,
        0.2695,
        0.1409,
        0.1491,
        0.2461,
        0.1237,
        0.031,
        1.0,
        -0.0246,
        0.2118,
        -0.0252,
        0.1444,
        0.031,
        0.2916,
        0.0509,
        -0.0801,
        0.1954,
        0.1023,
        0.031,
        0.2965,
        0.031,
        0.2403,
        0.0516,
        0.0916,
        -0.0614,
        0.1376
      ],
      [
        0.1853,
        0.1853,
        0.1503,
        0.2343,
        0.0397,
        0.2323,
        0.5848,
        0.0397,
        0.5695,
        0.4284,
        0.3294,
        0.0397,
        0.0302,
        0.1347,
        0.3788,
        0.1803,
        0.1935,
        0.1216,
        -0.0613,
        0.3159,
        0.0397,
        -0.0246,
        1.0,
        0.1113,
        0.1288,
        0.0342,
        0.0397,
        0.1139,
        0.1814,
        0.635,
        -0.0642,
        0.2955,
        0.0397,
        0.1853,
        0.0397,
        -0.0089,
        0.2983,
        -0.1345,
        0.6447,
        0.1014
      ],
      [
        0.4165,
        0.4165,
        0.277,
        0.3475,
        0.0566,
        0.2302,
        0.0846,
        0.0566,
        0.0962,
        0.2063,
        0.2327,
        0.0566,
        0.2571,
        0.1317,
        0.1851,
        0.3892,
        0.2703,
        0.1517,
        0.3045,
        0.2014,
        0.0566,
        0.2118,
        0.1113,
        1.0,
        0.0311,
        0.2333,
        0.0566,
        0.395,
        0.121,
        0.0757,
        0.2626,
        0.2409,
        0.0566,
        0.4165,
        0.0566,
        0.3102,
        0.1822,
        0.0973,
        0.0977,
        0.2426
      ],
      [
        0.043,
        0.043,
        0.319,
        0.3031,
        0.0852,
        0.4285,
        0.4475,
        0.0852,
        0.5211,
        0.5359,
        0.4631,
        0.0852,
        0.2522,
        0.4358,
        0.1679,
        0.031,
        0.0694,
        0.0586,
        -0.058,
        0.297,
        0.0852,
        -0.0252,
        0.1288,
        0.0311,
        1.0,
        0.3591,
        0.0852,
        -0.0186,
        0.5152,
        0.4566,
        0.2085,
        0.4238,
        0.0852,
        0.043,
        0.0852,
        0.1415,
        0.3545,
        0.1892,
        0.4054,
        0.2933
      ],
      [
        0.343,
        0.343,
        0.4248,
        0.4657,
        0.0984,
        0.4394,
        0.2027,
        0.0984,
        0.2465,
        0.3723,
        0.4433,
        0.0984,
        0.3822,
        0.082,
        0.2338,
        0.3366,
        0.3503,
        0.0366,
        0.2755,
        0.0696,
        0.0984,
        0.1444,
        0.0342,
        0.2333,
        0.3591,
        1.0,
        0.0984,
        0.3097,
        0.0715,
        0.202,
        0.3998,
        0.4419,
        0.0984,
        0.343,
        0.0984,
        0.3337,
        0.3385,
        0.2114,
        0.2004,
        0.4223
      ],
      [
        0.0845,
        0.0845,
        0.1,
        0.111,
        0.0234,
        0.1058,
        0.0718,
        0.0234,
        0.0819,
        0.1029,
        0.1107,
        0.0234,
        0.0857,
        0.0315,
        0.0693,
        0.082,
        0.0843,
        0.0292,
        0.0559,
        0.0209,
        0.0234,
        0.031,
        0.0397,
        0.0566,
        0.0852,
        0.0984,
        1.0,
        0.0732,
        0.0344,
        0.0736,
        0.0839,
        0.1093,
        0.0234,
        0.0845,
        0.0234,
        0.0745,
        0.0857,
        0.039,
        0.0746,
        0.0954
      ],
      [
        0.5695,
        0.5695,
        0.3559,
        0.4434,
        0.0732,
        0.2902,
        0.049,
        0.0732,
        0.0694,
        0.2213,
        0.2828,
        0.0732,
        0.3514,
        0.0788,
        0.2193,
        0.5286,
        0.3429,
        0.2515,
        0.43,
        0.2395,
        0.0732,
        0.2916,
        0.1139,
        0.395,
        -0.0186,
        0.3097,
        0.0732,
        1.0,
        0.0461,
        0.0407,
        0.3594,
        0.2989,
        0.0732,
        0.5695,
        0.0732,
        0.4244,
        0.2,
        0.1402,
        0.0764,
        0.3119
      ],
      [
        0.0683,
        0.0683,
        0.1828,
        0.2011,
        0.0344,
        0.1621,
        0.351,
        0.0344,
        0.3614,
        0.4044,
        0.2033,
        0.0344,
        0.077,
        0.8291,
        0.1678,
        0.0612,
        0.1121,
        0.0349,
        -0.0487,
        0.1782,
        0.0344,
        0.0509,
        0.1814,
        0.121,
        0.5152,
        0.0715,
        0.0344,
        0.0461,
        1.0,
        0.3117,
        0.0604,
        0.1809,
        0.0344,
        0.0683,
        0.0344,
        0.1118,
        0.2554,
        0.014,
        0.2847,
        0.1253
      ],
      [
        0.1219,
        0.1219,
        0.28,
        0.3573,
        0.0736,
        0.4109,
        0.7637,
        0.0736,
        0.7625,
        0.6282,
        0.5255,
        0.0736,
        0.1106,
        0.2422,
        0.4546,
        0.138,
        0.2796,
        -0.0511,
        -0.108,
        0.2957,
        0.0736,
        -0.0801,
        0.635,
        0.0757,
        0.4566,
        0.202,
        0.0736,
        0.0407,
        0.3117,
        1.0,
        0.0254,
        0.4764,
        0.0736,
        0.1219,
        0.0736,
        -0.0029,
        0.4784,
        -0.0642,
        0.7964,
        0.2519
      ],
      [
        0.3775,
        0.3775,
        0.3805,
        0.4129,
        0.0839,
        0.348,
        0.0404,
        0.0839,
        0.083,
        0.2479,
        0.3276,
        0.0839,
        0.3723,
        0.0756,
        0.1625,
        0.3613,
        0.3204,
        0.1194,
        0.3333,
