{
  "_meta": {
    "generated": "2026-04-21T09:22:42",
    "portfolio_generated": "2026-04-21T09:18:53.477443",
    "n_assets": 41,
    "n_with_returns": 27,
    "covariance_method": "hybrid_shrunk",
    "condition_number": 303.84,
    "pca_factors": 6
  },
  "profiles": {
    "Agressif": {
      "n_assets": 16,
      "weighted_avg_correlation": 0.2427,
      "most_correlated": [
        {
          "t1": "COPX",
          "t2": "PICK",
          "corr": 0.8411,
          "w1": 8.4,
          "w2": 7.3,
          "combined_weight": 15.7
        },
        {
          "t1": "PICK",
          "t2": "GDE",
          "corr": 0.7408,
          "w1": 7.3,
          "w2": 7.2,
          "combined_weight": 14.5
        },
        {
          "t1": "COPX",
          "t2": "GDE",
          "corr": 0.7343,
          "w1": 8.4,
          "w2": 7.2,
          "combined_weight": 15.6
        },
        {
          "t1": "FLKR",
          "t2": "SOXX",
          "corr": 0.6801,
          "w1": 7.6,
          "w2": 8.4,
          "combined_weight": 16.0
        },
        {
          "t1": "FLKR",
          "t2": "PICK",
          "corr": 0.6714,
          "w1": 7.6,
          "w2": 7.3,
          "combined_weight": 14.9
        },
        {
          "t1": "URA",
          "t2": "COPX",
          "corr": 0.6529,
          "w1": 6.5,
          "w2": 8.4,
          "combined_weight": 14.9
        },
        {
          "t1": "FLKR",
          "t2": "COPX",
          "corr": 0.6416,
          "w1": 7.6,
          "w2": 8.4,
          "combined_weight": 15.9
        },
        {
          "t1": "GDE",
          "t2": "GLD",
          "corr": 0.6377,
          "w1": 7.2,
          "w2": 8.4,
          "combined_weight": 15.6
        },
        {
          "t1": "PICK",
          "t2": "SOXX",
          "corr": 0.6333,
          "w1": 7.3,
          "w2": 8.4,
          "combined_weight": 15.7
        },
        {
          "t1": "URA",
          "t2": "PICK",
          "corr": 0.6126,
          "w1": 6.5,
          "w2": 7.3,
          "combined_weight": 13.8
        }
      ],
      "least_correlated": [
        {
          "t1": "GALP",
          "t2": "XBI",
          "corr": -0.0346,
          "w1": 6.4,
          "w2": 3.1,
          "combined_weight": 9.6
        },
        {
          "t1": "PICK",
          "t2": "GALP",
          "corr": -0.0698,
          "w1": 7.3,
          "w2": 6.4,
          "combined_weight": 13.7
        },
        {
          "t1": "SOXX",
          "t2": "GALP",
          "corr": -0.0698,
          "w1": 8.4,
          "w2": 6.4,
          "combined_weight": 14.8
        },
        {
          "t1": "COPX",
          "t2": "GALP",
          "corr": -0.0987,
          "w1": 8.4,
          "w2": 6.4,
          "combined_weight": 14.8
        },
        {
          "t1": "FLKR",
          "t2": "GALP",
          "corr": -0.1056,
          "w1": 7.6,
          "w2": 6.4,
          "combined_weight": 14.0
        }
      ],
      "high_corr_high_weight": [
        {
          "t1": "COPX",
          "t2": "PICK",
          "corr": 0.8411,
          "w1": 8.4,
          "w2": 7.3,
          "combined_weight": 15.7
        },
        {
          "t1": "PICK",
          "t2": "GDE",
          "corr": 0.7408,
          "w1": 7.3,
          "w2": 7.2,
          "combined_weight": 14.5
        },
        {
          "t1": "COPX",
          "t2": "GDE",
          "corr": 0.7343,
          "w1": 8.4,
          "w2": 7.2,
          "combined_weight": 15.6
        }
      ]
    },
    "Mod\u00e9r\u00e9": {
      "n_assets": 17,
      "weighted_avg_correlation": 0.2253,
      "most_correlated": [
        {
          "t1": "VSS",
          "t2": "FNDF",
          "corr": 0.7218,
          "w1": 9.0,
          "w2": 9.1,
          "combined_weight": 18.1
        },
        {
          "t1": "FDVV",
          "t2": "FNDF",
          "corr": 0.6498,
          "w1": 9.0,
          "w2": 9.1,
          "combined_weight": 18.1
        },
        {
          "t1": "VSS",
          "t2": "FDVV",
          "corr": 0.634,
          "w1": 9.0,
          "w2": 9.0,
          "combined_weight": 18.0
        },
        {
          "t1": "VSS",
          "t2": "RIO",
          "corr": 0.5999,
          "w1": 9.0,
          "w2": 4.6,
          "combined_weight": 13.6
        },
        {
          "t1": "FNDF",
          "t2": "RIO",
          "corr": 0.5749,
          "w1": 9.1,
          "w2": 4.6,
          "combined_weight": 13.7
        },
        {
          "t1": "RIO",
          "t2": "GLD",
          "corr": 0.5229,
          "w1": 4.6,
          "w2": 4.5,
          "combined_weight": 9.2
        },
        {
          "t1": "FDVV",
          "t2": "XLV",
          "corr": 0.521,
          "w1": 9.0,
          "w2": 3.4,
          "combined_weight": 12.4
        },
        {
          "t1": "FDVV",
          "t2": "SCHD",
          "corr": 0.5146,
          "w1": 9.0,
          "w2": 9.0,
          "combined_weight": 18.0
        },
        {
          "t1": "EICHERMOT",
          "t2": "SUNPHARMA",
          "corr": 0.5108,
          "w1": 5.1,
          "w2": 4.6,
          "combined_weight": 9.7
        },
        {
          "t1": "FNDF",
          "t2": "SCHD",
          "corr": 0.4919,
          "w1": 9.1,
          "w2": 9.0,
          "combined_weight": 18.1
        }
      ],
      "least_correlated": [
        {
          "t1": "GLD",
          "t2": "XLV",
          "corr": 0.014,
          "w1": 4.5,
          "w2": 3.4,
          "combined_weight": 8.0
        },
        {
          "t1": "LI",
          "t2": "ITX",
          "corr": -0.0078,
          "w1": 4.6,
          "w2": 4.0,
          "combined_weight": 8.7
        },
        {
          "t1": "ITX",
          "t2": "XLV",
          "corr": -0.0112,
          "w1": 4.0,
          "w2": 3.4,
          "combined_weight": 7.4
        },
        {
          "t1": "LI",
          "t2": "GLD",
          "corr": -0.0349,
          "w1": 4.6,
          "w2": 4.5,
          "combined_weight": 9.2
        },
        {
          "t1": "ITX",
          "t2": "GLD",
          "corr": -0.0794,
          "w1": 4.0,
          "w2": 4.5,
          "combined_weight": 8.6
        }
      ],
      "high_corr_high_weight": [
        {
          "t1": "VSS",
          "t2": "FNDF",
          "corr": 0.7218,
          "w1": 9.0,
          "w2": 9.1,
          "combined_weight": 18.1
        }
      ]
    },
    "Stable": {
      "n_assets": 13,
      "weighted_avg_correlation": 0.1181,
      "most_correlated": [
        {
          "t1": "SPYV",
          "t2": "XLV",
          "corr": 0.5404,
          "w1": 7.2,
          "w2": 4.3,
          "combined_weight": 11.4
        },
        {
          "t1": "ACWV",
          "t2": "SPYV",
          "corr": 0.5353,
          "w1": 6.9,
          "w2": 7.2,
          "combined_weight": 14.1
        },
        {
          "t1": "ACWV",
          "t2": "XLV",
          "corr": 0.4779,
          "w1": 6.9,
          "w2": 4.3,
          "combined_weight": 11.2
        },
        {
          "t1": "SPLV",
          "t2": "SPYV",
          "corr": 0.4134,
          "w1": 6.9,
          "w2": 7.2,
          "combined_weight": 14.1
        },
        {
          "t1": "SPLV",
          "t2": "ACWV",
          "corr": 0.4121,
          "w1": 6.9,
          "w2": 6.9,
          "combined_weight": 13.9
        },
        {
          "t1": "SPLV",
          "t2": "XLV",
          "corr": 0.4069,
          "w1": 6.9,
          "w2": 4.3,
          "combined_weight": 11.2
        },
        {
          "t1": "SHEL",
          "t2": "HEN",
          "corr": 0.3456,
          "w1": 7.6,
          "w2": 7.4,
          "combined_weight": 15.0
        },
        {
          "t1": "CIPLA",
          "t2": "HEN",
          "corr": 0.3363,
          "w1": 7.4,
          "w2": 7.4,
          "combined_weight": 14.9
        },
        {
          "t1": "SHEL",
          "t2": "CIPLA",
          "corr": 0.3006,
          "w1": 7.6,
          "w2": 7.4,
          "combined_weight": 15.0
        },
        {
          "t1": "SHEL",
          "t2": "GLD",
          "corr": 0.2997,
          "w1": 7.6,
          "w2": 3.3,
          "combined_weight": 10.8
        }
      ],
      "least_correlated": [
        {
          "t1": "BSV",
          "t2": "CS",
          "corr": 0.0179,
          "w1": 13.0,
          "w2": 7.4,
          "combined_weight": 20.4
        },
        {
          "t1": "CLTL",
          "t2": "CS",
          "corr": 0.0179,
          "w1": 11.6,
          "w2": 7.4,
          "combined_weight": 19.1
        },
        {
          "t1": "CS",
          "t2": "VGSH",
          "corr": 0.0179,
          "w1": 7.4,
          "w2": 3.9,
          "combined_weight": 11.4
        },
        {
          "t1": "CS",
          "t2": "STIP",
          "corr": 0.0179,
          "w1": 7.4,
          "w2": 13.0,
          "combined_weight": 20.4
        },
        {
          "t1": "XLV",
          "t2": "GLD",
          "corr": 0.014,
          "w1": 4.3,
          "w2": 3.3,
          "combined_weight": 7.5
        }
      ],
      "high_corr_high_weight": []
    }
  },
  "all_pairs_top_30": [
    {
      "t1": "COPX",
      "t2": "PICK",
      "corr_hybrid": 0.8411,
      "corr_structured": 0.2,
      "cat1": "ETF",
      "cat2": "ETF",
      "exp1": "copper",
      "exp2": "metals_mining",
      "fam1": "commodities",
      "fam2": null
    },
    {
      "t1": "PICK",
      "t2": "VSS",
      "corr_hybrid": 0.7542,
      "corr_structured": 0.2,
      "cat1": "ETF",
      "cat2": "ETF",
      "exp1": "metals_mining",
      "exp2": "intl_small_cap",
      "fam1": null,
      "fam2": null
    },
    {
      "t1": "GDE",
      "t2": "PICK",
      "corr_hybrid": 0.7408,
      "corr_structured": 0.2,
      "cat1": "ETF",
      "cat2": "ETF",
      "exp1": "gold_leveraged",
      "exp2": "metals_mining",
      "fam1": null,
      "fam2": null
    },
    {
      "t1": "COPX",
      "t2": "GDE",
      "corr_hybrid": 0.7343,
      "corr_structured": 0.2,
      "cat1": "ETF",
      "cat2": "ETF",
      "exp1": "copper",
      "exp2": "gold_leveraged",
      "fam1": "commodities",
      "fam2": null
    },
    {
      "t1": "FNDF",
      "t2": "VSS",
      "corr_hybrid": 0.7218,
      "corr_structured": 0.2,
      "cat1": "ETF",
      "cat2": "ETF",
      "exp1": "international",
      "exp2": "intl_small_cap",
      "fam1": "intl_equity",
      "fam2": null
    },
    {
      "t1": "FNDF",
      "t2": "PICK",
      "corr_hybrid": 0.72,
      "corr_structured": 0.2,
      "cat1": "ETF",
      "cat2": "ETF",
      "exp1": "international",
      "exp2": "metals_mining",
      "fam1": "intl_equity",
      "fam2": null
    },
    {
      "t1": "COPX",
      "t2": "VSS",
      "corr_hybrid": 0.7141,
      "corr_structured": 0.2,
      "cat1": "ETF",
      "cat2": "ETF",
      "exp1": "copper",
      "exp2": "intl_small_cap",
      "fam1": "commodities",
      "fam2": null
    },
    {
      "t1": "FLKR",
      "t2": "SOXX",
      "corr_hybrid": 0.6801,
      "corr_structured": 0.2,
      "cat1": "ETF",
      "cat2": "ETF",
      "exp1": "south_korea",
      "exp2": "semiconductor",
      "fam1": "em_equity",
      "fam2": "sector_tech"
    },
    {
      "t1": "PICK",
      "t2": "RIO",
      "corr_hybrid": 0.6774,
      "corr_structured": null,
      "cat1": "ETF",
      "cat2": "Act",
      "exp1": "metals_mining",
      "exp2": null,
      "fam1": null,
      "fam2": null
    },
    {
      "t1": "COPX",
      "t2": "FNDF",
      "corr_hybrid": 0.6727,
      "corr_structured": 0.2,
      "cat1": "ETF",
      "cat2": "ETF",
      "exp1": "copper",
      "exp2": "international",
      "fam1": "commodities",
      "fam2": "intl_equity"
    },
    {
      "t1": "FLKR",
      "t2": "PICK",
      "corr_hybrid": 0.6714,
      "corr_structured": 0.2,
      "cat1": "ETF",
      "cat2": "ETF",
      "exp1": "south_korea",
      "exp2": "metals_mining",
      "fam1": "em_equity",
      "fam2": null
    },
    {
      "t1": "FLKR",
      "t2": "VSS",
      "corr_hybrid": 0.6675,
      "corr_structured": 0.2,
      "cat1": "ETF",
      "cat2": "ETF",
      "exp1": "south_korea",
      "exp2": "intl_small_cap",
      "fam1": "em_equity",
      "fam2": null
    },
    {
      "t1": "COPX",
      "t2": "RIO",
      "corr_hybrid": 0.6622,
      "corr_structured": null,
      "cat1": "ETF",
      "cat2": "Act",
      "exp1": "copper",
      "exp2": null,
      "fam1": "commodities",
      "fam2": null
    },
    {
      "t1": "SOXX",
      "t2": "VSS",
      "corr_hybrid": 0.6564,
      "corr_structured": 0.2,
      "cat1": "ETF",
      "cat2": "ETF",
      "exp1": "semiconductor",
      "exp2": "intl_small_cap",
      "fam1": "sector_tech",
      "fam2": null
    },
    {
      "t1": "COPX",
      "t2": "URA",
      "corr_hybrid": 0.6529,
      "corr_structured": 0.9,
      "cat1": "ETF",
      "cat2": "ETF",
      "exp1": "copper",
      "exp2": "uranium",
      "fam1": "commodities",
      "fam2": "commodities"
    },
    {
      "t1": "FDVV",
      "t2": "FNDF",
      "corr_hybrid": 0.6498,
      "corr_structured": 0.2,
      "cat1": "ETF",
      "cat2": "ETF",
      "exp1": "dividend",
      "exp2": "international",
      "fam1": "factor_dividend",
      "fam2": "intl_equity"
    },
    {
      "t1": "FLKR",
      "t2": "FNDF",
      "corr_hybrid": 0.6464,
      "corr_structured": 0.62,
      "cat1": "ETF",
      "cat2": "ETF",
      "exp1": "south_korea",
      "exp2": "international",
      "fam1": "em_equity",
      "fam2": "intl_equity"
    },
    {
      "t1": "COPX",
      "t2": "FLKR",
      "corr_hybrid": 0.6416,
      "corr_structured": 0.2,
      "cat1": "ETF",
      "cat2": "ETF",
      "exp1": "copper",
      "exp2": "south_korea",
      "fam1": "commodities",
      "fam2": "em_equity"
    },
    {
      "t1": "FNDF",
      "t2": "SOXX",
      "corr_hybrid": 0.6392,
      "corr_structured": 0.2,
      "cat1": "ETF",
      "cat2": "ETF",
      "exp1": "international",
      "exp2": "semiconductor",
      "fam1": "intl_equity",
      "fam2": "sector_tech"
    },
    {
      "t1": "FDVV",
      "t2": "SPYV",
      "corr_hybrid": 0.639,
      "corr_structured": 0.8,
      "cat1": "ETF",
      "cat2": "ETF",
      "exp1": "dividend",
      "exp2": "sp500_value",
      "fam1": "factor_dividend",
      "fam2": "factor_value"
    },
    {
      "t1": "GDE",
      "t2": "GLD",
      "corr_hybrid": 0.6377,
      "corr_structured": 0.2,
      "cat1": "ETF",
      "cat2": "ETF",
      "exp1": "gold_leveraged",
      "exp2": "gold_physical",
      "fam1": null,
      "fam2": "gold"
    },
    {
      "t1": "FDVV",
      "t2": "VSS",
      "corr_hybrid": 0.634,
      "corr_structured": 0.2,
      "cat1": "ETF",
      "cat2": "ETF",
      "exp1": "dividend",
      "exp2": "intl_small_cap",
      "fam1": "factor_dividend",
      "fam2": null
    },
    {
      "t1": "GDE",
      "t2": "VSS",
      "corr_hybrid": 0.634,
      "corr_structured": 0.2,
      "cat1": "ETF",
      "cat2": "ETF",
      "exp1": "gold_leveraged",
      "exp2": "intl_small_cap",
      "fam1": null,
      "fam2": null
    },
    {
      "t1": "PICK",
      "t2": "SOXX",
      "corr_hybrid": 0.6333,
      "corr_structured": 0.2,
      "cat1": "ETF",
      "cat2": "ETF",
      "exp1": "metals_mining",
      "exp2": "semiconductor",
      "fam1": null,
      "fam2": "sector_tech"
    },
    {
      "t1": "GDE",
      "t2": "RIO",
      "corr_hybrid": 0.6312,
      "corr_structured": null,
      "cat1": "ETF",
      "cat2": "Act",
      "exp1": "gold_leveraged",
      "exp2": null,
      "fam1": null,
      "fam2": null
    },
    {
      "t1": "FNDF",
      "t2": "SPYV",
      "corr_hybrid": 0.6255,
      "corr_structured": 0.2,
      "cat1": "ETF",
      "cat2": "ETF",
      "exp1": "international",
      "exp2": "sp500_value",
      "fam1": "intl_equity",
      "fam2": "factor_value"
    },
    {
      "t1": "PICK",
      "t2": "URA",
      "corr_hybrid": 0.6126,
      "corr_structured": 0.2,
      "cat1": "ETF",
      "cat2": "ETF",
      "exp1": "metals_mining",
      "exp2": "uranium",
      "fam1": null,
      "fam2": "commodities"
    },
    {
      "t1": "SPYV",
      "t2": "VSS",
      "corr_hybrid": 0.6015,
      "corr_structured": 0.2,
      "cat1": "ETF",
      "cat2": "ETF",
      "exp1": "sp500_value",
      "exp2": "intl_small_cap",
      "fam1": "factor_value",
      "fam2": null
    },
    {
      "t1": "COPX",
      "t2": "CS",
      "corr_hybrid": 0.5999,
      "corr_structured": null,
      "cat1": "ETF",
      "cat2": "Act",
      "exp1": "copper",
      "exp2": null,
      "fam1": "commodities",
      "fam2": null
    },
    {
      "t1": "RIO",
      "t2": "VSS",
      "corr_hybrid": 0.5999,
      "corr_structured": null,
      "cat1": "Act",
      "cat2": "ETF",
      "exp1": null,
      "exp2": "intl_small_cap",
      "fam1": null,
      "fam2": null
    }
  ],
  "all_pairs_bottom_10": [
    {
      "t1": "CIPLA",
      "t2": "VSS",
      "corr_hybrid": 0.0119,
      "corr_structured": null,
      "cat1": "Act",
      "cat2": "ETF",
      "exp1": null,
      "exp2": "intl_small_cap",
      "fam1": null,
      "fam2": null
    },
    {
      "t1": "ITX",
      "t2": "XLV",
      "corr_hybrid": -0.0112,
      "corr_structured": null,
      "cat1": "Act",
      "cat2": "ETF",
      "exp1": null,
      "exp2": "healthcare",
      "fam1": null,
      "fam2": "sector_healthcare"
    },
    {
      "t1": "URA",
      "t2": "XLV",
      "corr_hybrid": -0.0109,
      "corr_structured": 0.2,
      "cat1": "ETF",
      "cat2": "ETF",
      "exp1": "uranium",
      "exp2": "healthcare",
      "fam1": "commodities",
      "fam2": "sector_healthcare"
    },
    {
      "t1": "ACWV",
      "t2": "ITX",
      "corr_hybrid": 0.0101,
      "corr_structured": null,
      "cat1": "ETF",
      "cat2": "Act",
      "exp1": "min_vol",
      "exp2": null,
      "fam1": "factor_min_vol",
      "fam2": null
    },
    {
      "t1": "ITX",
      "t2": "LI",
      "corr_hybrid": -0.0078,
      "corr_structured": null,
      "cat1": "Act",
      "cat2": "Act",
      "exp1": null,
      "exp2": null,
      "fam1": null,
      "fam2": null
    },
    {
      "t1": "CIPLA",
      "t2": "PICK",
      "corr_hybrid": -0.0062,
      "corr_structured": null,
      "cat1": "Act",
      "cat2": "ETF",
      "exp1": null,
      "exp2": "metals_mining",
      "fam1": null,
      "fam2": null
    },
    {
      "t1": "GALP",
      "t2": "GDE",
      "corr_hybrid": -0.0062,
      "corr_structured": null,
      "cat1": "Act",
      "cat2": "ETF",
      "exp1": null,
      "exp2": "gold_leveraged",
      "fam1": null,
      "fam2": null
    },
    {
      "t1": "FLKR",
      "t2": "HEN",
      "corr_hybrid": 0.0049,
      "corr_structured": null,
      "cat1": "ETF",
      "cat2": "Act",
      "exp1": "south_korea",
      "exp2": null,
      "fam1": "em_equity",
      "fam2": null
    },
    {
      "t1": "NOVN",
      "t2": "URA",
      "corr_hybrid": -0.0044,
      "corr_structured": null,
      "cat1": "Act",
      "cat2": "ETF",
      "exp1": null,
      "exp2": "uranium",
      "fam1": null,
      "fam2": "commodities"
    },
    {
      "t1": "HEN",
      "t2": "URA",
      "corr_hybrid": -0.0034,
      "corr_structured": null,
      "cat1": "Act",
      "cat2": "ETF",
      "exp1": null,
      "exp2": "uranium",
      "fam1": null,
      "fam2": "commodities"
    }
  ],
  "correlation_matrix": {
    "tickers": [
      "068270",
      "2059",
      "2345",
      "ACWV",
      "BAC",
      "BSV",
      "CIPLA",
      "CLTL",
      "COPX",
      "CS",
      "CUMMINSIND",
      "EDV",
      "EICHERMOT",
      "FDVV",
      "FLKR",
      "FLTR",
      "FNDF",
      "GALP",
      "GDE",
      "GLD",
      "GTIP",
      "HEN",
      "ITX",
      "LI",
      "NOVN",
      "PAAA",
      "PICK",
      "RIO",
      "SCHD",
      "SHEL",
      "SOXX",
      "SPLV",
      "SPYV",
      "STIP",
      "SUNPHARMA",
      "URA",
      "USFR",
      "VGSH",
      "VSS",
      "XBI",
      "XLV"
    ],
    "matrix": [
      [
        1.0,
        0.5108,
        0.5108,
        0.3197,
        0.3427,
        0.0679,
        0.3809,
        0.0679,
        0.1334,
        0.1757,
        0.5108,
        0.4173,
        0.5108,
        0.2828,
        0.0853,
        0.0679,
        0.2492,
        0.3257,
        0.1578,
        0.114,
        0.0679,
        0.385,
        0.2515,
        0.2584,
        0.4119,
        0.0679,
        0.1815,
        0.3208,
        0.2877,
        0.3693,
        0.1061,
        0.2978,
        0.2843,
        0.0679,
        0.5108,
        0.0593,
        0.0679,
        0.0679,
        0.2355,
        0.155,
        0.235
      ],
      [
        0.5108,
        1.0,
        0.5108,
        0.3197,
        0.3427,
        0.0679,
        0.3809,
        0.0679,
        0.1334,
        0.1757,
        0.5108,
        0.4173,
        0.5108,
        0.2828,
        0.0853,
        0.0679,
        0.2492,
        0.3257,
        0.1578,
        0.114,
        0.0679,
        0.385,
        0.2515,
        0.2584,
        0.4119,
        0.0679,
        0.1815,
        0.3208,
        0.2877,
        0.3693,
        0.1061,
        0.2978,
        0.2843,
        0.0679,
        0.5108,
        0.0593,
        0.0679,
        0.0679,
        0.2355,
        0.155,
        0.235
      ],
      [
        0.5108,
        0.5108,
        1.0,
        0.3197,
        0.3427,
        0.0679,
        0.3809,
        0.0679,
        0.1334,
        0.1757,
        0.5108,
        0.4173,
        0.5108,
        0.2828,
        0.0853,
        0.0679,
        0.2492,
        0.3257,
        0.1578,
        0.114,
        0.0679,
        0.385,
        0.2515,
        0.2584,
        0.4119,
        0.0679,
        0.1815,
        0.3208,
        0.2877,
        0.3693,
        0.1061,
        0.2978,
        0.2843,
        0.0679,
        0.5108,
        0.0593,
        0.0679,
        0.0679,
        0.2355,
        0.155,
        0.235
      ],
      [
        0.3197,
        0.3197,
        0.3197,
        1.0,
        0.3754,
        0.1116,
        0.149,
        0.1116,
        0.3489,
        0.2267,
        0.3197,
        0.2954,
        0.3197,
        0.5281,
        0.3866,
        0.1116,
        0.5175,
        0.0932,
        0.3394,
        0.1449,
        0.1116,
        0.2329,
        0.0101,
        0.2018,
        0.2631,
        0.1116,
        0.4243,
        0.4055,
        0.469,
        0.2631,
        0.3912,
        0.4121,
        0.5353,
        0.1116,
        0.3197,
        0.1028,
        0.1116,
        0.1116,
        0.4924,
        0.4432,
        0.4779
      ],
      [
        0.3427,
        0.3427,
        0.3427,
        0.3754,
        1.0,
        0.0846,
        0.1734,
        0.0846,
        0.2307,
        0.1902,
        0.3427,
        0.2803,
        0.3427,
        0.4195,
        0.2874,
        0.0846,
        0.3815,
        0.1781,
        0.2074,
        0.0496,
        0.0846,
        0.2055,
        0.1039,
        0.3398,
        0.2691,
        0.0846,
        0.2889,
        0.3005,
        0.3611,
        0.216,
        0.3268,
        0.3059,
        0.4259,
        0.0846,
        0.3427,
        0.1469,
        0.0846,
        0.0846,
        0.365,
        0.3251,
        0.3459
      ],
      [
        0.0679,
        0.0679,
        0.0679,
        0.1116,
        0.0846,
        1.0,
        0.0251,
        0.0277,
        0.0773,
        0.0179,
        0.0679,
        0.0647,
        0.0679,
        0.1239,
        0.0994,
        0.0277,
        0.1204,
        0.0187,
        0.0812,
        0.0323,
        0.0277,
        0.0467,
        0.0226,
        0.0398,
        0.0574,
        0.0277,
        0.0968,
        0.086,
        0.107,
        0.0553,
        0.1004,
        0.0895,
        0.1254,
        0.0277,
        0.0679,
        0.0286,
        0.0277,
        0.0277,
        0.1171,
        0.1046,
        0.1093
      ],
      [
        0.3809,
        0.3809,
        0.3809,
        0.149,
        0.1734,
        0.0251,
        1.0,
        0.0251,
        -0.0337,
        0.0435,
        0.3809,
        0.3149,
        0.3809,
        0.0462,
        -0.1343,
        0.0251,
        0.018,
        0.3021,
        0.0548,
        0.1206,
        0.0251,
        0.3363,
        0.0605,
        0.0894,
        0.2988,
        0.0251,
        -0.0062,
        0.1834,
        0.1072,
        0.3006,
        -0.1369,
        0.1801,
        0.0504,
        0.0251,
        0.3809,
        -0.0536,
        0.0251,
        0.0251,
        0.0119,
        -0.0315,
        0.0637
      ],
      [
        0.0679,
        0.0679,
        0.0679,
        0.1116,
        0.0846,
        0.0277,
        0.0251,
        1.0,
        0.0773,
        0.0179,
        0.0679,
        0.0647,
        0.0679,
        0.1239,
        0.0994,
        0.0277,
        0.1204,
        0.0187,
        0.0812,
        0.0323,
        0.0277,
        0.0467,
        0.0226,
        0.0398,
        0.0574,
        0.0277,
        0.0968,
        0.086,
        0.107,
        0.0553,
        0.1004,
        0.0895,
        0.1254,
        0.0277,
        0.0679,
        0.0286,
        0.0277,
        0.0277,
        0.1171,
        0.1046,
        0.1093
      ],
      [
        0.1334,
        0.1334,
        0.1334,
        0.3489,
        0.2307,
        0.0773,
        -0.0337,
        0.0773,
        1.0,
        0.5999,
        0.1334,
        0.0906,
        0.1334,
        0.4992,
        0.6416,
        0.0773,
        0.6727,
        -0.0987,
        0.7343,
        0.5735,
        0.0773,
        0.1255,
        0.0913,
        0.1997,
        0.1017,
        0.0773,
        0.8411,
        0.6622,
        0.3021,
        0.2623,
        0.5984,
        0.1824,
        0.4367,
        0.0773,
        0.1334,
        0.6529,
        0.0773,
        0.0773,
        0.7141,
        0.4023,
        0.268
      ],
      [
        0.1757,
        0.1757,
        0.1757,
        0.2267,
        0.1902,
        0.0179,
        0.0435,
        0.0179,
        0.5999,
        1.0,
        0.1757,
        0.1027,
        0.1757,
        0.315,
        0.3125,
        0.0179,
        0.4385,
        -0.0785,
        0.3238,
        0.241,
        0.0179,
        0.1371,
        0.067,
        0.2603,
        0.1406,
        0.0179,
        0.5469,
        0.4754,
        0.2191,
        0.2036,
        0.3061,
        0.1607,
        0.274,
        0.0179,
        0.1757,
        0.3246,
        0.0179,
        0.0179,
        0.4137,
        0.2306,
        0.1835
      ],
      [
        0.5108,
        0.5108,
        0.5108,
        0.3197,
        0.3427,
        0.0679,
        0.3809,
        0.0679,
        0.1334,
        0.1757,
        1.0,
        0.4173,
        0.5108,
        0.2828,
        0.0853,
        0.0679,
        0.2492,
        0.3257,
        0.1578,
        0.114,
        0.0679,
        0.385,
        0.2515,
        0.2584,
        0.4119,
        0.0679,
        0.1815,
        0.3208,
        0.2877,
        0.3693,
        0.1061,
        0.2978,
        0.2843,
        0.0679,
        0.5108,
        0.0593,
        0.0679,
        0.0679,
        0.2355,
        0.155,
        0.235
      ],
      [
        0.4173,
        0.4173,
        0.4173,
        0.2954,
        0.2803,
        0.0647,
        0.3149,
        0.0647,
        0.0906,
        0.1027,
        0.4173,
        1.0,
        0.4173,
        0.2485,
        0.0659,
        0.0647,
        0.2173,
        0.2456,
        0.127,
        0.0853,
        0.0647,
        0.3317,
        0.1987,
        0.1299,
        0.3461,
        0.0647,
        0.1416,
        0.2597,
        0.2696,
        0.3158,
        0.0709,
        0.2851,
        0.2554,
        0.0647,
        0.4173,
        -0.0321,
        0.0647,
        0.0647,
        0.1981,
        0.1503,
        0.2376
      ],
      [
        0.5108,
        0.5108,
        0.5108,
        0.3197,
        0.3427,
        0.0679,
        0.3809,
        0.0679,
        0.1334,
        0.1757,
        0.5108,
        0.4173,
        1.0,
        0.2828,
        0.0853,
        0.0679,
        0.2492,
        0.3257,
        0.1578,
        0.114,
        0.0679,
        0.385,
        0.2515,
        0.2584,
        0.4119,
        0.0679,
        0.1815,
        0.3208,
        0.2877,
        0.3693,
        0.1061,
        0.2978,
        0.2843,
        0.0679,
        0.5108,
        0.0593,
        0.0679,
        0.0679,
        0.2355,
        0.155,
        0.235
      ],
      [
        0.2828,
        0.2828,
        0.2828,
        0.5281,
        0.4195,
        0.1239,
        0.0462,
        0.1239,
        0.4992,
        0.315,
        0.2828,
        0.2485,
        0.2828,
        1.0,
        0.5702,
        0.1239,
        0.6498,
        0.0349,
        0.4268,
        0.1581,
        0.1239,
        0.1584,
        0.0908,
        0.3245,
        0.2313,
        0.1239,
        0.5691,
        0.4608,
        0.5146,
        0.2191,
        0.5918,
        0.3959,
        0.639,
        0.1239,
        0.2828,
        0.276,
        0.1239,
        0.1239,
        0.634,
        0.5454,
        0.521
      ],
      [
        0.0853,
        0.0853,
        0.0853,
        0.3866,
        0.2874,
        0.0994,
        -0.1343,
        0.0994,
        0.6416,
        0.3125,
        0.0853,
        0.0659,
        0.0853,
        0.5702,
        1.0,
        0.0994,
        0.6464,
        -0.1056,
        0.5364,
        0.2774,
        0.0994,
        0.0049,
        0.1313,
        0.2783,
        0.0693,
        0.0994,
        0.6714,
        0.4538,
        0.3762,
        0.1122,
        0.6801,
        0.216,
        0.5401,
        0.0994,
        0.0853,
        0.4998,
        0.0994,
        0.0994,
        0.6675,
        0.4963,
        0.3762
      ],
      [
        0.0679,
        0.0679,
        0.0679,
        0.1116,
        0.0846,
        0.0277,
        0.0251,
        0.0277,
        0.0773,
        0.0179,
        0.0679,
        0.0647,
        0.0679,
        0.1239,
        0.0994,
        1.0,
        0.1204,
        0.0187,
        0.0812,
        0.0323,
        0.0277,
        0.0467,
        0.0226,
        0.0398,
        0.0574,
        0.0277,
        0.0968,
        0.086,
        0.107,
        0.0553,
        0.1004,
        0.0895,
        0.1254,
        0.0277,
        0.0679,
        0.0286,
        0.0277,
        0.0277,
        0.1171,
        0.1046,
        0.1093
      ],
      [
        0.2492,
        0.2492,
        0.2492,
        0.5175,
        0.3815,
        0.1204,
        0.018,
        0.1204,
        0.6727,
        0.4385,
        0.2492,
        0.2173,
        0.2492,
        0.6498,
        0.6464,
        0.1204,
        1.0,
        -0.0271,
        0.5772,
        0.3238,
        0.1204,
        0.1661,
        0.1129,
        0.2633,
        0.2071,
        0.1204,
        0.72,
        0.5749,
        0.4919,
        0.2604,
        0.6392,
        0.3642,
        0.6255,
        0.1204,
        0.2492,
        0.4057,
        0.1204,
        0.1204,
        0.7218,
        0.5466,
        0.4876
      ],
      [
        0.3257,
        0.3257,
        0.3257,
        0.0932,
        0.1781,
        0.0187,
        0.3021,
        0.0187,
        -0.0987,
        -0.0785,
        0.3257,
        0.2456,
        0.3257,
        0.0349,
        -0.1056,
        0.0187,
        -0.0271,
        1.0,
        -0.0062,
        0.0289,
        0.0187,
        0.2315,
        0.047,
        0.2479,
        0.2366,
        0.0187,
        -0.0698,
        0.0864,
        0.0623,
        0.1922,
        -0.0698,
        0.1048,
        0.0428,
        0.0187,
        0.3257,
        0.0416,
        0.0187,
        0.0187,
        -0.0201,
        -0.0346,
        0.0184
      ],
      [
        0.1578,
        0.1578,
        0.1578,
        0.3394,
        0.2074,
        0.0812,
        0.0548,
        0.0812,
        0.7343,
        0.3238,
        0.1578,
        0.127,
        0.1578,
        0.4268,
        0.5364,
        0.0812,
        0.5772,
        -0.0062,
        1.0,
        0.6377,
        0.0812,
        0.1816,
        -0.042,
        0.1204,
        0.1103,
        0.0812,
        0.7408,
        0.6312,
        0.2667,
        0.3012,
        0.4786,
        0.1934,
        0.3725,
        0.0812,
        0.1578,
        0.5971,
        0.0812,
        0.0812,
        0.634,
        0.3417,
        0.2359
      ],
      [
        0.114,
        0.114,
        0.114,
        0.1449,
        0.0496,
        0.0323,
        0.1206,
        0.0323,
        0.5735,
        0.241,
        0.114,
        0.0853,
        0.114,
        0.1581,
        0.2774,
        0.0323,
        0.3238,
        0.0289,
        0.6377,
        1.0,
        0.0323,
        0.2031,
        -0.0794,
        -0.0349,
        0.0721,
        0.0323,
        0.5486,
        0.5229,
        0.0608,
        0.2997,
        0.1956,
        0.0583,
        0.0989,
        0.0323,
        0.114,
        0.5051,
        0.0323,
        0.0323,
        0.392,
        0.0959,
        0.014
      ],
      [
        0.0679,
        0.0679,
        0.0679,
        0.1116,
        0.0846,
        0.0277,
        0.0251,
        0.0277,
        0.0773,
        0.0179,
        0.0679,
        0.0647,
        0.0679,
        0.1239,
        0.0994,
        0.0277,
        0.1204,
        0.0187,
        0.0812,
        0.0323,
        1.0,
        0.0467,
        0.0226,
        0.0398,
        0.0574,
        0.0277,
        0.0968,
        0.086,
        0.107,
        0.0553,
        0.1004,
        0.0895,
        0.1254,
        0.0277,
        0.0679,
        0.0286,
        0.0277,
        0.0277,
        0.1171,
        0.1046,
        0.1093
      ],
      [
        0.385,
        0.385,
        0.385,
        0.2329,
        0.2055,
        0.0467,
        0.3363,
        0.0467,
        0.1255,
        0.1371,
        0.385,
        0.3317,
        0.385,
        0.1584,
        0.0049,
        0.0467,
        0.1661,
        0.2315,
        0.1816,
        0.2031,
        0.0467,
        1.0,
        0.1369,
        0.0358,
        0.317,
        0.0467,
        0.156,
        0.2939,
        0.191,
        0.3456,
        -0.0173,
        0.2354,
        0.1538,
        0.0467,
        0.385,
        -0.0034,
        0.0467,
        0.0467,
        0.1592,
        0.0684,
        0.1509
      ],
      [
        0.2515,
        0.2515,
        0.2515,
        0.0101,
        0.1039,
        0.0226,
        0.0605,
        0.0226,
        0.0913,
        0.067,
        0.2515,
        0.1987,
        0.2515,
        0.0908,
        0.1313,
        0.0226,
        0.1129,
        0.047,
        -0.042,
        -0.0794,
        0.0226,
        0.1369,
        1.0,
        -0.0078,
        0.2722,
        0.0226,
        0.0815,
        0.0474,
        0.058,
        0.1544,
        0.1416,
        -0.0228,
        0.0684,
        0.0226,
        0.2515,
        0.0357,
        0.0226,
        0.0226,
        0.1118,
        -0.0162,
        -0.0112
      ],
      [
        0.2584,
        0.2584,
        0.2584,
        0.2018,
        0.3398,
        0.0398,
        0.0894,
        0.0398,
        0.1997,
        0.2603,
        0.2584,
        0.1299,
        0.2584,
        0.3245,
        0.2783,
        0.0398,
        0.2633,
        0.2479,
        0.1204,
        -0.0349,
        0.0398,
        0.0358,
        -0.0078,
        1.0,
        0.1482,
        0.0398,
        0.2176,
        0.1961,
        0.1957,
        0.0448,
        0.3915,
        0.1054,
        0.3208,
        0.0398,
        0.2584,
        0.4455,
        0.0398,
        0.0398,
        0.2756,
        0.2337,
        0.1551
      ],
      [
        0.4119,
        0.4119,
        0.4119,
        0.2631,
        0.2691,
        0.0574,
        0.2988,
        0.0574,
        0.1017,
        0.1406,
        0.4119,
        0.3461,
        0.4119,
        0.2313,
        0.0693,
        0.0574,
        0.2071,
        0.2366,
        0.1103,
        0.0721,
        0.0574,
        0.317,
        0.2722,
        0.1482,
        1.0,
        0.0574,
        0.1421,
        0.249,
        0.244,
        0.3042,
        0.0788,
        0.25,
        0.2336,
        0.0574,
        0.4119,
        -0.0044,
        0.0574,
        0.0574,
        0.1899,
        0.1281,
        0.204
      ],
      [
        0.0679,
        0.0679,
        0.0679,
        0.1116,
        0.0846,
        0.0277,
        0.0251,
        0.0277,
        0.0773,
        0.0179,
        0.0679,
        0.0647,
        0.0679,
        0.1239,
        0.0994,
        0.0277,
        0.1204,
        0.0187,
        0.0812,
        0.0323,
        0.0277,
        0.0467,
        0.0226,
        0.0398,
        0.0574,
        1.0,
        0.0968,
        0.086,
        0.107,
        0.0553,
        0.1004,
        0.0895,
        0.1254,
        0.0277,
        0.0679,
        0.0286,
        0.0277,
        0.0277,
        0.1171,
        0.1046,
        0.1093
      ],
      [
        0.1815,
        0.1815,
        0.1815,
        0.4243,
        0.2889,
        0.0968,
        -0.0062,
        0.0968,
        0.8411,
        0.5469,
        0.1815,
        0.1416,
        0.1815,
        0.5691,
        0.6714,
        0.0968,
        0.72,
        -0.0698,
        0.7408,
        0.5486,
        0.0968,
        0.156,
        0.0815,
        0.2176,
        0.1421,
        0.0968,
        1.0,
        0.6774,
        0.3765,
        0.2867,
        0.6333,
        0.2536,
        0.5153,
        0.0968,
        0.1815,
        0.6126,
        0.0968,
        0.0968,
        0.7542,
        0.4657,
        0.35
      ],
      [
        0.3208,
        0.3208,
        0.3208,
        0.4055,
        0.3005,
        0.086,
        0.1834,
        0.086,
        0.6622,
        0.4754,
        0.3208,
        0.2597,
        0.3208,
        0.4608,
        0.4538,
        0.086,
        0.5749,
        0.0864,
        0.6312,
        0.5229,
        0.086,
        0.2939,
        0.0474,
        0.1961,
        0.249,
        0.086,
        0.6774,
        1.0,
        0.342,
        0.3815,
        0.4155,
        0.2891,
        0.4188,
        0.086,
        0.3208,
        0.4602,
        0.086,
        0.086,
        0.5999,
        0.3449,
        0.3009
      ],
      [
        0.2877,
        0.2877,
        0.2877,
        0.469,
        0.3611,
        0.107,
        0.1072,
        0.107,
        0.3021,
        0.2191,
        0.2877,
        0.2696,
        0.2877,
        0.5146,
        0.3762,
        0.107,
        0.4919,
        0.0623,
        0.2667,
        0.0608,
        0.107,
        0.191,
        0.058,
        0.1957,
        0.244,
        0.107,
        0.3765,
        0.342,
        1.0,
        0.2153,
        0.3895,
        0.3928,
        0.5264,
        0.107,
        0.2877,
        0.0532,
        0.107,
        0.107,
        0.4586,
        0.4376,
        0.474
      ],
      [
        0.3693,
        0.3693,
        0.3693,
        0.2631,
        0.216,
        0.0553,
        0.3006,
        0.0553,
        0.2623,
        0.2036,
        0.3693,
        0.3158,
        0.3693,
        0.2191,
        0.1122,
        0.0553,
        0.2604,
        0.1922,
        0.3012,
        0.2997,
        0.0553,
        0.3456,
        0.1544,
        0.0448,
        0.3042,
        0.0553,
        0.2867,
        0.3815,
        0.2153,
