{
  "_meta": {
    "generated": "2026-04-01T16:11:22",
    "portfolio_generated": "2026-04-01T16:09:50.091026",
    "n_assets": 38,
    "n_with_returns": 32,
    "covariance_method": "hybrid_shrunk",
    "condition_number": 502.82,
    "pca_factors": 4
  },
  "profiles": {
    "Agressif": {
      "n_assets": 14,
      "weighted_avg_correlation": 0.3108,
      "most_correlated": [
        {
          "t1": "SOXX",
          "t2": "MU",
          "corr": 0.8182,
          "w1": 9.8,
          "w2": 7.6,
          "combined_weight": 17.3
        },
        {
          "t1": "VRT",
          "t2": "MU",
          "corr": 0.7835,
          "w1": 5.2,
          "w2": 7.6,
          "combined_weight": 12.8
        },
        {
          "t1": "VRT",
          "t2": "SOXX",
          "corr": 0.7748,
          "w1": 5.2,
          "w2": 9.8,
          "combined_weight": 15.0
        },
        {
          "t1": "SOXX",
          "t2": "NVDA",
          "corr": 0.7168,
          "w1": 9.8,
          "w2": 3.7,
          "combined_weight": 13.5
        },
        {
          "t1": "SLV",
          "t2": "GLD",
          "corr": 0.7167,
          "w1": 6.8,
          "w2": 11.8,
          "combined_weight": 18.6
        },
        {
          "t1": "NVDA",
          "t2": "MU",
          "corr": 0.7033,
          "w1": 3.7,
          "w2": 7.6,
          "combined_weight": 11.3
        },
        {
          "t1": "VRT",
          "t2": "NVDA",
          "corr": 0.6804,
          "w1": 5.2,
          "w2": 3.7,
          "combined_weight": 9.0
        },
        {
          "t1": "SLVP",
          "t2": "SLV",
          "corr": 0.6639,
          "w1": 4.6,
          "w2": 6.8,
          "combined_weight": 11.4
        },
        {
          "t1": "SOXX",
          "t2": "FLKR",
          "corr": 0.644,
          "w1": 9.8,
          "w2": 6.8,
          "combined_weight": 16.5
        },
        {
          "t1": "MU",
          "t2": "FLKR",
          "corr": 0.5978,
          "w1": 7.6,
          "w2": 6.8,
          "combined_weight": 14.4
        }
      ],
      "least_correlated": [
        {
          "t1": "INCY",
          "t2": "CF",
          "corr": -0.0641,
          "w1": 9.5,
          "w2": 6.1,
          "combined_weight": 15.6
        },
        {
          "t1": "MU",
          "t2": "CF",
          "corr": -0.0676,
          "w1": 7.6,
          "w2": 6.1,
          "combined_weight": 13.6
        },
        {
          "t1": "CF",
          "t2": "FLKR",
          "corr": -0.1034,
          "w1": 6.1,
          "w2": 6.8,
          "combined_weight": 12.9
        },
        {
          "t1": "CF",
          "t2": "GOOGL",
          "corr": -0.1048,
          "w1": 6.1,
          "w2": 4.5,
          "combined_weight": 10.6
        },
        {
          "t1": "CF",
          "t2": "SLVP",
          "corr": -0.2145,
          "w1": 6.1,
          "w2": 4.6,
          "combined_weight": 10.6
        }
      ],
      "high_corr_high_weight": [
        {
          "t1": "SOXX",
          "t2": "MU",
          "corr": 0.8182,
          "w1": 9.8,
          "w2": 7.6,
          "combined_weight": 17.3
        },
        {
          "t1": "VRT",
          "t2": "MU",
          "corr": 0.7835,
          "w1": 5.2,
          "w2": 7.6,
          "combined_weight": 12.8
        },
        {
          "t1": "VRT",
          "t2": "SOXX",
          "corr": 0.7748,
          "w1": 5.2,
          "w2": 9.8,
          "combined_weight": 15.0
        },
        {
          "t1": "SOXX",
          "t2": "NVDA",
          "corr": 0.7168,
          "w1": 9.8,
          "w2": 3.7,
          "combined_weight": 13.5
        },
        {
          "t1": "SLV",
          "t2": "GLD",
          "corr": 0.7167,
          "w1": 6.8,
          "w2": 11.8,
          "combined_weight": 18.6
        }
      ]
    },
    "Mod\u00e9r\u00e9": {
      "n_assets": 15,
      "weighted_avg_correlation": 0.2612,
      "most_correlated": [
        {
          "t1": "SCHD",
          "t2": "HDV",
          "corr": 0.6246,
          "w1": 6.8,
          "w2": 7.5,
          "combined_weight": 14.3
        },
        {
          "t1": "SCHD",
          "t2": "GGG",
          "corr": 0.5873,
          "w1": 6.8,
          "w2": 3.2,
          "combined_weight": 10.0
        },
        {
          "t1": "SCHD",
          "t2": "VSS",
          "corr": 0.5729,
          "w1": 6.8,
          "w2": 8.4,
          "combined_weight": 15.1
        },
        {
          "t1": "RIO",
          "t2": "VSS",
          "corr": 0.5723,
          "w1": 6.8,
          "w2": 8.4,
          "combined_weight": 15.1
        },
        {
          "t1": "SCHY",
          "t2": "VSS",
          "corr": 0.5722,
          "w1": 8.4,
          "w2": 8.4,
          "combined_weight": 16.8
        },
        {
          "t1": "SCHD",
          "t2": "XLV",
          "corr": 0.5683,
          "w1": 6.8,
          "w2": 3.1,
          "combined_weight": 9.9
        },
        {
          "t1": "SCHD",
          "t2": "SCHY",
          "corr": 0.5522,
          "w1": 6.8,
          "w2": 8.4,
          "combined_weight": 15.1
        },
        {
          "t1": "HDV",
          "t2": "GGG",
          "corr": 0.5293,
          "w1": 7.5,
          "w2": 3.2,
          "combined_weight": 10.7
        },
        {
          "t1": "HDV",
          "t2": "XLV",
          "corr": 0.5254,
          "w1": 7.5,
          "w2": 3.1,
          "combined_weight": 10.6
        },
        {
          "t1": "SCHY",
          "t2": "HDV",
          "corr": 0.5237,
          "w1": 8.4,
          "w2": 7.5,
          "combined_weight": 15.9
        }
      ],
      "least_correlated": [
        {
          "t1": "STIP",
          "t2": "GLD",
          "corr": 0.0354,
          "w1": 9.0,
          "w2": 8.1,
          "combined_weight": 17.1
        },
        {
          "t1": "VGSH",
          "t2": "ITX",
          "corr": 0.0284,
          "w1": 9.0,
          "w2": 3.2,
          "combined_weight": 12.2
        },
        {
          "t1": "STIP",
          "t2": "ITX",
          "corr": 0.0284,
          "w1": 9.0,
          "w2": 3.2,
          "combined_weight": 12.2
        },
        {
          "t1": "VGSH",
          "t2": "STIP",
          "corr": 0.0181,
          "w1": 9.0,
          "w2": 9.0,
          "combined_weight": 18.0
        },
        {
          "t1": "ITX",
          "t2": "GLD",
          "corr": -0.0148,
          "w1": 3.2,
          "w2": 8.1,
          "combined_weight": 11.3
        }
      ],
      "high_corr_high_weight": []
    },
    "Stable": {
      "n_assets": 16,
      "weighted_avg_correlation": 0.1267,
      "most_correlated": [
        {
          "t1": "SPYV",
          "t2": "XLV",
          "corr": 0.5823,
          "w1": 4.2,
          "w2": 4.2,
          "combined_weight": 8.4
        },
        {
          "t1": "ACWV",
          "t2": "SPYV",
          "corr": 0.575,
          "w1": 4.6,
          "w2": 4.2,
          "combined_weight": 8.7
        },
        {
          "t1": "ACWV",
          "t2": "XLV",
          "corr": 0.5416,
          "w1": 4.6,
          "w2": 4.2,
          "combined_weight": 8.7
        },
        {
          "t1": "ACWV",
          "t2": "SPLV",
          "corr": 0.5358,
          "w1": 4.6,
          "w2": 4.6,
          "combined_weight": 9.1
        },
        {
          "t1": "SPLV",
          "t2": "SPYV",
          "corr": 0.5289,
          "w1": 4.6,
          "w2": 4.2,
          "combined_weight": 8.7
        },
        {
          "t1": "SPLV",
          "t2": "XLV",
          "corr": 0.5188,
          "w1": 4.6,
          "w2": 4.2,
          "combined_weight": 8.7
        },
        {
          "t1": "SPYV",
          "t2": "GD",
          "corr": 0.5027,
          "w1": 4.2,
          "w2": 3.7,
          "combined_weight": 7.9
        },
        {
          "t1": "ACWV",
          "t2": "GD",
          "corr": 0.4565,
          "w1": 4.6,
          "w2": 3.7,
          "combined_weight": 8.3
        },
        {
          "t1": "SPLV",
          "t2": "VICI",
          "corr": 0.4532,
          "w1": 4.6,
          "w2": 4.4,
          "combined_weight": 9.0
        },
        {
          "t1": "SPLV",
          "t2": "GD",
          "corr": 0.451,
          "w1": 4.6,
          "w2": 3.7,
          "combined_weight": 8.3
        }
      ],
      "least_correlated": [
        {
          "t1": "BSV",
          "t2": "VGSH",
          "corr": 0.0181,
          "w1": 9.0,
          "w2": 11.8,
          "combined_weight": 20.8
        },
        {
          "t1": "BSV",
          "t2": "STIP",
          "corr": 0.0181,
          "w1": 9.0,
          "w2": 13.0,
          "combined_weight": 22.0
        },
        {
          "t1": "CLTL",
          "t2": "VGSH",
          "corr": 0.0181,
          "w1": 9.5,
          "w2": 11.8,
          "combined_weight": 21.2
        },
        {
          "t1": "CLTL",
          "t2": "STIP",
          "corr": 0.0181,
          "w1": 9.5,
          "w2": 13.0,
          "combined_weight": 22.5
        },
        {
          "t1": "VGSH",
          "t2": "STIP",
          "corr": 0.0181,
          "w1": 11.8,
          "w2": 13.0,
          "combined_weight": 24.8
        }
      ],
      "high_corr_high_weight": []
    }
  },
  "all_pairs_top_30": [
    {
      "t1": "MU",
      "t2": "SOXX",
      "corr_hybrid": 0.8182,
      "corr_structured": null,
      "cat1": "Act",
      "cat2": "ETF",
      "exp1": null,
      "exp2": "semiconductor",
      "fam1": null,
      "fam2": "sector_tech"
    },
    {
      "t1": "MU",
      "t2": "VRT",
      "corr_hybrid": 0.7835,
      "corr_structured": null,
      "cat1": "Act",
      "cat2": "Act",
      "exp1": null,
      "exp2": null,
      "fam1": null,
      "fam2": null
    },
    {
      "t1": "SOXX",
      "t2": "VRT",
      "corr_hybrid": 0.7748,
      "corr_structured": null,
      "cat1": "ETF",
      "cat2": "Act",
      "exp1": "semiconductor",
      "exp2": null,
      "fam1": "sector_tech",
      "fam2": null
    },
    {
      "t1": "NVDA",
      "t2": "SOXX",
      "corr_hybrid": 0.7168,
      "corr_structured": null,
      "cat1": "Act",
      "cat2": "ETF",
      "exp1": null,
      "exp2": "semiconductor",
      "fam1": null,
      "fam2": "sector_tech"
    },
    {
      "t1": "GLD",
      "t2": "SLV",
      "corr_hybrid": 0.7167,
      "corr_structured": 0.85,
      "cat1": "ETF",
      "cat2": "ETF",
      "exp1": "gold_physical",
      "exp2": "silver_physical",
      "fam1": "gold",
      "fam2": "precious_metals"
    },
    {
      "t1": "MU",
      "t2": "NVDA",
      "corr_hybrid": 0.7033,
      "corr_structured": null,
      "cat1": "Act",
      "cat2": "Act",
      "exp1": null,
      "exp2": null,
      "fam1": null,
      "fam2": null
    },
    {
      "t1": "NVDA",
      "t2": "VRT",
      "corr_hybrid": 0.6804,
      "corr_structured": null,
      "cat1": "Act",
      "cat2": "Act",
      "exp1": null,
      "exp2": null,
      "fam1": null,
      "fam2": null
    },
    {
      "t1": "SCHD",
      "t2": "SPYV",
      "corr_hybrid": 0.6673,
      "corr_structured": 0.8,
      "cat1": "ETF",
      "cat2": "ETF",
      "exp1": "dividend",
      "exp2": "sp500_value",
      "fam1": "factor_dividend",
      "fam2": "factor_value"
    },
    {
      "t1": "SLV",
      "t2": "SLVP",
      "corr_hybrid": 0.6639,
      "corr_structured": 0.9,
      "cat1": "ETF",
      "cat2": "ETF",
      "exp1": "silver_physical",
      "exp2": "silver_miners",
      "fam1": "precious_metals",
      "fam2": "precious_metals"
    },
    {
      "t1": "FLKR",
      "t2": "SOXX",
      "corr_hybrid": 0.644,
      "corr_structured": 0.2,
      "cat1": "ETF",
      "cat2": "ETF",
      "exp1": "south_korea",
      "exp2": "semiconductor",
      "fam1": "em_equity",
      "fam2": "sector_tech"
    },
    {
      "t1": "SPYV",
      "t2": "VSS",
      "corr_hybrid": 0.6392,
      "corr_structured": 0.2,
      "cat1": "ETF",
      "cat2": "ETF",
      "exp1": "sp500_value",
      "exp2": "intl_small_cap",
      "fam1": "factor_value",
      "fam2": null
    },
    {
      "t1": "SOXX",
      "t2": "SPYV",
      "corr_hybrid": 0.6355,
      "corr_structured": 0.2,
      "cat1": "ETF",
      "cat2": "ETF",
      "exp1": "semiconductor",
      "exp2": "sp500_value",
      "fam1": "sector_tech",
      "fam2": "factor_value"
    },
    {
      "t1": "HDV",
      "t2": "SCHD",
      "corr_hybrid": 0.6246,
      "corr_structured": 0.95,
      "cat1": "ETF",
      "cat2": "ETF",
      "exp1": "dividend",
      "exp2": "dividend",
      "fam1": "factor_dividend",
      "fam2": "factor_dividend"
    },
    {
      "t1": "SOXX",
      "t2": "VSS",
      "corr_hybrid": 0.6128,
      "corr_structured": 0.2,
      "cat1": "ETF",
      "cat2": "ETF",
      "exp1": "semiconductor",
      "exp2": "intl_small_cap",
      "fam1": "sector_tech",
      "fam2": null
    },
    {
      "t1": "GGG",
      "t2": "SPYV",
      "corr_hybrid": 0.598,
      "corr_structured": null,
      "cat1": "Act",
      "cat2": "ETF",
      "exp1": null,
      "exp2": "sp500_value",
      "fam1": null,
      "fam2": "factor_value"
    },
    {
      "t1": "FLKR",
      "t2": "MU",
      "corr_hybrid": 0.5978,
      "corr_structured": null,
      "cat1": "ETF",
      "cat2": "Act",
      "exp1": "south_korea",
      "exp2": null,
      "fam1": "em_equity",
      "fam2": null
    },
    {
      "t1": "GGG",
      "t2": "SCHD",
      "corr_hybrid": 0.5873,
      "corr_structured": null,
      "cat1": "Act",
      "cat2": "ETF",
      "exp1": null,
      "exp2": "dividend",
      "fam1": null,
      "fam2": "factor_dividend"
    },
    {
      "t1": "HDV",
      "t2": "SPYV",
      "corr_hybrid": 0.586,
      "corr_structured": 0.8,
      "cat1": "ETF",
      "cat2": "ETF",
      "exp1": "dividend",
      "exp2": "sp500_value",
      "fam1": "factor_dividend",
      "fam2": "factor_value"
    },
    {
      "t1": "SPYV",
      "t2": "XLV",
      "corr_hybrid": 0.5823,
      "corr_structured": 0.2,
      "cat1": "ETF",
      "cat2": "ETF",
      "exp1": "sp500_value",
      "exp2": "healthcare",
      "fam1": "factor_value",
      "fam2": "sector_healthcare"
    },
    {
      "t1": "ACWV",
      "t2": "SCHD",
      "corr_hybrid": 0.5811,
      "corr_structured": 0.72,
      "cat1": "ETF",
      "cat2": "ETF",
      "exp1": "min_vol",
      "exp2": "dividend",
      "fam1": "factor_min_vol",
      "fam2": "factor_dividend"
    },
    {
      "t1": "ACWV",
      "t2": "SPYV",
      "corr_hybrid": 0.575,
      "corr_structured": 0.2,
      "cat1": "ETF",
      "cat2": "ETF",
      "exp1": "min_vol",
      "exp2": "sp500_value",
      "fam1": "factor_min_vol",
      "fam2": "factor_value"
    },
    {
      "t1": "SPYV",
      "t2": "XBI",
      "corr_hybrid": 0.5744,
      "corr_structured": 0.2,
      "cat1": "ETF",
      "cat2": "ETF",
      "exp1": "sp500_value",
      "exp2": "biotech",
      "fam1": "factor_value",
      "fam2": "sector_healthcare"
    },
    {
      "t1": "SCHD",
      "t2": "VSS",
      "corr_hybrid": 0.5729,
      "corr_structured": 0.2,
      "cat1": "ETF",
      "cat2": "ETF",
      "exp1": "dividend",
      "exp2": "intl_small_cap",
      "fam1": "factor_dividend",
      "fam2": null
    },
    {
      "t1": "RIO",
      "t2": "VSS",
      "corr_hybrid": 0.5723,
      "corr_structured": null,
      "cat1": "Act",
      "cat2": "ETF",
      "exp1": null,
      "exp2": "intl_small_cap",
      "fam1": null,
      "fam2": null
    },
    {
      "t1": "SCHY",
      "t2": "VSS",
      "corr_hybrid": 0.5722,
      "corr_structured": 0.2,
      "cat1": "ETF",
      "cat2": "ETF",
      "exp1": "international",
      "exp2": "intl_small_cap",
      "fam1": "intl_equity",
      "fam2": null
    },
    {
      "t1": "REMX",
      "t2": "SLV",
      "corr_hybrid": 0.572,
      "corr_structured": 0.2,
      "cat1": "ETF",
      "cat2": "ETF",
      "exp1": "rare_earth",
      "exp2": "silver_physical",
      "fam1": null,
      "fam2": "precious_metals"
    },
    {
      "t1": "SCHY",
      "t2": "SPYV",
      "corr_hybrid": 0.5697,
      "corr_structured": 0.2,
      "cat1": "ETF",
      "cat2": "ETF",
      "exp1": "international",
      "exp2": "sp500_value",
      "fam1": "intl_equity",
      "fam2": "factor_value"
    },
    {
      "t1": "CF",
      "t2": "EOG",
      "corr_hybrid": 0.5689,
      "corr_structured": null,
      "cat1": "Act",
      "cat2": "Act",
      "exp1": null,
      "exp2": null,
      "fam1": null,
      "fam2": null
    },
    {
      "t1": "SCHD",
      "t2": "XLV",
      "corr_hybrid": 0.5683,
      "corr_structured": 0.2,
      "cat1": "ETF",
      "cat2": "ETF",
      "exp1": "dividend",
      "exp2": "healthcare",
      "fam1": "factor_dividend",
      "fam2": "sector_healthcare"
    },
    {
      "t1": "SCHD",
      "t2": "SPLV",
      "corr_hybrid": 0.5682,
      "corr_structured": 0.82,
      "cat1": "ETF",
      "cat2": "ETF",
      "exp1": "dividend",
      "exp2": "sp500",
      "fam1": "factor_dividend",
      "fam2": "us_equity_large"
    }
  ],
  "all_pairs_bottom_10": [
    {
      "t1": "GLD",
      "t2": "INCY",
      "corr_hybrid": -0.0134,
      "corr_structured": null,
      "cat1": "ETF",
      "cat2": "Act",
      "exp1": "gold_physical",
      "exp2": null,
      "fam1": "gold",
      "fam2": null
    },
    {
      "t1": "SCHO",
      "t2": "VRT",
      "corr_hybrid": 0.0134,
      "corr_structured": null,
      "cat1": "Obl",
      "cat2": "Act",
      "exp1": "bonds_short_treasury",
      "exp2": null,
      "fam1": "bonds_short",
      "fam2": null
    },
    {
      "t1": "STIP",
      "t2": "VRT",
      "corr_hybrid": 0.0134,
      "corr_structured": null,
      "cat1": "Obl",
      "cat2": "Act",
      "exp1": "bonds_tips",
      "exp2": null,
      "fam1": "bonds_gov",
      "fam2": null
    },
    {
      "t1": "VGSH",
      "t2": "VRT",
      "corr_hybrid": 0.0134,
      "corr_structured": null,
      "cat1": "Obl",
      "cat2": "Act",
      "exp1": "bonds_short_treasury",
      "exp2": null,
      "fam1": "bonds_short",
      "fam2": null
    },
    {
      "t1": "INCY",
      "t2": "SLV",
      "corr_hybrid": -0.0118,
      "corr_structured": null,
      "cat1": "Act",
      "cat2": "ETF",
      "exp1": null,
      "exp2": "silver_physical",
      "fam1": null,
      "fam2": "precious_metals"
    },
    {
      "t1": "AGS",
      "t2": "SLVP",
      "corr_hybrid": 0.011,
      "corr_structured": null,
      "cat1": "Act",
      "cat2": "ETF",
      "exp1": null,
      "exp2": "silver_miners",
      "fam1": null,
      "fam2": "precious_metals"
    },
    {
      "t1": "JNJ",
      "t2": "NVDA",
      "corr_hybrid": 0.0084,
      "corr_structured": null,
      "cat1": "Act",
      "cat2": "Act",
      "exp1": null,
      "exp2": null,
      "fam1": null,
      "fam2": null
    },
    {
      "t1": "SCHP",
      "t2": "SLV",
      "corr_hybrid": 0.0083,
      "corr_structured": 0.2,
      "cat1": "Act",
      "cat2": "ETF",
      "exp1": "bonds_tips",
      "exp2": "silver_physical",
      "fam1": "bonds_gov",
      "fam2": "precious_metals"
    },
    {
      "t1": "CF",
      "t2": "XLV",
      "corr_hybrid": 0.0056,
      "corr_structured": null,
      "cat1": "Act",
      "cat2": "ETF",
      "exp1": null,
      "exp2": "healthcare",
      "fam1": null,
      "fam2": "sector_healthcare"
    },
    {
      "t1": "CF",
      "t2": "SOXX",
      "corr_hybrid": 0.0009,
      "corr_structured": null,
      "cat1": "Act",
      "cat2": "ETF",
      "exp1": null,
      "exp2": "semiconductor",
      "fam1": null,
      "fam2": "sector_tech"
    }
  ],
  "correlation_matrix": {
    "tickers": [
      "ACWV",
      "AGS",
      "BKR",
      "BSV",
      "CF",
      "CLTL",
      "EOG",
      "FLKR",
      "GD",
      "GGG",
      "GLD",
      "GOOGL",
      "HDV",
      "INCY",
      "ITX",
      "JNJ",
      "MU",
      "NVDA",
      "PG",
      "REMX",
      "RIO",
      "SCHD",
      "SCHO",
      "SCHP",
      "SCHY",
      "SLV",
      "SLVP",
      "SOXX",
      "SPLV",
      "SPYV",
      "STIP",
      "ULVR",
      "VGSH",
      "VICI",
      "VRT",
      "VSS",
      "XBI",
      "XLV"
    ],
    "matrix": [
      [
        1.0,
        0.402,
        0.4242,
        0.0986,
        0.0932,
        0.0986,
        0.3222,
        0.3619,
        0.4565,
        0.5139,
        0.1729,
        0.3323,
        0.5537,
        0.4174,
        0.1625,
        0.3892,
        0.2462,
        0.2583,
        0.3906,
        0.3918,
        0.4376,
        0.5811,
        0.0986,
        0.2558,
        0.5335,
        0.2,
        0.2287,
        0.3747,
        0.5358,
        0.575,
        0.0986,
        0.1266,
        0.0986,
        0.4378,
        0.1726,
        0.5315,
        0.4893,
        0.5416
      ],
      [
        0.402,
        1.0,
        0.3729,
        0.0714,
        0.2238,
        0.0714,
        0.3523,
        0.1848,
        0.3671,
        0.3945,
        0.0521,
        0.1971,
        0.4482,
        0.2934,
        0.108,
        0.3002,
        0.119,
        0.1659,
        0.3035,
        0.2173,
        0.2888,
        0.4671,
        0.0714,
        0.217,
        0.3615,
        0.0476,
        0.011,
        0.2216,
        0.4173,
        0.422,
        0.0714,
        0.0807,
        0.0714,
        0.3588,
        0.0858,
        0.3363,
        0.3166,
        0.3849
      ],
      [
        0.4242,
        0.3729,
        1.0,
        0.0683,
        0.39,
        0.0683,
        0.5573,
        0.351,
        0.4345,
        0.4667,
        0.1715,
        0.299,
        0.5037,
        0.2913,
        0.0892,
        0.2258,
        0.4008,
        0.4242,
        0.2068,
        0.3819,
        0.4537,
        0.5668,
        0.0683,
        0.1959,
        0.4208,
        0.2301,
        0.0366,
        0.4999,
        0.4052,
        0.5632,
        0.0683,
        0.0663,
        0.0683,
        0.3555,
        0.4173,
        0.4878,
        0.384,
        0.3956
      ],
      [
        0.0986,
        0.0714,
        0.0683,
        1.0,
        0.0157,
        0.0181,
        0.0517,
        0.0556,
        0.0799,
        0.0872,
        0.0354,
        0.0513,
        0.0984,
        0.0715,
        0.0284,
        0.0744,
        0.0265,
        0.0308,
        0.0756,
        0.0673,
        0.0757,
        0.0996,
        0.0181,
        0.0471,
        0.0948,
        0.0388,
        0.0464,
        0.0509,
        0.0974,
        0.0952,
        0.0181,
        0.0232,
        0.0181,
        0.0805,
        0.0134,
        0.09,
        0.0829,
        0.095
      ],
      [
        0.0932,
        0.2238,
        0.39,
        0.0157,
        1.0,
        0.0157,
        0.5689,
        -0.1034,
        0.218,
        0.123,
        0.142,
        -0.1048,
        0.2636,
        -0.0641,
        -0.0596,
        0.0741,
        -0.0676,
        0.0469,
        0.0617,
        0.0816,
        0.1954,
        0.2512,
        0.0157,
        0.1056,
        0.0738,
        0.1569,
        -0.2145,
        0.0009,
        0.1476,
        0.1325,
        0.0157,
        -0.0279,
        0.0157,
        0.2038,
        0.0695,
        0.066,
        -0.049,
        0.0056
      ],
      [
        0.0986,
        0.0714,
        0.0683,
        0.0181,
        0.0157,
        1.0,
        0.0517,
        0.0556,
        0.0799,
        0.0872,
        0.0354,
        0.0513,
        0.0984,
        0.0715,
        0.0284,
        0.0744,
        0.0265,
        0.0308,
        0.0756,
        0.0673,
        0.0757,
        0.0996,
        0.0181,
        0.0471,
        0.0948,
        0.0388,
        0.0464,
        0.0509,
        0.0974,
        0.0952,
        0.0181,
        0.0232,
        0.0181,
        0.0805,
        0.0134,
        0.09,
        0.0829,
        0.095
      ],
      [
        0.3222,
        0.3523,
        0.5573,
        0.0517,
        0.5689,
        0.0517,
        1.0,
        0.1834,
        0.3866,
        0.3715,
        0.1424,
        0.1572,
        0.4525,
        0.1736,
        0.0362,
        0.182,
        0.242,
        0.3098,
        0.1646,
        0.2704,
        0.3722,
        0.4932,
        0.0517,
        0.18,
        0.305,
        0.1813,
        -0.1049,
        0.336,
        0.3362,
        0.4375,
        0.0517,
        0.0309,
        0.0517,
        0.3264,
        0.3095,
        0.3436,
        0.2343,
        0.2692
      ],
      [
        0.3619,
        0.1848,
        0.351,
        0.0556,
        -0.1034,
        0.0556,
        0.1834,
        1.0,
        0.2865,
        0.3855,
        0.2126,
        0.4302,
        0.3116,
        0.3217,
        0.1201,
        0.1258,
        0.5978,
        0.5084,
        0.1029,
        0.4581,
        0.4249,
        0.398,
        0.0556,
        0.0879,
        0.4128,
        0.3118,
        0.3242,
        0.644,
        0.2716,
        0.5186,
        0.0556,
        0.0841,
        0.0556,
        0.1841,
        0.5384,
        0.5438,
        0.461,
        0.3872
      ],
      [
        0.4565,
        0.3671,
        0.4345,
        0.0799,
        0.218,
        0.0799,
        0.3866,
        0.2865,
        1.0,
        0.4459,
        0.1418,
        0.2637,
        0.4939,
        0.3283,
        0.1194,
        0.3111,
        0.2263,
        0.2545,
        0.3079,
        0.3264,
        0.3865,
        0.5237,
        0.0799,
        0.2219,
        0.4363,
        0.1672,
        0.1114,
        0.3375,
        0.451,
        0.5027,
        0.0799,
        0.0928,
        0.0799,
        0.3825,
        0.194,
        0.4429,
        0.3892,
        0.4361
      ],
      [
        0.5139,
        0.3945,
        0.4667,
        0.0872,
        0.123,
        0.0872,
        0.3715,
        0.3855,
        0.4459,
        1.0,
        0.0733,
        0.3671,
        0.5293,
        0.419,
        0.1577,
        0.3277,
        0.3556,
        0.3599,
        0.3238,
        0.35,
        0.4023,
        0.5873,
        0.0872,
        0.2372,
        0.4873,
        0.0968,
        0.1024,
        0.4631,
        0.4934,
        0.598,
        0.0872,
        0.11,
        0.0872,
        0.3978,
        0.2856,
        0.5108,
        0.483,
        0.5202
      ],
      [
        0.1729,
        0.0521,
        0.1715,
        0.0354,
        0.142,
        0.0354,
        0.1424,
        0.2126,
        0.1418,
        0.0733,
        1.0,
        0.0526,
        0.1687,
        -0.0134,
        -0.0148,
        0.0893,
        0.0931,
        0.0724,
        0.07,
        0.4493,
        0.4166,
        0.132,
        0.0354,
        0.0218,
        0.2724,
        0.7167,
        0.543,
        0.161,
        0.1223,
        0.1508,
        0.0354,
        0.0373,
        0.0354,
        0.1276,
        0.1621,
        0.3427,
        0.1418,
        0.0923
      ],
      [
        0.3323,
        0.1971,
        0.299,
        0.0513,
        -0.1048,
        0.0513,
        0.1572,
        0.4302,
        0.2637,
        0.3671,
        0.0526,
        1.0,
        0.293,
        0.3239,
        0.1247,
        0.1421,
        0.4822,
        0.419,
        0.1294,
        0.3135,
        0.3023,
        0.3731,
        0.0513,
        0.1056,
        0.3449,
        0.1034,
        0.163,
        0.5231,
        0.2712,
        0.462,
        0.0513,
        0.0782,
        0.0513,
        0.185,
        0.4059,
        0.429,
        0.4068,
        0.37
      ],
      [
        0.5537,
        0.4482,
        0.5037,
        0.0984,
        0.2636,
        0.0984,
        0.4525,
        0.3116,
        0.4939,
        0.5293,
        0.1687,
        0.293,
        1.0,
        0.3923,
        0.1445,
        0.3956,
        0.2136,
        0.2569,
        0.3952,
        0.3749,
        0.4515,
        0.6246,
        0.0984,
        0.2767,
        0.5237,
        0.1904,
        0.1341,
        0.3531,
        0.5553,
        0.586,
        0.0984,
        0.1144,
        0.0984,
        0.4738,
        0.1726,
        0.5142,
        0.4562,
        0.5254
      ],
      [
        0.4174,
        0.2934,
        0.2913,
        0.0715,
        -0.0641,
        0.0715,
        0.1736,
        0.3217,
        0.3283,
        0.419,
        -0.0134,
        0.3239,
        0.3923,
        1.0,
        0.153,
        0.2771,
        0.2784,
        0.2638,
        0.2804,
        0.2412,
        0.2659,
        0.441,
        0.0715,
        0.1878,
        0.3873,
        -0.0118,
        0.099,
        0.3553,
        0.3963,
        0.4671,
        0.0715,
        0.1016,
        0.0715,
        0.3001,
        0.1791,
        0.3924,
        0.414,
        0.4464
      ],
      [
        0.1625,
        0.108,
        0.0892,
        0.0284,
        -0.0596,
        0.0284,
        0.0362,
        0.1201,
        0.1194,
        0.1577,
        -0.0148,
        0.1247,
        0.1445,
        0.153,
        1.0,
        0.1141,
        0.0921,
        0.0842,
        0.1174,
        0.0839,
        0.0898,
        0.1606,
        0.0284,
        0.073,
        0.149,
        -0.0186,
        0.0481,
        0.1212,
        0.1546,
        0.1718,
        0.0284,
        0.0426,
        0.0284,
        0.1139,
        0.0449,
        0.1448,
        0.162,
        0.1771
      ],
      [
        0.3892,
        0.3002,
        0.2258,
        0.0744,
        0.0741,
        0.0744,
        0.182,
        0.1258,
        0.3111,
        0.3277,
        0.0893,
        0.1421,
        0.3956,
        0.2771,
        0.1141,
        1.0,
        -0.0347,
        0.0084,
        0.3505,
        0.1909,
        0.2399,
        0.3794,
        0.0744,
        0.2098,
        0.3519,
        0.0726,
        0.1304,
        0.0712,
        0.4084,
        0.3269,
        0.0744,
        0.0943,
        0.0744,
        0.3447,
        -0.0934,
        0.2882,
        0.2883,
        0.3708
      ],
      [
        0.2462,
        0.119,
        0.4008,
        0.0265,
        -0.0676,
        0.0265,
        0.242,
        0.5978,
        0.2263,
        0.3556,
        0.0931,
        0.4822,
        0.2136,
        0.2784,
        0.0921,
        -0.0347,
        1.0,
        0.7033,
        -0.0721,
        0.4102,
        0.3717,
        0.3544,
        0.0265,
        0.0171,
        0.3042,
        0.2065,
        0.1555,
        0.8182,
        0.1361,
        0.5222,
        0.0265,
        0.0439,
        0.0265,
        0.0622,
        0.7835,
        0.5036,
        0.423,
        0.2979
      ],
      [
        0.2583,
        0.1659,
        0.4242,
        0.0308,
        0.0469,
        0.0308,
        0.3098,
        0.5084,
        0.2545,
        0.3599,
        0.0724,
        0.419,
        0.2569,
        0.2638,
        0.0842,
        0.0084,
        0.7033,
        1.0,
        -0.0237,
        0.3621,
        0.353,
        0.3799,
        0.0308,
        0.0509,
        0.2957,
        0.1641,
        0.0794,
        0.7168,
        0.1751,
        0.5028,
        0.0308,
        0.0412,
        0.0308,
        0.112,
        0.6804,
        0.4589,
        0.3839,
        0.2939
      ],
      [
        0.3906,
        0.3035,
        0.2068,
        0.0756,
        0.0617,
        0.0756,
        0.1646,
        0.1029,
        0.3079,
        0.3238,
        0.07,
        0.1294,
        0.3952,
        0.2804,
        0.1174,
        0.3505,
        -0.0721,
        -0.0237,
        1.0,
        0.1684,
        0.2199,
        0.3737,
        0.0756,
        0.2163,
        0.3467,
        0.0438,
        0.1192,
        0.0357,
        0.4157,
        0.3136,
        0.0756,
        0.0965,
        0.0756,
        0.3507,
        -0.1368,
        0.2697,
        0.2814,
        0.3733
      ],
      [
        0.3918,
        0.2173,
        0.3819,
        0.0673,
        0.0816,
        0.0673,
        0.2704,
        0.4581,
        0.3264,
        0.35,
        0.4493,
        0.3135,
        0.3749,
        0.2412,
        0.0839,
        0.1909,
        0.4102,
        0.3621,
        0.1684,
        1.0,
        0.532,
        0.4076,
        0.0673,
        0.114,
        0.4636,
        0.572,
        0.4719,
        0.4979,
        0.3187,
        0.4724,
        0.0673,
        0.0858,
        0.0673,
        0.2596,
        0.4081,
        0.5681,
        0.4079,
        0.3573
      ],
      [
        0.4376,
        0.2888,
        0.4537,
        0.0757,
        0.1954,
        0.0757,
        0.3722,
        0.4249,
        0.3865,
        0.4023,
        0.4166,
        0.3023,
        0.4515,
        0.2659,
        0.0898,
        0.2399,
        0.3717,
        0.353,
        0.2199,
        0.532,
        1.0,
        0.482,
        0.0757,
        0.1579,
        0.4887,
        0.5233,
        0.3888,
        0.4777,
        0.3838,
        0.515,
        0.0757,
        0.0891,
        0.0757,
        0.3259,
        0.3774,
        0.5723,
        0.4168,
        0.3943
      ],
      [
        0.5811,
        0.4671,
        0.5668,
        0.0996,
        0.2512,
        0.0996,
        0.4932,
        0.398,
        0.5237,
        0.5873,
        0.132,
        0.3731,
        0.6246,
        0.441,
        0.1606,
        0.3794,
        0.3544,
        0.3799,
        0.3737,
        0.4076,
        0.482,
        1.0,
        0.0996,
        0.2782,
        0.5522,
        0.1629,
        0.1058,
        0.4873,
        0.5682,
        0.6673,
        0.0996,
        0.1176,
        0.0996,
        0.4743,
        0.3031,
        0.5729,
        0.5169,
        0.5683
      ],
      [
        0.0986,
        0.0714,
        0.0683,
        0.0181,
        0.0157,
        0.0181,
        0.0517,
        0.0556,
        0.0799,
        0.0872,
        0.0354,
        0.0513,
        0.0984,
        0.0715,
        0.0284,
        0.0744,
        0.0265,
        0.0308,
        0.0756,
        0.0673,
        0.0757,
        0.0996,
        1.0,
        0.0471,
        0.0948,
        0.0388,
        0.0464,
        0.0509,
        0.0974,
        0.0952,
        0.0181,
        0.0232,
        0.0181,
        0.0805,
        0.0134,
        0.09,
        0.0829,
        0.095
      ],
      [
        0.2558,
        0.217,
        0.1959,
        0.0471,
        0.1056,
        0.0471,
        0.18,
        0.0879,
        0.2219,
        0.2372,
        0.0218,
        0.1056,
        0.2767,
        0.1878,
        0.073,
        0.2098,
        0.0171,
        0.0509,
        0.2163,
        0.114,
        0.1579,
        0.2782,
        0.0471,
        1.0,
        0.2245,
        0.0083,
        0.0172,
        0.0847,
        0.2713,
        0.2415,
        0.0471,
        0.0558,
        0.0471,
        0.2318,
        -0.014,
        0.1901,
        0.1914,
        0.2458
      ],
      [
        0.5335,
        0.3615,
        0.4208,
        0.0948,
        0.0738,
        0.0948,
        0.305,
        0.4128,
        0.4363,
        0.4873,
        0.2724,
        0.3449,
        0.5237,
        0.3873,
        0.149,
        0.3519,
        0.3042,
        0.2957,
        0.3467,
        0.4636,
        0.4887,
        0.5522,
        0.0948,
        0.2245,
        1.0,
        0.3305,
        0.3325,
        0.4269,
        0.4973,
        0.5697,
        0.0948,
        0.123,
        0.0948,
        0.4043,
        0.2448,
        0.5722,
        0.4929,
        0.5158
      ],
      [
        0.2,
        0.0476,
        0.2301,
        0.0388,
        0.1569,
        0.0388,
        0.1813,
        0.3118,
        0.1672,
        0.0968,
        0.7167,
        0.1034,
        0.1904,
        -0.0118,
        -0.0186,
        0.0726,
        0.2065,
        0.1641,
        0.0438,
        0.572,
        0.5233,
        0.1629,
        0.0388,
        0.0083,
        0.3305,
        1.0,
        0.6639,
        0.2784,
        0.1245,
        0.2092,
        0.0388,
        0.0412,
        0.0388,
        0.1288,
        0.2913,
        0.4438,
        0.1913,
        0.1096
      ],
      [
        0.2287,
        0.011,
        0.0366,
        0.0464,
        -0.2145,
        0.0464,
        -0.1049,
        0.3242,
        0.1114,
        0.1024,
        0.543,
        0.163,
        0.1341,
        0.099,
        0.0481,
        0.1304,
        0.1555,
        0.0794,
        0.1192,
        0.4719,
        0.3888,
        0.1058,
        0.0464,
        0.0172,
        0.3325,
        0.6639,
        1.0,
        0.2129,
        0.1489,
        0.182,
        0.0464,
        0.077,
        0.0464,
        0.1059,
        0.1363,
        0.4004,
        0.256,
        0.1918
      ],
      [
        0.3747,
        0.2216,
        0.4999,
        0.0509,
        0.0009,
        0.0509,
        0.336,
        0.644,
        0.3375,
        0.4631,
        0.161,
        0.5231,
        0.3531,
        0.3553,
        0.1212,
        0.0712,
        0.8182,
        0.7168,
        0.0357,
        0.4979,
        0.4777,
        0.4873,
        0.0509,
        0.0847,
        0.4269,
        0.2784,
        0.2129,
        1.0,
        0.2696,
        0.6355,
        0.0509,
        0.0719,
        0.0509,
        0.1804,
        0.7748,
        0.6128,
        0.5138,
        0.4119
      ],
      [
        0.5358,
        0.4173,
        0.4052,
        0.0974,
        0.1476,
        0.0974,
        0.3362,
        0.2716,
        0.451,
        0.4934,
        0.1223,
        0.2712,
        0.5553,
        0.3963,
        0.1546,
        0.4084,
        0.1361,
        0.1751,
        0.4157,
        0.3187,
        0.3838,
        0.5682,
        0.0974,
        0.2713,
        0.4973,
        0.1245,
        0.1489,
        0.2696,
        1.0,
        0.5289,
        0.0974,
        0.1208,
        0.0974,
        0.4532,
        0.0681,
        0.4618,
        0.4387,
        0.5188
      ],
      [
        0.575,
        0.422,
        0.5632,
        0.0952,
        0.1325,
        0.0952,
        0.4375,
        0.5186,
        0.5027,
        0.598,
        0.1508,
        0.462,
        0.586,
        0.4671,
        0.1718,
        0.3269,
        0.5222,
        0.5028,
        0.3136,
        0.4724,
        0.515,
        0.6673,
        0.0952,
        0.2415,
        0.5697,
        0.2092,
        0.182,
        0.6355,
        0.5289,
        1.0,
        0.0952,
        0.1206,
        0.0952,
        0.421,
        0.4544,
        0.6392,
        0.5744,
        0.5823
      ],
      [
        0.0986,
        0.0714,
        0.0683,
        0.0181,
        0.0157,
        0.0181,
        0.0517,
        0.0556,
        0.0799,
        0.0872,
        0.0354,
        0.0513,
        0.0984,
        0.0715,
        0.0284,
        0.0744,
        0.0265,
        0.0308,
        0.0756,
        0.0673,
        0.0757,
        0.0996,
        0.0181,
        0.0471,
        0.0948,
        0.0388,
        0.0464,
        0.0509,
        0.0974,
        0.0952,
        1.0,
        0.0232,
        0.0181,
        0.0805,
        0.0134,
        0.09,
        0.0829,
        0.095
      ],
      [
        0.1266,
        0.0807,
        0.0663,
        0.0232,
        -0.0279,
        0.0232,
        0.0309,
        0.0841,
        0.0928,
        0.11,
        0.0373,
        0.0782,
        0.1144,
        0.1016,
        0.0426,
        0.0943,
        0.0439,
        0.0412,
        0.0965,
        0.0858,
        0.0891,
        0.1176,
        0.0232,
        0.0558,
        0.123,
        0.0412,
        0.077,
        0.0719,
        0.1208,
        0.1206,
        0.0232,
        1.0,
