{
  "_meta": {
    "generated": "2026-04-23T09:24:41",
    "portfolio_generated": "2026-04-23T09:21:03.524291",
    "n_assets": 41,
    "n_with_returns": 29,
    "covariance_method": "hybrid_shrunk",
    "condition_number": 346.14,
    "pca_factors": 5
  },
  "profiles": {
    "Agressif": {
      "n_assets": 15,
      "weighted_avg_correlation": 0.2743,
      "most_correlated": [
        {
          "t1": "COPX",
          "t2": "PICK",
          "corr": 0.8107,
          "w1": 8.1,
          "w2": 8.1,
          "combined_weight": 16.2
        },
        {
          "t1": "COPX",
          "t2": "GDE",
          "corr": 0.7604,
          "w1": 8.1,
          "w2": 11.2,
          "combined_weight": 19.3
        },
        {
          "t1": "PICK",
          "t2": "GDE",
          "corr": 0.7563,
          "w1": 8.1,
          "w2": 11.2,
          "combined_weight": 19.3
        },
        {
          "t1": "URA",
          "t2": "COPX",
          "corr": 0.6964,
          "w1": 9.0,
          "w2": 8.1,
          "combined_weight": 17.1
        },
        {
          "t1": "VRT",
          "t2": "NVDA",
          "corr": 0.6897,
          "w1": 3.2,
          "w2": 5.4,
          "combined_weight": 8.6
        },
        {
          "t1": "URA",
          "t2": "PICK",
          "corr": 0.6643,
          "w1": 9.0,
          "w2": 8.1,
          "combined_weight": 17.1
        },
        {
          "t1": "FLKR",
          "t2": "PICK",
          "corr": 0.6458,
          "w1": 4.8,
          "w2": 8.1,
          "combined_weight": 12.9
        },
        {
          "t1": "FLKR",
          "t2": "COPX",
          "corr": 0.644,
          "w1": 4.8,
          "w2": 8.1,
          "combined_weight": 12.9
        },
        {
          "t1": "VRT",
          "t2": "MU",
          "corr": 0.6116,
          "w1": 3.2,
          "w2": 4.4,
          "combined_weight": 7.6
        },
        {
          "t1": "COPX",
          "t2": "GLD",
          "corr": 0.6112,
          "w1": 8.1,
          "w2": 10.5,
          "combined_weight": 18.6
        }
      ],
      "least_correlated": [
        {
          "t1": "URA",
          "t2": "2059",
          "corr": 0.0168,
          "w1": 9.0,
          "w2": 8.1,
          "combined_weight": 17.1
        },
        {
          "t1": "URA",
          "t2": "2345",
          "corr": 0.0168,
          "w1": 9.0,
          "w2": 5.0,
          "combined_weight": 14.0
        },
        {
          "t1": "FLTR",
          "t2": "VRT",
          "corr": 0.0149,
          "w1": 7.1,
          "w2": 3.2,
          "combined_weight": 10.3
        },
        {
          "t1": "PAAA",
          "t2": "VRT",
          "corr": 0.0149,
          "w1": 7.1,
          "w2": 3.2,
          "combined_weight": 10.3
        },
        {
          "t1": "UTHR",
          "t2": "NVDA",
          "corr": -0.0148,
          "w1": 5.0,
          "w2": 5.4,
          "combined_weight": 10.3
        }
      ],
      "high_corr_high_weight": [
        {
          "t1": "COPX",
          "t2": "PICK",
          "corr": 0.8107,
          "w1": 8.1,
          "w2": 8.1,
          "combined_weight": 16.2
        },
        {
          "t1": "COPX",
          "t2": "GDE",
          "corr": 0.7604,
          "w1": 8.1,
          "w2": 11.2,
          "combined_weight": 19.3
        },
        {
          "t1": "PICK",
          "t2": "GDE",
          "corr": 0.7563,
          "w1": 8.1,
          "w2": 11.2,
          "combined_weight": 19.3
        }
      ]
    },
    "Mod\u00e9r\u00e9": {
      "n_assets": 16,
      "weighted_avg_correlation": 0.1785,
      "most_correlated": [
        {
          "t1": "FNDF",
          "t2": "VSS",
          "corr": 0.6512,
          "w1": 6.8,
          "w2": 9.2,
          "combined_weight": 16.0
        },
        {
          "t1": "FDVV",
          "t2": "VSS",
          "corr": 0.5353,
          "w1": 5.7,
          "w2": 9.2,
          "combined_weight": 14.8
        },
        {
          "t1": "FNDF",
          "t2": "FDVV",
          "corr": 0.5257,
          "w1": 6.8,
          "w2": 5.7,
          "combined_weight": 12.4
        },
        {
          "t1": "VSS",
          "t2": "GLD",
          "corr": 0.5225,
          "w1": 9.2,
          "w2": 6.1,
          "combined_weight": 15.3
        },
        {
          "t1": "FNDF",
          "t2": "GLD",
          "corr": 0.4799,
          "w1": 6.8,
          "w2": 6.1,
          "combined_weight": 12.9
        },
        {
          "t1": "BMED",
          "t2": "FNDF",
          "corr": 0.4708,
          "w1": 4.1,
          "w2": 6.8,
          "combined_weight": 10.9
        },
        {
          "t1": "BMED",
          "t2": "VSS",
          "corr": 0.4393,
          "w1": 4.1,
          "w2": 9.2,
          "combined_weight": 13.3
        },
        {
          "t1": "BMED",
          "t2": "FDVV",
          "corr": 0.4339,
          "w1": 4.1,
          "w2": 5.7,
          "combined_weight": 9.7
        },
        {
          "t1": "BMED",
          "t2": "XLV",
          "corr": 0.4221,
          "w1": 4.1,
          "w2": 3.1,
          "combined_weight": 7.1
        },
        {
          "t1": "BMED",
          "t2": "SCHD",
          "corr": 0.4088,
          "w1": 4.1,
          "w2": 9.2,
          "combined_weight": 13.3
        }
      ],
      "least_correlated": [
        {
          "t1": "GTIP",
          "t2": "JAAA",
          "corr": 0.0211,
          "w1": 9.0,
          "w2": 6.8,
          "combined_weight": 15.8
        },
        {
          "t1": "GTIP",
          "t2": "GBIL",
          "corr": 0.0211,
          "w1": 9.0,
          "w2": 4.5,
          "combined_weight": 13.6
        },
        {
          "t1": "JAAA",
          "t2": "GBIL",
          "corr": 0.0211,
          "w1": 6.8,
          "w2": 4.5,
          "combined_weight": 11.3
        },
        {
          "t1": "EOG",
          "t2": "GLD",
          "corr": -0.0279,
          "w1": 4.1,
          "w2": 6.1,
          "combined_weight": 10.2
        },
        {
          "t1": "ITX",
          "t2": "GLD",
          "corr": -0.0285,
          "w1": 6.1,
          "w2": 6.1,
          "combined_weight": 12.2
        }
      ],
      "high_corr_high_weight": []
    },
    "Stable": {
      "n_assets": 15,
      "weighted_avg_correlation": 0.1435,
      "most_correlated": [
        {
          "t1": "IG",
          "t2": "SUNPHARMA",
          "corr": 0.5048,
          "w1": 5.3,
          "w2": 5.5,
          "combined_weight": 10.8
        },
        {
          "t1": "VICI",
          "t2": "SUNPHARMA",
          "corr": 0.4277,
          "w1": 5.3,
          "w2": 5.5,
          "combined_weight": 10.8
        },
        {
          "t1": "JNJ",
          "t2": "SUNPHARMA",
          "corr": 0.4153,
          "w1": 5.3,
          "w2": 5.5,
          "combined_weight": 10.8
        },
        {
          "t1": "VICI",
          "t2": "IG",
          "corr": 0.4081,
          "w1": 5.3,
          "w2": 5.3,
          "combined_weight": 10.6
        },
        {
          "t1": "GD",
          "t2": "SUNPHARMA",
          "corr": 0.4023,
          "w1": 5.3,
          "w2": 5.5,
          "combined_weight": 10.8
        },
        {
          "t1": "VICI",
          "t2": "JNJ",
          "corr": 0.3973,
          "w1": 5.3,
          "w2": 5.3,
          "combined_weight": 10.6
        },
        {
          "t1": "ACWV",
          "t2": "SPYV",
          "corr": 0.388,
          "w1": 4.8,
          "w2": 4.4,
          "combined_weight": 9.2
        },
        {
          "t1": "GD",
          "t2": "IG",
          "corr": 0.3852,
          "w1": 5.3,
          "w2": 5.3,
          "combined_weight": 10.6
        },
        {
          "t1": "JNJ",
          "t2": "IG",
          "corr": 0.3802,
          "w1": 5.3,
          "w2": 5.3,
          "combined_weight": 10.6
        },
        {
          "t1": "SPLV",
          "t2": "VICI",
          "corr": 0.3787,
          "w1": 4.9,
          "w2": 5.3,
          "combined_weight": 10.2
        }
      ],
      "least_correlated": [
        {
          "t1": "BSV",
          "t2": "VGSH",
          "corr": 0.0211,
          "w1": 10.8,
          "w2": 13.0,
          "combined_weight": 23.8
        },
        {
          "t1": "BSV",
          "t2": "STIP",
          "corr": 0.0211,
          "w1": 10.8,
          "w2": 13.0,
          "combined_weight": 23.8
        },
        {
          "t1": "CLTL",
          "t2": "VGSH",
          "corr": 0.0211,
          "w1": 7.8,
          "w2": 13.0,
          "combined_weight": 20.8
        },
        {
          "t1": "CLTL",
          "t2": "STIP",
          "corr": 0.0211,
          "w1": 7.8,
          "w2": 13.0,
          "combined_weight": 20.8
        },
        {
          "t1": "VGSH",
          "t2": "STIP",
          "corr": 0.0211,
          "w1": 13.0,
          "w2": 13.0,
          "combined_weight": 26.0
        }
      ],
      "high_corr_high_weight": []
    }
  },
  "all_pairs_top_30": [
    {
      "t1": "COPX",
      "t2": "PICK",
      "corr_hybrid": 0.8107,
      "corr_structured": 0.2,
      "cat1": "ETF",
      "cat2": "ETF",
      "exp1": "copper",
      "exp2": "metals_mining",
      "fam1": "commodities",
      "fam2": null
    },
    {
      "t1": "COPX",
      "t2": "GDE",
      "corr_hybrid": 0.7604,
      "corr_structured": 0.2,
      "cat1": "ETF",
      "cat2": "ETF",
      "exp1": "copper",
      "exp2": "gold_leveraged",
      "fam1": "commodities",
      "fam2": null
    },
    {
      "t1": "GDE",
      "t2": "PICK",
      "corr_hybrid": 0.7563,
      "corr_structured": 0.2,
      "cat1": "ETF",
      "cat2": "ETF",
      "exp1": "gold_leveraged",
      "exp2": "metals_mining",
      "fam1": null,
      "fam2": null
    },
    {
      "t1": "PICK",
      "t2": "VSS",
      "corr_hybrid": 0.7339,
      "corr_structured": 0.2,
      "cat1": "ETF",
      "cat2": "ETF",
      "exp1": "metals_mining",
      "exp2": "intl_small_cap",
      "fam1": null,
      "fam2": null
    },
    {
      "t1": "COPX",
      "t2": "VSS",
      "corr_hybrid": 0.7221,
      "corr_structured": 0.2,
      "cat1": "ETF",
      "cat2": "ETF",
      "exp1": "copper",
      "exp2": "intl_small_cap",
      "fam1": "commodities",
      "fam2": null
    },
    {
      "t1": "COPX",
      "t2": "URA",
      "corr_hybrid": 0.6964,
      "corr_structured": 0.9,
      "cat1": "ETF",
      "cat2": "ETF",
      "exp1": "copper",
      "exp2": "uranium",
      "fam1": "commodities",
      "fam2": "commodities"
    },
    {
      "t1": "NVDA",
      "t2": "VRT",
      "corr_hybrid": 0.6897,
      "corr_structured": null,
      "cat1": "Act",
      "cat2": "Act",
      "exp1": null,
      "exp2": null,
      "fam1": null,
      "fam2": null
    },
    {
      "t1": "FNDF",
      "t2": "PICK",
      "corr_hybrid": 0.6876,
      "corr_structured": 0.2,
      "cat1": "ETF",
      "cat2": "ETF",
      "exp1": "international",
      "exp2": "metals_mining",
      "fam1": "intl_equity",
      "fam2": null
    },
    {
      "t1": "GDE",
      "t2": "VSS",
      "corr_hybrid": 0.6775,
      "corr_structured": 0.2,
      "cat1": "ETF",
      "cat2": "ETF",
      "exp1": "gold_leveraged",
      "exp2": "intl_small_cap",
      "fam1": null,
      "fam2": null
    },
    {
      "t1": "COPX",
      "t2": "FNDF",
      "corr_hybrid": 0.6674,
      "corr_structured": 0.2,
      "cat1": "ETF",
      "cat2": "ETF",
      "exp1": "copper",
      "exp2": "international",
      "fam1": "commodities",
      "fam2": "intl_equity"
    },
    {
      "t1": "PICK",
      "t2": "URA",
      "corr_hybrid": 0.6643,
      "corr_structured": 0.2,
      "cat1": "ETF",
      "cat2": "ETF",
      "exp1": "metals_mining",
      "exp2": "uranium",
      "fam1": null,
      "fam2": "commodities"
    },
    {
      "t1": "FNDF",
      "t2": "VSS",
      "corr_hybrid": 0.6512,
      "corr_structured": 0.2,
      "cat1": "ETF",
      "cat2": "ETF",
      "exp1": "international",
      "exp2": "intl_small_cap",
      "fam1": "intl_equity",
      "fam2": null
    },
    {
      "t1": "FLKR",
      "t2": "PICK",
      "corr_hybrid": 0.6458,
      "corr_structured": 0.2,
      "cat1": "ETF",
      "cat2": "ETF",
      "exp1": "south_korea",
      "exp2": "metals_mining",
      "fam1": "em_equity",
      "fam2": null
    },
    {
      "t1": "COPX",
      "t2": "FLKR",
      "corr_hybrid": 0.644,
      "corr_structured": 0.2,
      "cat1": "ETF",
      "cat2": "ETF",
      "exp1": "copper",
      "exp2": "south_korea",
      "fam1": "commodities",
      "fam2": "em_equity"
    },
    {
      "t1": "FNDF",
      "t2": "GDE",
      "corr_hybrid": 0.6313,
      "corr_structured": 0.2,
      "cat1": "ETF",
      "cat2": "ETF",
      "exp1": "international",
      "exp2": "gold_leveraged",
      "fam1": "intl_equity",
      "fam2": null
    },
    {
      "t1": "MU",
      "t2": "VRT",
      "corr_hybrid": 0.6116,
      "corr_structured": null,
      "cat1": "Act",
      "cat2": "Act",
      "exp1": null,
      "exp2": null,
      "fam1": null,
      "fam2": null
    },
    {
      "t1": "COPX",
      "t2": "GLD",
      "corr_hybrid": 0.6112,
      "corr_structured": 0.45,
      "cat1": "ETF",
      "cat2": "ETF",
      "exp1": "copper",
      "exp2": "gold_physical",
      "fam1": "commodities",
      "fam2": "gold"
    },
    {
      "t1": "FLKR",
      "t2": "MU",
      "corr_hybrid": 0.6072,
      "corr_structured": null,
      "cat1": "ETF",
      "cat2": "Act",
      "exp1": "south_korea",
      "exp2": null,
      "fam1": "em_equity",
      "fam2": null
    },
    {
      "t1": "GDE",
      "t2": "URA",
      "corr_hybrid": 0.6067,
      "corr_structured": 0.2,
      "cat1": "ETF",
      "cat2": "ETF",
      "exp1": "gold_leveraged",
      "exp2": "uranium",
      "fam1": null,
      "fam2": "commodities"
    },
    {
      "t1": "GLD",
      "t2": "PICK",
      "corr_hybrid": 0.6013,
      "corr_structured": 0.2,
      "cat1": "ETF",
      "cat2": "ETF",
      "exp1": "gold_physical",
      "exp2": "metals_mining",
      "fam1": "gold",
      "fam2": null
    },
    {
      "t1": "FLKR",
      "t2": "VSS",
      "corr_hybrid": 0.5983,
      "corr_structured": 0.2,
      "cat1": "ETF",
      "cat2": "ETF",
      "exp1": "south_korea",
      "exp2": "intl_small_cap",
      "fam1": "em_equity",
      "fam2": null
    },
    {
      "t1": "FLKR",
      "t2": "GDE",
      "corr_hybrid": 0.5882,
      "corr_structured": 0.2,
      "cat1": "ETF",
      "cat2": "ETF",
      "exp1": "south_korea",
      "exp2": "gold_leveraged",
      "fam1": "em_equity",
      "fam2": null
    },
    {
      "t1": "GDE",
      "t2": "GLD",
      "corr_hybrid": 0.5866,
      "corr_structured": 0.2,
      "cat1": "ETF",
      "cat2": "ETF",
      "exp1": "gold_leveraged",
      "exp2": "gold_physical",
      "fam1": null,
      "fam2": "gold"
    },
    {
      "t1": "2059",
      "t2": "2345",
      "corr_hybrid": 0.5758,
      "corr_structured": null,
      "cat1": "Act",
      "cat2": "Act",
      "exp1": null,
      "exp2": null,
      "fam1": null,
      "fam2": null
    },
    {
      "t1": "2059",
      "t2": "SUNPHARMA",
      "corr_hybrid": 0.5758,
      "corr_structured": null,
      "cat1": "Act",
      "cat2": "Act",
      "exp1": null,
      "exp2": null,
      "fam1": null,
      "fam2": null
    },
    {
      "t1": "2345",
      "t2": "SUNPHARMA",
      "corr_hybrid": 0.5758,
      "corr_structured": null,
      "cat1": "Act",
      "cat2": "Act",
      "exp1": null,
      "exp2": null,
      "fam1": null,
      "fam2": null
    },
    {
      "t1": "FLKR",
      "t2": "FNDF",
      "corr_hybrid": 0.568,
      "corr_structured": 0.62,
      "cat1": "ETF",
      "cat2": "ETF",
      "exp1": "south_korea",
      "exp2": "international",
      "fam1": "em_equity",
      "fam2": "intl_equity"
    },
    {
      "t1": "URA",
      "t2": "VSS",
      "corr_hybrid": 0.5671,
      "corr_structured": 0.2,
      "cat1": "ETF",
      "cat2": "ETF",
      "exp1": "uranium",
      "exp2": "intl_small_cap",
      "fam1": "commodities",
      "fam2": null
    },
    {
      "t1": "URA",
      "t2": "VRT",
      "corr_hybrid": 0.5452,
      "corr_structured": null,
      "cat1": "ETF",
      "cat2": "Act",
      "exp1": "uranium",
      "exp2": null,
      "fam1": "commodities",
      "fam2": null
    },
    {
      "t1": "FDVV",
      "t2": "PICK",
      "corr_hybrid": 0.5431,
      "corr_structured": 0.2,
      "cat1": "ETF",
      "cat2": "ETF",
      "exp1": "dividend",
      "exp2": "metals_mining",
      "fam1": "factor_dividend",
      "fam2": null
    }
  ],
  "all_pairs_bottom_10": [
    {
      "t1": "NVDA",
      "t2": "UTHR",
      "corr_hybrid": -0.0148,
      "corr_structured": null,
      "cat1": "Act",
      "cat2": "Act",
      "exp1": null,
      "exp2": null,
      "fam1": null,
      "fam2": null
    },
    {
      "t1": "SHEL",
      "t2": "UTHR",
      "corr_hybrid": 0.0117,
      "corr_structured": null,
      "cat1": "Act",
      "cat2": "Act",
      "exp1": null,
      "exp2": null,
      "fam1": null,
      "fam2": null
    },
    {
      "t1": "ITX",
      "t2": "PICK",
      "corr_hybrid": -0.0109,
      "corr_structured": null,
      "cat1": "Act",
      "cat2": "ETF",
      "exp1": null,
      "exp2": "metals_mining",
      "fam1": null,
      "fam2": null
    },
    {
      "t1": "IG",
      "t2": "URA",
      "corr_hybrid": 0.0105,
      "corr_structured": null,
      "cat1": "Act",
      "cat2": "ETF",
      "exp1": null,
      "exp2": "uranium",
      "fam1": null,
      "fam2": "commodities"
    },
    {
      "t1": "EOG",
      "t2": "FLKR",
      "corr_hybrid": 0.01,
      "corr_structured": null,
      "cat1": "Act",
      "cat2": "ETF",
      "exp1": null,
      "exp2": "south_korea",
      "fam1": null,
      "fam2": "em_equity"
    },
    {
      "t1": "JNJ",
      "t2": "MU",
      "corr_hybrid": -0.0097,
      "corr_structured": null,
      "cat1": "Act",
      "cat2": "Act",
      "exp1": null,
      "exp2": null,
      "fam1": null,
      "fam2": null
    },
    {
      "t1": "GD",
      "t2": "UTHR",
      "corr_hybrid": 0.0082,
      "corr_structured": null,
      "cat1": "Act",
      "cat2": "Act",
      "exp1": null,
      "exp2": null,
      "fam1": null,
      "fam2": null
    },
    {
      "t1": "ITX",
      "t2": "VRT",
      "corr_hybrid": 0.0064,
      "corr_structured": null,
      "cat1": "Act",
      "cat2": "Act",
      "exp1": null,
      "exp2": null,
      "fam1": null,
      "fam2": null
    },
    {
      "t1": "EOG",
      "t2": "GDE",
      "corr_hybrid": 0.0054,
      "corr_structured": null,
      "cat1": "Act",
      "cat2": "ETF",
      "exp1": null,
      "exp2": "gold_leveraged",
      "fam1": null,
      "fam2": null
    },
    {
      "t1": "NVDA",
      "t2": "VICI",
      "corr_hybrid": 0.005,
      "corr_structured": null,
      "cat1": "Act",
      "cat2": "Act",
      "exp1": null,
      "exp2": null,
      "fam1": null,
      "fam2": null
    }
  ],
  "correlation_matrix": {
    "tickers": [
      "2059",
      "2345",
      "ACWV",
      "BMED",
      "BSV",
      "CLTL",
      "COPX",
      "EOG",
      "FDVV",
      "FLKR",
      "FLTR",
      "FNDF",
      "GBIL",
      "GD",
      "GDE",
      "GLD",
      "GTIP",
      "IG",
      "ITX",
      "JAAA",
      "JNJ",
      "LI",
      "MU",
      "NOVN",
      "NVDA",
      "PAAA",
      "PICK",
      "SCHD",
      "SHEL",
      "SPLV",
      "SPYV",
      "STIP",
      "SUNPHARMA",
      "URA",
      "UTHR",
      "VGSH",
      "VICI",
      "VRT",
      "VSS",
      "XBI",
      "XLV"
    ],
    "matrix": [
      [
        1.0,
        0.5758,
        0.3644,
        0.474,
        0.0821,
        0.0821,
        0.1325,
        0.3268,
        0.3522,
        0.1437,
        0.0821,
        0.3086,
        0.0821,
        0.4023,
        0.1401,
        0.047,
        0.0821,
        0.5048,
        0.3617,
        0.0821,
        0.4153,
        0.2421,
        0.1691,
        0.3712,
        0.2257,
        0.0821,
        0.1968,
        0.3666,
        0.3692,
        0.3345,
        0.3632,
        0.0821,
        0.5758,
        0.0168,
        0.1945,
        0.0821,
        0.4277,
        0.1994,
        0.2641,
        0.2425,
        0.3412
      ],
      [
        0.5758,
        1.0,
        0.3644,
        0.474,
        0.0821,
        0.0821,
        0.1325,
        0.3268,
        0.3522,
        0.1437,
        0.0821,
        0.3086,
        0.0821,
        0.4023,
        0.1401,
        0.047,
        0.0821,
        0.5048,
        0.3617,
        0.0821,
        0.4153,
        0.2421,
        0.1691,
        0.3712,
        0.2257,
        0.0821,
        0.1968,
        0.3666,
        0.3692,
        0.3345,
        0.3632,
        0.0821,
        0.5758,
        0.0168,
        0.1945,
        0.0821,
        0.4277,
        0.1994,
        0.2641,
        0.2425,
        0.3412
      ],
      [
        0.3644,
        0.3644,
        1.0,
        0.4243,
        0.0941,
        0.0941,
        0.3955,
        0.1859,
        0.3825,
        0.2923,
        0.0941,
        0.4424,
        0.0941,
        0.3619,
        0.4018,
        0.3281,
        0.0941,
        0.3444,
        0.1865,
        0.0941,
        0.3711,
        0.1853,
        0.1361,
        0.2721,
        0.0908,
        0.0941,
        0.4326,
        0.3883,
        0.3005,
        0.3743,
        0.388,
        0.0941,
        0.3644,
        0.1953,
        0.1774,
        0.0941,
        0.3555,
        0.0338,
        0.4312,
        0.3074,
        0.369
      ],
      [
        0.474,
        0.474,
        0.4243,
        1.0,
        0.0936,
        0.0936,
        0.3677,
        0.2274,
        0.4339,
        0.3596,
        0.0936,
        0.4708,
        0.0936,
        0.371,
        0.3617,
        0.2386,
        0.0936,
        0.4136,
        0.1859,
        0.0936,
        0.3885,
        0.245,
        0.3468,
        0.3287,
        0.2387,
        0.0936,
        0.4178,
        0.4088,
        0.3371,
        0.3379,
        0.4415,
        0.0936,
        0.474,
        0.1886,
        0.3132,
        0.0936,
        0.347,
        0.2238,
        0.4393,
        0.3705,
        0.4221
      ],
      [
        0.0821,
        0.0821,
        0.0941,
        0.0936,
        1.0,
        0.0211,
        0.0913,
        0.043,
        0.0883,
        0.068,
        0.0211,
        0.1008,
        0.0211,
        0.0825,
        0.0919,
        0.074,
        0.0211,
        0.0784,
        0.0427,
        0.0211,
        0.0803,
        0.043,
        0.0334,
        0.0605,
        0.0268,
        0.0211,
        0.0994,
        0.0863,
        0.069,
        0.0824,
        0.0883,
        0.0211,
        0.0821,
        0.0488,
        0.0282,
        0.0211,
        0.0796,
        0.0149,
        0.0994,
        0.0671,
        0.0796
      ],
      [
        0.0821,
        0.0821,
        0.0941,
        0.0936,
        0.0211,
        1.0,
        0.0913,
        0.043,
        0.0883,
        0.068,
        0.0211,
        0.1008,
        0.0211,
        0.0825,
        0.0919,
        0.074,
        0.0211,
        0.0784,
        0.0427,
        0.0211,
        0.0803,
        0.043,
        0.0334,
        0.0605,
        0.0268,
        0.0211,
        0.0994,
        0.0863,
        0.069,
        0.0824,
        0.0883,
        0.0211,
        0.0821,
        0.0488,
        0.0282,
        0.0211,
        0.0796,
        0.0149,
        0.0994,
        0.0671,
        0.0796
      ],
      [
        0.1325,
        0.1325,
        0.3955,
        0.3677,
        0.0913,
        0.0913,
        1.0,
        -0.0151,
        0.5154,
        0.644,
        0.0913,
        0.6674,
        0.0913,
        0.252,
        0.7604,
        0.6112,
        0.0913,
        0.1391,
        -0.0456,
        0.0913,
        0.1482,
        0.3115,
        0.391,
        0.1081,
        0.3249,
        0.0913,
        0.8107,
        0.3197,
        0.211,
        0.2282,
        0.4597,
        0.0913,
        0.1325,
        0.6964,
        0.106,
        0.0913,
        0.1262,
        0.3665,
        0.7221,
        0.4224,
        0.3009
      ],
      [
        0.3268,
        0.3268,
        0.1859,
        0.2274,
        0.043,
        0.043,
        -0.0151,
        1.0,
        0.1609,
        0.01,
        0.043,
        0.115,
        0.043,
        0.2459,
        0.0054,
        -0.0279,
        0.043,
        0.3042,
        0.2158,
        0.043,
        0.2392,
        0.0541,
        0.051,
        0.2185,
        0.0744,
        0.043,
        0.0275,
        0.2033,
        0.2217,
        0.2067,
        0.1755,
        0.043,
        0.3268,
        -0.1004,
        -0.043,
        0.043,
        0.2755,
        0.0246,
        0.0871,
        0.0636,
        0.1644
      ],
      [
        0.3522,
        0.3522,
        0.3825,
        0.4339,
        0.0883,
        0.0883,
        0.5154,
        0.1609,
        1.0,
        0.456,
        0.0883,
        0.5257,
        0.0883,
        0.3357,
        0.4845,
        0.3436,
        0.0883,
        0.3256,
        0.1168,
        0.0883,
        0.2629,
        0.2648,
        0.3773,
        0.2408,
        0.3277,
        0.0883,
        0.5431,
        0.3535,
        0.3039,
        0.2726,
        0.4412,
        0.0883,
        0.3522,
        0.3875,
        0.084,
        0.0883,
        0.2653,
        0.3388,
        0.5353,
        0.342,
        0.326
      ],
      [
        0.1437,
        0.1437,
        0.2923,
        0.3596,
        0.068,
        0.068,
        0.644,
        0.01,
        0.456,
        1.0,
        0.068,
        0.568,
        0.068,
        0.1893,
        0.5882,
        0.4171,
        0.068,
        0.1326,
        -0.1405,
        0.068,
        0.0875,
        0.2192,
        0.6072,
        0.1113,
        0.3928,
        0.068,
        0.6458,
        0.2658,
        0.187,
        0.1274,
        0.4159,
        0.068,
        0.1437,
        0.5342,
        0.0886,
        0.068,
        0.0516,
        0.4504,
        0.5983,
        0.3744,
        0.2772
      ],
      [
        0.0821,
        0.0821,
        0.0941,
        0.0936,
        0.0211,
        0.0211,
        0.0913,
        0.043,
        0.0883,
        0.068,
        1.0,
        0.1008,
        0.0211,
        0.0825,
        0.0919,
        0.074,
        0.0211,
        0.0784,
        0.0427,
        0.0211,
        0.0803,
        0.043,
        0.0334,
        0.0605,
        0.0268,
        0.0211,
        0.0994,
        0.0863,
        0.069,
        0.0824,
        0.0883,
        0.0211,
        0.0821,
        0.0488,
        0.0282,
        0.0211,
        0.0796,
        0.0149,
        0.0994,
        0.0671,
        0.0796
      ],
      [
        0.3086,
        0.3086,
        0.4424,
        0.4708,
        0.1008,
        0.1008,
        0.6674,
        0.115,
        0.5257,
        0.568,
        0.1008,
        1.0,
        0.1008,
        0.343,
        0.6313,
        0.4799,
        0.1008,
        0.2917,
        0.0509,
        0.1008,
        0.2729,
        0.2783,
        0.4253,
        0.2275,
        0.315,
        0.1008,
        0.6876,
        0.396,
        0.3012,
        0.3064,
        0.4961,
        0.1008,
        0.3086,
        0.4956,
        0.141,
        0.1008,
        0.252,
        0.323,
        0.6512,
        0.4174,
        0.3804
      ],
      [
        0.0821,
        0.0821,
        0.0941,
        0.0936,
        0.0211,
        0.0211,
        0.0913,
        0.043,
        0.0883,
        0.068,
        0.0211,
        0.1008,
        1.0,
        0.0825,
        0.0919,
        0.074,
        0.0211,
        0.0784,
        0.0427,
        0.0211,
        0.0803,
        0.043,
        0.0334,
        0.0605,
        0.0268,
        0.0211,
        0.0994,
        0.0863,
        0.069,
        0.0824,
        0.0883,
        0.0211,
        0.0821,
        0.0488,
        0.0282,
        0.0211,
        0.0796,
        0.0149,
        0.0994,
        0.0671,
        0.0796
      ],
      [
        0.4023,
        0.4023,
        0.3619,
        0.371,
        0.0825,
        0.0825,
        0.252,
        0.2459,
        0.3357,
        0.1893,
        0.0825,
        0.343,
        0.0825,
        1.0,
        0.2641,
        0.198,
        0.0825,
        0.3852,
        0.2473,
        0.0825,
        0.3479,
        0.15,
        0.1,
        0.2834,
        0.1179,
        0.0825,
        0.2965,
        0.3478,
        0.3167,
        0.3444,
        0.3397,
        0.0825,
        0.4023,
        0.0929,
        0.0082,
        0.0825,
        0.3779,
        0.0555,
        0.3287,
        0.2081,
        0.2966
      ],
      [
        0.1401,
        0.1401,
        0.4018,
        0.3617,
        0.0919,
        0.0919,
        0.7604,
        0.0054,
        0.4845,
        0.5882,
        0.0919,
        0.6313,
        0.0919,
        0.2641,
        1.0,
        0.5866,
        0.0919,
        0.1519,
        -0.0332,
        0.0919,
        0.1801,
        0.2615,
        0.3367,
        0.1228,
        0.251,
        0.0919,
        0.7563,
        0.3315,
        0.2155,
        0.2595,
        0.4415,
        0.0919,
        0.1401,
        0.6067,
        0.0951,
        0.0919,
        0.158,
        0.2646,
        0.6775,
        0.3972,
        0.3117
      ],
      [
        0.047,
        0.047,
        0.3281,
        0.2386,
        0.074,
        0.074,
        0.6112,
        -0.0279,
        0.3436,
        0.4171,
        0.074,
        0.4799,
        0.074,
        0.198,
        0.5866,
        1.0,
        0.074,
        0.075,
        -0.0285,
        0.074,
        0.1508,
        0.1706,
        0.1276,
        0.0681,
        0.0794,
        0.074,
        0.6013,
        0.2575,
        0.1416,
        0.237,
        0.3147,
        0.074,
        0.047,
        0.4643,
        0.0688,
        0.074,
        0.1317,
        0.0619,
        0.5225,
        0.2933,
        0.2366
      ],
      [
        0.0821,
        0.0821,
        0.0941,
        0.0936,
        0.0211,
        0.0211,
        0.0913,
        0.043,
        0.0883,
        0.068,
        0.0211,
        0.1008,
        0.0211,
        0.0825,
        0.0919,
        0.074,
        1.0,
        0.0784,
        0.0427,
        0.0211,
        0.0803,
        0.043,
        0.0334,
        0.0605,
        0.0268,
        0.0211,
        0.0994,
        0.0863,
        0.069,
        0.0824,
        0.0883,
        0.0211,
        0.0821,
        0.0488,
        0.0282,
        0.0211,
        0.0796,
        0.0149,
        0.0994,
        0.0671,
        0.0796
      ],
      [
        0.5048,
        0.5048,
        0.3444,
        0.4136,
        0.0784,
        0.0784,
        0.1391,
        0.3042,
        0.3256,
        0.1326,
        0.0784,
        0.2917,
        0.0784,
        0.3852,
        0.1519,
        0.075,
        0.0784,
        1.0,
        0.3198,
        0.0784,
        0.3802,
        0.1834,
        0.1301,
        0.3342,
        0.1743,
        0.0784,
        0.1968,
        0.3465,
        0.3457,
        0.3301,
        0.3356,
        0.0784,
        0.5048,
        0.0105,
        0.0792,
        0.0784,
        0.4081,
        0.1286,
        0.2578,
        0.2008,
        0.3052
      ],
      [
        0.3617,
        0.3617,
        0.1865,
        0.1859,
        0.0427,
        0.0427,
        -0.0456,
        0.2158,
        0.1168,
        -0.1405,
        0.0427,
        0.0509,
        0.0427,
        0.2473,
        -0.0332,
        -0.0285,
        0.0427,
        0.3198,
        1.0,
        0.0427,
        0.2723,
        0.2001,
        -0.2668,
        0.2111,
        0.0318,
        0.0427,
        -0.0109,
        0.1637,
        0.2066,
        0.2194,
        0.1166,
        0.0427,
        0.3617,
        -0.0417,
        0.0881,
        0.0427,
        0.3215,
        0.0064,
        0.0297,
        0.0435,
        0.1097
      ],
      [
        0.0821,
        0.0821,
        0.0941,
        0.0936,
        0.0211,
        0.0211,
        0.0913,
        0.043,
        0.0883,
        0.068,
        0.0211,
        0.1008,
        0.0211,
        0.0825,
        0.0919,
        0.074,
        0.0211,
        0.0784,
        0.0427,
        1.0,
        0.0803,
        0.043,
        0.0334,
        0.0605,
        0.0268,
        0.0211,
        0.0994,
        0.0863,
        0.069,
        0.0824,
        0.0883,
        0.0211,
        0.0821,
        0.0488,
        0.0282,
        0.0211,
        0.0796,
        0.0149,
        0.0994,
        0.0671,
        0.0796
      ],
      [
        0.4153,
        0.4153,
        0.3711,
        0.3885,
        0.0803,
        0.0803,
        0.1482,
        0.2392,
        0.2629,
        0.0875,
        0.0803,
        0.2729,
        0.0803,
        0.3479,
        0.1801,
        0.1508,
        0.0803,
        0.3802,
        0.2723,
        0.0803,
        1.0,
        0.124,
        -0.0097,
        0.3017,
        -0.0214,
        0.0803,
        0.1993,
        0.3539,
        0.2883,
        0.3753,
        0.2935,
        0.0803,
        0.4153,
        -0.0437,
        0.2282,
        0.0803,
        0.3973,
        -0.1044,
        0.2334,
        0.2192,
        0.3434
      ],
      [
        0.2421,
        0.2421,
        0.1853,
        0.245,
        0.043,
        0.043,
        0.3115,
        0.0541,
        0.2648,
        0.2192,
        0.043,
        0.2783,
        0.043,
        0.15,
        0.2615,
        0.1706,
        0.043,
        0.1834,
        0.2001,
        0.043,
        0.124,
        1.0,
        0.1028,
        0.1181,
        0.2981,
        0.043,
        0.3163,
        0.1373,
        0.1444,
        0.0843,
        0.2231,
        0.043,
        0.2421,
        0.3724,
        0.2651,
        0.043,
        0.1155,
        0.3864,
        0.2899,
        0.2308,
        0.1346
      ],
      [
        0.1691,
        0.1691,
        0.1361,
        0.3468,
        0.0334,
        0.0334,
        0.391,
        0.051,
        0.3773,
        0.6072,
        0.0334,
        0.4253,
        0.0334,
        0.1,
        0.3367,
        0.1276,
        0.0334,
        0.1301,
        -0.2668,
        0.0334,
        -0.0097,
        0.1028,
        1.0,
        0.1162,
        0.5221,
        0.0334,
        0.409,
        0.1816,
        0.1567,
        -0.0296,
        0.3553,
        0.0334,
        0.1691,
        0.3176,
        0.0468,
        0.0334,
        -0.0588,
        0.6116,
        0.4227,
        0.302,
        0.2319
      ],
      [
        0.3712,
        0.3712,
        0.2721,
        0.3287,
        0.0605,
        0.0605,
        0.1081,
        0.2185,
        0.2408,
        0.1113,
        0.0605,
        0.2275,
        0.0605,
        0.2834,
        0.1228,
        0.0681,
        0.0605,
        0.3342,
        0.2111,
        0.0605,
        0.3017,
        0.1181,
        0.1162,
        1.0,
        0.0971,
        0.0605,
        0.1528,
        0.2741,
        0.2525,
        0.26,
        0.2568,
        0.0605,
        0.3712,
        -0.0153,
        0.1213,
        0.0605,
        0.3027,
        0.0548,
        0.1958,
        0.1722,
        0.2596
      ],
      [
        0.2257,
        0.2257,
        0.0908,
        0.2387,
        0.0268,
        0.0268,
        0.3249,
        0.0744,
        0.3277,
        0.3928,
        0.0268,
        0.315,
        0.0268,
        0.1179,
        0.251,
        0.0794,
        0.0268,
        0.1743,
        0.0318,
        0.0268,
        -0.0214,
        0.2981,
        0.5221,
        0.0971,
        1.0,
        0.0268,
        0.3314,
        0.0948,
        0.1593,
        -0.0497,
        0.2676,
        0.0268,
        0.2257,
        0.4217,
        -0.0148,
        0.0268,
        0.005,
        0.6897,
        0.3366,
        0.2026,
        0.0781
      ],
      [
        0.0821,
        0.0821,
        0.0941,
        0.0936,
        0.0211,
        0.0211,
        0.0913,
        0.043,
        0.0883,
        0.068,
        0.0211,
        0.1008,
        0.0211,
        0.0825,
        0.0919,
        0.074,
        0.0211,
        0.0784,
        0.0427,
        0.0211,
        0.0803,
        0.043,
        0.0334,
        0.0605,
        0.0268,
        1.0,
        0.0994,
        0.0863,
        0.069,
        0.0824,
        0.0883,
        0.0211,
        0.0821,
        0.0488,
        0.0282,
        0.0211,
        0.0796,
        0.0149,
        0.0994,
        0.0671,
        0.0796
      ],
      [
        0.1968,
        0.1968,
        0.4326,
        0.4178,
        0.0994,
        0.0994,
        0.8107,
        0.0275,
        0.5431,
        0.6458,
        0.0994,
        0.6876,
        0.0994,
        0.2965,
        0.7563,
        0.6013,
        0.0994,
        0.1968,
        -0.0109,
        0.0994,
        0.1993,
        0.3163,
        0.409,
        0.1528,
        0.3314,
        0.0994,
        1.0,
        0.3615,
        0.2516,
        0.2692,
        0.4932,
        0.0994,
        0.1968,
        0.6643,
        0.1205,
        0.0994,
        0.1778,
        0.3622,
        0.7339,
        0.4398,
        0.3412
      ],
      [
        0.3666,
        0.3666,
        0.3883,
        0.4088,
        0.0863,
        0.0863,
        0.3197,
        0.2033,
        0.3535,
        0.2658,
        0.0863,
        0.396,
        0.0863,
        0.3478,
        0.3315,
        0.2575,
        0.0863,
        0.3465,
        0.1637,
        0.0863,
        0.3539,
        0.1373,
        0.1816,
        0.2741,
        0.0948,
        0.0863,
        0.3615,
        1.0,
        0.2959,
        0.3493,
        0.3655,
        0.0863,
        0.3666,
        0.1197,
        0.1311,
        0.0863,
        0.3427,
        0.0332,
        0.3774,
        0.2725,
        0.3526
      ],
      [
        0.3692,
        0.3692,
        0.3005,
        0.3371,
        0.069,
        0.069,
        0.211,
        0.2217,
        0.3039,
        0.187,
        0.069,
        0.3012,
        0.069,
        0.3167,
        0.2155,
        0.1416,
        0.069,
        0.3457,
        0.2066,
        0.069,
        0.2883,
        0.1444,
        0.1567,
        0.2525,
        0.1593,
        0.069,
        0.2516,
        0.2959,
        1.0,
        0.2741,
        0.3046,
        0.069,
        0.3692,
        0.0886,
        0.0117,
        0.069,
        0.3136,
        0.1211,
        0.2863,
        0.1877,
        0.256
      ],
      [
        0.3345,
        0.3345,
        0.3743,
        0.3379,
        0.0824,
        0.0824,
        0.2282,
        0.2067,
        0.2726,
        0.1274,
        0.0824,
        0.3064,
        0.0824,
        0.3444,
        0.2595,
        0.237,
        0.0824,
        0.3301,
        0.2194,
        0.0824,
        0.3753,
        0.0843,
        -0.0296,
        0.26,
        -0.0497,
        0.0824,
        0.2692,
        0.3493,
        0.2741,
        1.0,
        0.2947,
        0.0824,
        0.3345,
        0.0184,
        0.0868,
        0.0824,
        0.3787,
        -0.1494,
        0.2866,
        0.1998,
        0.3153
      ],
      [
        0.3632,
        0.3632,
        0.388,
        0.4415,
        0.0883,
        0.0883,
        0.4597,
        0.1755,
        0.4412,
        0.4159,
        0.0883,
        0.4961,
        0.0883,
        0.3397,
        0.4415,
        0.3147,
        0.0883,
