{
  "_meta": {
    "generated": "2026-05-25T11:48:12",
    "portfolio_generated": "2026-05-25T11:44:34.788140",
    "n_assets": 43,
    "n_with_returns": 32,
    "covariance_method": "hybrid_shrunk",
    "condition_number": 331.96,
    "pca_factors": 6
  },
  "profiles": {
    "Agressif": {
      "n_assets": 17,
      "weighted_avg_correlation": 0.2211,
      "most_correlated": [
        {
          "t1": "PICK",
          "t2": "REMX",
          "corr": 0.7495,
          "w1": 5.3,
          "w2": 4.9,
          "combined_weight": 10.3
        },
        {
          "t1": "SOXX",
          "t2": "XCEM",
          "corr": 0.7124,
          "w1": 5.0,
          "w2": 4.9,
          "combined_weight": 9.9
        },
        {
          "t1": "SOXX",
          "t2": "XLK",
          "corr": 0.712,
          "w1": 5.0,
          "w2": 3.5,
          "combined_weight": 8.5
        },
        {
          "t1": "PICK",
          "t2": "XCEM",
          "corr": 0.7003,
          "w1": 5.3,
          "w2": 4.9,
          "combined_weight": 10.2
        },
        {
          "t1": "SOXX",
          "t2": "FLKR",
          "corr": 0.7002,
          "w1": 5.0,
          "w2": 3.4,
          "combined_weight": 8.4
        },
        {
          "t1": "FLKR",
          "t2": "XCEM",
          "corr": 0.6984,
          "w1": 3.4,
          "w2": 4.9,
          "combined_weight": 8.3
        },
        {
          "t1": "XLK",
          "t2": "XCEM",
          "corr": 0.6701,
          "w1": 3.5,
          "w2": 4.9,
          "combined_weight": 8.4
        },
        {
          "t1": "FIX",
          "t2": "SOXX",
          "corr": 0.66,
          "w1": 8.0,
          "w2": 5.0,
          "combined_weight": 13.0
        },
        {
          "t1": "XLK",
          "t2": "FLKR",
          "corr": 0.6575,
          "w1": 3.5,
          "w2": 3.4,
          "combined_weight": 6.9
        },
        {
          "t1": "FIX",
          "t2": "XLK",
          "corr": 0.6532,
          "w1": 8.0,
          "w2": 3.5,
          "combined_weight": 11.5
        }
      ],
      "least_correlated": [
        {
          "t1": "XLE",
          "t2": "XLK",
          "corr": -0.0249,
          "w1": 7.8,
          "w2": 3.5,
          "combined_weight": 11.2
        },
        {
          "t1": "BKR",
          "t2": "FRES",
          "corr": -0.075,
          "w1": 10.0,
          "w2": 5.0,
          "combined_weight": 15.0
        },
        {
          "t1": "XLE",
          "t2": "NVDA",
          "corr": -0.0903,
          "w1": 7.8,
          "w2": 6.7,
          "combined_weight": 14.5
        },
        {
          "t1": "FIX",
          "t2": "XLE",
          "corr": -0.1101,
          "w1": 8.0,
          "w2": 7.8,
          "combined_weight": 15.7
        },
        {
          "t1": "XLE",
          "t2": "FRES",
          "corr": -0.1291,
          "w1": 7.8,
          "w2": 5.0,
          "combined_weight": 12.8
        }
      ],
      "high_corr_high_weight": [
        {
          "t1": "PICK",
          "t2": "REMX",
          "corr": 0.7495,
          "w1": 5.3,
          "w2": 4.9,
          "combined_weight": 10.3
        },
        {
          "t1": "PICK",
          "t2": "XCEM",
          "corr": 0.7003,
          "w1": 5.3,
          "w2": 4.9,
          "combined_weight": 10.2
        }
      ]
    },
    "Mod\u00e9r\u00e9": {
      "n_assets": 14,
      "weighted_avg_correlation": 0.1349,
      "most_correlated": [
        {
          "t1": "FNDF",
          "t2": "VPL",
          "corr": 0.6464,
          "w1": 9.1,
          "w2": 7.9,
          "combined_weight": 17.0
        },
        {
          "t1": "FNDF",
          "t2": "DIVB",
          "corr": 0.4752,
          "w1": 9.1,
          "w2": 3.7,
          "combined_weight": 12.8
        },
        {
          "t1": "VPL",
          "t2": "DIVB",
          "corr": 0.4603,
          "w1": 7.9,
          "w2": 3.7,
          "combined_weight": 11.6
        },
        {
          "t1": "SCHD",
          "t2": "DIVB",
          "corr": 0.4007,
          "w1": 9.1,
          "w2": 3.7,
          "combined_weight": 12.8
        },
        {
          "t1": "SCHD",
          "t2": "EOG",
          "corr": 0.3986,
          "w1": 9.1,
          "w2": 9.0,
          "combined_weight": 18.1
        },
        {
          "t1": "FNDF",
          "t2": "GLD",
          "corr": 0.3798,
          "w1": 9.1,
          "w2": 7.2,
          "combined_weight": 16.2
        },
        {
          "t1": "VPL",
          "t2": "GLD",
          "corr": 0.3698,
          "w1": 7.9,
          "w2": 7.2,
          "combined_weight": 15.1
        },
        {
          "t1": "SCHD",
          "t2": "FNDF",
          "corr": 0.3686,
          "w1": 9.1,
          "w2": 9.1,
          "combined_weight": 18.1
        },
        {
          "t1": "SCHD",
          "t2": "VPL",
          "corr": 0.3257,
          "w1": 9.1,
          "w2": 7.9,
          "combined_weight": 17.0
        },
        {
          "t1": "FNDF",
          "t2": "XLV",
          "corr": 0.3197,
          "w1": 9.1,
          "w2": 3.1,
          "combined_weight": 12.1
        }
      ],
      "least_correlated": [
        {
          "t1": "GBIL",
          "t2": "JAAA",
          "corr": 0.0211,
          "w1": 8.2,
          "w2": 3.0,
          "combined_weight": 11.3
        },
        {
          "t1": "SCHO",
          "t2": "JAAA",
          "corr": 0.0211,
          "w1": 6.5,
          "w2": 3.0,
          "combined_weight": 9.5
        },
        {
          "t1": "NOVN",
          "t2": "VPL",
          "corr": 0.011,
          "w1": 7.5,
          "w2": 7.9,
          "combined_weight": 15.4
        },
        {
          "t1": "EOG",
          "t2": "BZU",
          "corr": -0.0006,
          "w1": 9.0,
          "w2": 8.6,
          "combined_weight": 17.6
        },
        {
          "t1": "EOG",
          "t2": "GLD",
          "corr": -0.0358,
          "w1": 9.0,
          "w2": 7.2,
          "combined_weight": 16.2
        }
      ],
      "high_corr_high_weight": []
    },
    "Stable": {
      "n_assets": 14,
      "weighted_avg_correlation": 0.132,
      "most_correlated": [
        {
          "t1": "ELE",
          "t2": "GLD",
          "corr": 0.5758,
          "w1": 7.4,
          "w2": 5.1,
          "combined_weight": 12.5
        },
        {
          "t1": "VICI",
          "t2": "SUNPHARMA",
          "corr": 0.409,
          "w1": 7.4,
          "w2": 5.3,
          "combined_weight": 12.7
        },
        {
          "t1": "SHEL",
          "t2": "SUNPHARMA",
          "corr": 0.3861,
          "w1": 6.4,
          "w2": 5.3,
          "combined_weight": 11.7
        },
        {
          "t1": "SUNPHARMA",
          "t2": "KO",
          "corr": 0.3849,
          "w1": 5.3,
          "w2": 4.8,
          "combined_weight": 10.1
        },
        {
          "t1": "GD",
          "t2": "SUNPHARMA",
          "corr": 0.3799,
          "w1": 7.4,
          "w2": 5.3,
          "combined_weight": 12.7
        },
        {
          "t1": "GD",
          "t2": "SHEL",
          "corr": 0.369,
          "w1": 7.4,
          "w2": 6.4,
          "combined_weight": 13.8
        },
        {
          "t1": "ACWV",
          "t2": "SPYV",
          "corr": 0.3426,
          "w1": 6.7,
          "w2": 5.1,
          "combined_weight": 11.7
        },
        {
          "t1": "VICI",
          "t2": "SHEL",
          "corr": 0.3244,
          "w1": 7.4,
          "w2": 6.4,
          "combined_weight": 13.8
        },
        {
          "t1": "ACWV",
          "t2": "SUNPHARMA",
          "corr": 0.3097,
          "w1": 6.7,
          "w2": 5.3,
          "combined_weight": 12.0
        },
        {
          "t1": "SPYV",
          "t2": "SUNPHARMA",
          "corr": 0.3062,
          "w1": 5.1,
          "w2": 5.3,
          "combined_weight": 10.4
        }
      ],
      "least_correlated": [
        {
          "t1": "VGSH",
          "t2": "ELE",
          "corr": 0.0157,
          "w1": 6.0,
          "w2": 7.4,
          "combined_weight": 13.4
        },
        {
          "t1": "ELE",
          "t2": "BSV",
          "corr": 0.0157,
          "w1": 7.4,
          "w2": 13.0,
          "combined_weight": 20.4
        },
        {
          "t1": "ELE",
          "t2": "STIP",
          "corr": 0.0157,
          "w1": 7.4,
          "w2": 13.0,
          "combined_weight": 20.4
        },
        {
          "t1": "ELE",
          "t2": "KO",
          "corr": -0.0013,
          "w1": 7.4,
          "w2": 4.8,
          "combined_weight": 12.2
        },
        {
          "t1": "KO",
          "t2": "GLD",
          "corr": -0.0176,
          "w1": 4.8,
          "w2": 5.1,
          "combined_weight": 9.9
        }
      ],
      "high_corr_high_weight": []
    }
  },
  "all_pairs_top_30": [
    {
      "t1": "PICK",
      "t2": "REMX",
      "corr_hybrid": 0.7495,
      "corr_structured": 0.2,
      "cat1": "ETF",
      "cat2": "ETF",
      "exp1": "metals_mining",
      "exp2": "rare_earth",
      "fam1": null,
      "fam2": null
    },
    {
      "t1": "SOXX",
      "t2": "XCEM",
      "corr_hybrid": 0.7124,
      "corr_structured": 0.2,
      "cat1": "ETF",
      "cat2": "ETF",
      "exp1": "semiconductor",
      "exp2": "emerging_markets",
      "fam1": "sector_tech",
      "fam2": "em_equity"
    },
    {
      "t1": "SOXX",
      "t2": "XLK",
      "corr_hybrid": 0.712,
      "corr_structured": 0.9,
      "cat1": "ETF",
      "cat2": "ETF",
      "exp1": "semiconductor",
      "exp2": "tech",
      "fam1": "sector_tech",
      "fam2": "sector_tech"
    },
    {
      "t1": "PICK",
      "t2": "XCEM",
      "corr_hybrid": 0.7003,
      "corr_structured": 0.2,
      "cat1": "ETF",
      "cat2": "ETF",
      "exp1": "metals_mining",
      "exp2": "emerging_markets",
      "fam1": null,
      "fam2": "em_equity"
    },
    {
      "t1": "FLKR",
      "t2": "SOXX",
      "corr_hybrid": 0.7002,
      "corr_structured": 0.2,
      "cat1": "ETF",
      "cat2": "ETF",
      "exp1": "south_korea",
      "exp2": "semiconductor",
      "fam1": "em_equity",
      "fam2": "sector_tech"
    },
    {
      "t1": "FLKR",
      "t2": "XCEM",
      "corr_hybrid": 0.6984,
      "corr_structured": 0.9,
      "cat1": "ETF",
      "cat2": "ETF",
      "exp1": "south_korea",
      "exp2": "emerging_markets",
      "fam1": "em_equity",
      "fam2": "em_equity"
    },
    {
      "t1": "VPL",
      "t2": "XCEM",
      "corr_hybrid": 0.6924,
      "corr_structured": 0.2,
      "cat1": "ETF",
      "cat2": "ETF",
      "exp1": "pacific_asia",
      "exp2": "emerging_markets",
      "fam1": null,
      "fam2": "em_equity"
    },
    {
      "t1": "PICK",
      "t2": "VPL",
      "corr_hybrid": 0.6918,
      "corr_structured": 0.2,
      "cat1": "ETF",
      "cat2": "ETF",
      "exp1": "metals_mining",
      "exp2": "pacific_asia",
      "fam1": null,
      "fam2": null
    },
    {
      "t1": "FNDF",
      "t2": "PICK",
      "corr_hybrid": 0.6828,
      "corr_structured": 0.2,
      "cat1": "ETF",
      "cat2": "ETF",
      "exp1": "international",
      "exp2": "metals_mining",
      "fam1": "intl_equity",
      "fam2": null
    },
    {
      "t1": "XCEM",
      "t2": "XLK",
      "corr_hybrid": 0.6701,
      "corr_structured": 0.2,
      "cat1": "ETF",
      "cat2": "ETF",
      "exp1": "emerging_markets",
      "exp2": "tech",
      "fam1": "em_equity",
      "fam2": "sector_tech"
    },
    {
      "t1": "SOXX",
      "t2": "VPL",
      "corr_hybrid": 0.6662,
      "corr_structured": 0.2,
      "cat1": "ETF",
      "cat2": "ETF",
      "exp1": "semiconductor",
      "exp2": "pacific_asia",
      "fam1": "sector_tech",
      "fam2": null
    },
    {
      "t1": "FLKR",
      "t2": "VPL",
      "corr_hybrid": 0.6603,
      "corr_structured": 0.2,
      "cat1": "ETF",
      "cat2": "ETF",
      "exp1": "south_korea",
      "exp2": "pacific_asia",
      "fam1": "em_equity",
      "fam2": null
    },
    {
      "t1": "FIX",
      "t2": "SOXX",
      "corr_hybrid": 0.66,
      "corr_structured": null,
      "cat1": "Act",
      "cat2": "ETF",
      "exp1": null,
      "exp2": "semiconductor",
      "fam1": null,
      "fam2": "sector_tech"
    },
    {
      "t1": "FLKR",
      "t2": "XLK",
      "corr_hybrid": 0.6575,
      "corr_structured": 0.2,
      "cat1": "ETF",
      "cat2": "ETF",
      "exp1": "south_korea",
      "exp2": "tech",
      "fam1": "em_equity",
      "fam2": "sector_tech"
    },
    {
      "t1": "FIX",
      "t2": "XLK",
      "corr_hybrid": 0.6532,
      "corr_structured": null,
      "cat1": "Act",
      "cat2": "ETF",
      "exp1": null,
      "exp2": "tech",
      "fam1": null,
      "fam2": "sector_tech"
    },
    {
      "t1": "FNDF",
      "t2": "XCEM",
      "corr_hybrid": 0.6526,
      "corr_structured": 0.62,
      "cat1": "ETF",
      "cat2": "ETF",
      "exp1": "international",
      "exp2": "emerging_markets",
      "fam1": "intl_equity",
      "fam2": "em_equity"
    },
    {
      "t1": "FLKR",
      "t2": "PICK",
      "corr_hybrid": 0.6524,
      "corr_structured": 0.2,
      "cat1": "ETF",
      "cat2": "ETF",
      "exp1": "south_korea",
      "exp2": "metals_mining",
      "fam1": "em_equity",
      "fam2": null
    },
    {
      "t1": "FNDF",
      "t2": "VPL",
      "corr_hybrid": 0.6464,
      "corr_structured": 0.2,
      "cat1": "ETF",
      "cat2": "ETF",
      "exp1": "international",
      "exp2": "pacific_asia",
      "fam1": "intl_equity",
      "fam2": null
    },
    {
      "t1": "000660",
      "t2": "2059",
      "corr_hybrid": 0.6287,
      "corr_structured": null,
      "cat1": "Act",
      "cat2": "Act",
      "exp1": null,
      "exp2": null,
      "fam1": null,
      "fam2": null
    },
    {
      "t1": "000660",
      "t2": "SUNPHARMA",
      "corr_hybrid": 0.6287,
      "corr_structured": null,
      "cat1": "Act",
      "cat2": "Act",
      "exp1": null,
      "exp2": null,
      "fam1": null,
      "fam2": null
    },
    {
      "t1": "2059",
      "t2": "SUNPHARMA",
      "corr_hybrid": 0.6287,
      "corr_structured": null,
      "cat1": "Act",
      "cat2": "Act",
      "exp1": null,
      "exp2": null,
      "fam1": null,
      "fam2": null
    },
    {
      "t1": "PICK",
      "t2": "SOXX",
      "corr_hybrid": 0.6284,
      "corr_structured": 0.2,
      "cat1": "ETF",
      "cat2": "ETF",
      "exp1": "metals_mining",
      "exp2": "semiconductor",
      "fam1": null,
      "fam2": "sector_tech"
    },
    {
      "t1": "VPL",
      "t2": "XLK",
      "corr_hybrid": 0.6263,
      "corr_structured": 0.2,
      "cat1": "ETF",
      "cat2": "ETF",
      "exp1": "pacific_asia",
      "exp2": "tech",
      "fam1": null,
      "fam2": "sector_tech"
    },
    {
      "t1": "FLKR",
      "t2": "FNDF",
      "corr_hybrid": 0.6128,
      "corr_structured": 0.62,
      "cat1": "ETF",
      "cat2": "ETF",
      "exp1": "south_korea",
      "exp2": "international",
      "fam1": "em_equity",
      "fam2": "intl_equity"
    },
    {
      "t1": "FIX",
      "t2": "NVDA",
      "corr_hybrid": 0.611,
      "corr_structured": null,
      "cat1": "Act",
      "cat2": "Act",
      "exp1": null,
      "exp2": null,
      "fam1": null,
      "fam2": null
    },
    {
      "t1": "FNDF",
      "t2": "SOXX",
      "corr_hybrid": 0.6085,
      "corr_structured": 0.2,
      "cat1": "ETF",
      "cat2": "ETF",
      "exp1": "international",
      "exp2": "semiconductor",
      "fam1": "intl_equity",
      "fam2": "sector_tech"
    },
    {
      "t1": "REMX",
      "t2": "XCEM",
      "corr_hybrid": 0.5984,
      "corr_structured": 0.2,
      "cat1": "ETF",
      "cat2": "ETF",
      "exp1": "rare_earth",
      "exp2": "emerging_markets",
      "fam1": null,
      "fam2": "em_equity"
    },
    {
      "t1": "FNDF",
      "t2": "REMX",
      "corr_hybrid": 0.597,
      "corr_structured": 0.2,
      "cat1": "ETF",
      "cat2": "ETF",
      "exp1": "international",
      "exp2": "rare_earth",
      "fam1": "intl_equity",
      "fam2": null
    },
    {
      "t1": "REMX",
      "t2": "VPL",
      "corr_hybrid": 0.5939,
      "corr_structured": 0.2,
      "cat1": "ETF",
      "cat2": "ETF",
      "exp1": "rare_earth",
      "exp2": "pacific_asia",
      "fam1": null,
      "fam2": null
    },
    {
      "t1": "EOG",
      "t2": "XLE",
      "corr_hybrid": 0.5909,
      "corr_structured": null,
      "cat1": "Act",
      "cat2": "ETF",
      "exp1": null,
      "exp2": "energy",
      "fam1": null,
      "fam2": "sector_energy"
    }
  ],
  "all_pairs_bottom_10": [
    {
      "t1": "SOXX",
      "t2": "VICI",
      "corr_hybrid": 0.0073,
      "corr_structured": null,
      "cat1": "ETF",
      "cat2": "Act",
      "exp1": "semiconductor",
      "exp2": null,
      "fam1": "sector_tech",
      "fam2": null
    },
    {
      "t1": "GLD",
      "t2": "XLE",
      "corr_hybrid": 0.0035,
      "corr_structured": 0.2,
      "cat1": "ETF",
      "cat2": "ETF",
      "exp1": "gold_physical",
      "exp2": "energy",
      "fam1": "gold",
      "fam2": "sector_energy"
    },
    {
      "t1": "KO",
      "t2": "NVDA",
      "corr_hybrid": 0.0022,
      "corr_structured": null,
      "cat1": "Act",
      "cat2": "Act",
      "exp1": null,
      "exp2": null,
      "fam1": null,
      "fam2": null
    },
    {
      "t1": "BKR",
      "t2": "LI",
      "corr_hybrid": 0.0021,
      "corr_structured": null,
      "cat1": "Act",
      "cat2": "Act",
      "exp1": null,
      "exp2": null,
      "fam1": null,
      "fam2": null
    },
    {
      "t1": "FLKR",
      "t2": "FRES",
      "corr_hybrid": 0.002,
      "corr_structured": null,
      "cat1": "ETF",
      "cat2": "Act",
      "exp1": "south_korea",
      "exp2": null,
      "fam1": "em_equity",
      "fam2": null
    },
    {
      "t1": "ELE",
      "t2": "KO",
      "corr_hybrid": -0.0013,
      "corr_structured": null,
      "cat1": "Act",
      "cat2": "Act",
      "exp1": null,
      "exp2": null,
      "fam1": null,
      "fam2": null
    },
    {
      "t1": "FIX",
      "t2": "VICI",
      "corr_hybrid": -0.0012,
      "corr_structured": null,
      "cat1": "Act",
      "cat2": "Act",
      "exp1": null,
      "exp2": null,
      "fam1": null,
      "fam2": null
    },
    {
      "t1": "NOVN",
      "t2": "NVDA",
      "corr_hybrid": 0.001,
      "corr_structured": null,
      "cat1": "Act",
      "cat2": "Act",
      "exp1": null,
      "exp2": null,
      "fam1": null,
      "fam2": null
    },
    {
      "t1": "BZU",
      "t2": "EOG",
      "corr_hybrid": -0.0006,
      "corr_structured": null,
      "cat1": "Act",
      "cat2": "Act",
      "exp1": null,
      "exp2": null,
      "fam1": null,
      "fam2": null
    },
    {
      "t1": "BZU",
      "t2": "FIX",
      "corr_hybrid": -0.0002,
      "corr_structured": null,
      "cat1": "Act",
      "cat2": "Act",
      "exp1": null,
      "exp2": null,
      "fam1": null,
      "fam2": null
    }
  ],
  "correlation_matrix": {
    "tickers": [
      "000660",
      "2059",
      "ACWV",
      "BKR",
      "BSV",
      "BZU",
      "DIVB",
      "ELE",
      "EOG",
      "FIX",
      "FLKR",
      "FLTR",
      "FNDF",
      "FRES",
      "GBIL",
      "GD",
      "GLD",
      "ICLO",
      "JAAA",
      "KO",
      "LI",
      "NOVN",
      "NVDA",
      "PEG",
      "PICK",
      "REMX",
      "SCHD",
      "SCHO",
      "SCHP",
      "SHEL",
      "SOXX",
      "SPLV",
      "SPYV",
      "STIP",
      "SUNPHARMA",
      "VGSH",
      "VICI",
      "VPL",
      "XBI",
      "XCEM",
      "XLE",
      "XLK",
      "XLV"
    ],
    "matrix": [
      [
        1.0,
        0.6287,
        0.3097,
        0.3276,
        0.0779,
        0.2813,
        0.3033,
        0.1565,
        0.3659,
        0.2039,
        0.1011,
        0.0779,
        0.2512,
        0.184,
        0.0779,
        0.3799,
        0.109,
        0.0779,
        0.0779,
        0.3849,
        0.2734,
        0.3248,
        0.2053,
        0.4141,
        0.1658,
        0.0517,
        0.3267,
        0.0779,
        0.5714,
        0.3861,
        0.1173,
        0.3006,
        0.3062,
        0.0779,
        0.6287,
        0.0779,
        0.409,
        0.1994,
        0.1599,
        0.1585,
        0.2762,
        0.1378,
        0.2393
      ],
      [
        0.6287,
        1.0,
        0.3097,
        0.3276,
        0.0779,
        0.2813,
        0.3033,
        0.1565,
        0.3659,
        0.2039,
        0.1011,
        0.0779,
        0.2512,
        0.184,
        0.0779,
        0.3799,
        0.109,
        0.0779,
        0.0779,
        0.3849,
        0.2734,
        0.3248,
        0.2053,
        0.4141,
        0.1658,
        0.0517,
        0.3267,
        0.0779,
        0.5714,
        0.3861,
        0.1173,
        0.3006,
        0.3062,
        0.0779,
        0.6287,
        0.0779,
        0.409,
        0.1994,
        0.1599,
        0.1585,
        0.2762,
        0.1378,
        0.2393
      ],
      [
        0.3097,
        0.3097,
        1.0,
        0.3099,
        0.0759,
        0.1879,
        0.3418,
        0.1467,
        0.2188,
        0.1713,
        0.2993,
        0.0759,
        0.3735,
        0.0277,
        0.0759,
        0.2487,
        0.1911,
        0.0759,
        0.0759,
        0.1677,
        0.2473,
        0.1405,
        0.1803,
        0.2052,
        0.3631,
        0.3193,
        0.3228,
        0.0759,
        0.2528,
        0.278,
        0.2831,
        0.2226,
        0.3426,
        0.0759,
        0.3097,
        0.0759,
        0.2246,
        0.3518,
        0.2451,
        0.3367,
        0.2283,
        0.2675,
        0.2505
      ],
      [
        0.3276,
        0.3276,
        0.3099,
        1.0,
        0.088,
        0.0174,
        0.4166,
        0.0534,
        0.4757,
        0.1998,
        0.2746,
        0.088,
        0.3834,
        -0.075,
        0.088,
        0.3484,
        0.1108,
        0.088,
        0.088,
        0.1689,
        0.0021,
        0.1445,
        0.1542,
        0.2145,
        0.3157,
        0.2768,
        0.4405,
        0.088,
        0.2411,
        0.5042,
        0.2776,
        0.249,
        0.3936,
        0.088,
        0.3276,
        0.088,
        0.2319,
        0.3418,
        0.1911,
        0.3038,
        0.4933,
        0.2601,
        0.257
      ],
      [
        0.0779,
        0.0779,
        0.0759,
        0.088,
        1.0,
        0.0384,
        0.0916,
        0.0157,
        0.0692,
        0.0354,
        0.0736,
        0.0211,
        0.0945,
        0.0184,
        0.0211,
        0.0671,
        0.043,
        0.0211,
        0.0211,
        0.0411,
        0.0536,
        0.0357,
        0.0397,
        0.047,
        0.0913,
        0.0855,
        0.0896,
        0.0211,
        0.0617,
        0.0771,
        0.0702,
        0.0579,
        0.0911,
        0.0211,
        0.0779,
        0.0211,
        0.0547,
        0.0872,
        0.0594,
        0.083,
        0.0716,
        0.0657,
        0.0661
      ],
      [
        0.2813,
        0.2813,
        0.1879,
        0.0174,
        0.0384,
        1.0,
        0.1545,
        0.0676,
        -0.0006,
        -0.0002,
        0.1075,
        0.0384,
        0.1489,
        -0.1334,
        0.0384,
        0.0949,
        0.0703,
        0.0384,
        0.0384,
        0.244,
        0.4332,
        0.1698,
        0.0621,
        0.2058,
        0.1201,
        0.0898,
        0.1508,
        0.0384,
        0.2911,
        0.0198,
        0.06,
        0.1921,
        0.1547,
        0.0384,
        0.2813,
        0.0384,
        0.215,
        0.1404,
        0.1597,
        0.1382,
        -0.0236,
        0.0609,
        0.1806
      ],
      [
        0.3033,
        0.3033,
        0.3418,
        0.4166,
        0.0916,
        0.1545,
        1.0,
        0.1032,
        0.2702,
        0.2697,
        0.4171,
        0.0916,
        0.4752,
        -0.0359,
        0.0916,
        0.2875,
        0.1914,
        0.0916,
        0.0916,
        0.1442,
        0.239,
        0.1159,
        0.2438,
        0.2062,
        0.4482,
        0.3994,
        0.4007,
        0.0916,
        0.2278,
        0.3344,
        0.4102,
        0.236,
        0.437,
        0.0916,
        0.3033,
        0.0916,
        0.2054,
        0.4603,
        0.3064,
        0.4503,
        0.3029,
        0.3841,
        0.3008
      ],
      [
        0.1565,
        0.1565,
        0.1467,
        0.0534,
        0.0157,
        0.0676,
        0.1032,
        1.0,
        -0.1084,
        0.2231,
        0.2721,
        0.0157,
        0.3604,
        0.2602,
        0.0157,
        0.1266,
        0.5758,
        0.0157,
        0.0157,
        -0.0013,
        0.1388,
        0.051,
        0.2418,
        0.1597,
        0.5238,
        0.3931,
        0.028,
        0.0157,
        0.1162,
        0.1941,
        0.2414,
        0.0873,
        0.13,
        0.0157,
        0.1565,
        0.0157,
        0.224,
        0.3544,
        0.2223,
        0.3249,
        -0.0844,
        0.2377,
        0.0566
      ],
      [
        0.3659,
        0.3659,
        0.2188,
        0.4757,
        0.0692,
        -0.0006,
        0.2702,
        -0.1084,
        1.0,
        -0.1209,
        -0.0743,
        0.0692,
        0.1102,
        -0.0538,
        0.0692,
        0.3384,
        -0.0358,
        0.0692,
        0.0692,
        0.2651,
        -0.1573,
        0.2296,
        -0.0973,
        0.2042,
        0.0131,
        0.0331,
        0.3986,
        0.0692,
        0.3054,
        0.5544,
        -0.0907,
        0.2703,
        0.2177,
        0.0692,
        0.3659,
        0.0692,
        0.2857,
        0.0261,
        -0.0231,
        -0.0434,
        0.5909,
        -0.0868,
        0.1709
      ],
      [
        0.2039,
        0.2039,
        0.1713,
        0.1998,
        0.0354,
        -0.0002,
        0.2697,
        0.2231,
        -0.1209,
        1.0,
        0.5451,
        0.0354,
        0.4252,
        0.0642,
        0.0354,
        0.162,
        0.1152,
        0.0354,
        0.0354,
        -0.0327,
        0.2281,
        -0.0396,
        0.611,
        0.2169,
        0.3604,
        0.1446,
        0.0814,
        0.0354,
        0.1378,
        0.0225,
        0.66,
        -0.0228,
        0.3359,
        0.0354,
        0.2039,
        0.0354,
        -0.0012,
        0.4967,
        0.3334,
        0.544,
        -0.1101,
        0.6532,
        0.1369
      ],
      [
        0.1011,
        0.1011,
        0.2993,
        0.2746,
        0.0736,
        0.1075,
        0.4171,
        0.2721,
        -0.0743,
        0.5451,
        1.0,
        0.0736,
        0.6128,
        0.002,
        0.0736,
        0.1561,
        0.3132,
        0.0736,
        0.0736,
        -0.0599,
        0.3507,
        -0.0541,
        0.454,
        0.1093,
        0.6524,
        0.5565,
        0.2577,
        0.0736,
        0.0275,
        0.0909,
        0.7002,
        0.0927,
        0.459,
        0.0736,
        0.1011,
        0.0736,
        0.0337,
        0.6603,
        0.4477,
        0.6984,
        0.0119,
        0.6575,
        0.2717
      ],
      [
        0.0779,
        0.0779,
        0.0759,
        0.088,
        0.0211,
        0.0384,
        0.0916,
        0.0157,
        0.0692,
        0.0354,
        0.0736,
        1.0,
        0.0945,
        0.0184,
        0.0211,
        0.0671,
        0.043,
        0.0211,
        0.0211,
        0.0411,
        0.0536,
        0.0357,
        0.0397,
        0.047,
        0.0913,
        0.0855,
        0.0896,
        0.0211,
        0.0617,
        0.0771,
        0.0702,
        0.0579,
        0.0911,
        0.0211,
        0.0779,
        0.0211,
        0.0547,
        0.0872,
        0.0594,
        0.083,
        0.0716,
        0.0657,
        0.0661
      ],
      [
        0.2512,
        0.2512,
        0.3735,
        0.3834,
        0.0945,
        0.1489,
        0.4752,
        0.3604,
        0.1102,
        0.4252,
        0.6128,
        0.0945,
        1.0,
        0.0737,
        0.0945,
        0.2668,
        0.3798,
        0.0945,
        0.0945,
        0.0516,
        0.3321,
        0.0533,
        0.3859,
        0.1891,
        0.6828,
        0.597,
        0.3686,
        0.0945,
        0.1628,
        0.2755,
        0.6085,
        0.2023,
        0.5002,
        0.0945,
        0.2512,
        0.0945,
        0.1787,
        0.6464,
        0.4319,
        0.6526,
        0.1747,
        0.571,
        0.3197
      ],
      [
        0.184,
        0.184,
        0.0277,
        -0.075,
        0.0184,
        -0.1334,
        -0.0359,
        0.2602,
        -0.0538,
        0.0642,
        0.002,
        0.0184,
        0.0737,
        1.0,
        0.0184,
        0.099,
        0.2924,
        0.0184,
        0.0184,
        -0.037,
        0.0285,
        0.0668,
        0.1398,
        0.0302,
        0.2246,
        0.1882,
        -0.0837,
        0.0184,
        0.1378,
        -0.0131,
        0.0562,
        -0.0297,
        0.0221,
        0.0184,
        0.184,
        0.0184,
        0.0864,
        0.0481,
        0.0348,
        0.0473,
        -0.1291,
        0.0733,
        -0.028
      ],
      [
        0.0779,
        0.0779,
        0.0759,
        0.088,
        0.0211,
        0.0384,
        0.0916,
        0.0157,
        0.0692,
        0.0354,
        0.0736,
        0.0211,
        0.0945,
        0.0184,
        1.0,
        0.0671,
        0.043,
        0.0211,
        0.0211,
        0.0411,
        0.0536,
        0.0357,
        0.0397,
        0.047,
        0.0913,
        0.0855,
        0.0896,
        0.0211,
        0.0617,
        0.0771,
        0.0702,
        0.0579,
        0.0911,
        0.0211,
        0.0779,
        0.0211,
        0.0547,
        0.0872,
        0.0594,
        0.083,
        0.0716,
        0.0657,
        0.0661
      ],
      [
        0.3799,
        0.3799,
        0.2487,
        0.3484,
        0.0671,
        0.0949,
        0.2875,
        0.1266,
        0.3384,
        0.162,
        0.1561,
        0.0671,
        0.2668,
        0.099,
        0.0671,
        1.0,
        0.1214,
        0.0671,
        0.0671,
        0.2076,
        0.0922,
        0.1843,
        0.1487,
        0.2453,
        0.2213,
        0.1593,
        0.3043,
        0.0671,
        0.3177,
        0.369,
        0.1648,
        0.2163,
        0.2816,
        0.0671,
        0.3799,
        0.0671,
        0.2592,
        0.2271,
        0.1429,
        0.1935,
        0.3104,
        0.1656,
        0.194
      ],
      [
        0.109,
        0.109,
        0.1911,
        0.1108,
        0.043,
        0.0703,
        0.1914,
        0.5758,
        -0.0358,
        0.1152,
        0.3132,
        0.043,
        0.3798,
        0.2924,
        0.043,
        0.1214,
        1.0,
        0.043,
        0.043,
        -0.0176,
        0.1857,
        0.0308,
        0.1725,
        0.0725,
        0.5269,
        0.484,
        0.1296,
        0.043,
        0.0612,
        0.15,
        0.2781,
        0.1072,
        0.2132,
        0.043,
        0.109,
        0.043,
        0.1523,
        0.3698,
        0.2436,
        0.3582,
        0.0035,
        0.2582,
        0.1337
      ],
      [
        0.0779,
        0.0779,
        0.0759,
        0.088,
        0.0211,
        0.0384,
        0.0916,
        0.0157,
        0.0692,
        0.0354,
        0.0736,
        0.0211,
        0.0945,
        0.0184,
        0.0211,
        0.0671,
        0.043,
        1.0,
        0.0211,
        0.0411,
        0.0536,
        0.0357,
        0.0397,
        0.047,
        0.0913,
        0.0855,
        0.0896,
        0.0211,
        0.0617,
        0.0771,
        0.0702,
        0.0579,
        0.0911,
        0.0211,
        0.0779,
        0.0211,
        0.0547,
        0.0872,
        0.0594,
        0.083,
        0.0716,
        0.0657,
        0.0661
      ],
      [
        0.0779,
        0.0779,
        0.0759,
        0.088,
        0.0211,
        0.0384,
        0.0916,
        0.0157,
        0.0692,
        0.0354,
        0.0736,
        0.0211,
        0.0945,
        0.0184,
        0.0211,
        0.0671,
        0.043,
        0.0211,
        1.0,
        0.0411,
        0.0536,
        0.0357,
        0.0397,
        0.047,
        0.0913,
        0.0855,
        0.0896,
        0.0211,
        0.0617,
        0.0771,
        0.0702,
        0.0579,
        0.0911,
        0.0211,
        0.0779,
        0.0211,
        0.0547,
        0.0872,
        0.0594,
        0.083,
        0.0716,
        0.0657,
        0.0661
      ],
      [
        0.3849,
        0.3849,
        0.1677,
        0.1689,
        0.0411,
        0.244,
        0.1442,
        -0.0013,
        0.2651,
        -0.0327,
        -0.0599,
        0.0411,
        0.0516,
        -0.037,
        0.0411,
        0.2076,
        -0.0176,
        0.0411,
        0.0411,
        1.0,
        0.1687,
        0.2338,
        0.0022,
        0.2528,
        -0.0277,
        -0.0639,
        0.2041,
        0.0411,
        0.3715,
        0.2347,
        -0.0766,
        0.2145,
        0.1266,
        0.0411,
        0.3849,
        0.0411,
        0.2738,
        0.0076,
        0.031,
        -0.0273,
        0.2022,
        -0.0599,
        0.1374
      ],
      [
        0.2734,
        0.2734,
        0.2473,
        0.0021,
        0.0536,
        0.4332,
        0.239,
        0.1388,
        -0.1573,
        0.2281,
        0.3507,
        0.0536,
        0.3321,
        0.0285,
        0.0536,
        0.0922,
        0.1857,
        0.0536,
        0.0536,
        0.1687,
        1.0,
        0.1148,
        0.2605,
        0.2039,
        0.3446,
        0.2761,
        0.1469,
        0.0536,
        0.2642,
        -0.0836,
        0.3283,
        0.1594,
        0.2743,
        0.0536,
        0.2734,
        0.0536,
        0.1673,
        0.3553,
        0.3179,
        0.3849,
        -0.16,
        0.317,
        0.2382
      ],
      [
        0.3248,
        0.3248,
        0.1405,
        0.1445,
        0.0357,
        0.1698,
        0.1159,
        0.051,
        0.2296,
        -0.0396,
        -0.0541,
        0.0357,
        0.0533,
        0.0668,
        0.0357,
        0.1843,
        0.0308,
        0.0357,
        0.0357,
        0.2338,
        0.1148,
        1.0,
        0.001,
        0.2031,
        0.0104,
        -0.0182,
        0.1663,
        0.0357,
        0.3071,
        0.2149,
        -0.0668,
        0.1765,
        0.1041,
        0.0357,
        0.3248,
        0.0357,
        0.2372,
        0.011,
        0.0233,
        -0.0219,
        0.1746,
        -0.0524,
        0.1072
      ],
      [
        0.2053,
        0.2053,
        0.1803,
        0.1542,
        0.0397,
        0.0621,
        0.2438,
        0.2418,
        -0.0973,
        0.611,
        0.454,
        0.0397,
        0.3859,
        0.1398,
        0.0397,
        0.1487,
        0.1725,
        0.0397,
        0.0397,
        0.0022,
        0.2605,
        0.001,
        1.0,
        0.1868,
        0.3685,
        0.209,
        0.0966,
        0.0397,
        0.1498,
        0.0301,
        0.5265,
        0.0241,
        0.2981,
        0.0397,
        0.2053,
        0.0397,
        0.0499,
        0.4329,
        0.3009,
        0.4666,
        -0.0903,
        0.5186,
        0.1457
      ],
      [
        0.4141,
        0.4141,
        0.2052,
        0.2145,
        0.047,
        0.2058,
        0.2062,
        0.1597,
        0.2042,
        0.2169,
        0.1093,
        0.047,
        0.1891,
        0.0302,
        0.047,
        0.2453,
        0.0725,
        0.047,
        0.047,
        0.2528,
        0.2039,
        0.2031,
        0.1868,
        1.0,
        0.1184,
        0.0151,
        0.2042,
        0.047,
        0.3786,
        0.2443,
        0.1248,
        0.1905,
        0.2107,
        0.047,
        0.4141,
        0.047,
        0.2659,
        0.1666,
        0.1301,
        0.1435,
        0.1512,
        0.1384,
        0.1581
      ],
      [
        0.1658,
        0.1658,
        0.3631,
        0.3157,
        0.0913,
        0.1201,
        0.4482,
        0.5238,
        0.0131,
        0.3604,
        0.6524,
        0.0913,
        0.6828,
        0.2246,
        0.0913,
        0.2213,
        0.5269,
        0.0913,
        0.0913,
        -0.0277,
        0.3446,
        0.0104,
        0.3685,
        0.1184,
        1.0,
        0.7495,
        0.3244,
        0.0913,
        0.0767,
        0.2276,
        0.6284,
        0.1762,
        0.4816,
        0.0913,
        0.1658,
        0.0913,
        0.1562,
        0.6918,
        0.4603,
        0.7003,
        0.0987,
        0.5829,
        0.3033
      ],
      [
        0.0517,
        0.0517,
        0.3193,
        0.2768,
        0.0855,
        0.0898,
        0.3994,
        0.3931,
        0.0331,
        0.1446,
        0.5565,
        0.0855,
        0.597,
        0.1882,
        0.0855,
        0.1593,
        0.484,
        0.0855,
        0.0855,
        -0.0639,
        0.2761,
        -0.0182,
        0.209,
        0.0151,
        0.7495,
        1.0,
        0.3158,
        0.0855,
        -0.0233,
        0.1985,
        0.5027,
        0.1649,
        0.4159,
        0.0855,
        0.0517,
        0.0855,
        0.1073,
        0.5939,
        0.3911,
        0.5984,
        0.1343,
        0.4509,
        0.2781
      ],
      [
        0.3267,
        0.3267,
        0.3228,
        0.4405,
        0.0896,
        0.1508,
        0.4007,
        0.028,
        0.3986,
        0.0814,
        0.2577,
        0.0896,
        0.3686,
        -0.0837,
        0.0896,
        0.3043,
        0.1296,
        0.0896,
        0.0896,
        0.2041,
        0.1469,
        0.1663,
        0.0966,
        0.2042,
        0.3244,
        0.3158,
        1.0,
        0.0896,
        0.2594,
        0.4154,
        0.2294,
        0.2762,
        0.3775,
        0.0896,
        0.3267,
        0.0896,
        0.2512,
        0.3257,
        0.2093,
        0.2934,
        0.4157,
        0.2097,
        0.2821
      ],
      [
        0.0779,
        0.0779,
        0.0759,
        0.088,
        0.0211,
        0.0384,
        0.0916,
        0.0157,
        0.0692,
        0.0354,
        0.0736,
        0.0211,
        0.0945,
        0.0184,
        0.0211,
        0.0671,
        0.043,
        0.0211,
        0.0211,
        0.0411,
        0.0536,
        0.0357,
        0.0397,
        0.047,
        0.0913,
        0.0855,
        0.0896,
        1.0,
        0.0617,
        0.0771,
        0.0702,
        0.0579,
        0.0911,
        0.0211,
        0.0779,
        0.0211,
        0.0547,
        0.0872,
        0.0594,
        0.083,
        0.0716,
        0.0657,
        0.0661
      ],
      [
        0.5714,
        0.5714,
        0.2528,
        0.2411,
        0.0617,
        0.2911,
        0.2278,
        0.1162,
        0.3054,
        0.1378,
        0.0275,
        0.0617,
        0.1628,
        0.1378,
        0.0617,
        0.3177,
        0.0612,
        0.0617,
        0.0617,
        0.3715,
        0.2642,
        0.3071,
        0.1498,
        0.3786,
        0.0767,
        -0.0233,
        0.2594,
        0.0617,
        1.0,
        0.3092,
        0.0374,
        0.2669,
        0.2283,
        0.0617,
        0.5714,
        0.0617,
        0.3736,
        0.1154,
        0.1105,
        0.0781,
        0.2126,
        0.0614,
