{
  "_meta": {
    "generated": "2026-05-29T15:42:14",
    "portfolio_generated": "2026-05-29T15:38:21.006008",
    "n_assets": 44,
    "n_with_returns": 33,
    "covariance_method": "hybrid_shrunk+diag_shrink",
    "condition_number": 42221830.19,
    "pca_factors": 3
  },
  "profiles": {
    "Agressif": {
      "n_assets": 17,
      "weighted_avg_correlation": -0.0305,
      "most_correlated": [
        {
          "t1": "FSLR",
          "t2": "ICLN",
          "corr": 0.2306,
          "w1": 5.6,
          "w2": 5.1,
          "combined_weight": 10.8
        },
        {
          "t1": "FSLR",
          "t2": "NVDA",
          "corr": 0.1456,
          "w1": 5.6,
          "w2": 5.8,
          "combined_weight": 11.4
        },
        {
          "t1": "FSLR",
          "t2": "FLKR",
          "corr": 0.1347,
          "w1": 5.6,
          "w2": 4.2,
          "combined_weight": 9.9
        },
        {
          "t1": "FSLR",
          "t2": "XLK",
          "corr": 0.134,
          "w1": 5.6,
          "w2": 3.5,
          "combined_weight": 9.1
        },
        {
          "t1": "FIX",
          "t2": "FSLR",
          "corr": 0.1231,
          "w1": 3.5,
          "w2": 5.6,
          "combined_weight": 9.2
        },
        {
          "t1": "FSLR",
          "t2": "XCEM",
          "corr": 0.0894,
          "w1": 5.6,
          "w2": 9.2,
          "combined_weight": 14.8
        },
        {
          "t1": "BKR",
          "t2": "GLD",
          "corr": 0.0842,
          "w1": 5.5,
          "w2": 7.1,
          "combined_weight": 12.7
        },
        {
          "t1": "FSLR",
          "t2": "SOXX",
          "corr": 0.0808,
          "w1": 5.6,
          "w2": 6.1,
          "combined_weight": 11.7
        },
        {
          "t1": "GLD",
          "t2": "XBI",
          "corr": 0.0722,
          "w1": 7.1,
          "w2": 3.1,
          "combined_weight": 10.2
        },
        {
          "t1": "FSLR",
          "t2": "PICK",
          "corr": 0.069,
          "w1": 5.6,
          "w2": 8.1,
          "combined_weight": 13.7
        }
      ],
      "least_correlated": [
        {
          "t1": "FIX",
          "t2": "FLKR",
          "corr": -0.1888,
          "w1": 3.5,
          "w2": 4.2,
          "combined_weight": 7.8
        },
        {
          "t1": "FLKR",
          "t2": "GLD",
          "corr": -0.2029,
          "w1": 4.2,
          "w2": 7.1,
          "combined_weight": 11.4
        },
        {
          "t1": "FIX",
          "t2": "SOXX",
          "corr": -0.2178,
          "w1": 3.5,
          "w2": 6.1,
          "combined_weight": 9.6
        },
        {
          "t1": "FIX",
          "t2": "GLD",
          "corr": -0.252,
          "w1": 3.5,
          "w2": 7.1,
          "combined_weight": 10.7
        },
        {
          "t1": "FSLR",
          "t2": "GLD",
          "corr": -0.3181,
          "w1": 5.6,
          "w2": 7.1,
          "combined_weight": 12.8
        }
      ],
      "high_corr_high_weight": []
    },
    "Mod\u00e9r\u00e9": {
      "n_assets": 17,
      "weighted_avg_correlation": 0.0079,
      "most_correlated": [
        {
          "t1": "REC",
          "t2": "GLD",
          "corr": 0.5002,
          "w1": 2.6,
          "w2": 3.0,
          "combined_weight": 5.6
        },
        {
          "t1": "BMED",
          "t2": "SCHN",
          "corr": 0.3222,
          "w1": 5.0,
          "w2": 3.9,
          "combined_weight": 9.0
        },
        {
          "t1": "VICI",
          "t2": "SCHN",
          "corr": 0.3196,
          "w1": 7.7,
          "w2": 3.9,
          "combined_weight": 11.6
        },
        {
          "t1": "VICI",
          "t2": "BMED",
          "corr": 0.2475,
          "w1": 7.7,
          "w2": 5.0,
          "combined_weight": 12.7
        },
        {
          "t1": "REC",
          "t2": "PEG",
          "corr": 0.2011,
          "w1": 2.6,
          "w2": 7.0,
          "combined_weight": 9.6
        },
        {
          "t1": "REC",
          "t2": "XLV",
          "corr": 0.1406,
          "w1": 2.6,
          "w2": 3.0,
          "combined_weight": 5.6
        },
        {
          "t1": "PEG",
          "t2": "GLD",
          "corr": 0.1368,
          "w1": 7.0,
          "w2": 3.0,
          "combined_weight": 10.0
        },
        {
          "t1": "GLD",
          "t2": "XLV",
          "corr": 0.1306,
          "w1": 3.0,
          "w2": 3.0,
          "combined_weight": 6.0
        },
        {
          "t1": "FNDX",
          "t2": "SCHN",
          "corr": 0.1289,
          "w1": 9.2,
          "w2": 3.9,
          "combined_weight": 13.1
        },
        {
          "t1": "SCHD",
          "t2": "SCHN",
          "corr": 0.1037,
          "w1": 9.2,
          "w2": 3.9,
          "combined_weight": 13.1
        }
      ],
      "least_correlated": [
        {
          "t1": "VICI",
          "t2": "GLD",
          "corr": -0.2784,
          "w1": 7.7,
          "w2": 3.0,
          "combined_weight": 10.7
        },
        {
          "t1": "SCHN",
          "t2": "GLD",
          "corr": -0.3657,
          "w1": 3.9,
          "w2": 3.0,
          "combined_weight": 6.9
        },
        {
          "t1": "BMED",
          "t2": "REC",
          "corr": -0.4047,
          "w1": 5.0,
          "w2": 2.6,
          "combined_weight": 7.6
        },
        {
          "t1": "VICI",
          "t2": "REC",
          "corr": -0.4375,
          "w1": 7.7,
          "w2": 2.6,
          "combined_weight": 10.2
        },
        {
          "t1": "SCHN",
          "t2": "REC",
          "corr": -0.5446,
          "w1": 3.9,
          "w2": 2.6,
          "combined_weight": 6.5
        }
      ],
      "high_corr_high_weight": []
    },
    "Stable": {
      "n_assets": 14,
      "weighted_avg_correlation": 0.0098,
      "most_correlated": [
        {
          "t1": "SPLV",
          "t2": "ACWV",
          "corr": 0.1711,
          "w1": 6.4,
          "w2": 6.3,
          "combined_weight": 12.7
        },
        {
          "t1": "SPLV",
          "t2": "KO",
          "corr": 0.162,
          "w1": 6.4,
          "w2": 4.9,
          "combined_weight": 11.3
        },
        {
          "t1": "SPLV",
          "t2": "XLV",
          "corr": 0.1362,
          "w1": 6.4,
          "w2": 3.8,
          "combined_weight": 10.2
        },
        {
          "t1": "VICI",
          "t2": "SHEL",
          "corr": 0.1123,
          "w1": 5.4,
          "w2": 6.1,
          "combined_weight": 11.5
        },
        {
          "t1": "ACWV",
          "t2": "XLV",
          "corr": 0.0959,
          "w1": 6.3,
          "w2": 3.8,
          "combined_weight": 10.1
        },
        {
          "t1": "VICI",
          "t2": "SPYV",
          "corr": 0.0882,
          "w1": 5.4,
          "w2": 4.9,
          "combined_weight": 10.2
        },
        {
          "t1": "ACWV",
          "t2": "KO",
          "corr": 0.0759,
          "w1": 6.3,
          "w2": 4.9,
          "combined_weight": 11.2
        },
        {
          "t1": "GD",
          "t2": "SPLV",
          "corr": 0.0684,
          "w1": 5.4,
          "w2": 6.4,
          "combined_weight": 11.7
        },
        {
          "t1": "KO",
          "t2": "XLV",
          "corr": 0.0558,
          "w1": 4.9,
          "w2": 3.8,
          "combined_weight": 8.7
        },
        {
          "t1": "SHEL",
          "t2": "SPYV",
          "corr": 0.0434,
          "w1": 6.1,
          "w2": 4.9,
          "combined_weight": 11.0
        }
      ],
      "least_correlated": [
        {
          "t1": "VICI",
          "t2": "XLV",
          "corr": -0.0861,
          "w1": 5.4,
          "w2": 3.8,
          "combined_weight": 9.1
        },
        {
          "t1": "VICI",
          "t2": "ACWV",
          "corr": -0.1069,
          "w1": 5.4,
          "w2": 6.3,
          "combined_weight": 11.7
        },
        {
          "t1": "VICI",
          "t2": "KO",
          "corr": -0.1092,
          "w1": 5.4,
          "w2": 4.9,
          "combined_weight": 10.3
        },
        {
          "t1": "SPLV",
          "t2": "SHEL",
          "corr": -0.1133,
          "w1": 6.4,
          "w2": 6.1,
          "combined_weight": 12.5
        },
        {
          "t1": "VICI",
          "t2": "SPLV",
          "corr": -0.2272,
          "w1": 5.4,
          "w2": 6.4,
          "combined_weight": 11.7
        }
      ],
      "high_corr_high_weight": []
    }
  },
  "all_pairs_top_30": [
    {
      "t1": "FSLR",
      "t2": "REC",
      "corr_hybrid": -0.9369,
      "corr_structured": null,
      "cat1": "Act",
      "cat2": "Act",
      "exp1": null,
      "exp2": null,
      "fam1": null,
      "fam2": null
    },
    {
      "t1": "REC",
      "t2": "SCHN",
      "corr_hybrid": -0.5446,
      "corr_structured": null,
      "cat1": "Act",
      "cat2": "Act",
      "exp1": null,
      "exp2": null,
      "fam1": null,
      "fam2": null
    },
    {
      "t1": "GLD",
      "t2": "REC",
      "corr_hybrid": 0.5002,
      "corr_structured": null,
      "cat1": "ETF",
      "cat2": "Act",
      "exp1": "gold_physical",
      "exp2": null,
      "fam1": "gold",
      "fam2": null
    },
    {
      "t1": "REC",
      "t2": "VICI",
      "corr_hybrid": -0.4375,
      "corr_structured": null,
      "cat1": "Act",
      "cat2": "Act",
      "exp1": null,
      "exp2": null,
      "fam1": null,
      "fam2": null
    },
    {
      "t1": "LI",
      "t2": "REC",
      "corr_hybrid": -0.4298,
      "corr_structured": null,
      "cat1": "Act",
      "cat2": "Act",
      "exp1": null,
      "exp2": null,
      "fam1": null,
      "fam2": null
    },
    {
      "t1": "REC",
      "t2": "SPLV",
      "corr_hybrid": 0.4058,
      "corr_structured": null,
      "cat1": "Act",
      "cat2": "ETF",
      "exp1": null,
      "exp2": "sp500",
      "fam1": null,
      "fam2": "us_equity_large"
    },
    {
      "t1": "BMED",
      "t2": "REC",
      "corr_hybrid": -0.4047,
      "corr_structured": null,
      "cat1": "Act",
      "cat2": "Act",
      "exp1": null,
      "exp2": null,
      "fam1": null,
      "fam2": null
    },
    {
      "t1": "FSLR",
      "t2": "SCHN",
      "corr_hybrid": 0.3911,
      "corr_structured": null,
      "cat1": "Act",
      "cat2": "Act",
      "exp1": null,
      "exp2": null,
      "fam1": null,
      "fam2": null
    },
    {
      "t1": "GLD",
      "t2": "SCHN",
      "corr_hybrid": -0.3657,
      "corr_structured": null,
      "cat1": "ETF",
      "cat2": "Act",
      "exp1": "gold_physical",
      "exp2": null,
      "fam1": "gold",
      "fam2": null
    },
    {
      "t1": "BMED",
      "t2": "SCHN",
      "corr_hybrid": 0.3222,
      "corr_structured": null,
      "cat1": "Act",
      "cat2": "Act",
      "exp1": null,
      "exp2": null,
      "fam1": null,
      "fam2": null
    },
    {
      "t1": "SCHN",
      "t2": "VICI",
      "corr_hybrid": 0.3196,
      "corr_structured": null,
      "cat1": "Act",
      "cat2": "Act",
      "exp1": null,
      "exp2": null,
      "fam1": null,
      "fam2": null
    },
    {
      "t1": "FSLR",
      "t2": "GLD",
      "corr_hybrid": -0.3181,
      "corr_structured": null,
      "cat1": "Act",
      "cat2": "ETF",
      "exp1": null,
      "exp2": "gold_physical",
      "fam1": null,
      "fam2": "gold"
    },
    {
      "t1": "FSLR",
      "t2": "SPLV",
      "corr_hybrid": -0.3146,
      "corr_structured": null,
      "cat1": "Act",
      "cat2": "ETF",
      "exp1": null,
      "exp2": "sp500",
      "fam1": null,
      "fam2": "us_equity_large"
    },
    {
      "t1": "FSLR",
      "t2": "VICI",
      "corr_hybrid": 0.3078,
      "corr_structured": null,
      "cat1": "Act",
      "cat2": "Act",
      "exp1": null,
      "exp2": null,
      "fam1": null,
      "fam2": null
    },
    {
      "t1": "SCHN",
      "t2": "SPLV",
      "corr_hybrid": -0.3031,
      "corr_structured": null,
      "cat1": "Act",
      "cat2": "ETF",
      "exp1": null,
      "exp2": "sp500",
      "fam1": null,
      "fam2": "us_equity_large"
    },
    {
      "t1": "ICLN",
      "t2": "REC",
      "corr_hybrid": -0.3023,
      "corr_structured": null,
      "cat1": "ETF",
      "cat2": "Act",
      "exp1": "clean_energy",
      "exp2": null,
      "fam1": null,
      "fam2": null
    },
    {
      "t1": "BMED",
      "t2": "FSLR",
      "corr_hybrid": 0.3002,
      "corr_structured": null,
      "cat1": "Act",
      "cat2": "Act",
      "exp1": null,
      "exp2": null,
      "fam1": null,
      "fam2": null
    },
    {
      "t1": "FSLR",
      "t2": "LI",
      "corr_hybrid": 0.3002,
      "corr_structured": null,
      "cat1": "Act",
      "cat2": "Act",
      "exp1": null,
      "exp2": null,
      "fam1": null,
      "fam2": null
    },
    {
      "t1": "GLD",
      "t2": "SPLV",
      "corr_hybrid": 0.2994,
      "corr_structured": 0.15,
      "cat1": "ETF",
      "cat2": "ETF",
      "exp1": "gold_physical",
      "exp2": "sp500",
      "fam1": "gold",
      "fam2": "us_equity_large"
    },
    {
      "t1": "FIX",
      "t2": "REC",
      "corr_hybrid": -0.2989,
      "corr_structured": null,
      "cat1": "Act",
      "cat2": "Act",
      "exp1": null,
      "exp2": null,
      "fam1": null,
      "fam2": null
    },
    {
      "t1": "GLD",
      "t2": "VICI",
      "corr_hybrid": -0.2784,
      "corr_structured": null,
      "cat1": "ETF",
      "cat2": "Act",
      "exp1": "gold_physical",
      "exp2": null,
      "fam1": "gold",
      "fam2": null
    },
    {
      "t1": "BMED",
      "t2": "GLD",
      "corr_hybrid": -0.2732,
      "corr_structured": null,
      "cat1": "Act",
      "cat2": "ETF",
      "exp1": null,
      "exp2": "gold_physical",
      "fam1": null,
      "fam2": "gold"
    },
    {
      "t1": "FIX",
      "t2": "GLD",
      "corr_hybrid": -0.252,
      "corr_structured": null,
      "cat1": "Act",
      "cat2": "ETF",
      "exp1": null,
      "exp2": "gold_physical",
      "fam1": null,
      "fam2": "gold"
    },
    {
      "t1": "BMED",
      "t2": "VICI",
      "corr_hybrid": 0.2475,
      "corr_structured": null,
      "cat1": "Act",
      "cat2": "Act",
      "exp1": null,
      "exp2": null,
      "fam1": null,
      "fam2": null
    },
    {
      "t1": "LI",
      "t2": "SCHN",
      "corr_hybrid": 0.2451,
      "corr_structured": null,
      "cat1": "Act",
      "cat2": "Act",
      "exp1": null,
      "exp2": null,
      "fam1": null,
      "fam2": null
    },
    {
      "t1": "REC",
      "t2": "SHEL",
      "corr_hybrid": -0.2419,
      "corr_structured": null,
      "cat1": "Act",
      "cat2": "Act",
      "exp1": null,
      "exp2": null,
      "fam1": null,
      "fam2": null
    },
    {
      "t1": "GLD",
      "t2": "LI",
      "corr_hybrid": -0.2323,
      "corr_structured": null,
      "cat1": "ETF",
      "cat2": "Act",
      "exp1": "gold_physical",
      "exp2": null,
      "fam1": "gold",
      "fam2": null
    },
    {
      "t1": "FSLR",
      "t2": "ICLN",
      "corr_hybrid": 0.2306,
      "corr_structured": null,
      "cat1": "Act",
      "cat2": "ETF",
      "exp1": null,
      "exp2": "clean_energy",
      "fam1": null,
      "fam2": null
    },
    {
      "t1": "FIX",
      "t2": "SCHN",
      "corr_hybrid": 0.2296,
      "corr_structured": null,
      "cat1": "Act",
      "cat2": "Act",
      "exp1": null,
      "exp2": null,
      "fam1": null,
      "fam2": null
    },
    {
      "t1": "SPLV",
      "t2": "VICI",
      "corr_hybrid": -0.2272,
      "corr_structured": null,
      "cat1": "ETF",
      "cat2": "Act",
      "exp1": "sp500",
      "exp2": null,
      "fam1": "us_equity_large",
      "fam2": null
    }
  ],
  "all_pairs_bottom_10": [
    {
      "t1": "NVDA",
      "t2": "STIP",
      "corr_hybrid": 0.0004,
      "corr_structured": null,
      "cat1": "Act",
      "cat2": "Obl",
      "exp1": null,
      "exp2": "bonds_tips",
      "fam1": null,
      "fam2": "bonds_gov"
    },
    {
      "t1": "NVDA",
      "t2": "VGSH",
      "corr_hybrid": 0.0004,
      "corr_structured": null,
      "cat1": "Act",
      "cat2": "Obl",
      "exp1": null,
      "exp2": "bonds_short_treasury",
      "fam1": null,
      "fam2": "bonds_short"
    },
    {
      "t1": "BSV",
      "t2": "ITX",
      "corr_hybrid": 0.0002,
      "corr_structured": null,
      "cat1": "Obl",
      "cat2": "Act",
      "exp1": "bonds_short",
      "exp2": null,
      "fam1": "bonds_short",
      "fam2": null
    },
    {
      "t1": "CLTL",
      "t2": "ITX",
      "corr_hybrid": 0.0002,
      "corr_structured": null,
      "cat1": "Obl",
      "cat2": "Act",
      "exp1": "bonds_tbill",
      "exp2": null,
      "fam1": "bonds_short",
      "fam2": null
    },
    {
      "t1": "FLTR",
      "t2": "ITX",
      "corr_hybrid": 0.0002,
      "corr_structured": null,
      "cat1": "Obl",
      "cat2": "Act",
      "exp1": null,
      "exp2": null,
      "fam1": null,
      "fam2": null
    },
    {
      "t1": "FNDX",
      "t2": "ITX",
      "corr_hybrid": -0.0002,
      "corr_structured": null,
      "cat1": "ETF",
      "cat2": "Act",
      "exp1": "value",
      "exp2": null,
      "fam1": "factor_value",
      "fam2": null
    },
    {
      "t1": "GBIL",
      "t2": "ITX",
      "corr_hybrid": 0.0002,
      "corr_structured": null,
      "cat1": "Obl",
      "cat2": "Act",
      "exp1": "bonds_tbill",
      "exp2": null,
      "fam1": "bonds_short",
      "fam2": null
    },
    {
      "t1": "ITX",
      "t2": "PAAA",
      "corr_hybrid": 0.0002,
      "corr_structured": null,
      "cat1": "Act",
      "cat2": "Obl",
      "exp1": null,
      "exp2": "bonds_clo_aaa",
      "fam1": null,
      "fam2": "bonds_short"
    },
    {
      "t1": "ITX",
      "t2": "STIP",
      "corr_hybrid": 0.0002,
      "corr_structured": null,
      "cat1": "Act",
      "cat2": "Obl",
      "exp1": null,
      "exp2": "bonds_tips",
      "fam1": null,
      "fam2": "bonds_gov"
    },
    {
      "t1": "ITX",
      "t2": "VGSH",
      "corr_hybrid": 0.0002,
      "corr_structured": null,
      "cat1": "Act",
      "cat2": "Obl",
      "exp1": null,
      "exp2": "bonds_short_treasury",
      "fam1": null,
      "fam2": "bonds_short"
    }
  ],
  "correlation_matrix": {
    "tickers": [
      "000660",
      "2059",
      "ACWV",
      "BKR",
      "BMED",
      "BSV",
      "CLTL",
      "DIVB",
      "EOG",
      "FIX",
      "FLKR",
      "FLTR",
      "FNDF",
      "FNDX",
      "FSLR",
      "GBIL",
      "GD",
      "GLD",
      "GVT&D",
      "ICLN",
      "ITX",
      "KO",
      "LI",
      "NVDA",
      "PAAA",
      "PEG",
      "PG",
      "PICK",
      "REC",
      "RIO",
      "SCHD",
      "SCHN",
      "SHEL",
      "SOXX",
      "SPLV",
      "SPYV",
      "STIP",
      "SUNPHARMA",
      "VGSH",
      "VICI",
      "XBI",
      "XCEM",
      "XLK",
      "XLV"
    ],
    "matrix": [
      [
        1.0,
        -0.1507,
        -0.0396,
        -0.1208,
        -0.0276,
        -0.0141,
        -0.0141,
        -0.0309,
        -0.1021,
        0.0412,
        0.0231,
        -0.0141,
        -0.0264,
        -0.0199,
        0.0334,
        -0.0141,
        -0.076,
        -0.0414,
        -0.1507,
        0.0089,
        -0.095,
        -0.074,
        -0.0285,
        -0.01,
        -0.0141,
        -0.0701,
        -0.0685,
        -0.0314,
        -0.0406,
        -0.0817,
        -0.037,
        -0.0205,
        -0.0756,
        0.0248,
        -0.0497,
        -0.0225,
        -0.0141,
        -0.1507,
        -0.0141,
        -0.0443,
        -0.0238,
        -0.0076,
        0.0086,
        -0.04
      ],
      [
        -0.1507,
        1.0,
        -0.0396,
        -0.1208,
        -0.0276,
        -0.0141,
        -0.0141,
        -0.0309,
        -0.1021,
        0.0412,
        0.0231,
        -0.0141,
        -0.0264,
        -0.0199,
        0.0334,
        -0.0141,
        -0.076,
        -0.0414,
        -0.1507,
        0.0089,
        -0.095,
        -0.074,
        -0.0285,
        -0.01,
        -0.0141,
        -0.0701,
        -0.0685,
        -0.0314,
        -0.0406,
        -0.0817,
        -0.037,
        -0.0205,
        -0.0756,
        0.0248,
        -0.0497,
        -0.0225,
        -0.0141,
        -0.1507,
        -0.0141,
        -0.0443,
        -0.0238,
        -0.0076,
        0.0086,
        -0.04
      ],
      [
        -0.0396,
        -0.0396,
        1.0,
        0.0313,
        -0.0968,
        0.037,
        0.037,
        0.0312,
        -0.05,
        -0.0922,
        -0.0742,
        0.037,
        0.0261,
        -0.0124,
        -0.1167,
        0.037,
        0.0421,
        0.1633,
        -0.0396,
        -0.0638,
        -0.0155,
        0.0759,
        -0.0955,
        -0.0387,
        0.037,
        0.0881,
        0.0209,
        -0.0215,
        0.1785,
        0.004,
        0.0079,
        -0.148,
        -0.0531,
        -0.0459,
        0.1711,
        -0.0006,
        0.037,
        -0.0396,
        0.037,
        -0.1069,
        0.0514,
        -0.005,
        -0.0167,
        0.0959
      ],
      [
        -0.1208,
        -0.1208,
        0.0313,
        1.0,
        -0.1212,
        -0.0019,
        -0.0019,
        -0.0357,
        -0.0954,
        -0.0951,
        -0.0877,
        -0.0019,
        -0.0341,
        -0.0655,
        -0.1136,
        -0.0019,
        -0.0349,
        0.0842,
        -0.1208,
        -0.0857,
        -0.0767,
        0.0091,
        -0.1256,
        -0.0732,
        -0.0019,
        0.0055,
        -0.0397,
        -0.0694,
        0.2126,
        -0.0697,
        -0.0534,
        -0.15,
        -0.1039,
        -0.0643,
        0.0879,
        -0.0577,
        -0.0019,
        -0.1208,
        -0.0019,
        -0.1331,
        -0.0074,
        -0.0463,
        -0.0471,
        0.0168
      ],
      [
        -0.0276,
        -0.0276,
        -0.0968,
        -0.1212,
        1.0,
        0.0027,
        0.0027,
        0.035,
        0.0639,
        0.1657,
        0.1324,
        0.0027,
        0.0015,
        0.1035,
        0.3002,
        0.0027,
        -0.0322,
        -0.2732,
        -0.0276,
        0.144,
        0.0161,
        -0.0929,
        0.1804,
        0.0783,
        0.0027,
        -0.1002,
        0.016,
        0.0206,
        -0.4047,
        -0.0561,
        0.0912,
        0.3222,
        0.1241,
        0.0862,
        -0.2118,
        0.0902,
        0.0027,
        -0.0276,
        0.0027,
        0.2475,
        -0.065,
        0.0287,
        0.0614,
        -0.0774
      ],
      [
        -0.0141,
        -0.0141,
        0.037,
        -0.0019,
        0.0027,
        1.0,
        0.0184,
        0.0249,
        -0.007,
        -0.0183,
        -0.0121,
        0.0184,
        0.0176,
        0.0184,
        0.0066,
        0.0184,
        0.0162,
        0.0271,
        -0.0141,
        0.0008,
        0.0002,
        0.0168,
        -0.0042,
        0.0004,
        0.0184,
        0.0236,
        0.0129,
        -0.0021,
        0.0052,
        -0.0027,
        0.022,
        -0.0078,
        0.002,
        -0.0076,
        0.0378,
        0.021,
        0.0184,
        -0.0141,
        0.0184,
        -0.0014,
        0.016,
        0.007,
        0.0074,
        0.0322
      ],
      [
        -0.0141,
        -0.0141,
        0.037,
        -0.0019,
        0.0027,
        0.0184,
        1.0,
        0.0249,
        -0.007,
        -0.0183,
        -0.0121,
        0.0184,
        0.0176,
        0.0184,
        0.0066,
        0.0184,
        0.0162,
        0.0271,
        -0.0141,
        0.0008,
        0.0002,
        0.0168,
        -0.0042,
        0.0004,
        0.0184,
        0.0236,
        0.0129,
        -0.0021,
        0.0052,
        -0.0027,
        0.022,
        -0.0078,
        0.002,
        -0.0076,
        0.0378,
        0.021,
        0.0184,
        -0.0141,
        0.0184,
        -0.0014,
        0.016,
        0.007,
        0.0074,
        0.0322
      ],
      [
        -0.0309,
        -0.0309,
        0.0312,
        -0.0357,
        0.035,
        0.0249,
        0.0249,
        1.0,
        -0.0098,
        -0.0363,
        -0.0167,
        0.0249,
        0.0346,
        0.0534,
        0.0833,
        0.0249,
        0.0049,
        -0.0093,
        -0.0309,
        0.0327,
        -0.0074,
        -0.0166,
        0.0356,
        0.0169,
        0.0249,
        0.0017,
        0.0014,
        -0.0023,
        -0.0676,
        -0.0198,
        0.0376,
        0.0341,
        0.0135,
        -0.0164,
        -0.0015,
        0.0524,
        0.0249,
        -0.0309,
        0.0249,
        0.0306,
        0.0184,
        0.0209,
        0.0312,
        0.0296
      ],
      [
        -0.1021,
        -0.1021,
        -0.05,
        -0.0954,
        0.0639,
        -0.007,
        -0.007,
        -0.0098,
        1.0,
        0.1588,
        0.1121,
        -0.007,
        -0.0153,
        0.0139,
        0.0909,
        -0.007,
        -0.048,
        -0.0961,
        -0.1021,
        0.0599,
        -0.0523,
        -0.0594,
        0.0339,
        0.0333,
        -0.007,
        -0.0624,
        -0.0275,
        0.0109,
        -0.171,
        -0.0465,
        0.0104,
        0.0853,
        -0.0093,
        0.0976,
        -0.0817,
        0.0094,
        -0.007,
        -0.1021,
        -0.007,
        0.0468,
        -0.0271,
        0.0166,
        0.032,
        -0.0449
      ],
      [
        0.0412,
        0.0412,
        -0.0922,
        -0.0951,
        0.1657,
        -0.0183,
        -0.0183,
        -0.0363,
        0.1588,
        1.0,
        -0.1888,
        -0.0183,
        -0.0962,
        -0.0064,
        0.1231,
        -0.0183,
        -0.0177,
        -0.252,
        0.0412,
        -0.0621,
        0.0615,
        -0.0041,
        0.035,
        -0.1023,
        -0.0183,
        -0.0632,
        0.0517,
        -0.1483,
        -0.2989,
        -0.139,
        0.0361,
        0.2296,
        0.1259,
        -0.2178,
        -0.1169,
        -0.0086,
        -0.0183,
        0.0412,
        -0.0183,
        0.1912,
        -0.1562,
        -0.1326,
        -0.1122,
        -0.086
      ],
      [
        0.0231,
        0.0231,
        -0.0742,
        -0.0877,
        0.1324,
        -0.0121,
        -0.0121,
        -0.0167,
        0.1121,
        -0.1888,
        1.0,
        -0.0121,
        -0.059,
        0.0147,
        0.1347,
        -0.0121,
        -0.023,
        -0.2029,
        0.0231,
        -0.0263,
        0.0387,
        -0.0284,
        0.0501,
        -0.0641,
        -0.0121,
        -0.0628,
        0.0248,
        -0.1071,
        -0.2237,
        -0.1094,
        0.0294,
        0.185,
        0.0944,
        -0.1675,
        -0.1136,
        0.0104,
        -0.0121,
        0.0231,
        -0.0121,
        0.1521,
        -0.1105,
        -0.0871,
        -0.0664,
        -0.067
      ],
      [
        -0.0141,
        -0.0141,
        0.037,
        -0.0019,
        0.0027,
        0.0184,
        0.0184,
        0.0249,
        -0.007,
        -0.0183,
        -0.0121,
        1.0,
        0.0176,
        0.0184,
        0.0066,
        0.0184,
        0.0162,
        0.0271,
        -0.0141,
        0.0008,
        0.0002,
        0.0168,
        -0.0042,
        0.0004,
        0.0184,
        0.0236,
        0.0129,
        -0.0021,
        0.0052,
        -0.0027,
        0.022,
        -0.0078,
        0.002,
        -0.0076,
        0.0378,
        0.021,
        0.0184,
        -0.0141,
        0.0184,
        -0.0014,
        0.016,
        0.007,
        0.0074,
        0.0322
      ],
      [
        -0.0264,
        -0.0264,
        0.0261,
        -0.0341,
        0.0015,
        0.0176,
        0.0176,
        0.0346,
        -0.0153,
        -0.0962,
        -0.059,
        0.0176,
        1.0,
        0.0412,
        0.0651,
        0.0176,
        -0.0051,
        0.0047,
        -0.0264,
        0.0142,
        -0.0138,
        -0.0263,
        0.0218,
        0.002,
        0.0176,
        -0.0052,
        -0.0153,
        -0.0158,
        -0.0248,
        -0.025,
        0.0152,
        -0.0009,
        -0.004,
        -0.054,
        -0.0029,
        0.0397,
        0.0176,
        -0.0264,
        0.0176,
        0.0018,
        0.0185,
        0.0115,
        0.0215,
        0.0248
      ],
      [
        -0.0199,
        -0.0199,
        -0.0124,
        -0.0655,
        0.1035,
        0.0184,
        0.0184,
        0.0534,
        0.0139,
        -0.0064,
        0.0147,
        0.0184,
        0.0412,
        1.0,
        0.1873,
        0.0184,
        -0.0126,
        -0.0974,
        -0.0199,
        0.0847,
        -0.0002,
        -0.0644,
        0.1068,
        0.0483,
        0.0184,
        -0.0421,
        -0.0081,
        0.0111,
        -0.1996,
        -0.0273,
        0.0532,
        0.1289,
        0.0502,
        0.0004,
        -0.0921,
        0.0812,
        0.0184,
        -0.0199,
        0.0184,
        0.1029,
        0.0035,
        0.0366,
        0.0578,
        -0.0043
      ],
      [
        0.0334,
        0.0334,
        -0.1167,
        -0.1136,
        0.3002,
        0.0066,
        0.0066,
        0.0833,
        0.0909,
        0.1231,
        0.1347,
        0.0066,
        0.0651,
        0.1873,
        1.0,
        0.0066,
        -0.0378,
        -0.3181,
        0.0334,
        0.2306,
        0.0377,
        -0.1669,
        0.3002,
        0.1456,
        0.0066,
        -0.137,
        -0.0114,
        0.069,
        -0.9369,
        -0.0193,
        0.11,
        0.3911,
        0.1639,
        0.0808,
        -0.3146,
        0.1626,
        0.0066,
        0.0334,
        0.0066,
        0.3078,
        -0.0268,
        0.0894,
        0.134,
        -0.0831
      ],
      [
        -0.0141,
        -0.0141,
        0.037,
        -0.0019,
        0.0027,
        0.0184,
        0.0184,
        0.0249,
        -0.007,
        -0.0183,
        -0.0121,
        0.0184,
        0.0176,
        0.0184,
        0.0066,
        1.0,
        0.0162,
        0.0271,
        -0.0141,
        0.0008,
        0.0002,
        0.0168,
        -0.0042,
        0.0004,
        0.0184,
        0.0236,
        0.0129,
        -0.0021,
        0.0052,
        -0.0027,
        0.022,
        -0.0078,
        0.002,
        -0.0076,
        0.0378,
        0.021,
        0.0184,
        -0.0141,
        0.0184,
        -0.0014,
        0.016,
        0.007,
        0.0074,
        0.0322
      ],
      [
        -0.076,
        -0.076,
        0.0421,
        -0.0349,
        -0.0322,
        0.0162,
        0.0162,
        0.0049,
        -0.048,
        -0.0177,
        -0.023,
        0.0162,
        -0.0051,
        -0.0126,
        -0.0378,
        0.0162,
        1.0,
        0.0454,
        -0.076,
        -0.0302,
        -0.0345,
        0.0222,
        -0.0565,
        -0.0277,
        0.0162,
        0.0216,
        0.0009,
        -0.0295,
        0.0675,
        -0.0368,
        0.0043,
        -0.0516,
        -0.0374,
        -0.0121,
        0.0684,
        -0.0066,
        0.0162,
        -0.076,
        0.0162,
        -0.0445,
        0.0037,
        -0.0143,
        -0.0136,
        0.0315
      ],
      [
        -0.0414,
        -0.0414,
        0.1633,
        0.0842,
        -0.2732,
        0.0271,
        0.0271,
        -0.0093,
        -0.0961,
        -0.252,
        -0.2029,
        0.0271,
        0.0047,
        -0.0974,
        -0.3181,
        0.0271,
        0.0454,
        1.0,
        -0.0414,
        -0.1814,
        -0.039,
        0.1263,
        -0.2323,
        -0.1163,
        0.0271,
        0.1368,
        -0.0017,
        -0.0667,
        0.5002,
        0.0087,
        -0.068,
        -0.3657,
        -0.1462,
        -0.1437,
        0.2994,
        -0.0768,
        0.0271,
        -0.0414,
        0.0271,
        -0.2784,
        0.0722,
        -0.0488,
        -0.0786,
        0.1306
      ],
      [
        -0.1507,
        -0.1507,
        -0.0396,
        -0.1208,
        -0.0276,
        -0.0141,
        -0.0141,
        -0.0309,
        -0.1021,
        0.0412,
        0.0231,
        -0.0141,
        -0.0264,
        -0.0199,
        0.0334,
        -0.0141,
        -0.076,
        -0.0414,
        1.0,
        0.0089,
        -0.095,
        -0.074,
        -0.0285,
        -0.01,
        -0.0141,
        -0.0701,
        -0.0685,
        -0.0314,
        -0.0406,
        -0.0817,
        -0.037,
        -0.0205,
        -0.0756,
        0.0248,
        -0.0497,
        -0.0225,
        -0.0141,
        -0.1507,
        -0.0141,
        -0.0443,
        -0.0238,
        -0.0076,
        0.0086,
        -0.04
      ],
      [
        0.0089,
        0.0089,
        -0.0638,
        -0.0857,
        0.144,
        0.0008,
        0.0008,
        0.0327,
        0.0599,
        -0.0621,
        -0.0263,
        0.0008,
        0.0142,
        0.0847,
        0.2306,
        0.0008,
        -0.0302,
        -0.1814,
        0.0089,
        1.0,
        0.0167,
        -0.0886,
        0.1333,
        0.0313,
        0.0008,
        -0.0797,
        -0.0106,
        -0.0177,
        -0.3023,
        -0.0542,
        0.0463,
        0.1948,
        0.0824,
        -0.0514,
        -0.1611,
        0.073,
        0.0008,
        0.0089,
        0.0008,
        0.1547,
        -0.0399,
        0.0074,
        0.0347,
        -0.0489
      ],
      [
        -0.095,
        -0.095,
        -0.0155,
        -0.0767,
        0.0161,
        0.0002,
        0.0002,
        -0.0074,
        -0.0523,
        0.0615,
        0.0387,
        0.0002,
        -0.0138,
        -0.0002,
        0.0377,
        0.0002,
        -0.0345,
        -0.039,
        -0.095,
        0.0167,
        1.0,
        -0.032,
        -0.0072,
        0.0015,
        0.0002,
        -0.0333,
        -0.0226,
        -0.0141,
        -0.0591,
        -0.0501,
        0.001,
        0.0214,
        -0.0266,
        0.0359,
        -0.0238,
        -0.0007,
        0.0002,
        -0.095,
        0.0002,
        0.0023,
        -0.0173,
        -0.0013,
        0.0092,
        -0.0168
      ],
      [
        -0.074,
        -0.074,
        0.0759,
        0.0091,
        -0.0929,
        0.0168,
        0.0168,
        -0.0166,
        -0.0594,
        -0.0041,
        -0.0284,
        0.0168,
        -0.0263,
        -0.0644,
        -0.1669,
        0.0168,
        0.0222,
        0.1263,
        -0.074,
        -0.0886,
        -0.032,
        1.0,
        -0.1357,
        -0.0611,
        0.0168,
        0.0702,
        0.0229,
        -0.0378,
        0.2078,
        -0.0202,
        -0.0124,
        -0.1367,
        -0.066,
        -0.0061,
        0.162,
        -0.0505,
        0.0168,
        -0.074,
        0.0168,
        -0.1092,
        0.0076,
        -0.0372,
        -0.0516,
        0.0558
      ],
      [
        -0.0285,
        -0.0285,
        -0.0955,
        -0.1256,
        0.1804,
        -0.0042,
        -0.0042,
        0.0356,
        0.0339,
        0.035,
        0.0501,
        -0.0042,
        0.0218,
        0.1068,
        0.3002,
        -0.0042,
        -0.0565,
        -0.2323,
        -0.0285,
        0.1333,
        -0.0072,
        -0.1357,
        1.0,
        0.0699,
        -0.0042,
        -0.1192,
        -0.0335,
        0.0089,
        -0.4298,
        -0.06,
        0.0513,
        0.2451,
        0.081,
        0.016,
        -0.225,
        0.09,
        -0.0042,
        -0.0285,
        -0.0042,
        0.184,
        -0.0402,
        0.0357,
        0.0719,
        -0.0743
      ],
      [
        -0.01,
        -0.01,
        -0.0387,
        -0.0732,
        0.0783,
        0.0004,
        0.0004,
        0.0169,
        0.0333,
        -0.1023,
        -0.0641,
        0.0004,
        0.002,
        0.0483,
        0.1456,
        0.0004,
        -0.0277,
        -0.1163,
        -0.01,
        0.0313,
        0.0015,
        -0.0611,
        0.0699,
        1.0,
        0.0004,
        -0.0559,
        -0.0144,
        -0.0377,
        -0.1578,
        -0.059,
        0.022,
        0.1101,
        0.0426,
        -0.0768,
        -0.0981,
        0.0415,
        0.0004,
        -0.01,
        0.0004,
        0.0867,
        -0.0341,
        -0.0118,
        0.0083,
        -0.031
      ],
      [
        -0.0141,
        -0.0141,
        0.037,
        -0.0019,
        0.0027,
        0.0184,
        0.0184,
        0.0249,
        -0.007,
        -0.0183,
        -0.0121,
        0.0184,
        0.0176,
        0.0184,
        0.0066,
        0.0184,
        0.0162,
        0.0271,
        -0.0141,
        0.0008,
        0.0002,
        0.0168,
        -0.0042,
        0.0004,
        1.0,
        0.0236,
        0.0129,
        -0.0021,
        0.0052,
        -0.0027,
        0.022,
        -0.0078,
        0.002,
        -0.0076,
        0.0378,
        0.021,
        0.0184,
        -0.0141,
        0.0184,
        -0.0014,
        0.016,
        0.007,
        0.0074,
        0.0322
      ],
      [
        -0.0701,
        -0.0701,
        0.0881,
        0.0055,
        -0.1002,
        0.0236,
        0.0236,
        0.0017,
        -0.0624,
        -0.0632,
        -0.0628,
        0.0236,
        -0.0052,
        -0.0421,
        -0.137,
        0.0236,
        0.0216,
        0.1368,
        -0.0701,
        -0.0797,
        -0.0333,
        0.0702,
        -0.1192,
        -0.0559,
        0.0236,
        1.0,
        0.0122,
        -0.039,
        0.2011,
        -0.021,
        -0.0096,
        -0.1455,
        -0.0676,
        -0.0372,
        0.1572,
        -0.0298,
        0.0236,
        -0.0701,
        0.0236,
        -0.1134,
        0.0237,
        -0.0265,
        -0.0372,
        0.0686
      ],
      [
        -0.0685,
        -0.0685,
        0.0209,
        -0.0397,
        0.016,
        0.0129,
        0.0129,
        0.0014,
        -0.0275,
        0.0517,
        0.0248,
        0.0129,
        -0.0153,
        -0.0081,
        -0.0114,
        0.0129,
        0.0009,
        -0.0017,
        -0.0685,
        -0.0106,
        -0.0226,
        0.0229,
        -0.0335,
        -0.0144,
        0.0129,
        0.0122,
        1.0,
        -0.0189,
        0.0021,
        -0.0352,
        0.0202,
        0.0085,
        -0.0098,
        0.0256,
        0.0398,
        -0.0032,
        0.0129,
        -0.0685,
        0.0129,
        0.0022,
        -0.0137,
        -0.0134,
        -0.0115,
        0.0134
      ],
      [
        -0.0314,
        -0.0314,
        -0.0215,
        -0.0694,
        0.0206,
        -0.0021,
        -0.0021,
        -0.0023,
        0.0109,
        -0.1483,
        -0.1071,
        -0.0021,
        -0.0158,
        0.0111,
        0.069,
        -0.0021,
        -0.0295,
        -0.0667,
        -0.0314,
        -0.0177,
        -0.0141,
        -0.0378,
        0.0089,
        -0.0377,
        -0.0021,
        -0.039,
        -0.0189,
        1.0,
        -0.0303,
        -0.0723,
        -0.0024,
        0.0374,
        0.0065,
        -0.1092,
        -0.0454,
        0.0087,
        -0.0021,
        -0.0314,
        -0.0021,
        0.0274,
        -0.0368,
        -0.0367,
        -0.0222,
        -0.0204
      ],
      [
        -0.0406,
        -0.0406,
        0.1785,
        0.2126,
        -0.4047,
        0.0052,
        0.0052,
        -0.0676,
        -0.171,
        -0.2989,
        -0.2237,
        0.0052,
        -0.0248,
        -0.1996,
        -0.9369,
        0.0052,
        0.0675,
        0.5002,
        -0.0406,
        -0.3023,
        -0.0591,
        0.2078,
        -0.4298,
        -0.1578,
        0.0052,
        0.2011,
        0.0021,
