{
  "_meta": {
    "generated": "2026-04-29T07:22:19",
    "portfolio_generated": "2026-04-29T07:18:42.561370",
    "n_assets": 42,
    "n_with_returns": 29,
    "covariance_method": "hybrid_shrunk",
    "condition_number": 312.08,
    "pca_factors": 6
  },
  "profiles": {
    "Agressif": {
      "n_assets": 17,
      "weighted_avg_correlation": 0.2601,
      "most_correlated": [
        {
          "t1": "REMX",
          "t2": "PICK",
          "corr": 0.7587,
          "w1": 8.4,
          "w2": 6.1,
          "combined_weight": 14.5
        },
        {
          "t1": "SOXX",
          "t2": "VRT",
          "corr": 0.7023,
          "w1": 5.4,
          "w2": 3.6,
          "combined_weight": 9.0
        },
        {
          "t1": "FLKR",
          "t2": "XCEM",
          "corr": 0.6956,
          "w1": 5.0,
          "w2": 8.3,
          "combined_weight": 13.2
        },
        {
          "t1": "XCEM",
          "t2": "PICK",
          "corr": 0.6925,
          "w1": 8.3,
          "w2": 6.1,
          "combined_weight": 14.4
        },
        {
          "t1": "SOXX",
          "t2": "XCEM",
          "corr": 0.6824,
          "w1": 5.4,
          "w2": 8.3,
          "combined_weight": 13.7
        },
        {
          "t1": "VRT",
          "t2": "NVDA",
          "corr": 0.6777,
          "w1": 3.6,
          "w2": 5.9,
          "combined_weight": 9.5
        },
        {
          "t1": "FLKR",
          "t2": "SOXX",
          "corr": 0.6578,
          "w1": 5.0,
          "w2": 5.4,
          "combined_weight": 10.4
        },
        {
          "t1": "FLKR",
          "t2": "PICK",
          "corr": 0.642,
          "w1": 5.0,
          "w2": 6.1,
          "combined_weight": 11.1
        },
        {
          "t1": "OIH",
          "t2": "BKR",
          "corr": 0.6354,
          "w1": 7.3,
          "w2": 3.4,
          "combined_weight": 10.7
        },
        {
          "t1": "SOXX",
          "t2": "PICK",
          "corr": 0.5987,
          "w1": 5.4,
          "w2": 6.1,
          "combined_weight": 11.5
        }
      ],
      "least_correlated": [
        {
          "t1": "PAAA",
          "t2": "ANET",
          "corr": 0.0218,
          "w1": 6.6,
          "w2": 6.8,
          "combined_weight": 13.4
        },
        {
          "t1": "ANET",
          "t2": "SGOV",
          "corr": 0.0218,
          "w1": 6.8,
          "w2": 4.4,
          "combined_weight": 11.2
        },
        {
          "t1": "PAAA",
          "t2": "SGOV",
          "corr": 0.0214,
          "w1": 6.6,
          "w2": 4.4,
          "combined_weight": 11.1
        },
        {
          "t1": "INCY",
          "t2": "GLD",
          "corr": -0.0115,
          "w1": 4.0,
          "w2": 8.6,
          "combined_weight": 12.6
        },
        {
          "t1": "REMX",
          "t2": "INCY",
          "corr": -0.0147,
          "w1": 8.4,
          "w2": 4.0,
          "combined_weight": 12.4
        }
      ],
      "high_corr_high_weight": [
        {
          "t1": "REMX",
          "t2": "PICK",
          "corr": 0.7587,
          "w1": 8.4,
          "w2": 6.1,
          "combined_weight": 14.5
        }
      ]
    },
    "Mod\u00e9r\u00e9": {
      "n_assets": 15,
      "weighted_avg_correlation": 0.1569,
      "most_correlated": [
        {
          "t1": "VSS",
          "t2": "FNDF",
          "corr": 0.6611,
          "w1": 3.3,
          "w2": 7.9,
          "combined_weight": 11.3
        },
        {
          "t1": "FNDF",
          "t2": "FDVV",
          "corr": 0.5945,
          "w1": 7.9,
          "w2": 6.6,
          "combined_weight": 14.5
        },
        {
          "t1": "VSS",
          "t2": "FDVV",
          "corr": 0.5825,
          "w1": 3.3,
          "w2": 6.6,
          "combined_weight": 9.9
        },
        {
          "t1": "FNDF",
          "t2": "BMED",
          "corr": 0.544,
          "w1": 7.9,
          "w2": 5.9,
          "combined_weight": 13.9
        },
        {
          "t1": "BMED",
          "t2": "XLV",
          "corr": 0.5397,
          "w1": 5.9,
          "w2": 3.2,
          "combined_weight": 9.1
        },
        {
          "t1": "FDVV",
          "t2": "BMED",
          "corr": 0.5383,
          "w1": 6.6,
          "w2": 5.9,
          "combined_weight": 12.6
        },
        {
          "t1": "VSS",
          "t2": "BMED",
          "corr": 0.5205,
          "w1": 3.3,
          "w2": 5.9,
          "combined_weight": 9.3
        },
        {
          "t1": "FNDF",
          "t2": "XLV",
          "corr": 0.469,
          "w1": 7.9,
          "w2": 3.2,
          "combined_weight": 11.1
        },
        {
          "t1": "BMED",
          "t2": "SCHD",
          "corr": 0.4649,
          "w1": 5.9,
          "w2": 7.5,
          "combined_weight": 13.5
        },
        {
          "t1": "FNDF",
          "t2": "SCHD",
          "corr": 0.4619,
          "w1": 7.9,
          "w2": 7.5,
          "combined_weight": 15.5
        }
      ],
      "least_correlated": [
        {
          "t1": "CF",
          "t2": "FDVV",
          "corr": -0.121,
          "w1": 7.1,
          "w2": 6.6,
          "combined_weight": 13.7
        },
        {
          "t1": "CF",
          "t2": "BMED",
          "corr": -0.1616,
          "w1": 7.1,
          "w2": 5.9,
          "combined_weight": 13.1
        },
        {
          "t1": "FNDF",
          "t2": "CF",
          "corr": -0.1649,
          "w1": 7.9,
          "w2": 7.1,
          "combined_weight": 15.1
        },
        {
          "t1": "VSS",
          "t2": "CF",
          "corr": -0.2124,
          "w1": 3.3,
          "w2": 7.1,
          "combined_weight": 10.5
        },
        {
          "t1": "CF",
          "t2": "XLV",
          "corr": -0.2174,
          "w1": 7.1,
          "w2": 3.2,
          "combined_weight": 10.3
        }
      ],
      "high_corr_high_weight": []
    },
    "Stable": {
      "n_assets": 15,
      "weighted_avg_correlation": 0.1355,
      "most_correlated": [
        {
          "t1": "SUNPHARMA",
          "t2": "2912",
          "corr": 0.5042,
          "w1": 5.4,
          "w2": 4.4,
          "combined_weight": 9.9
        },
        {
          "t1": "ACWV",
          "t2": "XLV",
          "corr": 0.481,
          "w1": 4.8,
          "w2": 4.4,
          "combined_weight": 9.2
        },
        {
          "t1": "ACWV",
          "t2": "SPYV",
          "corr": 0.4693,
          "w1": 4.8,
          "w2": 4.4,
          "combined_weight": 9.2
        },
        {
          "t1": "SPYV",
          "t2": "XLV",
          "corr": 0.4689,
          "w1": 4.4,
          "w2": 4.4,
          "combined_weight": 8.8
        },
        {
          "t1": "VICI",
          "t2": "PG",
          "corr": 0.4309,
          "w1": 5.3,
          "w2": 5.3,
          "combined_weight": 10.6
        },
        {
          "t1": "VICI",
          "t2": "SUNPHARMA",
          "corr": 0.4174,
          "w1": 5.3,
          "w2": 5.4,
          "combined_weight": 10.7
        },
        {
          "t1": "VICI",
          "t2": "2912",
          "corr": 0.4174,
          "w1": 5.3,
          "w2": 4.4,
          "combined_weight": 9.7
        },
        {
          "t1": "SPLV",
          "t2": "XLV",
          "corr": 0.4165,
          "w1": 5.9,
          "w2": 4.4,
          "combined_weight": 10.2
        },
        {
          "t1": "ACWV",
          "t2": "SPLV",
          "corr": 0.4157,
          "w1": 4.8,
          "w2": 5.9,
          "combined_weight": 10.7
        },
        {
          "t1": "GD",
          "t2": "SUNPHARMA",
          "corr": 0.4095,
          "w1": 5.3,
          "w2": 5.4,
          "combined_weight": 10.7
        }
      ],
      "least_correlated": [
        {
          "t1": "BSV",
          "t2": "VGSH",
          "corr": 0.0214,
          "w1": 11.8,
          "w2": 13.0,
          "combined_weight": 24.8
        },
        {
          "t1": "BSV",
          "t2": "STIP",
          "corr": 0.0214,
          "w1": 11.8,
          "w2": 13.0,
          "combined_weight": 24.8
        },
        {
          "t1": "CLTL",
          "t2": "VGSH",
          "corr": 0.0214,
          "w1": 7.6,
          "w2": 13.0,
          "combined_weight": 20.6
        },
        {
          "t1": "CLTL",
          "t2": "STIP",
          "corr": 0.0214,
          "w1": 7.6,
          "w2": 13.0,
          "combined_weight": 20.6
        },
        {
          "t1": "VGSH",
          "t2": "STIP",
          "corr": 0.0214,
          "w1": 13.0,
          "w2": 13.0,
          "combined_weight": 26.0
        }
      ],
      "high_corr_high_weight": []
    }
  },
  "all_pairs_top_30": [
    {
      "t1": "PICK",
      "t2": "REMX",
      "corr_hybrid": 0.7587,
      "corr_structured": 0.2,
      "cat1": "ETF",
      "cat2": "ETF",
      "exp1": "metals_mining",
      "exp2": "rare_earth",
      "fam1": null,
      "fam2": null
    },
    {
      "t1": "SOXX",
      "t2": "VRT",
      "corr_hybrid": 0.7023,
      "corr_structured": null,
      "cat1": "ETF",
      "cat2": "Act",
      "exp1": "semiconductor",
      "exp2": null,
      "fam1": "sector_tech",
      "fam2": null
    },
    {
      "t1": "FLKR",
      "t2": "XCEM",
      "corr_hybrid": 0.6956,
      "corr_structured": 0.9,
      "cat1": "ETF",
      "cat2": "ETF",
      "exp1": "south_korea",
      "exp2": "emerging_markets",
      "fam1": "em_equity",
      "fam2": "em_equity"
    },
    {
      "t1": "VSS",
      "t2": "XCEM",
      "corr_hybrid": 0.695,
      "corr_structured": 0.2,
      "cat1": "ETF",
      "cat2": "ETF",
      "exp1": "intl_small_cap",
      "exp2": "emerging_markets",
      "fam1": null,
      "fam2": "em_equity"
    },
    {
      "t1": "PICK",
      "t2": "XCEM",
      "corr_hybrid": 0.6925,
      "corr_structured": 0.2,
      "cat1": "ETF",
      "cat2": "ETF",
      "exp1": "metals_mining",
      "exp2": "emerging_markets",
      "fam1": null,
      "fam2": "em_equity"
    },
    {
      "t1": "PICK",
      "t2": "VSS",
      "corr_hybrid": 0.6907,
      "corr_structured": 0.2,
      "cat1": "ETF",
      "cat2": "ETF",
      "exp1": "metals_mining",
      "exp2": "intl_small_cap",
      "fam1": null,
      "fam2": null
    },
    {
      "t1": "SOXX",
      "t2": "XCEM",
      "corr_hybrid": 0.6824,
      "corr_structured": 0.2,
      "cat1": "ETF",
      "cat2": "ETF",
      "exp1": "semiconductor",
      "exp2": "emerging_markets",
      "fam1": "sector_tech",
      "fam2": "em_equity"
    },
    {
      "t1": "FNDF",
      "t2": "XCEM",
      "corr_hybrid": 0.6778,
      "corr_structured": 0.62,
      "cat1": "ETF",
      "cat2": "ETF",
      "exp1": "international",
      "exp2": "emerging_markets",
      "fam1": "intl_equity",
      "fam2": "em_equity"
    },
    {
      "t1": "NVDA",
      "t2": "VRT",
      "corr_hybrid": 0.6777,
      "corr_structured": null,
      "cat1": "Act",
      "cat2": "Act",
      "exp1": null,
      "exp2": null,
      "fam1": null,
      "fam2": null
    },
    {
      "t1": "FNDF",
      "t2": "PICK",
      "corr_hybrid": 0.6647,
      "corr_structured": 0.2,
      "cat1": "ETF",
      "cat2": "ETF",
      "exp1": "international",
      "exp2": "metals_mining",
      "fam1": "intl_equity",
      "fam2": null
    },
    {
      "t1": "FNDF",
      "t2": "VSS",
      "corr_hybrid": 0.6611,
      "corr_structured": 0.2,
      "cat1": "ETF",
      "cat2": "ETF",
      "exp1": "international",
      "exp2": "intl_small_cap",
      "fam1": "intl_equity",
      "fam2": null
    },
    {
      "t1": "FLKR",
      "t2": "SOXX",
      "corr_hybrid": 0.6578,
      "corr_structured": 0.2,
      "cat1": "ETF",
      "cat2": "ETF",
      "exp1": "south_korea",
      "exp2": "semiconductor",
      "fam1": "em_equity",
      "fam2": "sector_tech"
    },
    {
      "t1": "FLKR",
      "t2": "PICK",
      "corr_hybrid": 0.642,
      "corr_structured": 0.2,
      "cat1": "ETF",
      "cat2": "ETF",
      "exp1": "south_korea",
      "exp2": "metals_mining",
      "fam1": "em_equity",
      "fam2": null
    },
    {
      "t1": "BKR",
      "t2": "OIH",
      "corr_hybrid": 0.6354,
      "corr_structured": null,
      "cat1": "Act",
      "cat2": "ETF",
      "exp1": null,
      "exp2": "energy",
      "fam1": null,
      "fam2": "sector_energy"
    },
    {
      "t1": "FLKR",
      "t2": "VSS",
      "corr_hybrid": 0.6272,
      "corr_structured": 0.2,
      "cat1": "ETF",
      "cat2": "ETF",
      "exp1": "south_korea",
      "exp2": "intl_small_cap",
      "fam1": "em_equity",
      "fam2": null
    },
    {
      "t1": "FLKR",
      "t2": "FNDF",
      "corr_hybrid": 0.617,
      "corr_structured": 0.62,
      "cat1": "ETF",
      "cat2": "ETF",
      "exp1": "south_korea",
      "exp2": "international",
      "fam1": "em_equity",
      "fam2": "intl_equity"
    },
    {
      "t1": "FDVV",
      "t2": "XCEM",
      "corr_hybrid": 0.6013,
      "corr_structured": 0.2,
      "cat1": "ETF",
      "cat2": "ETF",
      "exp1": "dividend",
      "exp2": "emerging_markets",
      "fam1": "factor_dividend",
      "fam2": "em_equity"
    },
    {
      "t1": "PICK",
      "t2": "SOXX",
      "corr_hybrid": 0.5987,
      "corr_structured": 0.2,
      "cat1": "ETF",
      "cat2": "ETF",
      "exp1": "metals_mining",
      "exp2": "semiconductor",
      "fam1": null,
      "fam2": "sector_tech"
    },
    {
      "t1": "FDVV",
      "t2": "FNDF",
      "corr_hybrid": 0.5945,
      "corr_structured": 0.2,
      "cat1": "ETF",
      "cat2": "ETF",
      "exp1": "dividend",
      "exp2": "international",
      "fam1": "factor_dividend",
      "fam2": "intl_equity"
    },
    {
      "t1": "SOXX",
      "t2": "VSS",
      "corr_hybrid": 0.5862,
      "corr_structured": 0.2,
      "cat1": "ETF",
      "cat2": "ETF",
      "exp1": "semiconductor",
      "exp2": "intl_small_cap",
      "fam1": "sector_tech",
      "fam2": null
    },
    {
      "t1": "FDVV",
      "t2": "VSS",
      "corr_hybrid": 0.5825,
      "corr_structured": 0.2,
      "cat1": "ETF",
      "cat2": "ETF",
      "exp1": "dividend",
      "exp2": "intl_small_cap",
      "fam1": "factor_dividend",
      "fam2": null
    },
    {
      "t1": "REMX",
      "t2": "VSS",
      "corr_hybrid": 0.5778,
      "corr_structured": 0.2,
      "cat1": "ETF",
      "cat2": "ETF",
      "exp1": "rare_earth",
      "exp2": "intl_small_cap",
      "fam1": null,
      "fam2": null
    },
    {
      "t1": "FNDF",
      "t2": "SPYV",
      "corr_hybrid": 0.574,
      "corr_structured": 0.2,
      "cat1": "ETF",
      "cat2": "ETF",
      "exp1": "international",
      "exp2": "sp500_value",
      "fam1": "intl_equity",
      "fam2": "factor_value"
    },
    {
      "t1": "NVDA",
      "t2": "SOXX",
      "corr_hybrid": 0.5735,
      "corr_structured": null,
      "cat1": "Act",
      "cat2": "ETF",
      "exp1": null,
      "exp2": "semiconductor",
      "fam1": null,
      "fam2": "sector_tech"
    },
    {
      "t1": "FNDF",
      "t2": "SOXX",
      "corr_hybrid": 0.5695,
      "corr_structured": 0.2,
      "cat1": "ETF",
      "cat2": "ETF",
      "exp1": "international",
      "exp2": "semiconductor",
      "fam1": "intl_equity",
      "fam2": "sector_tech"
    },
    {
      "t1": "SPYV",
      "t2": "XCEM",
      "corr_hybrid": 0.5566,
      "corr_structured": 0.2,
      "cat1": "ETF",
      "cat2": "ETF",
      "exp1": "sp500_value",
      "exp2": "emerging_markets",
      "fam1": "factor_value",
      "fam2": "em_equity"
    },
    {
      "t1": "BMED",
      "t2": "SPYV",
      "corr_hybrid": 0.5491,
      "corr_structured": null,
      "cat1": "Act",
      "cat2": "ETF",
      "exp1": null,
      "exp2": "sp500_value",
      "fam1": null,
      "fam2": "factor_value"
    },
    {
      "t1": "SPYV",
      "t2": "VSS",
      "corr_hybrid": 0.5482,
      "corr_structured": 0.2,
      "cat1": "ETF",
      "cat2": "ETF",
      "exp1": "sp500_value",
      "exp2": "intl_small_cap",
      "fam1": "factor_value",
      "fam2": null
    },
    {
      "t1": "FDVV",
      "t2": "PICK",
      "corr_hybrid": 0.5468,
      "corr_structured": 0.2,
      "cat1": "ETF",
      "cat2": "ETF",
      "exp1": "dividend",
      "exp2": "metals_mining",
      "fam1": "factor_dividend",
      "fam2": null
    },
    {
      "t1": "BMED",
      "t2": "FNDF",
      "corr_hybrid": 0.544,
      "corr_structured": null,
      "cat1": "Act",
      "cat2": "ETF",
      "exp1": null,
      "exp2": "international",
      "fam1": null,
      "fam2": "intl_equity"
    }
  ],
  "all_pairs_bottom_10": [
    {
      "t1": "CF",
      "t2": "REMX",
      "corr_hybrid": -0.0084,
      "corr_structured": null,
      "cat1": "Act",
      "cat2": "ETF",
      "exp1": null,
      "exp2": "rare_earth",
      "fam1": null,
      "fam2": null
    },
    {
      "t1": "ANET",
      "t2": "SCHD",
      "corr_hybrid": 0.0073,
      "corr_structured": null,
      "cat1": "Act",
      "cat2": "ETF",
      "exp1": null,
      "exp2": "dividend",
      "fam1": null,
      "fam2": "factor_dividend"
    },
    {
      "t1": "BSV",
      "t2": "CF",
      "corr_hybrid": 0.0038,
      "corr_structured": null,
      "cat1": "Obl",
      "cat2": "Act",
      "exp1": "bonds_short",
      "exp2": null,
      "fam1": "bonds_short",
      "fam2": null
    },
    {
      "t1": "CF",
      "t2": "CLTL",
      "corr_hybrid": 0.0038,
      "corr_structured": null,
      "cat1": "Act",
      "cat2": "Obl",
      "exp1": null,
      "exp2": "bonds_tbill",
      "fam1": null,
      "fam2": "bonds_short"
    },
    {
      "t1": "CF",
      "t2": "GBIL",
      "corr_hybrid": 0.0038,
      "corr_structured": null,
      "cat1": "Act",
      "cat2": "Obl",
      "exp1": null,
      "exp2": "bonds_tbill",
      "fam1": null,
      "fam2": "bonds_short"
    },
    {
      "t1": "CF",
      "t2": "PAAA",
      "corr_hybrid": 0.0038,
      "corr_structured": null,
      "cat1": "Act",
      "cat2": "Obl",
      "exp1": null,
      "exp2": "bonds_clo_aaa",
      "fam1": null,
      "fam2": "bonds_short"
    },
    {
      "t1": "CF",
      "t2": "SGOV",
      "corr_hybrid": 0.0038,
      "corr_structured": null,
      "cat1": "Act",
      "cat2": "Obl",
      "exp1": null,
      "exp2": "bonds_tbill",
      "fam1": null,
      "fam2": "bonds_short"
    },
    {
      "t1": "CF",
      "t2": "STIP",
      "corr_hybrid": 0.0038,
      "corr_structured": null,
      "cat1": "Act",
      "cat2": "Obl",
      "exp1": null,
      "exp2": "bonds_tips",
      "fam1": null,
      "fam2": "bonds_gov"
    },
    {
      "t1": "CF",
      "t2": "USFR",
      "corr_hybrid": 0.0038,
      "corr_structured": null,
      "cat1": "Act",
      "cat2": "Obl",
      "exp1": null,
      "exp2": "us_equity",
      "fam1": null,
      "fam2": "us_equity_large"
    },
    {
      "t1": "CF",
      "t2": "VGSH",
      "corr_hybrid": 0.0038,
      "corr_structured": null,
      "cat1": "Act",
      "cat2": "Obl",
      "exp1": null,
      "exp2": "bonds_short_treasury",
      "fam1": null,
      "fam2": "bonds_short"
    }
  ],
  "correlation_matrix": {
    "tickers": [
      "000660",
      "2059",
      "2912",
      "5274",
      "ACWV",
      "ANET",
      "BKR",
      "BMED",
      "BSV",
      "CF",
      "CLTL",
      "FDVV",
      "FLKR",
      "FNDF",
      "GBIL",
      "GD",
      "GLD",
      "INCY",
      "ITX",
      "LI",
      "NVDA",
      "OIH",
      "PAAA",
      "PG",
      "PICK",
      "REMX",
      "SCHD",
      "SGOV",
      "SHEL",
      "SOXX",
      "SPLV",
      "SPYV",
      "STIP",
      "SUNPHARMA",
      "USFR",
      "VGSH",
      "VICI",
      "VRT",
      "VSS",
      "XBI",
      "XCEM",
      "XLV"
    ],
    "matrix": [
      [
        1.0,
        0.5042,
        0.5042,
        0.5042,
        0.331,
        0.1987,
        0.2886,
        0.4269,
        0.0674,
        0.2492,
        0.0674,
        0.3144,
        0.1009,
        0.2648,
        0.0674,
        0.4095,
        0.074,
        0.2959,
        0.3374,
        0.2665,
        0.2247,
        0.2076,
        0.0674,
        0.3592,
        0.1674,
        0.0751,
        0.3181,
        0.0674,
        0.3573,
        0.138,
        0.3016,
        0.3251,
        0.0674,
        0.5042,
        0.0674,
        0.0674,
        0.4174,
        0.177,
        0.2424,
        0.1975,
        0.1888,
        0.2676
      ],
      [
        0.5042,
        1.0,
        0.5042,
        0.5042,
        0.331,
        0.1987,
        0.2886,
        0.4269,
        0.0674,
        0.2492,
        0.0674,
        0.3144,
        0.1009,
        0.2648,
        0.0674,
        0.4095,
        0.074,
        0.2959,
        0.3374,
        0.2665,
        0.2247,
        0.2076,
        0.0674,
        0.3592,
        0.1674,
        0.0751,
        0.3181,
        0.0674,
        0.3573,
        0.138,
        0.3016,
        0.3251,
        0.0674,
        0.5042,
        0.0674,
        0.0674,
        0.4174,
        0.177,
        0.2424,
        0.1975,
        0.1888,
        0.2676
      ],
      [
        0.5042,
        0.5042,
        1.0,
        0.5042,
        0.331,
        0.1987,
        0.2886,
        0.4269,
        0.0674,
        0.2492,
        0.0674,
        0.3144,
        0.1009,
        0.2648,
        0.0674,
        0.4095,
        0.074,
        0.2959,
        0.3374,
        0.2665,
        0.2247,
        0.2076,
        0.0674,
        0.3592,
        0.1674,
        0.0751,
        0.3181,
        0.0674,
        0.3573,
        0.138,
        0.3016,
        0.3251,
        0.0674,
        0.5042,
        0.0674,
        0.0674,
        0.4174,
        0.177,
        0.2424,
        0.1975,
        0.1888,
        0.2676
      ],
      [
        0.5042,
        0.5042,
        0.5042,
        1.0,
        0.331,
        0.1987,
        0.2886,
        0.4269,
        0.0674,
        0.2492,
        0.0674,
        0.3144,
        0.1009,
        0.2648,
        0.0674,
        0.4095,
        0.074,
        0.2959,
        0.3374,
        0.2665,
        0.2247,
        0.2076,
        0.0674,
        0.3592,
        0.1674,
        0.0751,
        0.3181,
        0.0674,
        0.3573,
        0.138,
        0.3016,
        0.3251,
        0.0674,
        0.5042,
        0.0674,
        0.0674,
        0.4174,
        0.177,
        0.2424,
        0.1975,
        0.1888,
        0.2676
      ],
      [
        0.331,
        0.331,
        0.331,
        0.331,
        1.0,
        0.1205,
        0.2534,
        0.542,
        0.0952,
        -0.1278,
        0.0952,
        0.4496,
        0.3471,
        0.4756,
        0.0952,
        0.3694,
        0.1784,
        0.4308,
        0.209,
        0.1783,
        0.1368,
        0.2335,
        0.0952,
        0.3984,
        0.3866,
        0.2595,
        0.429,
        0.0952,
        0.1903,
        0.2479,
        0.4157,
        0.4693,
        0.0952,
        0.331,
        0.0952,
        0.0952,
        0.3724,
        0.0507,
        0.4539,
        0.4171,
        0.4246,
        0.481
      ],
      [
        0.1987,
        0.1987,
        0.1987,
        0.1987,
        0.1205,
        1.0,
        0.173,
        0.2133,
        0.0218,
        -0.1203,
        0.0218,
        0.3307,
        0.3661,
        0.305,
        0.0218,
        0.1818,
        0.1129,
        0.1228,
        -0.0092,
        0.1717,
        0.5206,
        0.1563,
        0.0218,
        -0.0371,
        0.3271,
        0.2318,
        0.0073,
        0.0218,
        0.0897,
        0.5038,
        -0.0633,
        0.2507,
        0.0218,
        0.1987,
        0.0218,
        0.0218,
        -0.0473,
        0.4464,
        0.3937,
        0.213,
        0.4392,
        0.0145
      ],
      [
        0.2886,
        0.2886,
        0.2886,
        0.2886,
        0.2534,
        0.173,
        1.0,
        0.2973,
        0.0821,
        0.3264,
        0.0821,
        0.3912,
        0.3238,
        0.4006,
        0.0821,
        0.3208,
        0.1039,
        0.2479,
        -0.0561,
        -0.0158,
        0.2559,
        0.6354,
        0.0821,
        0.0831,
        0.3562,
        0.2182,
        0.4298,
        0.0821,
        0.4932,
        0.3686,
        0.1802,
        0.3977,
        0.0821,
        0.2886,
        0.0821,
        0.0821,
        0.1785,
        0.2772,
        0.3356,
        0.2476,
        0.34,
        0.2406
      ],
      [
        0.4269,
        0.4269,
        0.4269,
        0.4269,
        0.542,
        0.2133,
        0.2973,
        1.0,
        0.1039,
        -0.1616,
        0.1039,
        0.5383,
        0.4193,
        0.544,
        0.1039,
        0.4185,
        0.1561,
        0.5276,
        0.2635,
        0.2644,
        0.2738,
        0.2509,
        0.1039,
        0.4491,
        0.4137,
        0.2295,
        0.4649,
        0.1039,
        0.207,
        0.3614,
        0.443,
        0.5491,
        0.1039,
        0.4269,
        0.1039,
        0.1039,
        0.418,
        0.219,
        0.5205,
        0.4945,
        0.5115,
        0.5397
      ],
      [
        0.0674,
        0.0674,
        0.0674,
        0.0674,
        0.0952,
        0.0218,
        0.0821,
        0.1039,
        1.0,
        0.0038,
        0.0214,
        0.0987,
        0.081,
        0.1073,
        0.0214,
        0.0793,
        0.0454,
        0.0796,
        0.0262,
        0.0301,
        0.0339,
        0.0844,
        0.0214,
        0.0665,
        0.0963,
        0.0716,
        0.1002,
        0.0214,
        0.0665,
        0.0647,
        0.0793,
        0.1022,
        0.0214,
        0.0674,
        0.0214,
        0.0214,
        0.0706,
        0.0226,
        0.0996,
        0.083,
        0.0937,
        0.0934
      ],
      [
        0.2492,
        0.2492,
        0.2492,
        0.2492,
        -0.1278,
        -0.1203,
        0.3264,
        -0.1616,
        0.0038,
        1.0,
        0.0038,
        -0.121,
        -0.3037,
        -0.1649,
        0.0038,
        0.1807,
        0.0095,
        -0.2226,
        0.0862,
        -0.0127,
        -0.0596,
        0.3161,
        0.0038,
        -0.0448,
        -0.1107,
        -0.0084,
        0.0885,
        0.0038,
        0.5298,
        -0.2049,
        -0.0375,
        -0.1002,
        0.0038,
        0.2492,
        0.0038,
        0.0038,
        0.1513,
        -0.0505,
        -0.2124,
        -0.3012,
        -0.3061,
        -0.2174
      ],
      [
        0.0674,
        0.0674,
        0.0674,
        0.0674,
        0.0952,
        0.0218,
        0.0821,
        0.1039,
        0.0214,
        0.0038,
        1.0,
        0.0987,
        0.081,
        0.1073,
        0.0214,
        0.0793,
        0.0454,
        0.0796,
        0.0262,
        0.0301,
        0.0339,
        0.0844,
        0.0214,
        0.0665,
        0.0963,
        0.0716,
        0.1002,
        0.0214,
        0.0665,
        0.0647,
        0.0793,
        0.1022,
        0.0214,
        0.0674,
        0.0214,
        0.0214,
        0.0706,
        0.0226,
        0.0996,
        0.083,
        0.0937,
        0.0934
      ],
      [
        0.3144,
        0.3144,
        0.3144,
        0.3144,
        0.4496,
        0.3307,
        0.3912,
        0.5383,
        0.0987,
        -0.121,
        0.0987,
        1.0,
        0.5362,
        0.5945,
        0.0987,
        0.3456,
        0.2252,
        0.415,
        0.0826,
        0.2289,
        0.3626,
        0.4004,
        0.0987,
        0.2548,
        0.5468,
        0.384,
        0.4322,
        0.0987,
        0.2539,
        0.5191,
        0.3079,
        0.5405,
        0.0987,
        0.3144,
        0.0987,
        0.0987,
        0.2545,
        0.3567,
        0.5825,
        0.4759,
        0.6013,
        0.4404
      ],
      [
        0.1009,
        0.1009,
        0.1009,
        0.1009,
        0.3471,
        0.3661,
        0.3238,
        0.4193,
        0.081,
        -0.3037,
        0.081,
        0.5362,
        1.0,
        0.617,
        0.081,
        0.1744,
        0.2711,
        0.3192,
        -0.1044,
        0.209,
        0.4134,
        0.3861,
        0.081,
        0.0639,
        0.642,
        0.4972,
        0.3269,
        0.081,
        0.1109,
        0.6578,
        0.1623,
        0.4923,
        0.081,
        0.1009,
        0.081,
        0.081,
        0.04,
        0.4743,
        0.6272,
        0.4866,
        0.6956,
        0.3646
      ],
      [
        0.2648,
        0.2648,
        0.2648,
        0.2648,
        0.4756,
        0.305,
        0.4006,
        0.544,
        0.1073,
        -0.1649,
        0.1073,
        0.5945,
        0.617,
        1.0,
        0.1073,
        0.3346,
        0.3111,
        0.3974,
        0.0388,
        0.2498,
        0.3499,
        0.4404,
        0.1073,
        0.2337,
        0.6647,
        0.525,
        0.4619,
        0.1073,
        0.2528,
        0.5695,
        0.319,
        0.574,
        0.1073,
        0.2648,
        0.1073,
        0.1073,
        0.2344,
        0.35,
        0.6611,
        0.514,
        0.6778,
        0.469
      ],
      [
        0.0674,
        0.0674,
        0.0674,
        0.0674,
        0.0952,
        0.0218,
        0.0821,
        0.1039,
        0.0214,
        0.0038,
        0.0214,
        0.0987,
        0.081,
        0.1073,
        1.0,
        0.0793,
        0.0454,
        0.0796,
        0.0262,
        0.0301,
        0.0339,
        0.0844,
        0.0214,
        0.0665,
        0.0963,
        0.0716,
        0.1002,
        0.0214,
        0.0665,
        0.0647,
        0.0793,
        0.1022,
        0.0214,
        0.0674,
        0.0214,
        0.0214,
        0.0706,
        0.0226,
        0.0996,
        0.083,
        0.0937,
        0.0934
      ],
      [
        0.4095,
        0.4095,
        0.4095,
        0.4095,
        0.3694,
        0.1818,
        0.3208,
        0.4185,
        0.0793,
        0.1807,
        0.0793,
        0.3456,
        0.1744,
        0.3346,
        0.0793,
        1.0,
        0.1337,
        0.2998,
        0.2382,
        0.1558,
        0.1362,
        0.2834,
        0.0793,
        0.3372,
        0.2642,
        0.1819,
        0.3728,
        0.0793,
        0.3463,
        0.1446,
        0.3328,
        0.3641,
        0.0793,
        0.4095,
        0.0793,
        0.0793,
        0.3792,
        0.0412,
        0.3109,
        0.2449,
        0.2523,
        0.3165
      ],
      [
        0.074,
        0.074,
        0.074,
        0.074,
        0.1784,
        0.1129,
        0.1039,
        0.1561,
        0.0454,
        0.0095,
        0.0454,
        0.2252,
        0.2711,
        0.3111,
        0.0454,
        0.1337,
        1.0,
        -0.0115,
        0.0375,
        0.261,
        0.098,
        0.1612,
        0.0454,
        0.0527,
        0.457,
        0.5355,
        0.1584,
        0.0454,
        0.1538,
        0.2201,
        0.1102,
        0.1979,
        0.0454,
        0.074,
        0.0454,
        0.0454,
        0.0975,
        0.0937,
        0.3464,
        0.1488,
        0.3056,
        0.1244
      ],
      [
        0.2959,
        0.2959,
        0.2959,
        0.2959,
        0.4308,
        0.1228,
        0.2479,
        0.5276,
        0.0796,
        -0.2226,
        0.0796,
        0.415,
        0.3192,
        0.3974,
        0.0796,
        0.2998,
        -0.0115,
        1.0,
        0.1535,
        0.0548,
        0.1845,
        0.2002,
        0.0796,
        0.3653,
        0.2082,
        -0.0147,
        0.3816,
        0.0796,
        0.0919,
        0.2642,
        0.3621,
        0.4409,
        0.0796,
        0.2959,
        0.0796,
        0.0796,
        0.2996,
        0.1328,
        0.3529,
        0.4288,
        0.3766,
        0.4738
      ],
      [
        0.3374,
        0.3374,
        0.3374,
        0.3374,
        0.209,
        -0.0092,
        -0.0561,
        0.2635,
        0.0262,
        0.0862,
        0.0262,
        0.0826,
        -0.1044,
        0.0388,
        0.0262,
        0.2382,
        0.0375,
        0.1535,
        1.0,
        0.2706,
        0.0109,
        -0.1484,
        0.0262,
        0.3434,
        -0.0277,
        -0.0241,
        0.1073,
        0.0262,
        0.0935,
        -0.1243,
        0.2399,
        0.1006,
        0.0262,
        0.3374,
        0.0262,
        0.0262,
        0.3523,
        -0.0551,
        0.0441,
        0.0531,
        -0.0276,
        0.1584
      ],
      [
        0.2665,
        0.2665,
        0.2665,
        0.2665,
        0.1783,
        0.1717,
        -0.0158,
        0.2644,
        0.0301,
        -0.0127,
        0.0301,
        0.2289,
        0.209,
        0.2498,
        0.0301,
        0.1558,
        0.261,
        0.0548,
        0.2706,
        1.0,
        0.3049,
        -0.0498,
        0.0301,
        0.1584,
        0.3329,
        0.3729,
        0.0691,
        0.0301,
        0.0974,
        0.2649,
        0.1019,
        0.1819,
        0.0301,
        0.2665,
        0.0301,
        0.0301,
        0.201,
        0.3909,
        0.2988,
        0.1461,
        0.2764,
        0.1132
      ],
      [
        0.2247,
        0.2247,
        0.2247,
        0.2247,
        0.1368,
        0.5206,
        0.2559,
        0.2738,
        0.0339,
        -0.0596,
        0.0339,
        0.3626,
        0.4134,
        0.3499,
        0.0339,
        0.1362,
        0.098,
        0.1845,
        0.0109,
        0.3049,
        1.0,
        0.2399,
        0.0339,
        -0.016,
        0.3452,
        0.2123,
        0.1128,
        0.0339,
        0.1461,
        0.5735,
        -0.0216,
        0.297,
        0.0339,
        0.2247,
        0.0339,
        0.0339,
        0.0096,
        0.6777,
        0.375,
        0.2609,
        0.4505,
        0.1077
      ],
      [
        0.2076,
        0.2076,
        0.2076,
        0.2076,
        0.2335,
        0.1563,
        0.6354,
        0.2509,
        0.0844,
        0.3161,
        0.0844,
        0.4004,
        0.3861,
        0.4404,
        0.0844,
        0.2834,
        0.1612,
        0.2002,
        -0.1484,
        -0.0498,
        0.2399,
        1.0,
        0.0844,
        0.0099,
        0.4422,
        0.3253,
        0.4382,
        0.0844,
        0.5008,
        0.415,
        0.1483,
        0.4016,
        0.0844,
        0.2076,
        0.0844,
        0.0844,
        0.1126,
        0.2728,
        0.3771,
        0.2534,
        0.387,
        0.226
      ],
      [
        0.0674,
        0.0674,
        0.0674,
        0.0674,
        0.0952,
        0.0218,
        0.0821,
        0.1039,
        0.0214,
        0.0038,
        0.0214,
        0.0987,
        0.081,
        0.1073,
        0.0214,
        0.0793,
        0.0454,
        0.0796,
        0.0262,
        0.0301,
        0.0339,
        0.0844,
        1.0,
        0.0665,
        0.0963,
        0.0716,
        0.1002,
        0.0214,
        0.0665,
        0.0647,
        0.0793,
        0.1022,
        0.0214,
        0.0674,
        0.0214,
        0.0214,
        0.0706,
        0.0226,
        0.0996,
        0.083,
        0.0937,
        0.0934
      ],
      [
        0.3592,
        0.3592,
        0.3592,
        0.3592,
        0.3984,
        -0.0371,
        0.0831,
        0.4491,
        0.0665,
        -0.0448,
        0.0665,
        0.2548,
        0.0639,
        0.2337,
        0.0665,
        0.3372,
        0.0527,
        0.3653,
        0.3434,
        0.1584,
        -0.016,
        0.0099,
        0.0665,
        1.0,
        0.1009,
        0.0152,
        0.3114,
        0.0665,
        0.1224,
        -0.0361,
        0.4072,
        0.2964,
        0.0665,
        0.3592,
        0.0665,
        0.0665,
        0.4309,
        -0.1329,
        0.2082,
        0.2528,
        0.1458,
        0.387
      ],
      [
        0.1674,
        0.1674,
        0.1674,
        0.1674,
        0.3866,
        0.3271,
        0.3562,
        0.4137,
        0.0963,
        -0.1107,
        0.0963,
        0.5468,
        0.642,
        0.6647,
        0.0963,
        0.2642,
        0.457,
        0.2082,
        -0.0277,
        0.3329,
        0.3452,
        0.4422,
        0.0963,
        0.1009,
        1.0,
        0.7587,
        0.3823,
        0.0963,
        0.2666,
        0.5987,
        0.2169,
        0.5015,
        0.0963,
        0.1674,
        0.0963,
        0.0963,
        0.1389,
        0.3724,
        0.6907,
        0.4333,
        0.6925,
        0.3473
      ],
      [
        0.0751,
        0.0751,
        0.0751,
        0.0751,
        0.2595,
        0.2318,
        0.2182,
        0.2295,
        0.0716,
        -0.0084,
        0.0716,
        0.384,
        0.4972,
        0.525,
        0.0716,
        0.1819,
        0.5355,
        -0.0147,
        -0.0241,
        0.3729,
        0.2123,
        0.3253,
        0.0716,
        0.0152,
        0.7587,
        1.0,
        0.252,
        0.0716,
        0.2447,
        0.4375,
        0.1289,
        0.3326,
        0.0716,
        0.0751,
        0.0716,
        0.0716,
        0.0853,
        0.2312,
        0.5778,
        0.26,
        0.5388,
        0.1857
      ],
      [
        0.3181,
        0.3181,
        0.3181,
        0.3181,
        0.429,
        0.0073,
        0.4298,
        0.4649,
        0.1002,
        0.0885,
        0.1002,
        0.4322,
        0.3269,
        0.4619,
        0.1002,
        0.3728,
        0.1584,
        0.3816,
        0.1073,
        0.0691,
        0.1128,
        0.4382,
        0.1002,
        0.3114,
        0.3823,
        0.252,
        1.0,
        0.1002,
        0.3487,
        0.2507,
        0.3781,
        0.4627,
        0.1002,
        0.3181,
        0.1002,
        0.1002,
        0.3401,
        0.0657,
        0.4033,
        0.3615,
        0.3748,
        0.4349
      ],
      [
        0.0674,
        0.0674,
        0.0674,
        0.0674,
        0.0952,
        0.0218,
        0.0821,
        0.1039,
        0.0214,
        0.0038,
        0.0214,
        0.0987,
        0.081,
        0.1073,
        0.0214,
        0.0793,
        0.0454,
        0.0796,
        0.0262,
        0.0301,
        0.0339,
        0.0844,
        0.0214,
        0.0665,
        0.0963,
        0.0716,
        0.1002,
        1.0,
        0.0665,
        0.0647,
        0.0793,
        0.1022,
        0.0214,
        0.0674,
        0.0214,
        0.0214,
        0.0706,
        0.0226,
        0.0996,
        0.083,
        0.0937,
        0.0934
      ],
      [
        0.3573,
        0.3573,
        0.3573,
        0.3573,
        0.1903,
        0.0897,
        0.4932,
        0.207,
        0.0665,
        0.5298,
        0.0665,
        0.2539,
        0.1109,
        0.2528,
        0.0665,
        0.3463,
        0.1538,
        0.0919,
        0.0935,
        0.0974,
        0.1461,
        0.5008,
        0.0665,
        0.1224,
        0.2666,
        0.2447,
        0.3487,
        0.0665,
        1.0,
        0.1555,
        0.1733,
        0.2641,
        0.0665,
        0.3573,
        0.0665,
        0.0665,
        0.2653,
        0.1377,
        0.2066,
        0.0755,
        0.1457,
        0.1225
      ],
      [
        0.138,
        0.138,
        0.138,
        0.138,
        0.2479,
        0.5038,
        0.3686,
        0.3614,
        0.0647,
        -0.2049,
        0.0647,
        0.5191,
        0.6578,
        0.5695,
        0.0647,
        0.1446,
        0.2201,
        0.2642,
        -0.1243,
        0.2649,
        0.5735,
        0.415,
        0.0647,
