{
  "_meta": {
    "generated": "2026-05-15T14:59:11",
    "portfolio_generated": "2026-05-15T14:55:42.557447",
    "n_assets": 42,
    "n_with_returns": 33,
    "covariance_method": "hybrid_shrunk+diag_shrink",
    "condition_number": 43258808.57,
    "pca_factors": 3
  },
  "profiles": {
    "Agressif": {
      "n_assets": 17,
      "weighted_avg_correlation": -0.0417,
      "most_correlated": [
        {
          "t1": "BKR",
          "t2": "SLVP",
          "corr": 0.1234,
          "w1": 8.0,
          "w2": 2.8,
          "combined_weight": 10.8
        },
        {
          "t1": "OIH",
          "t2": "SLVP",
          "corr": 0.1209,
          "w1": 6.1,
          "w2": 2.8,
          "combined_weight": 8.9
        },
        {
          "t1": "OIH",
          "t2": "GLD",
          "corr": 0.0923,
          "w1": 6.1,
          "w2": 8.5,
          "combined_weight": 14.5
        },
        {
          "t1": "BKR",
          "t2": "SLV",
          "corr": 0.0914,
          "w1": 8.0,
          "w2": 4.2,
          "combined_weight": 12.3
        },
        {
          "t1": "GLD",
          "t2": "XBI",
          "corr": 0.0874,
          "w1": 8.5,
          "w2": 3.2,
          "combined_weight": 11.6
        },
        {
          "t1": "OIH",
          "t2": "SLV",
          "corr": 0.0798,
          "w1": 6.1,
          "w2": 4.2,
          "combined_weight": 10.3
        },
        {
          "t1": "BKR",
          "t2": "GLD",
          "corr": 0.0654,
          "w1": 8.0,
          "w2": 8.5,
          "combined_weight": 16.5
        },
        {
          "t1": "XCEM",
          "t2": "XLK",
          "corr": 0.0563,
          "w1": 6.1,
          "w2": 3.7,
          "combined_weight": 9.8
        },
        {
          "t1": "000660",
          "t2": "SLVP",
          "corr": 0.0471,
          "w1": 5.1,
          "w2": 2.8,
          "combined_weight": 7.9
        },
        {
          "t1": "2059",
          "t2": "SLVP",
          "corr": 0.0471,
          "w1": 9.4,
          "w2": 2.8,
          "combined_weight": 12.3
        }
      ],
      "least_correlated": [
        {
          "t1": "GDXJ",
          "t2": "SLVP",
          "corr": -0.2555,
          "w1": 6.1,
          "w2": 2.8,
          "combined_weight": 8.9
        },
        {
          "t1": "FIX",
          "t2": "OIH",
          "corr": -0.2726,
          "w1": 8.0,
          "w2": 6.1,
          "combined_weight": 14.1
        },
        {
          "t1": "FIX",
          "t2": "BKR",
          "corr": -0.2741,
          "w1": 8.0,
          "w2": 8.0,
          "combined_weight": 16.0
        },
        {
          "t1": "GDXJ",
          "t2": "SLV",
          "corr": -0.4458,
          "w1": 6.1,
          "w2": 4.2,
          "combined_weight": 10.3
        },
        {
          "t1": "SLVP",
          "t2": "SLV",
          "corr": -0.4894,
          "w1": 2.8,
          "w2": 4.2,
          "combined_weight": 7.1
        }
      ],
      "high_corr_high_weight": []
    },
    "Mod\u00e9r\u00e9": {
      "n_assets": 15,
      "weighted_avg_correlation": 0.0251,
      "most_correlated": [
        {
          "t1": "VICI",
          "t2": "BMED",
          "corr": 0.7279,
          "w1": 9.0,
          "w2": 5.1,
          "combined_weight": 14.1
        },
        {
          "t1": "PEG",
          "t2": "REC",
          "corr": 0.3738,
          "w1": 7.2,
          "w2": 5.1,
          "combined_weight": 12.3
        },
        {
          "t1": "BMED",
          "t2": "EOG",
          "corr": 0.3509,
          "w1": 5.1,
          "w2": 3.1,
          "combined_weight": 8.2
        },
        {
          "t1": "VICI",
          "t2": "EOG",
          "corr": 0.3441,
          "w1": 9.0,
          "w2": 3.1,
          "combined_weight": 12.1
        },
        {
          "t1": "REC",
          "t2": "GLD",
          "corr": 0.3247,
          "w1": 5.1,
          "w2": 7.1,
          "combined_weight": 12.2
        },
        {
          "t1": "VICI",
          "t2": "SCHD",
          "corr": 0.2645,
          "w1": 9.0,
          "w2": 9.0,
          "combined_weight": 18.0
        },
        {
          "t1": "BMED",
          "t2": "SCHD",
          "corr": 0.2583,
          "w1": 5.1,
          "w2": 9.0,
          "combined_weight": 14.1
        },
        {
          "t1": "VICI",
          "t2": "FDVV",
          "corr": 0.1953,
          "w1": 9.0,
          "w2": 5.6,
          "combined_weight": 14.6
        },
        {
          "t1": "FDVV",
          "t2": "BMED",
          "corr": 0.1846,
          "w1": 5.6,
          "w2": 5.1,
          "combined_weight": 10.7
        },
        {
          "t1": "REC",
          "t2": "XLV",
          "corr": 0.1791,
          "w1": 5.1,
          "w2": 3.0,
          "combined_weight": 8.2
        }
      ],
      "least_correlated": [
        {
          "t1": "PEG",
          "t2": "BMED",
          "corr": -0.293,
          "w1": 7.2,
          "w2": 5.1,
          "combined_weight": 12.3
        },
        {
          "t1": "PEG",
          "t2": "VICI",
          "corr": -0.3079,
          "w1": 7.2,
          "w2": 9.0,
          "combined_weight": 16.2
        },
        {
          "t1": "REC",
          "t2": "EOG",
          "corr": -0.3408,
          "w1": 5.1,
          "w2": 3.1,
          "combined_weight": 8.2
        },
        {
          "t1": "BMED",
          "t2": "REC",
          "corr": -0.7145,
          "w1": 5.1,
          "w2": 5.1,
          "combined_weight": 10.3
        },
        {
          "t1": "VICI",
          "t2": "REC",
          "corr": -0.7606,
          "w1": 9.0,
          "w2": 5.1,
          "combined_weight": 14.1
        }
      ],
      "high_corr_high_weight": [
        {
          "t1": "VICI",
          "t2": "BMED",
          "corr": 0.7279,
          "w1": 9.0,
          "w2": 5.1,
          "combined_weight": 14.1
        }
      ]
    },
    "Stable": {
      "n_assets": 14,
      "weighted_avg_correlation": 0.017,
      "most_correlated": [
        {
          "t1": "SPLV",
          "t2": "KO",
          "corr": 0.6084,
          "w1": 6.7,
          "w2": 5.3,
          "combined_weight": 12.0
        },
        {
          "t1": "VICI",
          "t2": "SHEL",
          "corr": 0.503,
          "w1": 7.4,
          "w2": 7.4,
          "combined_weight": 14.7
        },
        {
          "t1": "VICI",
          "t2": "IBE",
          "corr": 0.3111,
          "w1": 7.4,
          "w2": 7.4,
          "combined_weight": 14.7
        },
        {
          "t1": "VICI",
          "t2": "SPYV",
          "corr": 0.2993,
          "w1": 7.4,
          "w2": 4.8,
          "combined_weight": 12.1
        },
        {
          "t1": "ACWV",
          "t2": "SPLV",
          "corr": 0.262,
          "w1": 6.7,
          "w2": 6.7,
          "combined_weight": 13.3
        },
        {
          "t1": "SPLV",
          "t2": "GLD",
          "corr": 0.255,
          "w1": 6.7,
          "w2": 5.1,
          "combined_weight": 11.7
        },
        {
          "t1": "IBE",
          "t2": "SHEL",
          "corr": 0.2278,
          "w1": 7.4,
          "w2": 7.4,
          "combined_weight": 14.7
        },
        {
          "t1": "SHEL",
          "t2": "SPYV",
          "corr": 0.2267,
          "w1": 7.4,
          "w2": 4.8,
          "combined_weight": 12.1
        },
        {
          "t1": "ACWV",
          "t2": "KO",
          "corr": 0.2124,
          "w1": 6.7,
          "w2": 5.3,
          "combined_weight": 12.0
        },
        {
          "t1": "SPLV",
          "t2": "XLV",
          "corr": 0.195,
          "w1": 6.7,
          "w2": 4.8,
          "combined_weight": 11.5
        }
      ],
      "least_correlated": [
        {
          "t1": "SPLV",
          "t2": "IBE",
          "corr": -0.2576,
          "w1": 6.7,
          "w2": 7.4,
          "combined_weight": 14.0
        },
        {
          "t1": "SHEL",
          "t2": "KO",
          "corr": -0.373,
          "w1": 7.4,
          "w2": 5.3,
          "combined_weight": 12.7
        },
        {
          "t1": "SPLV",
          "t2": "SHEL",
          "corr": -0.4185,
          "w1": 6.7,
          "w2": 7.4,
          "combined_weight": 14.0
        },
        {
          "t1": "VICI",
          "t2": "KO",
          "corr": -0.6153,
          "w1": 7.4,
          "w2": 5.3,
          "combined_weight": 12.7
        },
        {
          "t1": "SPLV",
          "t2": "VICI",
          "corr": -0.688,
          "w1": 6.7,
          "w2": 7.4,
          "combined_weight": 14.0
        }
      ],
      "high_corr_high_weight": []
    }
  },
  "all_pairs_top_30": [
    {
      "t1": "REC",
      "t2": "VICI",
      "corr_hybrid": -0.7606,
      "corr_structured": null,
      "cat1": "Act",
      "cat2": "Act",
      "exp1": null,
      "exp2": null,
      "fam1": null,
      "fam2": null
    },
    {
      "t1": "BMED",
      "t2": "VICI",
      "corr_hybrid": 0.7279,
      "corr_structured": null,
      "cat1": "Act",
      "cat2": "Act",
      "exp1": null,
      "exp2": null,
      "fam1": null,
      "fam2": null
    },
    {
      "t1": "BMED",
      "t2": "REC",
      "corr_hybrid": -0.7145,
      "corr_structured": null,
      "cat1": "Act",
      "cat2": "Act",
      "exp1": null,
      "exp2": null,
      "fam1": null,
      "fam2": null
    },
    {
      "t1": "LI",
      "t2": "REC",
      "corr_hybrid": -0.6932,
      "corr_structured": null,
      "cat1": "Act",
      "cat2": "Act",
      "exp1": null,
      "exp2": null,
      "fam1": null,
      "fam2": null
    },
    {
      "t1": "REC",
      "t2": "SPLV",
      "corr_hybrid": 0.6909,
      "corr_structured": null,
      "cat1": "Act",
      "cat2": "ETF",
      "exp1": null,
      "exp2": "sp500",
      "fam1": null,
      "fam2": "us_equity_large"
    },
    {
      "t1": "SPLV",
      "t2": "VICI",
      "corr_hybrid": -0.688,
      "corr_structured": null,
      "cat1": "ETF",
      "cat2": "Act",
      "exp1": "sp500",
      "exp2": null,
      "fam1": "us_equity_large",
      "fam2": null
    },
    {
      "t1": "BMED",
      "t2": "SPLV",
      "corr_hybrid": -0.6592,
      "corr_structured": null,
      "cat1": "Act",
      "cat2": "ETF",
      "exp1": null,
      "exp2": "sp500",
      "fam1": null,
      "fam2": "us_equity_large"
    },
    {
      "t1": "KO",
      "t2": "REC",
      "corr_hybrid": 0.6199,
      "corr_structured": null,
      "cat1": "Act",
      "cat2": "Act",
      "exp1": null,
      "exp2": null,
      "fam1": null,
      "fam2": null
    },
    {
      "t1": "KO",
      "t2": "VICI",
      "corr_hybrid": -0.6153,
      "corr_structured": null,
      "cat1": "Act",
      "cat2": "Act",
      "exp1": null,
      "exp2": null,
      "fam1": null,
      "fam2": null
    },
    {
      "t1": "KO",
      "t2": "SPLV",
      "corr_hybrid": 0.6084,
      "corr_structured": null,
      "cat1": "Act",
      "cat2": "ETF",
      "exp1": null,
      "exp2": "sp500",
      "fam1": null,
      "fam2": "us_equity_large"
    },
    {
      "t1": "BMED",
      "t2": "KO",
      "corr_hybrid": -0.5783,
      "corr_structured": null,
      "cat1": "Act",
      "cat2": "Act",
      "exp1": null,
      "exp2": null,
      "fam1": null,
      "fam2": null
    },
    {
      "t1": "LI",
      "t2": "VICI",
      "corr_hybrid": 0.5108,
      "corr_structured": null,
      "cat1": "Act",
      "cat2": "Act",
      "exp1": null,
      "exp2": null,
      "fam1": null,
      "fam2": null
    },
    {
      "t1": "REC",
      "t2": "SHEL",
      "corr_hybrid": -0.5064,
      "corr_structured": null,
      "cat1": "Act",
      "cat2": "Act",
      "exp1": null,
      "exp2": null,
      "fam1": null,
      "fam2": null
    },
    {
      "t1": "SHEL",
      "t2": "VICI",
      "corr_hybrid": 0.503,
      "corr_structured": null,
      "cat1": "Act",
      "cat2": "Act",
      "exp1": null,
      "exp2": null,
      "fam1": null,
      "fam2": null
    },
    {
      "t1": "BMED",
      "t2": "LI",
      "corr_hybrid": 0.4931,
      "corr_structured": null,
      "cat1": "Act",
      "cat2": "Act",
      "exp1": null,
      "exp2": null,
      "fam1": null,
      "fam2": null
    },
    {
      "t1": "FIX",
      "t2": "REC",
      "corr_hybrid": -0.492,
      "corr_structured": null,
      "cat1": "Act",
      "cat2": "Act",
      "exp1": null,
      "exp2": null,
      "fam1": null,
      "fam2": null
    },
    {
      "t1": "SLV",
      "t2": "SLVP",
      "corr_hybrid": -0.4894,
      "corr_structured": 0.9,
      "cat1": "ETF",
      "cat2": "ETF",
      "exp1": "silver_physical",
      "exp2": "silver_miners",
      "fam1": "precious_metals",
      "fam2": "precious_metals"
    },
    {
      "t1": "BMED",
      "t2": "SHEL",
      "corr_hybrid": 0.4818,
      "corr_structured": null,
      "cat1": "Act",
      "cat2": "Act",
      "exp1": null,
      "exp2": null,
      "fam1": null,
      "fam2": null
    },
    {
      "t1": "GDXJ",
      "t2": "SLV",
      "corr_hybrid": -0.4458,
      "corr_structured": 0.85,
      "cat1": "ETF",
      "cat2": "ETF",
      "exp1": "gold_miners",
      "exp2": "silver_physical",
      "fam1": "gold",
      "fam2": "precious_metals"
    },
    {
      "t1": "FLKR",
      "t2": "REC",
      "corr_hybrid": -0.4207,
      "corr_structured": null,
      "cat1": "ETF",
      "cat2": "Act",
      "exp1": "south_korea",
      "exp2": null,
      "fam1": "em_equity",
      "fam2": null
    },
    {
      "t1": "SHEL",
      "t2": "SPLV",
      "corr_hybrid": -0.4185,
      "corr_structured": null,
      "cat1": "Act",
      "cat2": "ETF",
      "exp1": null,
      "exp2": "sp500",
      "fam1": null,
      "fam2": "us_equity_large"
    },
    {
      "t1": "LI",
      "t2": "SPLV",
      "corr_hybrid": -0.4172,
      "corr_structured": null,
      "cat1": "Act",
      "cat2": "ETF",
      "exp1": null,
      "exp2": "sp500",
      "fam1": null,
      "fam2": "us_equity_large"
    },
    {
      "t1": "OIH",
      "t2": "REC",
      "corr_hybrid": 0.3782,
      "corr_structured": null,
      "cat1": "ETF",
      "cat2": "Act",
      "exp1": "energy",
      "exp2": null,
      "fam1": "sector_energy",
      "fam2": null
    },
    {
      "t1": "PEG",
      "t2": "REC",
      "corr_hybrid": 0.3738,
      "corr_structured": null,
      "cat1": "Act",
      "cat2": "Act",
      "exp1": null,
      "exp2": null,
      "fam1": null,
      "fam2": null
    },
    {
      "t1": "KO",
      "t2": "SHEL",
      "corr_hybrid": -0.373,
      "corr_structured": null,
      "cat1": "Act",
      "cat2": "Act",
      "exp1": null,
      "exp2": null,
      "fam1": null,
      "fam2": null
    },
    {
      "t1": "LI",
      "t2": "SHEL",
      "corr_hybrid": 0.3636,
      "corr_structured": null,
      "cat1": "Act",
      "cat2": "Act",
      "exp1": null,
      "exp2": null,
      "fam1": null,
      "fam2": null
    },
    {
      "t1": "KO",
      "t2": "LI",
      "corr_hybrid": -0.3626,
      "corr_structured": null,
      "cat1": "Act",
      "cat2": "Act",
      "exp1": null,
      "exp2": null,
      "fam1": null,
      "fam2": null
    },
    {
      "t1": "BMED",
      "t2": "EOG",
      "corr_hybrid": 0.3509,
      "corr_structured": null,
      "cat1": "Act",
      "cat2": "Act",
      "exp1": null,
      "exp2": null,
      "fam1": null,
      "fam2": null
    },
    {
      "t1": "BKR",
      "t2": "REC",
      "corr_hybrid": 0.3481,
      "corr_structured": null,
      "cat1": "Act",
      "cat2": "Act",
      "exp1": null,
      "exp2": null,
      "fam1": null,
      "fam2": null
    },
    {
      "t1": "EOG",
      "t2": "VICI",
      "corr_hybrid": 0.3441,
      "corr_structured": null,
      "cat1": "Act",
      "cat2": "Act",
      "exp1": null,
      "exp2": null,
      "fam1": null,
      "fam2": null
    }
  ],
  "all_pairs_bottom_10": [
    {
      "t1": "SLVP",
      "t2": "SPYV",
      "corr_hybrid": -0.0021,
      "corr_structured": 0.2,
      "cat1": "ETF",
      "cat2": "ETF",
      "exp1": "silver_miners",
      "exp2": "sp500_value",
      "fam1": "precious_metals",
      "fam2": "factor_value"
    },
    {
      "t1": "SLVP",
      "t2": "XCEM",
      "corr_hybrid": 0.0017,
      "corr_structured": 0.2,
      "cat1": "ETF",
      "cat2": "ETF",
      "exp1": "silver_miners",
      "exp2": "emerging_markets",
      "fam1": "precious_metals",
      "fam2": "em_equity"
    },
    {
      "t1": "FLKR",
      "t2": "NVDA",
      "corr_hybrid": 0.0015,
      "corr_structured": null,
      "cat1": "ETF",
      "cat2": "Act",
      "exp1": "south_korea",
      "exp2": null,
      "fam1": "em_equity",
      "fam2": null
    },
    {
      "t1": "SCHD",
      "t2": "XLV",
      "corr_hybrid": 0.0015,
      "corr_structured": 0.2,
      "cat1": "ETF",
      "cat2": "ETF",
      "exp1": "dividend",
      "exp2": "healthcare",
      "fam1": "factor_dividend",
      "fam2": "sector_healthcare"
    },
    {
      "t1": "FNDF",
      "t2": "SOXX",
      "corr_hybrid": 0.0011,
      "corr_structured": 0.2,
      "cat1": "ETF",
      "cat2": "ETF",
      "exp1": "international",
      "exp2": "semiconductor",
      "fam1": "intl_equity",
      "fam2": "sector_tech"
    },
    {
      "t1": "GD",
      "t2": "GLD",
      "corr_hybrid": 0.001,
      "corr_structured": null,
      "cat1": "Act",
      "cat2": "ETF",
      "exp1": null,
      "exp2": "gold_physical",
      "fam1": null,
      "fam2": "gold"
    },
    {
      "t1": "000660",
      "t2": "NVDA",
      "corr_hybrid": -0.0006,
      "corr_structured": null,
      "cat1": "Act",
      "cat2": "Act",
      "exp1": null,
      "exp2": null,
      "fam1": null,
      "fam2": null
    },
    {
      "t1": "2059",
      "t2": "NVDA",
      "corr_hybrid": -0.0006,
      "corr_structured": null,
      "cat1": "Act",
      "cat2": "Act",
      "exp1": null,
      "exp2": null,
      "fam1": null,
      "fam2": null
    },
    {
      "t1": "NVDA",
      "t2": "SUNPHARMA",
      "corr_hybrid": -0.0006,
      "corr_structured": null,
      "cat1": "Act",
      "cat2": "Act",
      "exp1": null,
      "exp2": null,
      "fam1": null,
      "fam2": null
    },
    {
      "t1": "ACWV",
      "t2": "SLV",
      "corr_hybrid": -0.0003,
      "corr_structured": 0.2,
      "cat1": "ETF",
      "cat2": "ETF",
      "exp1": "min_vol",
      "exp2": "silver_physical",
      "fam1": "factor_min_vol",
      "fam2": "precious_metals"
    }
  ],
  "correlation_matrix": {
    "tickers": [
      "000660",
      "2059",
      "ACWV",
      "BKR",
      "BMED",
      "BSV",
      "EOG",
      "FDVV",
      "FIX",
      "FLKR",
      "FLTR",
      "FNDF",
      "GD",
      "GDXJ",
      "GLD",
      "GTIP",
      "IBE",
      "ITX",
      "KO",
      "LI",
      "MTBA",
      "NVDA",
      "OIH",
      "PEG",
      "REC",
      "SCHD",
      "SCHP",
      "SHEL",
      "SLV",
      "SLVP",
      "SOXX",
      "SPLV",
      "SPYV",
      "STIP",
      "SUNPHARMA",
      "VGSH",
      "VICI",
      "VSS",
      "XBI",
      "XCEM",
      "XLK",
      "XLV"
    ],
    "matrix": [
      [
        1.0,
        0.0365,
        -0.0162,
        -0.0835,
        0.1274,
        0.0252,
        0.1176,
        0.0482,
        -0.1079,
        -0.0025,
        0.0252,
        0.014,
        0.0177,
        -0.0519,
        -0.085,
        0.0252,
        0.1116,
        0.0619,
        -0.0489,
        0.1265,
        0.0252,
        -0.0006,
        -0.0783,
        -0.0276,
        -0.0654,
        0.0803,
        0.1084,
        0.1017,
        0.0302,
        0.0471,
        -0.0448,
        -0.0843,
        0.074,
        0.0252,
        0.0365,
        0.0252,
        0.1254,
        0.0082,
        -0.0274,
        0.0112,
        0.0336,
        -0.0059
      ],
      [
        0.0365,
        1.0,
        -0.0162,
        -0.0835,
        0.1274,
        0.0252,
        0.1176,
        0.0482,
        -0.1079,
        -0.0025,
        0.0252,
        0.014,
        0.0177,
        -0.0519,
        -0.085,
        0.0252,
        0.1116,
        0.0619,
        -0.0489,
        0.1265,
        0.0252,
        -0.0006,
        -0.0783,
        -0.0276,
        -0.0654,
        0.0803,
        0.1084,
        0.1017,
        0.0302,
        0.0471,
        -0.0448,
        -0.0843,
        0.074,
        0.0252,
        0.0365,
        0.0252,
        0.1254,
        0.0082,
        -0.0274,
        0.0112,
        0.0336,
        -0.0059
      ],
      [
        -0.0162,
        -0.0162,
        1.0,
        0.0368,
        -0.2004,
        0.0429,
        -0.1121,
        0.0131,
        -0.1826,
        -0.0758,
        0.0429,
        0.0305,
        0.0657,
        0.0319,
        0.1314,
        0.0429,
        -0.0775,
        -0.0199,
        0.2124,
        -0.0892,
        0.0429,
        -0.0759,
        0.0692,
        0.1468,
        0.2376,
        -0.0192,
        -0.0603,
        -0.0957,
        -0.0003,
        0.0794,
        -0.0698,
        0.262,
        -0.024,
        0.0429,
        -0.0162,
        0.0429,
        -0.2035,
        0.0382,
        0.0653,
        0.0026,
        -0.0292,
        0.1185
      ],
      [
        -0.0835,
        -0.0835,
        0.0368,
        1.0,
        -0.1495,
        -0.0055,
        -0.0871,
        -0.0528,
        -0.2741,
        -0.1299,
        -0.0055,
        -0.0461,
        -0.022,
        0.0317,
        0.0654,
        -0.0055,
        -0.076,
        -0.0495,
        0.1186,
        -0.0776,
        -0.0055,
        -0.1482,
        -0.0674,
        0.0324,
        0.3481,
        -0.0627,
        -0.0763,
        -0.1008,
        0.0914,
        0.1234,
        -0.1572,
        0.1417,
        -0.0704,
        -0.0055,
        -0.0835,
        -0.0055,
        -0.1502,
        -0.0367,
        -0.035,
        -0.0707,
        -0.0922,
        0.0161
      ],
      [
        0.1274,
        0.1274,
        -0.2004,
        -0.1495,
        1.0,
        0.0293,
        0.3509,
        0.1846,
        0.2164,
        0.2271,
        0.0293,
        0.1254,
        -0.0589,
        -0.1781,
        -0.2533,
        0.0293,
        0.3157,
        0.1663,
        -0.5783,
        0.4931,
        0.0293,
        0.2258,
        -0.1966,
        -0.293,
        -0.7145,
        0.2583,
        0.3286,
        0.4818,
        -0.1459,
        -0.0972,
        0.1575,
        -0.6592,
        0.2875,
        0.0293,
        0.1274,
        0.0293,
        0.7279,
        0.1163,
        -0.0232,
        0.1561,
        0.2274,
        -0.1351
      ],
      [
        0.0252,
        0.0252,
        0.0429,
        -0.0055,
        0.0293,
        1.0,
        0.021,
        0.0467,
        -0.0567,
        0.0048,
        0.0319,
        0.0404,
        0.0328,
        -0.0198,
        0.0111,
        0.0319,
        0.032,
        0.0295,
        0.0121,
        0.0522,
        0.0319,
        0.0069,
        0.0026,
        0.0292,
        -0.0145,
        0.047,
        0.042,
        0.0449,
        -0.0221,
        0.0248,
        -0.0065,
        0.0176,
        0.0479,
        0.0319,
        0.0252,
        0.0319,
        0.0311,
        0.041,
        0.0296,
        0.0322,
        0.0319,
        0.0412
      ],
      [
        0.1176,
        0.1176,
        -0.1121,
        -0.0871,
        0.3509,
        0.021,
        1.0,
        0.0897,
        0.0602,
        0.094,
        0.021,
        0.0183,
        0.0203,
        -0.1093,
        -0.2472,
        0.021,
        0.2622,
        0.1378,
        -0.2054,
        0.2672,
        0.021,
        0.1106,
        -0.1114,
        -0.114,
        -0.3408,
        0.1659,
        0.2429,
        0.2411,
        0.0231,
        -0.0262,
        0.0399,
        -0.3068,
        0.1567,
        0.021,
        0.1176,
        0.021,
        0.3441,
        -0.0028,
        -0.0647,
        0.0422,
        0.1079,
        -0.0716
      ],
      [
        0.0482,
        0.0482,
        0.0131,
        -0.0528,
        0.1846,
        0.0467,
        0.0897,
        1.0,
        -0.052,
        0.0443,
        0.0467,
        0.0793,
        0.0217,
        -0.0673,
        -0.0293,
        0.0467,
        0.0981,
        0.0668,
        -0.1135,
        0.1716,
        0.0467,
        0.0443,
        -0.0497,
        -0.0302,
        -0.1665,
        0.1108,
        0.116,
        0.1591,
        -0.0686,
        0.0165,
        0.0123,
        -0.1178,
        0.1199,
        0.0467,
        0.0482,
        0.0467,
        0.1953,
        0.0802,
        0.0325,
        0.0721,
        0.0837,
        0.0233
      ],
      [
        -0.1079,
        -0.1079,
        -0.1826,
        -0.2741,
        0.2164,
        -0.0567,
        0.0602,
        -0.052,
        1.0,
        -0.0934,
        -0.0567,
        -0.0718,
        -0.1604,
        -0.1331,
        -0.1135,
        -0.0567,
        0.0301,
        -0.0282,
        -0.2768,
        0.116,
        -0.0567,
        -0.109,
        -0.2726,
        -0.2368,
        -0.492,
        -0.0162,
        0.0209,
        0.0977,
        -0.0771,
        -0.0093,
        -0.1557,
        -0.3041,
        -0.0072,
        -0.0567,
        -0.1079,
        -0.0567,
        0.2354,
        -0.0626,
        -0.1426,
        -0.0789,
        -0.0616,
        -0.1656
      ],
      [
        -0.0025,
        -0.0025,
        -0.0758,
        -0.1299,
        0.2271,
        0.0048,
        0.094,
        0.0443,
        -0.0934,
        1.0,
        0.0048,
        0.0221,
        -0.0511,
        -0.1476,
        -0.0872,
        0.0048,
        0.0841,
        0.0363,
        -0.2051,
        0.1588,
        0.0048,
        0.0015,
        -0.1332,
        -0.1236,
        -0.4207,
        0.0697,
        0.091,
        0.1526,
        -0.1654,
        -0.0589,
        -0.0411,
        -0.2232,
        0.0798,
        0.0048,
        -0.0025,
        0.0048,
        0.2414,
        0.0245,
        -0.0376,
        0.017,
        0.0361,
        -0.0591
      ],
      [
        0.0252,
        0.0252,
        0.0429,
        -0.0055,
        0.0293,
        0.0319,
        0.021,
        0.0467,
        -0.0567,
        0.0048,
        1.0,
        0.0404,
        0.0328,
        -0.0198,
        0.0111,
        0.0319,
        0.032,
        0.0295,
        0.0121,
        0.0522,
        0.0319,
        0.0069,
        0.0026,
        0.0292,
        -0.0145,
        0.047,
        0.042,
        0.0449,
        -0.0221,
        0.0248,
        -0.0065,
        0.0176,
        0.0479,
        0.0319,
        0.0252,
        0.0319,
        0.0311,
        0.041,
        0.0296,
        0.0322,
        0.0319,
        0.0412
      ],
      [
        0.014,
        0.014,
        0.0305,
        -0.0461,
        0.1254,
        0.0404,
        0.0183,
        0.0793,
        -0.0718,
        0.0221,
        0.0404,
        1.0,
        0.0053,
        -0.0564,
        0.0295,
        0.0404,
        0.0348,
        0.0321,
        -0.0955,
        0.1221,
        0.0404,
        0.0175,
        -0.0378,
        -0.0212,
        -0.1202,
        0.0741,
        0.06,
        0.1171,
        -0.1015,
        0.0128,
        0.0011,
        -0.0726,
        0.0885,
        0.0404,
        0.014,
        0.0404,
        0.1411,
        0.0871,
        0.0468,
        0.0655,
        0.061,
        0.0323
      ],
      [
        0.0177,
        0.0177,
        0.0657,
        -0.022,
        -0.0589,
        0.0328,
        0.0203,
        0.0217,
        -0.1604,
        -0.0511,
        0.0328,
        0.0053,
        1.0,
        -0.0083,
        0.001,
        0.0328,
        0.031,
        0.0275,
        0.1186,
        0.006,
        0.0328,
        -0.0462,
        -0.0024,
        0.0744,
        0.1287,
        0.0289,
        0.0307,
        -0.014,
        0.0443,
        0.0706,
        -0.0713,
        0.1131,
        0.0166,
        0.0328,
        0.0177,
        0.0328,
        -0.0675,
        0.0025,
        0.0049,
        -0.0085,
        -0.008,
        0.0569
      ],
      [
        -0.0519,
        -0.0519,
        0.0319,
        0.0317,
        -0.1781,
        -0.0198,
        -0.1093,
        -0.0673,
        -0.1331,
        -0.1476,
        -0.0198,
        -0.0564,
        -0.0083,
        1.0,
        0.008,
        -0.0198,
        -0.104,
        -0.0606,
        0.1193,
        -0.1729,
        -0.0198,
        -0.0888,
        0.0398,
        0.052,
        0.3257,
        -0.0868,
        -0.1071,
        -0.1365,
        -0.4458,
        -0.2555,
        -0.0961,
        0.146,
        -0.093,
        -0.0198,
        -0.0519,
        -0.0198,
        -0.1833,
        -0.0541,
        -0.0172,
        -0.0758,
        -0.0899,
        0.0146
      ],
      [
        -0.085,
        -0.085,
        0.1314,
        0.0654,
        -0.2533,
        0.0111,
        -0.2472,
        -0.0293,
        -0.1135,
        -0.0872,
        0.0111,
        0.0295,
        0.001,
        0.008,
        1.0,
        0.0111,
        -0.2058,
        -0.0967,
        0.1539,
        -0.1774,
        0.0111,
        -0.0889,
        0.0923,
        0.1093,
        0.3247,
        -0.0987,
        -0.1748,
        -0.1521,
        -0.171,
        -0.0224,
        -0.0435,
        0.255,
        -0.0851,
        0.0111,
        -0.085,
        0.0111,
        -0.2411,
        0.0504,
        0.0874,
        -0.0025,
        -0.0609,
        0.0954
      ],
      [
        0.0252,
        0.0252,
        0.0429,
        -0.0055,
        0.0293,
        0.0319,
        0.021,
        0.0467,
        -0.0567,
        0.0048,
        0.0319,
        0.0404,
        0.0328,
        -0.0198,
        0.0111,
        1.0,
        0.032,
        0.0295,
        0.0121,
        0.0522,
        0.0319,
        0.0069,
        0.0026,
        0.0292,
        -0.0145,
        0.047,
        0.042,
        0.0449,
        -0.0221,
        0.0248,
        -0.0065,
        0.0176,
        0.0479,
        0.0319,
        0.0252,
        0.0319,
        0.0311,
        0.041,
        0.0296,
        0.0322,
        0.0319,
        0.0412
      ],
      [
        0.1116,
        0.1116,
        -0.0775,
        -0.076,
        0.3157,
        0.032,
        0.2622,
        0.0981,
        0.0301,
        0.0841,
        0.032,
        0.0348,
        0.031,
        -0.104,
        -0.2058,
        0.032,
        1.0,
        0.1306,
        -0.1741,
        0.2526,
        0.032,
        0.0994,
        -0.0936,
        -0.0861,
        -0.296,
        0.163,
        0.2261,
        0.2278,
        0.0046,
        -0.0147,
        0.0335,
        -0.2576,
        0.156,
        0.032,
        0.1116,
        0.032,
        0.3111,
        0.0172,
        -0.0411,
        0.0517,
        0.1076,
        -0.0435
      ],
      [
        0.0619,
        0.0619,
        -0.0199,
        -0.0495,
        0.1663,
        0.0295,
        0.1378,
        0.0668,
        -0.0282,
        0.0363,
        0.0295,
        0.0321,
        0.0275,
        -0.0606,
        -0.0967,
        0.0295,
        0.1306,
        1.0,
        -0.0784,
        0.1478,
        0.0295,
        0.0437,
        -0.0529,
        -0.031,
        -0.1442,
        0.0996,
        0.129,
        0.1304,
        -0.0022,
        0.0111,
        0.0033,
        -0.1173,
        0.0961,
        0.0295,
        0.0619,
        0.0295,
        0.1649,
        0.0241,
        -0.0112,
        0.0355,
        0.0626,
        -0.0044
      ],
      [
        -0.0489,
        -0.0489,
        0.2124,
        0.1186,
        -0.5783,
        0.0121,
        -0.2054,
        -0.1135,
        -0.2768,
        -0.2051,
        0.0121,
        -0.0955,
        0.1186,
        0.1193,
        0.1539,
        0.0121,
        -0.1741,
        -0.0784,
        1.0,
        -0.3626,
        0.0121,
        -0.1899,
        0.1673,
        0.3079,
        0.6199,
        -0.1519,
        -0.1916,
        -0.373,
        0.1617,
        0.1218,
        -0.1681,
        0.6084,
        -0.1919,
        0.0121,
        -0.0489,
        0.0121,
        -0.6153,
        -0.0978,
        0.0175,
        -0.1252,
        -0.1681,
        0.1587
      ],
      [
        0.1265,
        0.1265,
        -0.0892,
        -0.0776,
        0.4931,
        0.0522,
        0.2672,
        0.1716,
        0.116,
        0.1588,
        0.0522,
        0.1221,
        0.006,
        -0.1729,
        -0.1774,
        0.0522,
        0.2526,
        0.1478,
        -0.3626,
        1.0,
        0.0522,
        0.1738,
        -0.1054,
        -0.1551,
        -0.6932,
        0.2235,
        0.2685,
        0.3636,
        -0.1808,
        -0.0921,
        0.1126,
        -0.4172,
        0.2416,
        0.0522,
        0.1265,
        0.0522,
        0.5108,
        0.1133,
        0.0164,
        0.137,
        0.1887,
        -0.0455
      ],
      [
        0.0252,
        0.0252,
        0.0429,
        -0.0055,
        0.0293,
        0.0319,
        0.021,
        0.0467,
        -0.0567,
        0.0048,
        0.0319,
        0.0404,
        0.0328,
        -0.0198,
        0.0111,
        0.0319,
        0.032,
        0.0295,
        0.0121,
        0.0522,
        1.0,
        0.0069,
        0.0026,
        0.0292,
        -0.0145,
        0.047,
        0.042,
        0.0449,
        -0.0221,
        0.0248,
        -0.0065,
        0.0176,
        0.0479,
        0.0319,
        0.0252,
        0.0319,
        0.0311,
        0.041,
        0.0296,
        0.0322,
        0.0319,
        0.0412
      ],
      [
        -0.0006,
        -0.0006,
        -0.0759,
        -0.1482,
        0.2258,
        0.0069,
        0.1106,
        0.0443,
        -0.109,
        0.0015,
        0.0069,
        0.0175,
        -0.0462,
        -0.0888,
        -0.0889,
        0.0069,
        0.0994,
        0.0437,
        -0.1899,
        0.1738,
        0.0069,
        1.0,
        -0.148,
        -0.1202,
        -0.2517,
        0.0756,
        0.1029,
        0.1538,
        -0.0387,
        0.0184,
        -0.0496,
        -0.2162,
        0.0823,
        0.0069,
        -0.0006,
        0.0069,
        0.2377,
        0.0189,
        -0.0459,
        0.014,
        0.0351,
        -0.059
      ],
      [
        -0.0783,
        -0.0783,
        0.0692,
        -0.0674,
        -0.1966,
        0.0026,
        -0.1114,
        -0.0497,
        -0.2726,
        -0.1332,
        0.0026,
        -0.0378,
        -0.0024,
        0.0398,
        0.0923,
        0.0026,
        -0.0936,
        -0.0529,
        0.1673,
        -0.1054,
        0.0026,
        -0.148,
        1.0,
        0.0698,
        0.3782,
        -0.068,
        -0.0909,
        -0.1251,
        0.0798,
        0.1209,
        -0.151,
        0.2004,
        -0.0766,
        0.0026,
        -0.0783,
        0.0026,
        -0.199,
        -0.028,
        -0.0146,
        -0.0652,
        -0.0927,
        0.0434
      ],
      [
        -0.0276,
        -0.0276,
        0.1468,
        0.0324,
        -0.293,
        0.0292,
        -0.114,
        -0.0302,
        -0.2368,
        -0.1236,
        0.0292,
        -0.0212,
        0.0744,
        0.052,
        0.1093,
        0.0292,
        -0.0861,
        -0.031,
        0.3079,
        -0.1551,
        0.0292,
        -0.1202,
        0.0698,
        1.0,
        0.3738,
        -0.0545,
        -0.0845,
        -0.1694,
        0.0743,
        0.1052,
        -0.1189,
        0.3408,
        -0.0729,
        0.0292,
        -0.0276,
        0.0292,
        -0.3079,
        -0.0183,
        0.0288,
        -0.0485,
        -0.0771,
        0.114
      ],
      [
        -0.0654,
        -0.0654,
        0.2376,
        0.3481,
        -0.7145,
        -0.0145,
        -0.3408,
        -0.1665,
        -0.492,
        -0.4207,
        -0.0145,
        -0.1202,
        0.1287,
        0.3257,
        0.3247,
        -0.0145,
        -0.296,
        -0.1442,
        0.6199,
        -0.6932,
        -0.0145,
        -0.2517,
        0.3782,
        0.3738,
        1.0,
        -0.2379,
        -0.3071,
        -0.5064,
        0.2523,
        0.0156,
        -0.1967,
        0.6909,
        -0.278,
        -0.0145,
        -0.0654,
        -0.0145,
        -0.7606,
        -0.1218,
        0.0753,
        -0.1688,
        -0.2448,
        0.1791
      ],
      [
        0.0803,
        0.0803,
        -0.0192,
        -0.0627,
        0.2583,
        0.047,
        0.1659,
        0.1108,
        -0.0162,
        0.0697,
        0.047,
        0.0741,
        0.0289,
        -0.0868,
        -0.0987,
        0.047,
        0.163,
        0.0996,
        -0.1519,
        0.2235,
        0.047,
        0.0756,
        -0.068,
        -0.0545,
        -0.2379,
        1.0,
        0.1722,
        0.2057,
        -0.0489,
        0.0046,
        0.0283,
        -0.1865,
        0.1493,
        0.047,
        0.0803,
        0.047,
        0.2645,
        0.068,
        0.0112,
        0.0759,
        0.1057,
        0.0015
      ],
      [
        0.1084,
        0.1084,
        -0.0603,
        -0.0763,
        0.3286,
        0.042,
        0.2429,
        0.116,
        0.0209,
        0.091,
        0.042,
        0.06,
        0.0307,
        -0.1071,
        -0.1748,
        0.042,
        0.2261,
        0.129,
        -0.1916,
        0.2685,
        0.042,
        0.1029,
        -0.0909,
        -0.0845,
        -0.3071,
        0.1722,
        1.0,
        0.2456,
        -0.0259,
        -0.011,
        0.0403,
        -0.2592,
        0.1712,
        0.042,
        0.1084,
        0.042,
        0.3297,
        0.0464,
        -0.0184,
        0.072,
        0.121,
        -0.0284
      ],
      [
        0.1017,
        0.1017,
        -0.0957,
        -0.1008,
        0.4818,
        0.0449,
        0.2411,
        0.1591,
        0.0977,
        0.1526,
        0.0449,
        0.1171,
        -0.014,
        -0.1365,
        -0.1521,
        0.0449,
        0.2278,
        0.1304,
        -0.373,
        0.3636,
        0.0449,
        0.1538,
        -0.1251,
        -0.1694,
        -0.5064,
        0.2057,
        0.2456,
        1.0,
        -0.1267,
        -0.0499,
        0.0996,
        -0.4185,
        0.2267,
        0.0449,
        0.1017,
        0.0449,
        0.503,
        0.1123,
        0.0116,
        0.13,
        0.1751,
        -0.0546
      ],
      [
        0.0302,
        0.0302,
        -0.0003,
        0.0914,
        -0.1459,
        -0.0221,
        0.0231,
        -0.0686,
        -0.0771,
        -0.1654,
        -0.0221,
        -0.1015,
        0.0443,
        -0.4458,
        -0.171,
        -0.0221,
        0.0046,
        -0.0022,
        0.1617,
        -0.1808,
        -0.0221,
        -0.0387,
        0.0798,
        0.0743,
        0.2523,
        -0.0489,
        -0.0259,
        -0.1267,
        1.0,
        -0.4894,
        -0.0871,
        0.1228,
        -0.0764,
        -0.0221,
        0.0302,
        -0.0221,
        -0.1734,
        -0.121,
        -0.0635,
        -0.1068,
        -0.0805,
        -0.0027
      ],
      [
        0.0471,
        0.0471,
        0.0794,
        0.1234,
        -0.0972,
        0.0248,
        -0.0262,
        0.0165,
        -0.0093,
        -0.0589,
        0.0248,
        0.0128,
        0.0706,
        -0.2555,
        -0.0224,
        0.0248,
        -0.0147,
        0.0111,
        0.1218,
        -0.0921,
        0.0248,
        0.0184,
        0.1209,
        0.1052,
        0.0156,
        0.0046,
        -0.011,
        -0.0499,
        -0.4894,
        1.0,
        0.0035,
        0.1339,
        -0.0021,
        0.0248,
        0.0471,
        0.0248,
