{
  "_meta": {
    "generated": "2026-05-20T10:47:29",
    "portfolio_generated": "2026-05-20T10:43:38.777678",
    "n_assets": 40,
    "n_with_returns": 31,
    "covariance_method": "hybrid_shrunk",
    "condition_number": 305.68,
    "pca_factors": 5
  },
  "profiles": {
    "Agressif": {
      "n_assets": 16,
      "weighted_avg_correlation": 0.2203,
      "most_correlated": [
        {
          "t1": "SLV",
          "t2": "GLD",
          "corr": 0.814,
          "w1": 3.0,
          "w2": 9.8,
          "combined_weight": 12.8
        },
        {
          "t1": "XLK",
          "t2": "SOXX",
          "corr": 0.7344,
          "w1": 4.4,
          "w2": 6.3,
          "combined_weight": 10.7
        },
        {
          "t1": "FLKR",
          "t2": "SOXX",
          "corr": 0.7088,
          "w1": 5.3,
          "w2": 6.3,
          "combined_weight": 11.7
        },
        {
          "t1": "SOXX",
          "t2": "FLTW",
          "corr": 0.7032,
          "w1": 6.3,
          "w2": 6.8,
          "combined_weight": 13.2
        },
        {
          "t1": "FLKR",
          "t2": "XLK",
          "corr": 0.669,
          "w1": 5.3,
          "w2": 4.4,
          "combined_weight": 9.7
        },
        {
          "t1": "FLKR",
          "t2": "FLTW",
          "corr": 0.6649,
          "w1": 5.3,
          "w2": 6.8,
          "combined_weight": 12.2
        },
        {
          "t1": "XLK",
          "t2": "FLTW",
          "corr": 0.6648,
          "w1": 4.4,
          "w2": 6.8,
          "combined_weight": 11.2
        },
        {
          "t1": "SOXX",
          "t2": "FIX",
          "corr": 0.6531,
          "w1": 6.3,
          "w2": 10.0,
          "combined_weight": 16.4
        },
        {
          "t1": "XLK",
          "t2": "FIX",
          "corr": 0.6408,
          "w1": 4.4,
          "w2": 10.0,
          "combined_weight": 14.4
        },
        {
          "t1": "NVDA",
          "t2": "FIX",
          "corr": 0.5933,
          "w1": 6.7,
          "w2": 10.0,
          "combined_weight": 16.7
        }
      ],
      "least_correlated": [
        {
          "t1": "MTBA",
          "t2": "FLTR",
          "corr": 0.0208,
          "w1": 6.0,
          "w2": 6.0,
          "combined_weight": 12.1
        },
        {
          "t1": "XLK",
          "t2": "XLE",
          "corr": 0.0132,
          "w1": 4.4,
          "w2": 8.6,
          "combined_weight": 13.0
        },
        {
          "t1": "XLE",
          "t2": "GLD",
          "corr": 0.0019,
          "w1": 8.6,
          "w2": 9.8,
          "combined_weight": 18.4
        },
        {
          "t1": "NVDA",
          "t2": "XLE",
          "corr": -0.0584,
          "w1": 6.7,
          "w2": 8.6,
          "combined_weight": 15.3
        },
        {
          "t1": "XLE",
          "t2": "FIX",
          "corr": -0.1518,
          "w1": 8.6,
          "w2": 10.0,
          "combined_weight": 18.7
        }
      ],
      "high_corr_high_weight": [
        {
          "t1": "SLV",
          "t2": "GLD",
          "corr": 0.814,
          "w1": 3.0,
          "w2": 9.8,
          "combined_weight": 12.8
        },
        {
          "t1": "XLK",
          "t2": "SOXX",
          "corr": 0.7344,
          "w1": 4.4,
          "w2": 6.3,
          "combined_weight": 10.7
        },
        {
          "t1": "FLKR",
          "t2": "SOXX",
          "corr": 0.7088,
          "w1": 5.3,
          "w2": 6.3,
          "combined_weight": 11.7
        },
        {
          "t1": "SOXX",
          "t2": "FLTW",
          "corr": 0.7032,
          "w1": 6.3,
          "w2": 6.8,
          "combined_weight": 13.2
        }
      ]
    },
    "Mod\u00e9r\u00e9": {
      "n_assets": 14,
      "weighted_avg_correlation": 0.1497,
      "most_correlated": [
        {
          "t1": "FNDF",
          "t2": "FNDX",
          "corr": 0.5408,
          "w1": 9.0,
          "w2": 9.0,
          "combined_weight": 18.0
        },
        {
          "t1": "FNDF",
          "t2": "BMED",
          "corr": 0.4205,
          "w1": 9.0,
          "w2": 5.7,
          "combined_weight": 14.7
        },
        {
          "t1": "BMED",
          "t2": "FNDX",
          "corr": 0.4174,
          "w1": 5.7,
          "w2": 9.0,
          "combined_weight": 14.7
        },
        {
          "t1": "SCHD",
          "t2": "FNDX",
          "corr": 0.4161,
          "w1": 9.0,
          "w2": 9.0,
          "combined_weight": 18.0
        },
        {
          "t1": "SCHD",
          "t2": "EOG",
          "corr": 0.4055,
          "w1": 9.0,
          "w2": 3.4,
          "combined_weight": 12.4
        },
        {
          "t1": "SCHD",
          "t2": "FNDF",
          "corr": 0.3709,
          "w1": 9.0,
          "w2": 9.0,
          "combined_weight": 18.0
        },
        {
          "t1": "FNDF",
          "t2": "GLD",
          "corr": 0.3397,
          "w1": 9.0,
          "w2": 7.5,
          "combined_weight": 16.5
        },
        {
          "t1": "SCHD",
          "t2": "BMED",
          "corr": 0.3292,
          "w1": 9.0,
          "w2": 5.7,
          "combined_weight": 14.7
        },
        {
          "t1": "FNDX",
          "t2": "XLV",
          "corr": 0.3255,
          "w1": 9.0,
          "w2": 3.2,
          "combined_weight": 12.2
        },
        {
          "t1": "FNDF",
          "t2": "XLV",
          "corr": 0.3211,
          "w1": 9.0,
          "w2": 3.2,
          "combined_weight": 12.2
        }
      ],
      "least_correlated": [
        {
          "t1": "STIP",
          "t2": "ITX",
          "corr": 0.0195,
          "w1": 8.5,
          "w2": 8.2,
          "combined_weight": 16.7
        },
        {
          "t1": "VGSH",
          "t2": "ITX",
          "corr": 0.0195,
          "w1": 9.2,
          "w2": 8.2,
          "combined_weight": 17.4
        },
        {
          "t1": "ITX",
          "t2": "GBIL",
          "corr": 0.0195,
          "w1": 8.2,
          "w2": 6.1,
          "combined_weight": 14.2
        },
        {
          "t1": "FNDF",
          "t2": "ITX",
          "corr": 0.0098,
          "w1": 9.0,
          "w2": 8.2,
          "combined_weight": 17.2
        },
        {
          "t1": "EOG",
          "t2": "GLD",
          "corr": -0.0196,
          "w1": 3.4,
          "w2": 7.5,
          "combined_weight": 10.9
        }
      ],
      "high_corr_high_weight": []
    },
    "Stable": {
      "n_assets": 14,
      "weighted_avg_correlation": 0.1442,
      "most_correlated": [
        {
          "t1": "VICI",
          "t2": "SUNPHARMA",
          "corr": 0.4164,
          "w1": 7.4,
          "w2": 5.3,
          "combined_weight": 12.7
        },
        {
          "t1": "GD",
          "t2": "SUNPHARMA",
          "corr": 0.3986,
          "w1": 7.4,
          "w2": 5.3,
          "combined_weight": 12.7
        },
        {
          "t1": "SHEL",
          "t2": "SUNPHARMA",
          "corr": 0.3902,
          "w1": 7.4,
          "w2": 5.3,
          "combined_weight": 12.7
        },
        {
          "t1": "IBE",
          "t2": "SUNPHARMA",
          "corr": 0.3873,
          "w1": 6.4,
          "w2": 5.3,
          "combined_weight": 11.7
        },
        {
          "t1": "SUNPHARMA",
          "t2": "KO",
          "corr": 0.3793,
          "w1": 5.3,
          "w2": 4.8,
          "combined_weight": 10.1
        },
        {
          "t1": "GD",
          "t2": "SHEL",
          "corr": 0.3554,
          "w1": 7.4,
          "w2": 7.4,
          "combined_weight": 14.8
        },
        {
          "t1": "ACWV",
          "t2": "SPYV",
          "corr": 0.3502,
          "w1": 6.7,
          "w2": 5.1,
          "combined_weight": 11.7
        },
        {
          "t1": "ACWV",
          "t2": "SUNPHARMA",
          "corr": 0.3473,
          "w1": 6.7,
          "w2": 5.3,
          "combined_weight": 12.0
        },
        {
          "t1": "SPYV",
          "t2": "SUNPHARMA",
          "corr": 0.3392,
          "w1": 5.1,
          "w2": 5.3,
          "combined_weight": 10.4
        },
        {
          "t1": "SPLV",
          "t2": "SUNPHARMA",
          "corr": 0.3357,
          "w1": 6.7,
          "w2": 5.3,
          "combined_weight": 12.0
        }
      ],
      "least_correlated": [
        {
          "t1": "VGSH",
          "t2": "BSV",
          "corr": 0.0208,
          "w1": 6.0,
          "w2": 13.0,
          "combined_weight": 19.0
        },
        {
          "t1": "VGSH",
          "t2": "STIP",
          "corr": 0.0208,
          "w1": 6.0,
          "w2": 13.0,
          "combined_weight": 19.0
        },
        {
          "t1": "BSV",
          "t2": "STIP",
          "corr": 0.0208,
          "w1": 13.0,
          "w2": 13.0,
          "combined_weight": 26.0
        },
        {
          "t1": "IBE",
          "t2": "GLD",
          "corr": 0.007,
          "w1": 6.4,
          "w2": 5.1,
          "combined_weight": 11.5
        },
        {
          "t1": "KO",
          "t2": "GLD",
          "corr": -0.0256,
          "w1": 4.8,
          "w2": 5.1,
          "combined_weight": 9.9
        }
      ],
      "high_corr_high_weight": []
    }
  },
  "all_pairs_top_30": [
    {
      "t1": "GLD",
      "t2": "SLV",
      "corr_hybrid": 0.814,
      "corr_structured": 0.85,
      "cat1": "ETF",
      "cat2": "ETF",
      "exp1": "gold_physical",
      "exp2": "silver_physical",
      "fam1": "gold",
      "fam2": "precious_metals"
    },
    {
      "t1": "SOXX",
      "t2": "XLK",
      "corr_hybrid": 0.7344,
      "corr_structured": 0.9,
      "cat1": "ETF",
      "cat2": "ETF",
      "exp1": "semiconductor",
      "exp2": "tech",
      "fam1": "sector_tech",
      "fam2": "sector_tech"
    },
    {
      "t1": "FLKR",
      "t2": "SOXX",
      "corr_hybrid": 0.7088,
      "corr_structured": 0.2,
      "cat1": "ETF",
      "cat2": "ETF",
      "exp1": "south_korea",
      "exp2": "semiconductor",
      "fam1": "em_equity",
      "fam2": "sector_tech"
    },
    {
      "t1": "FLTW",
      "t2": "SOXX",
      "corr_hybrid": 0.7032,
      "corr_structured": 0.2,
      "cat1": "ETF",
      "cat2": "ETF",
      "exp1": "taiwan",
      "exp2": "semiconductor",
      "fam1": "em_equity",
      "fam2": "sector_tech"
    },
    {
      "t1": "FLKR",
      "t2": "XLK",
      "corr_hybrid": 0.669,
      "corr_structured": 0.2,
      "cat1": "ETF",
      "cat2": "ETF",
      "exp1": "south_korea",
      "exp2": "tech",
      "fam1": "em_equity",
      "fam2": "sector_tech"
    },
    {
      "t1": "FLKR",
      "t2": "FLTW",
      "corr_hybrid": 0.6649,
      "corr_structured": 0.9,
      "cat1": "ETF",
      "cat2": "ETF",
      "exp1": "south_korea",
      "exp2": "taiwan",
      "fam1": "em_equity",
      "fam2": "em_equity"
    },
    {
      "t1": "FLTW",
      "t2": "XLK",
      "corr_hybrid": 0.6648,
      "corr_structured": 0.2,
      "cat1": "ETF",
      "cat2": "ETF",
      "exp1": "taiwan",
      "exp2": "tech",
      "fam1": "em_equity",
      "fam2": "sector_tech"
    },
    {
      "t1": "FIX",
      "t2": "SOXX",
      "corr_hybrid": 0.6531,
      "corr_structured": null,
      "cat1": "Act",
      "cat2": "ETF",
      "exp1": null,
      "exp2": "semiconductor",
      "fam1": null,
      "fam2": "sector_tech"
    },
    {
      "t1": "FIX",
      "t2": "XLK",
      "corr_hybrid": 0.6408,
      "corr_structured": null,
      "cat1": "Act",
      "cat2": "ETF",
      "exp1": null,
      "exp2": "tech",
      "fam1": null,
      "fam2": "sector_tech"
    },
    {
      "t1": "FLTW",
      "t2": "FNDF",
      "corr_hybrid": 0.601,
      "corr_structured": 0.62,
      "cat1": "ETF",
      "cat2": "ETF",
      "exp1": "taiwan",
      "exp2": "international",
      "fam1": "em_equity",
      "fam2": "intl_equity"
    },
    {
      "t1": "FNDF",
      "t2": "SOXX",
      "corr_hybrid": 0.6008,
      "corr_structured": 0.2,
      "cat1": "ETF",
      "cat2": "ETF",
      "exp1": "international",
      "exp2": "semiconductor",
      "fam1": "intl_equity",
      "fam2": "sector_tech"
    },
    {
      "t1": "000660",
      "t2": "2059",
      "corr_hybrid": 0.5933,
      "corr_structured": null,
      "cat1": "Act",
      "cat2": "Act",
      "exp1": null,
      "exp2": null,
      "fam1": null,
      "fam2": null
    },
    {
      "t1": "000660",
      "t2": "SUNPHARMA",
      "corr_hybrid": 0.5933,
      "corr_structured": null,
      "cat1": "Act",
      "cat2": "Act",
      "exp1": null,
      "exp2": null,
      "fam1": null,
      "fam2": null
    },
    {
      "t1": "2059",
      "t2": "SUNPHARMA",
      "corr_hybrid": 0.5933,
      "corr_structured": null,
      "cat1": "Act",
      "cat2": "Act",
      "exp1": null,
      "exp2": null,
      "fam1": null,
      "fam2": null
    },
    {
      "t1": "FIX",
      "t2": "NVDA",
      "corr_hybrid": 0.5933,
      "corr_structured": null,
      "cat1": "Act",
      "cat2": "Act",
      "exp1": null,
      "exp2": null,
      "fam1": null,
      "fam2": null
    },
    {
      "t1": "FLKR",
      "t2": "FNDF",
      "corr_hybrid": 0.5806,
      "corr_structured": 0.62,
      "cat1": "ETF",
      "cat2": "ETF",
      "exp1": "south_korea",
      "exp2": "international",
      "fam1": "em_equity",
      "fam2": "intl_equity"
    },
    {
      "t1": "REMX",
      "t2": "SLV",
      "corr_hybrid": 0.5759,
      "corr_structured": 0.2,
      "cat1": "ETF",
      "cat2": "ETF",
      "exp1": "rare_earth",
      "exp2": "silver_physical",
      "fam1": null,
      "fam2": "precious_metals"
    },
    {
      "t1": "FNDF",
      "t2": "XLK",
      "corr_hybrid": 0.5713,
      "corr_structured": 0.2,
      "cat1": "ETF",
      "cat2": "ETF",
      "exp1": "international",
      "exp2": "tech",
      "fam1": "intl_equity",
      "fam2": "sector_tech"
    },
    {
      "t1": "EOG",
      "t2": "XLE",
      "corr_hybrid": 0.5618,
      "corr_structured": null,
      "cat1": "Act",
      "cat2": "ETF",
      "exp1": null,
      "exp2": "energy",
      "fam1": null,
      "fam2": "sector_energy"
    },
    {
      "t1": "NVDA",
      "t2": "SOXX",
      "corr_hybrid": 0.5527,
      "corr_structured": null,
      "cat1": "Act",
      "cat2": "ETF",
      "exp1": null,
      "exp2": "semiconductor",
      "fam1": null,
      "fam2": "sector_tech"
    },
    {
      "t1": "FLTW",
      "t2": "REMX",
      "corr_hybrid": 0.5522,
      "corr_structured": 0.2,
      "cat1": "ETF",
      "cat2": "ETF",
      "exp1": "taiwan",
      "exp2": "rare_earth",
      "fam1": "em_equity",
      "fam2": null
    },
    {
      "t1": "FNDF",
      "t2": "REMX",
      "corr_hybrid": 0.5486,
      "corr_structured": 0.2,
      "cat1": "ETF",
      "cat2": "ETF",
      "exp1": "international",
      "exp2": "rare_earth",
      "fam1": "intl_equity",
      "fam2": null
    },
    {
      "t1": "FNDF",
      "t2": "FNDX",
      "corr_hybrid": 0.5408,
      "corr_structured": 0.2,
      "cat1": "ETF",
      "cat2": "ETF",
      "exp1": "international",
      "exp2": "value",
      "fam1": "intl_equity",
      "fam2": "factor_value"
    },
    {
      "t1": "NVDA",
      "t2": "XLK",
      "corr_hybrid": 0.5376,
      "corr_structured": null,
      "cat1": "Act",
      "cat2": "ETF",
      "exp1": null,
      "exp2": "tech",
      "fam1": null,
      "fam2": "sector_tech"
    },
    {
      "t1": "FLKR",
      "t2": "REMX",
      "corr_hybrid": 0.5332,
      "corr_structured": 0.2,
      "cat1": "ETF",
      "cat2": "ETF",
      "exp1": "south_korea",
      "exp2": "rare_earth",
      "fam1": "em_equity",
      "fam2": null
    },
    {
      "t1": "FNDX",
      "t2": "SOXX",
      "corr_hybrid": 0.5318,
      "corr_structured": 0.2,
      "cat1": "ETF",
      "cat2": "ETF",
      "exp1": "value",
      "exp2": "semiconductor",
      "fam1": "factor_value",
      "fam2": "sector_tech"
    },
    {
      "t1": "FIX",
      "t2": "FLKR",
      "corr_hybrid": 0.5309,
      "corr_structured": null,
      "cat1": "Act",
      "cat2": "ETF",
      "exp1": null,
      "exp2": "south_korea",
      "fam1": null,
      "fam2": "em_equity"
    },
    {
      "t1": "FLTW",
      "t2": "FNDX",
      "corr_hybrid": 0.5289,
      "corr_structured": 0.2,
      "cat1": "ETF",
      "cat2": "ETF",
      "exp1": "taiwan",
      "exp2": "value",
      "fam1": "em_equity",
      "fam2": "factor_value"
    },
    {
      "t1": "EOG",
      "t2": "SHEL",
      "corr_hybrid": 0.5267,
      "corr_structured": null,
      "cat1": "Act",
      "cat2": "Act",
      "exp1": null,
      "exp2": null,
      "fam1": null,
      "fam2": null
    },
    {
      "t1": "FIX",
      "t2": "FLTW",
      "corr_hybrid": 0.5182,
      "corr_structured": null,
      "cat1": "Act",
      "cat2": "ETF",
      "exp1": null,
      "exp2": "taiwan",
      "fam1": null,
      "fam2": "em_equity"
    }
  ],
  "all_pairs_bottom_10": [
    {
      "t1": "GLD",
      "t2": "IBE",
      "corr_hybrid": 0.007,
      "corr_structured": null,
      "cat1": "ETF",
      "cat2": "Act",
      "exp1": "gold_physical",
      "exp2": null,
      "fam1": "gold",
      "fam2": null
    },
    {
      "t1": "SOXX",
      "t2": "VICI",
      "corr_hybrid": 0.0065,
      "corr_structured": null,
      "cat1": "ETF",
      "cat2": "Act",
      "exp1": "semiconductor",
      "exp2": null,
      "fam1": "sector_tech",
      "fam2": null
    },
    {
      "t1": "ITX",
      "t2": "XBI",
      "corr_hybrid": 0.0049,
      "corr_structured": null,
      "cat1": "Act",
      "cat2": "ETF",
      "exp1": null,
      "exp2": "biotech",
      "fam1": null,
      "fam2": "sector_healthcare"
    },
    {
      "t1": "BKR",
      "t2": "ITX",
      "corr_hybrid": -0.0041,
      "corr_structured": null,
      "cat1": "Act",
      "cat2": "Act",
      "exp1": null,
      "exp2": null,
      "fam1": null,
      "fam2": null
    },
    {
      "t1": "KO",
      "t2": "NVDA",
      "corr_hybrid": 0.0036,
      "corr_structured": null,
      "cat1": "Act",
      "cat2": "Act",
      "exp1": null,
      "exp2": null,
      "fam1": null,
      "fam2": null
    },
    {
      "t1": "FIX",
      "t2": "SHEL",
      "corr_hybrid": -0.0026,
      "corr_structured": null,
      "cat1": "Act",
      "cat2": "Act",
      "exp1": null,
      "exp2": null,
      "fam1": null,
      "fam2": null
    },
    {
      "t1": "NOVN",
      "t2": "NVDA",
      "corr_hybrid": 0.0023,
      "corr_structured": null,
      "cat1": "Act",
      "cat2": "Act",
      "exp1": null,
      "exp2": null,
      "fam1": null,
      "fam2": null
    },
    {
      "t1": "GLD",
      "t2": "XLE",
      "corr_hybrid": 0.0019,
      "corr_structured": 0.2,
      "cat1": "ETF",
      "cat2": "ETF",
      "exp1": "gold_physical",
      "exp2": "energy",
      "fam1": "gold",
      "fam2": "sector_energy"
    },
    {
      "t1": "ITX",
      "t2": "XLE",
      "corr_hybrid": 0.0019,
      "corr_structured": null,
      "cat1": "Act",
      "cat2": "ETF",
      "exp1": null,
      "exp2": "energy",
      "fam1": null,
      "fam2": "sector_energy"
    },
    {
      "t1": "FIX",
      "t2": "NOVN",
      "corr_hybrid": 0.0018,
      "corr_structured": null,
      "cat1": "Act",
      "cat2": "Act",
      "exp1": null,
      "exp2": null,
      "fam1": null,
      "fam2": null
    }
  ],
  "correlation_matrix": {
    "tickers": [
      "000660",
      "2059",
      "ACWV",
      "BKR",
      "BMED",
      "BSV",
      "DIVB",
      "EOG",
      "FIX",
      "FLKR",
      "FLTR",
      "FLTW",
      "FNDF",
      "FNDX",
      "GBIL",
      "GD",
      "GLD",
      "IBE",
      "ITX",
      "KO",
      "LI",
      "MTBA",
      "NOVN",
      "NVDA",
      "PEG",
      "REMX",
      "SCHD",
      "SHEL",
      "SLV",
      "SOXX",
      "SPLV",
      "SPYV",
      "STIP",
      "SUNPHARMA",
      "VGSH",
      "VICI",
      "XBI",
      "XLE",
      "XLK",
      "XLV"
    ],
    "matrix": [
      [
        1.0,
        0.5933,
        0.3473,
        0.3305,
        0.4155,
        0.0813,
        0.3475,
        0.3453,
        0.2103,
        0.1082,
        0.0813,
        0.1517,
        0.2817,
        0.3389,
        0.0813,
        0.3986,
        0.0766,
        0.3873,
        0.3818,
        0.3793,
        0.2494,
        0.0813,
        0.2834,
        0.1875,
        0.4047,
        0.0862,
        0.3562,
        0.3902,
        0.06,
        0.1289,
        0.3357,
        0.3392,
        0.0813,
        0.5933,
        0.0813,
        0.4164,
        0.1783,
        0.2815,
        0.1519,
        0.2819
      ],
      [
        0.5933,
        1.0,
        0.3473,
        0.3305,
        0.4155,
        0.0813,
        0.3475,
        0.3453,
        0.2103,
        0.1082,
        0.0813,
        0.1517,
        0.2817,
        0.3389,
        0.0813,
        0.3986,
        0.0766,
        0.3873,
        0.3818,
        0.3793,
        0.2494,
        0.0813,
        0.2834,
        0.1875,
        0.4047,
        0.0862,
        0.3562,
        0.3902,
        0.06,
        0.1289,
        0.3357,
        0.3392,
        0.0813,
        0.5933,
        0.0813,
        0.4164,
        0.1783,
        0.2815,
        0.1519,
        0.2819
      ],
      [
        0.3473,
        0.3473,
        1.0,
        0.3088,
        0.3388,
        0.0768,
        0.3496,
        0.2315,
        0.1742,
        0.2751,
        0.0768,
        0.3039,
        0.3649,
        0.3666,
        0.0768,
        0.2721,
        0.1686,
        0.2111,
        0.1408,
        0.1863,
        0.2667,
        0.0768,
        0.1358,
        0.2045,
        0.2245,
        0.2966,
        0.3261,
        0.2949,
        0.1875,
        0.2764,
        0.2353,
        0.3502,
        0.0768,
        0.3473,
        0.0768,
        0.2535,
        0.2435,
        0.2343,
        0.2716,
        0.259
      ],
      [
        0.3305,
        0.3305,
        0.3088,
        1.0,
        0.3067,
        0.0921,
        0.428,
        0.4714,
        0.1565,
        0.2939,
        0.0921,
        0.3232,
        0.3909,
        0.4369,
        0.0921,
        0.3398,
        0.0958,
        0.1721,
        -0.0041,
        0.15,
        -0.0483,
        0.0921,
        0.1196,
        0.1712,
        0.1942,
        0.2818,
        0.4517,
        0.4948,
        0.1355,
        0.3007,
        0.2482,
        0.4093,
        0.0921,
        0.3305,
        0.0921,
        0.2263,
        0.2207,
        0.4968,
        0.2822,
        0.2664
      ],
      [
        0.4155,
        0.4155,
        0.3388,
        0.3067,
        1.0,
        0.0817,
        0.3857,
        0.1892,
        0.3148,
        0.3397,
        0.0817,
        0.3684,
        0.4205,
        0.4174,
        0.0817,
        0.3068,
        0.1855,
        0.2584,
        0.1974,
        0.2133,
        0.3448,
        0.0817,
        0.1563,
        0.3018,
        0.2872,
        0.3029,
        0.3292,
        0.279,
        0.2001,
        0.3612,
        0.2474,
        0.3974,
        0.0817,
        0.4155,
        0.0817,
        0.2804,
        0.2953,
        0.1833,
        0.3596,
        0.2888
      ],
      [
        0.0813,
        0.0813,
        0.0768,
        0.0921,
        0.0817,
        1.0,
        0.0946,
        0.0732,
        0.0327,
        0.0722,
        0.0208,
        0.0792,
        0.0939,
        0.0981,
        0.0208,
        0.0696,
        0.0313,
        0.0479,
        0.0195,
        0.0428,
        0.0537,
        0.0208,
        0.0298,
        0.0461,
        0.0485,
        0.0781,
        0.0928,
        0.0839,
        0.036,
        0.0711,
        0.0603,
        0.0932,
        0.0208,
        0.0813,
        0.0208,
        0.0597,
        0.0607,
        0.0772,
        0.0686,
        0.0668
      ],
      [
        0.3475,
        0.3475,
        0.3496,
        0.428,
        0.3857,
        0.0946,
        1.0,
        0.2875,
        0.2633,
        0.4122,
        0.0946,
        0.4381,
        0.4746,
        0.4857,
        0.0946,
        0.31,
        0.1446,
        0.1992,
        0.0484,
        0.154,
        0.2476,
        0.0946,
        0.1055,
        0.2886,
        0.2153,
        0.3797,
        0.4139,
        0.3523,
        0.1706,
        0.4245,
        0.2445,
        0.4552,
        0.0946,
        0.3475,
        0.0946,
        0.2321,
        0.3179,
        0.3166,
        0.4076,
        0.3078
      ],
      [
        0.3453,
        0.3453,
        0.2315,
        0.4714,
        0.1892,
        0.0732,
        0.2875,
        1.0,
        -0.1624,
        -0.0282,
        0.0732,
        0.0109,
        0.1491,
        0.2407,
        0.0732,
        0.3177,
        -0.0196,
        0.1979,
        0.0885,
        0.2401,
        -0.1787,
        0.0732,
        0.1852,
        -0.0844,
        0.1816,
        0.0703,
        0.4055,
        0.5267,
        -0.0079,
        -0.0557,
        0.2787,
        0.2403,
        0.0732,
        0.3453,
        0.0732,
        0.2824,
        0.0282,
        0.5618,
        -0.0544,
        0.1898
      ],
      [
        0.2103,
        0.2103,
        0.1742,
        0.1565,
        0.3148,
        0.0327,
        0.2633,
        -0.1624,
        1.0,
        0.5309,
        0.0327,
        0.5182,
        0.4163,
        0.369,
        0.0327,
        0.1704,
        0.1622,
        0.1146,
        0.0566,
        -0.0269,
        0.1746,
        0.0327,
        0.0018,
        0.5933,
        0.2337,
        0.1682,
        0.067,
        -0.0026,
        0.1929,
        0.6531,
        -0.0121,
        0.3243,
        0.0327,
        0.2103,
        0.0327,
        0.0079,
        0.3385,
        -0.1518,
        0.6408,
        0.1508
      ],
      [
        0.1082,
        0.1082,
        0.2751,
        0.2939,
        0.3397,
        0.0722,
        0.4122,
        -0.0282,
        0.5309,
        1.0,
        0.0722,
        0.6649,
        0.5806,
        0.507,
        0.0722,
        0.1571,
        0.2708,
        0.0332,
        -0.1335,
        -0.0757,
        0.3308,
        0.0722,
        -0.0591,
        0.4804,
        0.0906,
        0.5332,
        0.2608,
        0.1117,
        0.3303,
        0.7088,
        0.0684,
        0.4535,
        0.0722,
        0.1082,
        0.0722,
        0.0193,
        0.4322,
        0.0532,
        0.669,
        0.2557
      ],
      [
        0.0813,
        0.0813,
        0.0768,
        0.0921,
        0.0817,
        0.0208,
        0.0946,
        0.0732,
        0.0327,
        0.0722,
        1.0,
        0.0792,
        0.0939,
        0.0981,
        0.0208,
        0.0696,
        0.0313,
        0.0479,
        0.0195,
        0.0428,
        0.0537,
        0.0208,
        0.0298,
        0.0461,
        0.0485,
        0.0781,
        0.0928,
        0.0839,
        0.036,
        0.0711,
        0.0603,
        0.0932,
        0.0208,
        0.0813,
        0.0208,
        0.0597,
        0.0607,
        0.0772,
        0.0686,
        0.0668
      ],
      [
        0.1517,
        0.1517,
        0.3039,
        0.3232,
        0.3684,
        0.0792,
        0.4381,
        0.0109,
        0.5182,
        0.6649,
        0.0792,
        1.0,
        0.601,
        0.5289,
        0.0792,
        0.1882,
        0.2942,
        0.0605,
        -0.1032,
        -0.0445,
        0.3467,
        0.0792,
        -0.0341,
        0.4766,
        0.1181,
        0.5522,
        0.2934,
        0.1543,
        0.3561,
        0.7032,
        0.1003,
        0.4764,
        0.0792,
        0.1517,
        0.0792,
        0.0578,
        0.4415,
        0.0881,
        0.6648,
        0.2784
      ],
      [
        0.2817,
        0.2817,
        0.3649,
        0.3909,
        0.4205,
        0.0939,
        0.4746,
        0.1491,
        0.4163,
        0.5806,
        0.0939,
        0.601,
        1.0,
        0.5408,
        0.0939,
        0.2739,
        0.3397,
        0.145,
        0.0098,
        0.0657,
        0.3462,
        0.0939,
        0.0555,
        0.4065,
        0.1982,
        0.5486,
        0.3709,
        0.2872,
        0.4036,
        0.6008,
        0.1961,
        0.4976,
        0.0939,
        0.2817,
        0.0939,
        0.1813,
        0.4189,
        0.2024,
        0.5713,
        0.3211
      ],
      [
        0.3389,
        0.3389,
        0.3666,
        0.4369,
        0.4174,
        0.0981,
        0.4857,
        0.2407,
        0.369,
        0.507,
        0.0981,
        0.5289,
        0.5408,
        1.0,
        0.0981,
        0.3105,
        0.1744,
        0.1899,
        0.023,
        0.124,
        0.2901,
        0.0981,
        0.0833,
        0.3698,
        0.2185,
        0.4337,
        0.4161,
        0.3285,
        0.2072,
        0.5318,
        0.2286,
        0.4991,
        0.0981,
        0.3389,
        0.0981,
        0.2096,
        0.3736,
        0.281,
        0.5096,
        0.3255
      ],
      [
        0.0813,
        0.0813,
        0.0768,
        0.0921,
        0.0817,
        0.0208,
        0.0946,
        0.0732,
        0.0327,
        0.0722,
        0.0208,
        0.0792,
        0.0939,
        0.0981,
        1.0,
        0.0696,
        0.0313,
        0.0479,
        0.0195,
        0.0428,
        0.0537,
        0.0208,
        0.0298,
        0.0461,
        0.0485,
        0.0781,
        0.0928,
        0.0839,
        0.036,
        0.0711,
        0.0603,
        0.0932,
        0.0208,
        0.0813,
        0.0208,
        0.0597,
        0.0607,
        0.0772,
        0.0686,
        0.0668
      ],
      [
        0.3986,
        0.3986,
        0.2721,
        0.3398,
        0.3068,
        0.0696,
        0.31,
        0.3177,
        0.1704,
        0.1571,
        0.0696,
        0.1882,
        0.2739,
        0.3105,
        0.0696,
        1.0,
        0.0932,
        0.2441,
        0.1894,
        0.2304,
        0.1027,
        0.0696,
        0.1786,
        0.1558,
        0.2662,
        0.1437,
        0.3176,
        0.3554,
        0.1033,
        0.1709,
        0.2429,
        0.301,
        0.0696,
        0.3986,
        0.0696,
        0.2779,
        0.1645,
        0.2947,
        0.1755,
        0.2248
      ],
      [
        0.0766,
        0.0766,
        0.1686,
        0.0958,
        0.1855,
        0.0313,
        0.1446,
        -0.0196,
        0.1622,
        0.2708,
        0.0313,
        0.2942,
        0.3397,
        0.1744,
        0.0313,
        0.0932,
        1.0,
        0.007,
        0.1041,
        -0.0256,
        0.1711,
        0.0313,
        0.0529,
        0.1359,
        0.1093,
        0.4815,
        0.068,
        0.1716,
        0.814,
        0.2459,
        0.0738,
        0.1582,
        0.0313,
        0.0766,
        0.0313,
        0.1215,
        0.2142,
        0.0019,
        0.2256,
        0.1209
      ],
      [
        0.3873,
        0.3873,
        0.2111,
        0.1721,
        0.2584,
        0.0479,
        0.1992,
        0.1979,
        0.1146,
        0.0332,
        0.0479,
        0.0605,
        0.145,
        0.1899,
        0.0479,
        0.2441,
        0.007,
        1.0,
        0.2693,
        0.2604,
        0.1905,
        0.0479,
        0.188,
        0.1062,
        0.2621,
        0.0137,
        0.2079,
        0.2163,
        -0.0173,
        0.0463,
        0.2145,
        0.1943,
        0.0479,
        0.3873,
        0.0479,
        0.2713,
        0.0956,
        0.1491,
        0.0658,
        0.1714
      ],
      [
        0.3818,
        0.3818,
        0.1408,
        -0.0041,
        0.1974,
        0.0195,
        0.0484,
        0.0885,
        0.0566,
        -0.1335,
        0.0195,
        -0.1032,
        0.0098,
        0.023,
        0.0195,
        0.1894,
        0.1041,
        0.2693,
        1.0,
        0.2871,
        0.2022,
        0.0195,
        0.2282,
        0.0213,
        0.2875,
        -0.0881,
        0.0596,
        0.1293,
        0.0833,
        -0.1277,
        0.1845,
        0.0447,
        0.0195,
        0.3818,
        0.0195,
        0.2922,
        0.0049,
        0.0019,
        -0.0924,
        0.0954
      ],
      [
        0.3793,
        0.3793,
        0.1863,
        0.15,
        0.2133,
        0.0428,
        0.154,
        0.2401,
        -0.0269,
        -0.0757,
        0.0428,
        -0.0445,
        0.0657,
        0.124,
        0.0428,
        0.2304,
        -0.0256,
        0.2604,
        0.2871,
        1.0,
        0.1533,
        0.0428,
        0.2048,
        0.0036,
        0.2436,
        -0.0377,
        0.1996,
        0.2306,
        -0.0576,
        -0.081,
        0.2274,
        0.1376,
        0.0428,
        0.3793,
        0.0428,
        0.2884,
        0.0306,
        0.1819,
        -0.0563,
        0.1477
      ],
      [
        0.2494,
        0.2494,
        0.2667,
        -0.0483,
        0.3448,
        0.0537,
        0.2476,
        -0.1787,
        0.1746,
        0.3308,
        0.0537,
        0.3467,
        0.3462,
        0.2901,
        0.0537,
        0.1027,
        0.1711,
        0.1905,
        0.2022,
        0.1533,
        1.0,
        0.0537,
        0.0706,
        0.2722,
        0.162,
        0.3678,
        0.1441,
        -0.0835,
        0.1463,
        0.3205,
        0.1655,
        0.2818,
        0.0537,
        0.2494,
        0.0537,
        0.1945,
        0.3052,
        -0.173,
        0.3238,
        0.2417
      ],
      [
        0.0813,
        0.0813,
        0.0768,
        0.0921,
        0.0817,
        0.0208,
        0.0946,
        0.0732,
        0.0327,
        0.0722,
        0.0208,
        0.0792,
        0.0939,
        0.0981,
        0.0208,
        0.0696,
        0.0313,
        0.0479,
        0.0195,
        0.0428,
        0.0537,
        1.0,
        0.0298,
        0.0461,
        0.0485,
        0.0781,
        0.0928,
        0.0839,
        0.036,
        0.0711,
        0.0603,
        0.0932,
        0.0208,
        0.0813,
        0.0208,
        0.0597,
        0.0607,
        0.0772,
        0.0686,
        0.0668
      ],
      [
        0.2834,
        0.2834,
        0.1358,
        0.1196,
        0.1563,
        0.0298,
        0.1055,
        0.1852,
        0.0018,
        -0.0591,
        0.0298,
        -0.0341,
        0.0555,
        0.0833,
        0.0298,
        0.1786,
        0.0529,
        0.188,
        0.2282,
        0.2048,
        0.0706,
        0.0298,
        1.0,
        0.0023,
        0.1941,
        -0.0155,
        0.1363,
        0.1967,
        0.0459,
        -0.0618,
        0.1648,
        0.0931,
        0.0298,
        0.2834,
        0.0298,
        0.2196,
        0.0202,
        0.1389,
        -0.0443,
        0.102
      ],
      [
        0.1875,
        0.1875,
        0.2045,
        0.1712,
        0.3018,
        0.0461,
        0.2886,
        -0.0844,
        0.5933,
        0.4804,
        0.0461,
        0.4766,
        0.4065,
        0.3698,
        0.0461,
        0.1558,
        0.1359,
        0.1062,
        0.0213,
        0.0036,
        0.2722,
        0.0461,
        0.0023,
        1.0,
        0.1706,
        0.2571,
        0.1436,
        0.0339,
        0.1562,
        0.5527,
        0.0475,
        0.3324,
        0.0461,
        0.1875,
        0.0461,
        0.0459,
        0.3222,
        -0.0584,
        0.5376,
        0.1844
      ],
      [
        0.4047,
        0.4047,
        0.2245,
        0.1942,
        0.2872,
        0.0485,
        0.2153,
        0.1816,
        0.2337,
        0.0906,
        0.0485,
        0.1181,
        0.1982,
        0.2185,
        0.0485,
        0.2662,
        0.1093,
        0.2621,
        0.2875,
        0.2436,
        0.162,
        0.0485,
        0.1941,
        0.1706,
        1.0,
        0.0502,
        0.1979,
        0.2393,
        0.1081,
        0.118,
        0.2046,
        0.2172,
        0.0485,
        0.4047,
        0.0485,
        0.2733,
        0.1304,
        0.1319,
        0.1348,
        0.1771
      ],
      [
        0.0862,
        0.0862,
        0.2966,
        0.2818,
        0.3029,
        0.0781,
        0.3797,
        0.0703,
        0.1682,
        0.5332,
        0.0781,
        0.5522,
        0.5486,
        0.4337,
        0.0781,
        0.1437,
        0.4815,
        0.0137,
        -0.0881,
        -0.0377,
        0.3678,
        0.0781,
        -0.0155,
        0.2571,
        0.0502,
        1.0,
        0.2947,
        0.2132,
        0.5759,
        0.5025,
        0.1402,
        0.3957,
        0.0781,
        0.0862,
        0.0781,
        0.1055,
        0.3769,
        0.1527,
        0.4617,
        0.2638
      ],
      [
        0.3562,
        0.3562,
        0.3261,
        0.4517,
        0.3292,
        0.0928,
        0.4139,
        0.4055,
        0.067,
        0.2608,
        0.0928,
        0.2934,
        0.3709,
        0.4161,
        0.0928,
        0.3176,
        0.068,
        0.2079,
        0.0596,
        0.1996,
        0.1441,
        0.0928,
        0.1363,
        0.1436,
        0.1979,
        0.2947,
        1.0,
        0.4202,
        0.0825,
        0.2502,
        0.277,
        0.3971,
        0.0928,
        0.3562,
        0.0928,
        0.265,
        0.2244,
        0.4224,
        0.2394,
        0.2848
      ],
      [
        0.3902,
        0.3902,
        0.2949,
        0.4948,
        0.279,
        0.0839,
        0.3523,
        0.5267,
        -0.0026,
        0.1117,
        0.0839,
        0.1543,
        0.2872,
        0.3285,
        0.0839,
        0.3554,
        0.1716,
        0.2163,
        0.1293,
        0.2306,
        -0.0835,
        0.0839,
        0.1967,
        0.0339,
        0.2393,
        0.2132,
        0.4202,
        1.0,
        0.2163,
        0.0944,
        0.2921,
        0.3187,
        0.0839,
        0.3902,
        0.0839,
        0.312,
        0.1297,
        0.5172,
        0.0898,
        0.2391
      ],
      [
        0.06,
        0.06,
        0.1875,
        0.1355,
        0.2001,
        0.036,
        0.1706,
        -0.0079,
        0.1929,
        0.3303,
        0.036,
        0.3561,
        0.4036,
        0.2072,
        0.036,
        0.1033,
        0.814,
        -0.0173,
        0.0833,
        -0.0576,
        0.1463,
        0.036,
        0.0459,
        0.1562,
        0.1081,
        0.5759,
        0.0825,
        0.2163,
        1.0,
        0.3017,
        0.0724,
        0.1854,
        0.036,
        0.06,
        0.036,
        0.1196,
        0.2494,
        0.0252,
        0.2737,
        0.1333
      ],
      [
        0.1289,
        0.1289,
        0.2764,
        0.3007,
        0.3612,
        0.0711,
        0.4245,
        -0.0557,
        0.6531,
        0.7088,
        0.0711,
        0.7032,
        0.6008,
        0.5318,
        0.0711,
        0.1709,
        0.2459,
        0.0463,
        -0.1277,
        -0.081,
        0.3205,
        0.0711,
        -0.0618,
        0.5527,
        0.118,
        0.5025,
        0.2502,
        0.0944,
        0.3017,
        1.0,
        0.0528,
        0.4738,
        0.0711,
        0.1289,
        0.0711,
        0.0065,
        0.4541,
        0.0226,
        0.7344,
        0.2572
      ],
      [
        0.3357,
        0.3357,
        0.2353,
        0.2482,
        0.2474,
        0.0603,
        0.2445,
        0.2787,
        -0.0121,
        0.0684,
        0.0603,
        0.1003,
        0.1961,
        0.2286,
        0.0603,
        0.2429,
        0.0738,
        0.2145,
        0.1845,
        0.2274,
        0.1655,
        0.0603,
        0.1648,
        0.0475,
        0.2046,
