{
  "_meta": {
    "generated": "2026-05-04T10:12:43",
    "portfolio_generated": "2026-05-04T10:08:53.791505",
    "n_assets": 41,
    "n_with_returns": 28,
    "covariance_method": "hybrid_shrunk",
    "condition_number": 342.96,
    "pca_factors": 5
  },
  "profiles": {
    "Agressif": {
      "n_assets": 16,
      "weighted_avg_correlation": 0.2653,
      "most_correlated": [
        {
          "t1": "SOXX",
          "t2": "VRT",
          "corr": 0.7154,
          "w1": 5.6,
          "w2": 3.9,
          "combined_weight": 9.5
        },
        {
          "t1": "PICK",
          "t2": "XCEM",
          "corr": 0.7036,
          "w1": 8.7,
          "w2": 8.4,
          "combined_weight": 17.1
        },
        {
          "t1": "XCEM",
          "t2": "FLKR",
          "corr": 0.6997,
          "w1": 8.4,
          "w2": 3.5,
          "combined_weight": 11.9
        },
        {
          "t1": "PICK",
          "t2": "REMX",
          "corr": 0.6911,
          "w1": 8.7,
          "w2": 7.4,
          "combined_weight": 16.1
        },
        {
          "t1": "NVDA",
          "t2": "VRT",
          "corr": 0.6862,
          "w1": 6.5,
          "w2": 3.9,
          "combined_weight": 10.4
        },
        {
          "t1": "SOXX",
          "t2": "XCEM",
          "corr": 0.6757,
          "w1": 5.6,
          "w2": 8.4,
          "combined_weight": 14.1
        },
        {
          "t1": "CDE",
          "t2": "GLD",
          "corr": 0.6623,
          "w1": 2.7,
          "w2": 9.5,
          "combined_weight": 12.2
        },
        {
          "t1": "SOXX",
          "t2": "FLKR",
          "corr": 0.6567,
          "w1": 5.6,
          "w2": 3.5,
          "combined_weight": 9.1
        },
        {
          "t1": "PICK",
          "t2": "FLKR",
          "corr": 0.6476,
          "w1": 8.7,
          "w2": 3.5,
          "combined_weight": 12.1
        },
        {
          "t1": "PICK",
          "t2": "SOXX",
          "corr": 0.6063,
          "w1": 8.7,
          "w2": 5.6,
          "combined_weight": 14.3
        }
      ],
      "least_correlated": [
        {
          "t1": "PAAA",
          "t2": "SGOV",
          "corr": 0.0238,
          "w1": 6.7,
          "w2": 4.5,
          "combined_weight": 11.2
        },
        {
          "t1": "VRT",
          "t2": "PAAA",
          "corr": 0.0203,
          "w1": 3.9,
          "w2": 6.7,
          "combined_weight": 10.7
        },
        {
          "t1": "VRT",
          "t2": "SGOV",
          "corr": 0.0203,
          "w1": 3.9,
          "w2": 4.5,
          "combined_weight": 8.4
        },
        {
          "t1": "PAAA",
          "t2": "CDE",
          "corr": 0.0142,
          "w1": 6.7,
          "w2": 2.7,
          "combined_weight": 9.4
        },
        {
          "t1": "CDE",
          "t2": "SGOV",
          "corr": 0.0142,
          "w1": 2.7,
          "w2": 4.5,
          "combined_weight": 7.1
        }
      ],
      "high_corr_high_weight": [
        {
          "t1": "PICK",
          "t2": "XCEM",
          "corr": 0.7036,
          "w1": 8.7,
          "w2": 8.4,
          "combined_weight": 17.1
        }
      ]
    },
    "Mod\u00e9r\u00e9": {
      "n_assets": 15,
      "weighted_avg_correlation": 0.1321,
      "most_correlated": [
        {
          "t1": "CF",
          "t2": "EOG",
          "corr": 0.6489,
          "w1": 6.8,
          "w2": 6.5,
          "combined_weight": 13.3
        },
        {
          "t1": "FDVV",
          "t2": "FNDF",
          "corr": 0.5936,
          "w1": 7.7,
          "w2": 6.3,
          "combined_weight": 14.0
        },
        {
          "t1": "SCHD",
          "t2": "FNDF",
          "corr": 0.4475,
          "w1": 6.2,
          "w2": 6.3,
          "combined_weight": 12.6
        },
        {
          "t1": "FNDF",
          "t2": "XLV",
          "corr": 0.4417,
          "w1": 6.3,
          "w2": 3.1,
          "combined_weight": 9.4
        },
        {
          "t1": "5274",
          "t2": "VICI",
          "corr": 0.4239,
          "w1": 3.6,
          "w2": 9.0,
          "combined_weight": 12.5
        },
        {
          "t1": "SCHD",
          "t2": "FDVV",
          "corr": 0.4236,
          "w1": 6.2,
          "w2": 7.7,
          "combined_weight": 13.9
        },
        {
          "t1": "FDVV",
          "t2": "XLV",
          "corr": 0.417,
          "w1": 7.7,
          "w2": 3.1,
          "combined_weight": 10.8
        },
        {
          "t1": "ITX",
          "t2": "VICI",
          "corr": 0.3965,
          "w1": 6.8,
          "w2": 9.0,
          "combined_weight": 15.8
        },
        {
          "t1": "SCHD",
          "t2": "XLV",
          "corr": 0.3735,
          "w1": 6.2,
          "w2": 3.1,
          "combined_weight": 9.3
        },
        {
          "t1": "ITX",
          "t2": "5274",
          "corr": 0.3559,
          "w1": 6.8,
          "w2": 3.6,
          "combined_weight": 10.4
        }
      ],
      "least_correlated": [
        {
          "t1": "ITX",
          "t2": "CF",
          "corr": -0.0156,
          "w1": 6.8,
          "w2": 6.8,
          "combined_weight": 13.6
        },
        {
          "t1": "CF",
          "t2": "LI",
          "corr": -0.0702,
          "w1": 6.8,
          "w2": 3.5,
          "combined_weight": 10.4
        },
        {
          "t1": "FDVV",
          "t2": "CF",
          "corr": -0.1358,
          "w1": 7.7,
          "w2": 6.8,
          "combined_weight": 14.5
        },
        {
          "t1": "CF",
          "t2": "XLV",
          "corr": -0.1854,
          "w1": 6.8,
          "w2": 3.1,
          "combined_weight": 9.9
        },
        {
          "t1": "CF",
          "t2": "FNDF",
          "corr": -0.1899,
          "w1": 6.8,
          "w2": 6.3,
          "combined_weight": 13.2
        }
      ],
      "high_corr_high_weight": []
    },
    "Stable": {
      "n_assets": 15,
      "weighted_avg_correlation": 0.1311,
      "most_correlated": [
        {
          "t1": "SUNPHARMA",
          "t2": "2912",
          "corr": 0.5056,
          "w1": 5.5,
          "w2": 4.5,
          "combined_weight": 9.9
        },
        {
          "t1": "ACWV",
          "t2": "SPYV",
          "corr": 0.449,
          "w1": 4.8,
          "w2": 4.4,
          "combined_weight": 9.2
        },
        {
          "t1": "VICI",
          "t2": "PG",
          "corr": 0.4413,
          "w1": 5.3,
          "w2": 5.3,
          "combined_weight": 10.6
        },
        {
          "t1": "VICI",
          "t2": "SUNPHARMA",
          "corr": 0.4239,
          "w1": 5.3,
          "w2": 5.5,
          "combined_weight": 10.8
        },
        {
          "t1": "VICI",
          "t2": "2912",
          "corr": 0.4239,
          "w1": 5.3,
          "w2": 4.5,
          "combined_weight": 9.8
        },
        {
          "t1": "ACWV",
          "t2": "XLV",
          "corr": 0.4227,
          "w1": 4.8,
          "w2": 4.9,
          "combined_weight": 9.7
        },
        {
          "t1": "SPYV",
          "t2": "XLV",
          "corr": 0.4219,
          "w1": 4.4,
          "w2": 4.9,
          "combined_weight": 9.3
        },
        {
          "t1": "SPLV",
          "t2": "PG",
          "corr": 0.3952,
          "w1": 4.9,
          "w2": 5.3,
          "combined_weight": 10.2
        },
        {
          "t1": "ACWV",
          "t2": "SPLV",
          "corr": 0.3944,
          "w1": 4.8,
          "w2": 4.9,
          "combined_weight": 9.7
        },
        {
          "t1": "ACWV",
          "t2": "PG",
          "corr": 0.3897,
          "w1": 4.8,
          "w2": 5.3,
          "combined_weight": 10.1
        }
      ],
      "least_correlated": [
        {
          "t1": "BSV",
          "t2": "VGSH",
          "corr": 0.0238,
          "w1": 10.8,
          "w2": 13.0,
          "combined_weight": 23.8
        },
        {
          "t1": "BSV",
          "t2": "STIP",
          "corr": 0.0238,
          "w1": 10.8,
          "w2": 13.0,
          "combined_weight": 23.8
        },
        {
          "t1": "CLTL",
          "t2": "VGSH",
          "corr": 0.0238,
          "w1": 7.8,
          "w2": 13.0,
          "combined_weight": 20.8
        },
        {
          "t1": "CLTL",
          "t2": "STIP",
          "corr": 0.0238,
          "w1": 7.8,
          "w2": 13.0,
          "combined_weight": 20.8
        },
        {
          "t1": "VGSH",
          "t2": "STIP",
          "corr": 0.0238,
          "w1": 13.0,
          "w2": 13.0,
          "combined_weight": 26.0
        }
      ],
      "high_corr_high_weight": []
    }
  },
  "all_pairs_top_30": [
    {
      "t1": "SOXX",
      "t2": "VRT",
      "corr_hybrid": 0.7154,
      "corr_structured": null,
      "cat1": "ETF",
      "cat2": "Act",
      "exp1": "semiconductor",
      "exp2": null,
      "fam1": "sector_tech",
      "fam2": null
    },
    {
      "t1": "PICK",
      "t2": "XCEM",
      "corr_hybrid": 0.7036,
      "corr_structured": 0.2,
      "cat1": "ETF",
      "cat2": "ETF",
      "exp1": "metals_mining",
      "exp2": "emerging_markets",
      "fam1": null,
      "fam2": "em_equity"
    },
    {
      "t1": "FLKR",
      "t2": "XCEM",
      "corr_hybrid": 0.6997,
      "corr_structured": 0.9,
      "cat1": "ETF",
      "cat2": "ETF",
      "exp1": "south_korea",
      "exp2": "emerging_markets",
      "fam1": "em_equity",
      "fam2": "em_equity"
    },
    {
      "t1": "PICK",
      "t2": "REMX",
      "corr_hybrid": 0.6911,
      "corr_structured": 0.2,
      "cat1": "ETF",
      "cat2": "ETF",
      "exp1": "metals_mining",
      "exp2": "rare_earth",
      "fam1": null,
      "fam2": null
    },
    {
      "t1": "NVDA",
      "t2": "VRT",
      "corr_hybrid": 0.6862,
      "corr_structured": null,
      "cat1": "Act",
      "cat2": "Act",
      "exp1": null,
      "exp2": null,
      "fam1": null,
      "fam2": null
    },
    {
      "t1": "FNDF",
      "t2": "XCEM",
      "corr_hybrid": 0.6813,
      "corr_structured": 0.62,
      "cat1": "ETF",
      "cat2": "ETF",
      "exp1": "international",
      "exp2": "emerging_markets",
      "fam1": "intl_equity",
      "fam2": "em_equity"
    },
    {
      "t1": "SOXX",
      "t2": "XCEM",
      "corr_hybrid": 0.6757,
      "corr_structured": 0.2,
      "cat1": "ETF",
      "cat2": "ETF",
      "exp1": "semiconductor",
      "exp2": "emerging_markets",
      "fam1": "sector_tech",
      "fam2": "em_equity"
    },
    {
      "t1": "FNDF",
      "t2": "PICK",
      "corr_hybrid": 0.6715,
      "corr_structured": 0.2,
      "cat1": "ETF",
      "cat2": "ETF",
      "exp1": "international",
      "exp2": "metals_mining",
      "fam1": "intl_equity",
      "fam2": null
    },
    {
      "t1": "CDE",
      "t2": "GLD",
      "corr_hybrid": 0.6623,
      "corr_structured": null,
      "cat1": "Act",
      "cat2": "ETF",
      "exp1": null,
      "exp2": "gold_physical",
      "fam1": null,
      "fam2": "gold"
    },
    {
      "t1": "FLKR",
      "t2": "SOXX",
      "corr_hybrid": 0.6567,
      "corr_structured": 0.2,
      "cat1": "ETF",
      "cat2": "ETF",
      "exp1": "south_korea",
      "exp2": "semiconductor",
      "fam1": "em_equity",
      "fam2": "sector_tech"
    },
    {
      "t1": "CF",
      "t2": "EOG",
      "corr_hybrid": 0.6489,
      "corr_structured": null,
      "cat1": "Act",
      "cat2": "Act",
      "exp1": null,
      "exp2": null,
      "fam1": null,
      "fam2": null
    },
    {
      "t1": "FLKR",
      "t2": "PICK",
      "corr_hybrid": 0.6476,
      "corr_structured": 0.2,
      "cat1": "ETF",
      "cat2": "ETF",
      "exp1": "south_korea",
      "exp2": "metals_mining",
      "fam1": "em_equity",
      "fam2": null
    },
    {
      "t1": "FLKR",
      "t2": "FNDF",
      "corr_hybrid": 0.6152,
      "corr_structured": 0.62,
      "cat1": "ETF",
      "cat2": "ETF",
      "exp1": "south_korea",
      "exp2": "international",
      "fam1": "em_equity",
      "fam2": "intl_equity"
    },
    {
      "t1": "PICK",
      "t2": "SOXX",
      "corr_hybrid": 0.6063,
      "corr_structured": 0.2,
      "cat1": "ETF",
      "cat2": "ETF",
      "exp1": "metals_mining",
      "exp2": "semiconductor",
      "fam1": null,
      "fam2": "sector_tech"
    },
    {
      "t1": "FDVV",
      "t2": "XCEM",
      "corr_hybrid": 0.6048,
      "corr_structured": 0.2,
      "cat1": "ETF",
      "cat2": "ETF",
      "exp1": "dividend",
      "exp2": "emerging_markets",
      "fam1": "factor_dividend",
      "fam2": "em_equity"
    },
    {
      "t1": "FDVV",
      "t2": "FNDF",
      "corr_hybrid": 0.5936,
      "corr_structured": 0.2,
      "cat1": "ETF",
      "cat2": "ETF",
      "exp1": "dividend",
      "exp2": "international",
      "fam1": "factor_dividend",
      "fam2": "intl_equity"
    },
    {
      "t1": "EOG",
      "t2": "SHEL",
      "corr_hybrid": 0.58,
      "corr_structured": null,
      "cat1": "Act",
      "cat2": "Act",
      "exp1": null,
      "exp2": null,
      "fam1": null,
      "fam2": null
    },
    {
      "t1": "REMX",
      "t2": "XCEM",
      "corr_hybrid": 0.5772,
      "corr_structured": 0.2,
      "cat1": "ETF",
      "cat2": "ETF",
      "exp1": "rare_earth",
      "exp2": "emerging_markets",
      "fam1": null,
      "fam2": "em_equity"
    },
    {
      "t1": "CDE",
      "t2": "PICK",
      "corr_hybrid": 0.5673,
      "corr_structured": null,
      "cat1": "Act",
      "cat2": "ETF",
      "exp1": null,
      "exp2": "metals_mining",
      "fam1": null,
      "fam2": null
    },
    {
      "t1": "NVDA",
      "t2": "SOXX",
      "corr_hybrid": 0.5672,
      "corr_structured": null,
      "cat1": "Act",
      "cat2": "ETF",
      "exp1": null,
      "exp2": "semiconductor",
      "fam1": null,
      "fam2": "sector_tech"
    },
    {
      "t1": "FDVV",
      "t2": "PICK",
      "corr_hybrid": 0.5666,
      "corr_structured": 0.2,
      "cat1": "ETF",
      "cat2": "ETF",
      "exp1": "dividend",
      "exp2": "metals_mining",
      "fam1": "factor_dividend",
      "fam2": null
    },
    {
      "t1": "FNDF",
      "t2": "SPYV",
      "corr_hybrid": 0.5654,
      "corr_structured": 0.2,
      "cat1": "ETF",
      "cat2": "ETF",
      "exp1": "international",
      "exp2": "sp500_value",
      "fam1": "intl_equity",
      "fam2": "factor_value"
    },
    {
      "t1": "FNDF",
      "t2": "REMX",
      "corr_hybrid": 0.565,
      "corr_structured": 0.2,
      "cat1": "ETF",
      "cat2": "ETF",
      "exp1": "international",
      "exp2": "rare_earth",
      "fam1": "intl_equity",
      "fam2": null
    },
    {
      "t1": "FNDF",
      "t2": "SOXX",
      "corr_hybrid": 0.562,
      "corr_structured": 0.2,
      "cat1": "ETF",
      "cat2": "ETF",
      "exp1": "international",
      "exp2": "semiconductor",
      "fam1": "intl_equity",
      "fam2": "sector_tech"
    },
    {
      "t1": "SPYV",
      "t2": "XCEM",
      "corr_hybrid": 0.5554,
      "corr_structured": 0.2,
      "cat1": "ETF",
      "cat2": "ETF",
      "exp1": "sp500_value",
      "exp2": "emerging_markets",
      "fam1": "factor_value",
      "fam2": "em_equity"
    },
    {
      "t1": "BKR",
      "t2": "OIH",
      "corr_hybrid": 0.5535,
      "corr_structured": null,
      "cat1": "Act",
      "cat2": "ETF",
      "exp1": null,
      "exp2": "energy",
      "fam1": null,
      "fam2": "sector_energy"
    },
    {
      "t1": "FLKR",
      "t2": "REMX",
      "corr_hybrid": 0.5437,
      "corr_structured": 0.2,
      "cat1": "ETF",
      "cat2": "ETF",
      "exp1": "south_korea",
      "exp2": "rare_earth",
      "fam1": "em_equity",
      "fam2": null
    },
    {
      "t1": "FDVV",
      "t2": "FLKR",
      "corr_hybrid": 0.5384,
      "corr_structured": 0.2,
      "cat1": "ETF",
      "cat2": "ETF",
      "exp1": "dividend",
      "exp2": "south_korea",
      "fam1": "factor_dividend",
      "fam2": "em_equity"
    },
    {
      "t1": "FDVV",
      "t2": "SPYV",
      "corr_hybrid": 0.5287,
      "corr_structured": 0.8,
      "cat1": "ETF",
      "cat2": "ETF",
      "exp1": "dividend",
      "exp2": "sp500_value",
      "fam1": "factor_dividend",
      "fam2": "factor_value"
    },
    {
      "t1": "PICK",
      "t2": "SPYV",
      "corr_hybrid": 0.5269,
      "corr_structured": 0.2,
      "cat1": "ETF",
      "cat2": "ETF",
      "exp1": "metals_mining",
      "exp2": "sp500_value",
      "fam1": null,
      "fam2": "factor_value"
    }
  ],
  "all_pairs_bottom_10": [
    {
      "t1": "BSV",
      "t2": "CF",
      "corr_hybrid": -0.0021,
      "corr_structured": null,
      "cat1": "Obl",
      "cat2": "Act",
      "exp1": "bonds_short",
      "exp2": null,
      "fam1": "bonds_short",
      "fam2": null
    },
    {
      "t1": "CF",
      "t2": "CLTL",
      "corr_hybrid": -0.0021,
      "corr_structured": null,
      "cat1": "Act",
      "cat2": "Obl",
      "exp1": null,
      "exp2": "bonds_tbill",
      "fam1": null,
      "fam2": "bonds_short"
    },
    {
      "t1": "CF",
      "t2": "GBIL",
      "corr_hybrid": -0.0021,
      "corr_structured": null,
      "cat1": "Act",
      "cat2": "Obl",
      "exp1": null,
      "exp2": "bonds_tbill",
      "fam1": null,
      "fam2": "bonds_short"
    },
    {
      "t1": "CF",
      "t2": "PAAA",
      "corr_hybrid": -0.0021,
      "corr_structured": null,
      "cat1": "Act",
      "cat2": "Obl",
      "exp1": null,
      "exp2": "bonds_clo_aaa",
      "fam1": null,
      "fam2": "bonds_short"
    },
    {
      "t1": "CF",
      "t2": "SGOV",
      "corr_hybrid": -0.0021,
      "corr_structured": null,
      "cat1": "Act",
      "cat2": "Obl",
      "exp1": null,
      "exp2": "bonds_tbill",
      "fam1": null,
      "fam2": "bonds_short"
    },
    {
      "t1": "CF",
      "t2": "STIP",
      "corr_hybrid": -0.0021,
      "corr_structured": null,
      "cat1": "Act",
      "cat2": "Obl",
      "exp1": null,
      "exp2": "bonds_tips",
      "fam1": null,
      "fam2": "bonds_gov"
    },
    {
      "t1": "CF",
      "t2": "USFR",
      "corr_hybrid": -0.0021,
      "corr_structured": null,
      "cat1": "Act",
      "cat2": "Obl",
      "exp1": null,
      "exp2": "us_equity",
      "fam1": null,
      "fam2": "us_equity_large"
    },
    {
      "t1": "CF",
      "t2": "VGSH",
      "corr_hybrid": -0.0021,
      "corr_structured": null,
      "cat1": "Act",
      "cat2": "Obl",
      "exp1": null,
      "exp2": "bonds_short_treasury",
      "fam1": null,
      "fam2": "bonds_short"
    },
    {
      "t1": "CDE",
      "t2": "ITX",
      "corr_hybrid": -0.0019,
      "corr_structured": null,
      "cat1": "Act",
      "cat2": "Act",
      "exp1": null,
      "exp2": null,
      "fam1": null,
      "fam2": null
    },
    {
      "t1": "NVDA",
      "t2": "SPLV",
      "corr_hybrid": 0.0005,
      "corr_structured": null,
      "cat1": "Act",
      "cat2": "ETF",
      "exp1": null,
      "exp2": "sp500",
      "fam1": null,
      "fam2": "us_equity_large"
    }
  ],
  "correlation_matrix": {
    "tickers": [
      "000660",
      "2059",
      "2912",
      "5274",
      "ACWV",
      "BKR",
      "BSV",
      "CDE",
      "CF",
      "CLTL",
      "EOG",
      "FDVV",
      "FLKR",
      "FNDF",
      "GBIL",
      "GD",
      "GLD",
      "ITX",
      "LI",
      "NOVN",
      "NVDA",
      "OIH",
      "PAAA",
      "PG",
      "PICK",
      "REMX",
      "SCHD",
      "SGOV",
      "SHEL",
      "SOXX",
      "SPLV",
      "SPYV",
      "STIP",
      "SUNPHARMA",
      "USFR",
      "VGSH",
      "VICI",
      "VRT",
      "XBI",
      "XCEM",
      "XLV"
    ],
    "matrix": [
      [
        1.0,
        0.5056,
        0.5056,
        0.5056,
        0.3128,
        0.2946,
        0.068,
        0.1369,
        0.2553,
        0.068,
        0.3266,
        0.3001,
        0.0936,
        0.2545,
        0.068,
        0.3725,
        0.0915,
        0.3559,
        0.274,
        0.3522,
        0.213,
        0.212,
        0.068,
        0.3586,
        0.1698,
        0.0807,
        0.3111,
        0.068,
        0.3707,
        0.126,
        0.2921,
        0.3053,
        0.068,
        0.5056,
        0.068,
        0.068,
        0.4239,
        0.1905,
        0.1608,
        0.1758,
        0.2387
      ],
      [
        0.5056,
        1.0,
        0.5056,
        0.5056,
        0.3128,
        0.2946,
        0.068,
        0.1369,
        0.2553,
        0.068,
        0.3266,
        0.3001,
        0.0936,
        0.2545,
        0.068,
        0.3725,
        0.0915,
        0.3559,
        0.274,
        0.3522,
        0.213,
        0.212,
        0.068,
        0.3586,
        0.1698,
        0.0807,
        0.3111,
        0.068,
        0.3707,
        0.126,
        0.2921,
        0.3053,
        0.068,
        0.5056,
        0.068,
        0.068,
        0.4239,
        0.1905,
        0.1608,
        0.1758,
        0.2387
      ],
      [
        0.5056,
        0.5056,
        1.0,
        0.5056,
        0.3128,
        0.2946,
        0.068,
        0.1369,
        0.2553,
        0.068,
        0.3266,
        0.3001,
        0.0936,
        0.2545,
        0.068,
        0.3725,
        0.0915,
        0.3559,
        0.274,
        0.3522,
        0.213,
        0.212,
        0.068,
        0.3586,
        0.1698,
        0.0807,
        0.3111,
        0.068,
        0.3707,
        0.126,
        0.2921,
        0.3053,
        0.068,
        0.5056,
        0.068,
        0.068,
        0.4239,
        0.1905,
        0.1608,
        0.1758,
        0.2387
      ],
      [
        0.5056,
        0.5056,
        0.5056,
        1.0,
        0.3128,
        0.2946,
        0.068,
        0.1369,
        0.2553,
        0.068,
        0.3266,
        0.3001,
        0.0936,
        0.2545,
        0.068,
        0.3725,
        0.0915,
        0.3559,
        0.274,
        0.3522,
        0.213,
        0.212,
        0.068,
        0.3586,
        0.1698,
        0.0807,
        0.3111,
        0.068,
        0.3707,
        0.126,
        0.2921,
        0.3053,
        0.068,
        0.5056,
        0.068,
        0.068,
        0.4239,
        0.1905,
        0.1608,
        0.1758,
        0.2387
      ],
      [
        0.3128,
        0.3128,
        0.3128,
        0.3128,
        1.0,
        0.2552,
        0.098,
        0.1601,
        -0.1368,
        0.098,
        0.0828,
        0.4443,
        0.3464,
        0.4692,
        0.098,
        0.3321,
        0.1586,
        0.2852,
        0.2292,
        0.2534,
        0.1486,
        0.2293,
        0.098,
        0.3897,
        0.4032,
        0.3175,
        0.4031,
        0.098,
        0.193,
        0.2398,
        0.3944,
        0.449,
        0.098,
        0.3128,
        0.098,
        0.098,
        0.3683,
        0.0677,
        0.35,
        0.4276,
        0.4227
      ],
      [
        0.2946,
        0.2946,
        0.2946,
        0.2946,
        0.2552,
        1.0,
        0.083,
        0.1063,
        0.3066,
        0.083,
        0.4579,
        0.3738,
        0.3178,
        0.3914,
        0.083,
        0.3117,
        0.1348,
        0.0212,
        0.1466,
        0.1258,
        0.2406,
        0.5535,
        0.083,
        0.0785,
        0.3983,
        0.3726,
        0.4076,
        0.083,
        0.484,
        0.3534,
        0.1825,
        0.377,
        0.083,
        0.2946,
        0.083,
        0.083,
        0.1923,
        0.2618,
        0.2123,
        0.3408,
        0.23
      ],
      [
        0.068,
        0.068,
        0.068,
        0.068,
        0.098,
        0.083,
        1.0,
        0.0142,
        -0.0021,
        0.0238,
        0.0512,
        0.1025,
        0.0829,
        0.1082,
        0.0238,
        0.0779,
        0.0255,
        0.0456,
        0.0402,
        0.0477,
        0.0368,
        0.0857,
        0.0238,
        0.0688,
        0.0942,
        0.0809,
        0.1035,
        0.0238,
        0.0686,
        0.0636,
        0.0823,
        0.1052,
        0.0238,
        0.068,
        0.0238,
        0.0238,
        0.0732,
        0.0203,
        0.0748,
        0.0964,
        0.0924
      ],
      [
        0.1369,
        0.1369,
        0.1369,
        0.1369,
        0.1601,
        0.1063,
        0.0142,
        1.0,
        -0.0421,
        0.0142,
        -0.0688,
        0.2477,
        0.2948,
        0.3434,
        0.0142,
        0.1389,
        0.6623,
        -0.0019,
        0.3059,
        0.0413,
        0.1472,
        0.116,
        0.0142,
        0.0939,
        0.5673,
        0.4914,
        0.0666,
        0.0142,
        0.1089,
        0.3093,
        0.0596,
        0.1923,
        0.0142,
        0.1369,
        0.0142,
        0.0142,
        0.1101,
        0.2713,
        0.2126,
        0.3665,
        0.054
      ],
      [
        0.2553,
        0.2553,
        0.2553,
        0.2553,
        -0.1368,
        0.3066,
        -0.0021,
        -0.0421,
        1.0,
        -0.0021,
        0.6489,
        -0.1358,
        -0.3072,
        -0.1899,
        -0.0021,
        0.1766,
        -0.0126,
        -0.0156,
        -0.0702,
        0.0543,
        -0.0819,
        0.3277,
        -0.0021,
        -0.0814,
        -0.1592,
        -0.0819,
        0.1018,
        -0.0021,
        0.5169,
        -0.1881,
        -0.0492,
        -0.0969,
        -0.0021,
        0.2553,
        -0.0021,
        -0.0021,
        0.1062,
        -0.06,
        -0.2538,
        -0.3232,
        -0.1854
      ],
      [
        0.068,
        0.068,
        0.068,
        0.068,
        0.098,
        0.083,
        0.0238,
        0.0142,
        -0.0021,
        1.0,
        0.0512,
        0.1025,
        0.0829,
        0.1082,
        0.0238,
        0.0779,
        0.0255,
        0.0456,
        0.0402,
        0.0477,
        0.0368,
        0.0857,
        0.0238,
        0.0688,
        0.0942,
        0.0809,
        0.1035,
        0.0238,
        0.0686,
        0.0636,
        0.0823,
        0.1052,
        0.0238,
        0.068,
        0.0238,
        0.0238,
        0.0732,
        0.0203,
        0.0748,
        0.0964,
        0.0924
      ],
      [
        0.3266,
        0.3266,
        0.3266,
        0.3266,
        0.0828,
        0.4579,
        0.0512,
        -0.0688,
        0.6489,
        0.0512,
        1.0,
        0.1182,
        -0.0416,
        0.0867,
        0.0512,
        0.2953,
        0.0054,
        0.0398,
        0.0088,
        0.1204,
        0.0404,
        0.496,
        0.0512,
        0.0333,
        0.0769,
        0.1173,
        0.3145,
        0.0512,
        0.58,
        0.0252,
        0.1119,
        0.1552,
        0.0512,
        0.3266,
        0.0512,
        0.0512,
        0.2028,
        0.0304,
        -0.0423,
        -0.038,
        0.0456
      ],
      [
        0.3001,
        0.3001,
        0.3001,
        0.3001,
        0.4443,
        0.3738,
        0.1025,
        0.2477,
        -0.1358,
        0.1025,
        0.1182,
        1.0,
        0.5384,
        0.5936,
        0.1025,
        0.3172,
        0.2142,
        0.159,
        0.3,
        0.2112,
        0.3575,
        0.3802,
        0.1025,
        0.261,
        0.5666,
        0.4563,
        0.4236,
        0.1025,
        0.255,
        0.5076,
        0.308,
        0.5287,
        0.1025,
        0.3001,
        0.1025,
        0.1025,
        0.2705,
        0.3637,
        0.4276,
        0.6048,
        0.417
      ],
      [
        0.0936,
        0.0936,
        0.0936,
        0.0936,
        0.3464,
        0.3178,
        0.0829,
        0.2948,
        -0.3072,
        0.0829,
        -0.0416,
        0.5384,
        1.0,
        0.6152,
        0.0829,
        0.1667,
        0.244,
        -0.0415,
        0.2641,
        0.0572,
        0.4207,
        0.3724,
        0.0829,
        0.0702,
        0.6476,
        0.5437,
        0.323,
        0.0829,
        0.1162,
        0.6567,
        0.1633,
        0.4898,
        0.0829,
        0.0936,
        0.0829,
        0.0829,
        0.0569,
        0.4886,
        0.4539,
        0.6997,
        0.3536
      ],
      [
        0.2545,
        0.2545,
        0.2545,
        0.2545,
        0.4692,
        0.3914,
        0.1082,
        0.3434,
        -0.1899,
        0.1082,
        0.0867,
        0.5936,
        0.6152,
        1.0,
        0.1082,
        0.3133,
        0.2939,
        0.1101,
        0.3006,
        0.1707,
        0.3488,
        0.4226,
        0.1082,
        0.2428,
        0.6715,
        0.565,
        0.4475,
        0.1082,
        0.2461,
        0.562,
        0.3149,
        0.5654,
        0.1082,
        0.2545,
        0.1082,
        0.1082,
        0.2452,
        0.3601,
        0.4728,
        0.6813,
        0.4417
      ],
      [
        0.068,
        0.068,
        0.068,
        0.068,
        0.098,
        0.083,
        0.0238,
        0.0142,
        -0.0021,
        0.0238,
        0.0512,
        0.1025,
        0.0829,
        0.1082,
        1.0,
        0.0779,
        0.0255,
        0.0456,
        0.0402,
        0.0477,
        0.0368,
        0.0857,
        0.0238,
        0.0688,
        0.0942,
        0.0809,
        0.1035,
        0.0238,
        0.0686,
        0.0636,
        0.0823,
        0.1052,
        0.0238,
        0.068,
        0.0238,
        0.0238,
        0.0732,
        0.0203,
        0.0748,
        0.0964,
        0.0924
      ],
      [
        0.3725,
        0.3725,
        0.3725,
        0.3725,
        0.3321,
        0.3117,
        0.0779,
        0.1389,
        0.1766,
        0.0779,
        0.2953,
        0.3172,
        0.1667,
        0.3133,
        0.0779,
        1.0,
        0.1333,
        0.2503,
        0.1856,
        0.2474,
        0.1106,
        0.2866,
        0.0779,
        0.3059,
        0.2675,
        0.216,
        0.3578,
        0.0779,
        0.343,
        0.1316,
        0.3067,
        0.332,
        0.0779,
        0.3725,
        0.0779,
        0.0779,
        0.3558,
        0.0585,
        0.1958,
        0.2328,
        0.2764
      ],
      [
        0.0915,
        0.0915,
        0.0915,
        0.0915,
        0.1586,
        0.1348,
        0.0255,
        0.6623,
        -0.0126,
        0.0255,
        0.0054,
        0.2142,
        0.244,
        0.2939,
        0.0255,
        0.1333,
        1.0,
        -0.0146,
        0.1855,
        0.0168,
        0.0656,
        0.1651,
        0.0255,
        0.0786,
        0.4526,
        0.4148,
        0.1219,
        0.0255,
        0.1265,
        0.2218,
        0.0889,
        0.1856,
        0.0255,
        0.0915,
        0.0255,
        0.0255,
        0.0958,
        0.1269,
        0.1773,
        0.2926,
        0.0882
      ],
      [
        0.3559,
        0.3559,
        0.3559,
        0.3559,
        0.2852,
        0.0212,
        0.0456,
        -0.0019,
        -0.0156,
        0.0456,
        0.0398,
        0.159,
        -0.0415,
        0.1101,
        0.0456,
        0.2503,
        -0.0146,
        1.0,
        0.1798,
        0.3198,
        0.0231,
        -0.0938,
        0.0456,
        0.4254,
        -0.019,
        -0.0956,
        0.1754,
        0.0456,
        0.0805,
        -0.1016,
        0.3099,
        0.1767,
        0.0456,
        0.3559,
        0.0456,
        0.0456,
        0.3965,
        -0.0756,
        0.1107,
        0.0411,
        0.2306
      ],
      [
        0.274,
        0.274,
        0.274,
        0.274,
        0.2292,
        0.1466,
        0.0402,
        0.3059,
        -0.0702,
        0.0402,
        0.0088,
        0.3,
        0.2641,
        0.3006,
        0.0402,
        0.1856,
        0.1855,
        0.1798,
        1.0,
        0.2055,
        0.3083,
        0.0913,
        0.0402,
        0.1979,
        0.2891,
        0.1775,
        0.1507,
        0.0402,
        0.1158,
        0.3105,
        0.1421,
        0.2642,
        0.0402,
        0.274,
        0.0402,
        0.0402,
        0.2028,
        0.3643,
        0.2287,
        0.3262,
        0.1826
      ],
      [
        0.3522,
        0.3522,
        0.3522,
        0.3522,
        0.2534,
        0.1258,
        0.0477,
        0.0413,
        0.0543,
        0.0477,
        0.1204,
        0.2112,
        0.0572,
        0.1707,
        0.0477,
        0.2474,
        0.0168,
        0.3198,
        0.2055,
        1.0,
        0.1416,
        0.0404,
        0.0477,
        0.3197,
        0.0733,
        -0.0068,
        0.1962,
        0.0477,
        0.1636,
        0.0539,
        0.2422,
        0.2148,
        0.0477,
        0.3522,
        0.0477,
        0.0477,
        0.3275,
        0.1005,
        0.1347,
        0.1249,
        0.2061
      ],
      [
        0.213,
        0.213,
        0.213,
        0.213,
        0.1486,
        0.2406,
        0.0368,
        0.1472,
        -0.0819,
        0.0368,
        0.0404,
        0.3575,
        0.4207,
        0.3488,
        0.0368,
        0.1106,
        0.0656,
        0.0231,
        0.3083,
        0.1416,
        1.0,
        0.2161,
        0.0368,
        0.0041,
        0.3223,
        0.1943,
        0.1311,
        0.0368,
        0.1349,
        0.5672,
        0.0005,
        0.2969,
        0.0368,
        0.213,
        0.0368,
        0.0368,
        0.0371,
        0.6862,
        0.264,
        0.4443,
        0.1481
      ],
      [
        0.212,
        0.212,
        0.212,
        0.212,
        0.2293,
        0.5535,
        0.0857,
        0.116,
        0.3277,
        0.0857,
        0.496,
        0.3802,
        0.3724,
        0.4226,
        0.0857,
        0.2866,
        0.1651,
        -0.0938,
        0.0913,
        0.0404,
        0.2161,
        1.0,
        0.0857,
        -0.0139,
        0.4693,
        0.4716,
        0.4316,
        0.0857,
        0.5148,
        0.3995,
        0.1464,
        0.3852,
        0.0857,
        0.212,
        0.0857,
        0.0857,
        0.1142,
        0.2463,
        0.2171,
        0.3759,
        0.2174
      ],
      [
        0.068,
        0.068,
        0.068,
        0.068,
        0.098,
        0.083,
        0.0238,
        0.0142,
        -0.0021,
        0.0238,
        0.0512,
        0.1025,
        0.0829,
        0.1082,
        0.0238,
        0.0779,
        0.0255,
        0.0456,
        0.0402,
        0.0477,
        0.0368,
        0.0857,
        1.0,
        0.0688,
        0.0942,
        0.0809,
        0.1035,
        0.0238,
        0.0686,
        0.0636,
        0.0823,
        0.1052,
        0.0238,
        0.068,
        0.0238,
        0.0238,
        0.0732,
        0.0203,
        0.0748,
        0.0964,
        0.0924
      ],
      [
        0.3586,
        0.3586,
        0.3586,
        0.3586,
        0.3897,
        0.0785,
        0.0688,
        0.0939,
        -0.0814,
        0.0688,
        0.0333,
        0.261,
        0.0702,
        0.2428,
        0.0688,
        0.3059,
        0.0786,
        0.4254,
        0.1979,
        0.3197,
        0.0041,
        -0.0139,
        0.0688,
        1.0,
        0.1348,
        0.0562,
        0.2742,
        0.0688,
        0.1073,
        -0.0431,
        0.3952,
        0.2813,
        0.0688,
        0.3586,
        0.0688,
        0.0688,
        0.4413,
        -0.1176,
        0.2029,
        0.1653,
        0.329
      ],
      [
        0.1698,
        0.1698,
        0.1698,
        0.1698,
        0.4032,
        0.3983,
        0.0942,
        0.5673,
        -0.1592,
        0.0942,
        0.0769,
        0.5666,
        0.6476,
        0.6715,
        0.0942,
        0.2675,
        0.4526,
        -0.019,
        0.2891,
        0.0733,
        0.3223,
        0.4693,
        0.0942,
        0.1348,
        1.0,
        0.6911,
        0.4016,
        0.0942,
        0.2536,
        0.6063,
        0.2344,
        0.5269,
        0.0942,
        0.1698,
        0.0942,
        0.0942,
        0.1533,
        0.3808,
        0.4567,
        0.7036,
        0.3645
      ],
      [
        0.0807,
        0.0807,
        0.0807,
        0.0807,
        0.3175,
        0.3726,
        0.0809,
        0.4914,
        -0.0819,
        0.0809,
        0.1173,
        0.4563,
        0.5437,
        0.565,
        0.0809,
        0.216,
        0.4148,
        -0.0956,
        0.1775,
        -0.0068,
        0.1943,
        0.4716,
        0.0809,
        0.0562,
        0.6911,
        1.0,
        0.3617,
        0.0809,
        0.2518,
        0.4866,
        0.184,
        0.432,
        0.0809,
        0.0807,
        0.0809,
        0.0809,
        0.0861,
        0.2345,
        0.3643,
        0.5772,
        0.2895
      ],
      [
        0.3111,
        0.3111,
        0.3111,
        0.3111,
        0.4031,
        0.4076,
        0.1035,
        0.0666,
        0.1018,
        0.1035,
        0.3145,
        0.4236,
        0.323,
        0.4475,
        0.1035,
        0.3578,
        0.1219,
        0.1754,
        0.1507,
        0.1962,
        0.1311,
        0.4316,
        0.1035,
        0.2742,
        0.4016,
        0.3617,
        1.0,
        0.1035,
        0.3711,
        0.2487,
        0.3474,
        0.4424,
        0.1035,
        0.3111,
        0.1035,
        0.1035,
        0.3199,
        0.0608,
        0.2892,
        0.3763,
        0.3735
      ],
      [
        0.068,
        0.068,
        0.068,
        0.068,
        0.098,
        0.083,
        0.0238,
        0.0142,
        -0.0021,
        0.0238,
        0.0512,
        0.1025,
        0.0829,
        0.1082,
        0.0238,
        0.0779,
        0.0255,
        0.0456,
        0.0402,
        0.0477,
        0.0368,
        0.0857,
        0.0238,
        0.0688,
        0.0942,
        0.0809,
        0.1035,
        1.0,
        0.0686,
        0.0636,
        0.0823,
        0.1052,
        0.0238,
        0.068,
        0.0238,
        0.0238,
        0.0732,
        0.0203,
        0.0748,
        0.0964,
        0.0924
      ],
      [
        0.3707,
        0.3707,
        0.3707,
        0.3707,
        0.193,
        0.484,
        0.0686,
        0.1089,
        0.5169,
        0.0686,
        0.58,
        0.255,
        0.1162,
        0.2461,
        0.0686,
        0.343,
        0.1265,
        0.0805,
        0.1158,
        0.1636,
        0.1349,
        0.5148,
        0.0686,
        0.1073,
        0.2536,
        0.2518,
        0.3711,
        0.0686,
        1.0,
        0.1684,
        0.1762,
        0.2747,
        0.0686,
        0.3707,
        0.0686,
        0.0686,
        0.2548,
        0.1411,
        0.0854,
        0.1444,
        0.1416
      ],
      [
        0.126,
        0.126,
        0.126,
        0.126,
        0.2398,
        0.3534,
        0.0636,
        0.3093,
        -0.1881,
        0.0636,
        0.0252,
        0.5076,
        0.6567,
        0.562,
        0.0636,
        0.1316,
        0.2218,
        -0.1016,
        0.3105,
        0.0539,
        0.5672,
        0.3995,
        0.0636,
        -0.0431,
        0.6063,
        0.4866,
        0.2487,
        0.0636,
        0.1684,
        1.0,
        0.0377,
        0.4394,
        0.0636,
        0.126,
        0.0636,
        0.0636,
        -0.0145,
        0.7154,
        0.4034,
        0.6757,
        0.2477
      ],
      [
        0.2921,
        0.2921,
        0.2921,
        0.2921,
        0.3944,
        0.1825,
        0.0823,
        0.0596,
        -0.0492,
        0.0823,
        0.1119,
        0.308,
        0.1633,
        0.3149,
        0.0823,
        0.3067,
        0.0889,
        0.3099,
        0.1421,
        0.2422,
