{
  "_meta": {
    "generated": "2026-06-11T12:12:40",
    "portfolio_generated": "2026-06-11T12:09:49.212858",
    "n_assets": 16,
    "n_with_returns": 10,
    "covariance_method": "hybrid_shrunk",
    "condition_number": 86.6,
    "pca_factors": 4
  },
  "profiles": {
    "Agressif": {
      "n_assets": 9,
      "weighted_avg_correlation": 0.2197,
      "most_correlated": [
        {
          "t1": "VWCE.DE",
          "t2": "IWDA.AS",
          "corr": 0.4008,
          "w1": 50.0,
          "w2": 15.0,
          "combined_weight": 65.0
        },
        {
          "t1": "VWCE.DE",
          "t2": "SGLN.AS",
          "corr": 0.4008,
          "w1": 50.0,
          "w2": 5.0,
          "combined_weight": 55.0
        },
        {
          "t1": "IWDA.AS",
          "t2": "SGLN.AS",
          "corr": 0.4008,
          "w1": 15.0,
          "w2": 5.0,
          "combined_weight": 20.0
        },
        {
          "t1": "EXPD",
          "t2": "ITX",
          "corr": 0.3129,
          "w1": 5.0,
          "w2": 5.0,
          "combined_weight": 10.0
        },
        {
          "t1": "EXPD",
          "t2": "CF",
          "corr": 0.2097,
          "w1": 5.0,
          "w2": 5.0,
          "combined_weight": 10.0
        },
        {
          "t1": "EXPD",
          "t2": "DECK",
          "corr": 0.2026,
          "w1": 5.0,
          "w2": 5.0,
          "combined_weight": 10.0
        },
        {
          "t1": "VWCE.DE",
          "t2": "ITX",
          "corr": 0.1947,
          "w1": 50.0,
          "w2": 5.0,
          "combined_weight": 55.0
        },
        {
          "t1": "IWDA.AS",
          "t2": "ITX",
          "corr": 0.1947,
          "w1": 15.0,
          "w2": 5.0,
          "combined_weight": 20.0
        },
        {
          "t1": "ITX",
          "t2": "SGLN.AS",
          "corr": 0.1947,
          "w1": 5.0,
          "w2": 5.0,
          "combined_weight": 10.0
        },
        {
          "t1": "VWCE.DE",
          "t2": "CF",
          "corr": 0.1875,
          "w1": 50.0,
          "w2": 5.0,
          "combined_weight": 55.0
        }
      ],
      "least_correlated": [
        {
          "t1": "EXPD",
          "t2": "IBGS.AS",
          "corr": 0.0389,
          "w1": 5.0,
          "w2": 5.0,
          "combined_weight": 10.0
        },
        {
          "t1": "IBGS.AS",
          "t2": "DECK",
          "corr": 0.0362,
          "w1": 5.0,
          "w2": 5.0,
          "combined_weight": 10.0
        },
        {
          "t1": "LOGN",
          "t2": "IBGS.AS",
          "corr": 0.028,
          "w1": 5.0,
          "w2": 5.0,
          "combined_weight": 10.0
        },
        {
          "t1": "CF",
          "t2": "ITX",
          "corr": 0.0006,
          "w1": 5.0,
          "w2": 5.0,
          "combined_weight": 10.0
        },
        {
          "t1": "CF",
          "t2": "DECK",
          "corr": -0.1617,
          "w1": 5.0,
          "w2": 5.0,
          "combined_weight": 10.0
        }
      ],
      "high_corr_high_weight": []
    },
    "Mod\u00e9r\u00e9": {
      "n_assets": 9,
      "weighted_avg_correlation": 0.1271,
      "most_correlated": [
        {
          "t1": "VWCE.DE",
          "t2": "SGLN.AS",
          "corr": 0.4008,
          "w1": 50.0,
          "w2": 5.0,
          "combined_weight": 55.0
        },
        {
          "t1": "EXPD",
          "t2": "CF",
          "corr": 0.2097,
          "w1": 5.0,
          "w2": 5.0,
          "combined_weight": 10.0
        },
        {
          "t1": "VWCE.DE",
          "t2": "NOVN",
          "corr": 0.2093,
          "w1": 50.0,
          "w2": 5.0,
          "combined_weight": 55.0
        },
        {
          "t1": "NOVN",
          "t2": "SGLN.AS",
          "corr": 0.2093,
          "w1": 5.0,
          "w2": 5.0,
          "combined_weight": 10.0
        },
        {
          "t1": "EXPD",
          "t2": "DECK",
          "corr": 0.2026,
          "w1": 5.0,
          "w2": 5.0,
          "combined_weight": 10.0
        },
        {
          "t1": "VWCE.DE",
          "t2": "CF",
          "corr": 0.1875,
          "w1": 50.0,
          "w2": 5.0,
          "combined_weight": 55.0
        },
        {
          "t1": "CF",
          "t2": "SGLN.AS",
          "corr": 0.1875,
          "w1": 5.0,
          "w2": 5.0,
          "combined_weight": 10.0
        },
        {
          "t1": "VWCE.DE",
          "t2": "EXPD",
          "corr": 0.1689,
          "w1": 50.0,
          "w2": 5.0,
          "combined_weight": 55.0
        },
        {
          "t1": "EXPD",
          "t2": "SGLN.AS",
          "corr": 0.1689,
          "w1": 5.0,
          "w2": 5.0,
          "combined_weight": 10.0
        },
        {
          "t1": "VWCE.DE",
          "t2": "DECK",
          "corr": 0.1537,
          "w1": 50.0,
          "w2": 5.0,
          "combined_weight": 55.0
        }
      ],
      "least_correlated": [
        {
          "t1": "AGGH.AS",
          "t2": "IBCI.AS",
          "corr": 0.0188,
          "w1": 15.0,
          "w2": 5.0,
          "combined_weight": 20.0
        },
        {
          "t1": "AGGH.AS",
          "t2": "IBGS.AS",
          "corr": 0.0188,
          "w1": 15.0,
          "w2": 5.0,
          "combined_weight": 20.0
        },
        {
          "t1": "IBCI.AS",
          "t2": "IBGS.AS",
          "corr": 0.0188,
          "w1": 5.0,
          "w2": 5.0,
          "combined_weight": 10.0
        },
        {
          "t1": "NOVN",
          "t2": "DECK",
          "corr": -0.0243,
          "w1": 5.0,
          "w2": 5.0,
          "combined_weight": 10.0
        },
        {
          "t1": "CF",
          "t2": "DECK",
          "corr": -0.1617,
          "w1": 5.0,
          "w2": 5.0,
          "combined_weight": 10.0
        }
      ],
      "high_corr_high_weight": []
    },
    "Stable": {
      "n_assets": 9,
      "weighted_avg_correlation": 0.0916,
      "most_correlated": [
        {
          "t1": "BVI",
          "t2": "PUB",
          "corr": 0.5297,
          "w1": 2.5,
          "w2": 2.5,
          "combined_weight": 5.0
        },
        {
          "t1": "VWCE.DE",
          "t2": "PUB",
          "corr": 0.4305,
          "w1": 20.0,
          "w2": 2.5,
          "combined_weight": 22.5
        },
        {
          "t1": "SGLN.AS",
          "t2": "PUB",
          "corr": 0.4305,
          "w1": 10.0,
          "w2": 2.5,
          "combined_weight": 12.5
        },
        {
          "t1": "VWCE.DE",
          "t2": "SGLN.AS",
          "corr": 0.4008,
          "w1": 20.0,
          "w2": 10.0,
          "combined_weight": 30.0
        },
        {
          "t1": "VWCE.DE",
          "t2": "BVI",
          "corr": 0.3589,
          "w1": 20.0,
          "w2": 2.5,
          "combined_weight": 22.5
        },
        {
          "t1": "SGLN.AS",
          "t2": "BVI",
          "corr": 0.3589,
          "w1": 10.0,
          "w2": 2.5,
          "combined_weight": 12.5
        },
        {
          "t1": "VWCE.DE",
          "t2": "NTGY",
          "corr": 0.1422,
          "w1": 20.0,
          "w2": 2.5,
          "combined_weight": 22.5
        },
        {
          "t1": "SGLN.AS",
          "t2": "NTGY",
          "corr": 0.1422,
          "w1": 10.0,
          "w2": 2.5,
          "combined_weight": 12.5
        },
        {
          "t1": "PUB",
          "t2": "NTGY",
          "corr": 0.1418,
          "w1": 2.5,
          "w2": 2.5,
          "combined_weight": 5.0
        },
        {
          "t1": "VWCE.DE",
          "t2": "ADM",
          "corr": 0.1277,
          "w1": 20.0,
          "w2": 2.5,
          "combined_weight": 22.5
        }
      ],
      "least_correlated": [
        {
          "t1": "AGGH.AS",
          "t2": "IBCI.AS",
          "corr": 0.0188,
          "w1": 25.0,
          "w2": 20.0,
          "combined_weight": 45.0
        },
        {
          "t1": "AGGH.AS",
          "t2": "IBGS.AS",
          "corr": 0.0188,
          "w1": 25.0,
          "w2": 15.0,
          "combined_weight": 40.0
        },
        {
          "t1": "IBCI.AS",
          "t2": "IBGS.AS",
          "corr": 0.0188,
          "w1": 20.0,
          "w2": 15.0,
          "combined_weight": 35.0
        },
        {
          "t1": "ADM",
          "t2": "PUB",
          "corr": 0.006,
          "w1": 2.5,
          "w2": 2.5,
          "combined_weight": 5.0
        },
        {
          "t1": "ADM",
          "t2": "BVI",
          "corr": -0.0169,
          "w1": 2.5,
          "w2": 2.5,
          "combined_weight": 5.0
        }
      ],
      "high_corr_high_weight": []
    }
  },
  "all_pairs_top_30": [
    {
      "t1": "BVI",
      "t2": "PUB",
      "corr_hybrid": 0.5297,
      "corr_structured": null,
      "cat1": "Act",
      "cat2": "Act",
      "exp1": null,
      "exp2": null,
      "fam1": null,
      "fam2": null
    },
    {
      "t1": "ADM",
      "t2": "CF",
      "corr_hybrid": 0.5186,
      "corr_structured": null,
      "cat1": "Act",
      "cat2": "Act",
      "exp1": null,
      "exp2": null,
      "fam1": null,
      "fam2": null
    },
    {
      "t1": "IWDA.AS",
      "t2": "PUB",
      "corr_hybrid": 0.4305,
      "corr_structured": null,
      "cat1": "ETF",
      "cat2": "Act",
      "exp1": null,
      "exp2": null,
      "fam1": null,
      "fam2": null
    },
    {
      "t1": "PUB",
      "t2": "SGLN.AS",
      "corr_hybrid": 0.4305,
      "corr_structured": null,
      "cat1": "Act",
      "cat2": "ETF",
      "exp1": null,
      "exp2": null,
      "fam1": null,
      "fam2": null
    },
    {
      "t1": "PUB",
      "t2": "VWCE.DE",
      "corr_hybrid": 0.4305,
      "corr_structured": null,
      "cat1": "Act",
      "cat2": "ETF",
      "exp1": null,
      "exp2": null,
      "fam1": null,
      "fam2": null
    },
    {
      "t1": "IWDA.AS",
      "t2": "SGLN.AS",
      "corr_hybrid": 0.4008,
      "corr_structured": null,
      "cat1": "ETF",
      "cat2": "ETF",
      "exp1": null,
      "exp2": null,
      "fam1": null,
      "fam2": null
    },
    {
      "t1": "IWDA.AS",
      "t2": "VWCE.DE",
      "corr_hybrid": 0.4008,
      "corr_structured": null,
      "cat1": "ETF",
      "cat2": "ETF",
      "exp1": null,
      "exp2": null,
      "fam1": null,
      "fam2": null
    },
    {
      "t1": "SGLN.AS",
      "t2": "VWCE.DE",
      "corr_hybrid": 0.4008,
      "corr_structured": null,
      "cat1": "ETF",
      "cat2": "ETF",
      "exp1": null,
      "exp2": null,
      "fam1": null,
      "fam2": null
    },
    {
      "t1": "BVI",
      "t2": "IWDA.AS",
      "corr_hybrid": 0.3589,
      "corr_structured": null,
      "cat1": "Act",
      "cat2": "ETF",
      "exp1": null,
      "exp2": null,
      "fam1": null,
      "fam2": null
    },
    {
      "t1": "BVI",
      "t2": "SGLN.AS",
      "corr_hybrid": 0.3589,
      "corr_structured": null,
      "cat1": "Act",
      "cat2": "ETF",
      "exp1": null,
      "exp2": null,
      "fam1": null,
      "fam2": null
    },
    {
      "t1": "BVI",
      "t2": "VWCE.DE",
      "corr_hybrid": 0.3589,
      "corr_structured": null,
      "cat1": "Act",
      "cat2": "ETF",
      "exp1": null,
      "exp2": null,
      "fam1": null,
      "fam2": null
    },
    {
      "t1": "EXPD",
      "t2": "ITX",
      "corr_hybrid": 0.3129,
      "corr_structured": null,
      "cat1": "Act",
      "cat2": "Act",
      "exp1": null,
      "exp2": null,
      "fam1": null,
      "fam2": null
    },
    {
      "t1": "NOVN",
      "t2": "PUB",
      "corr_hybrid": 0.265,
      "corr_structured": null,
      "cat1": "Act",
      "cat2": "Act",
      "exp1": null,
      "exp2": null,
      "fam1": null,
      "fam2": null
    },
    {
      "t1": "BVI",
      "t2": "NOVN",
      "corr_hybrid": 0.2363,
      "corr_structured": null,
      "cat1": "Act",
      "cat2": "Act",
      "exp1": null,
      "exp2": null,
      "fam1": null,
      "fam2": null
    },
    {
      "t1": "CF",
      "t2": "EXPD",
      "corr_hybrid": 0.2097,
      "corr_structured": null,
      "cat1": "Act",
      "cat2": "Act",
      "exp1": null,
      "exp2": null,
      "fam1": null,
      "fam2": null
    },
    {
      "t1": "IWDA.AS",
      "t2": "NOVN",
      "corr_hybrid": 0.2093,
      "corr_structured": null,
      "cat1": "ETF",
      "cat2": "Act",
      "exp1": null,
      "exp2": null,
      "fam1": null,
      "fam2": null
    },
    {
      "t1": "NOVN",
      "t2": "SGLN.AS",
      "corr_hybrid": 0.2093,
      "corr_structured": null,
      "cat1": "Act",
      "cat2": "ETF",
      "exp1": null,
      "exp2": null,
      "fam1": null,
      "fam2": null
    },
    {
      "t1": "NOVN",
      "t2": "VWCE.DE",
      "corr_hybrid": 0.2093,
      "corr_structured": null,
      "cat1": "Act",
      "cat2": "ETF",
      "exp1": null,
      "exp2": null,
      "fam1": null,
      "fam2": null
    },
    {
      "t1": "DECK",
      "t2": "EXPD",
      "corr_hybrid": 0.2026,
      "corr_structured": null,
      "cat1": "Act",
      "cat2": "Act",
      "exp1": null,
      "exp2": null,
      "fam1": null,
      "fam2": null
    },
    {
      "t1": "ITX",
      "t2": "IWDA.AS",
      "corr_hybrid": 0.1947,
      "corr_structured": null,
      "cat1": "Act",
      "cat2": "ETF",
      "exp1": null,
      "exp2": null,
      "fam1": null,
      "fam2": null
    },
    {
      "t1": "ITX",
      "t2": "SGLN.AS",
      "corr_hybrid": 0.1947,
      "corr_structured": null,
      "cat1": "Act",
      "cat2": "ETF",
      "exp1": null,
      "exp2": null,
      "fam1": null,
      "fam2": null
    },
    {
      "t1": "ITX",
      "t2": "VWCE.DE",
      "corr_hybrid": 0.1947,
      "corr_structured": null,
      "cat1": "Act",
      "cat2": "ETF",
      "exp1": null,
      "exp2": null,
      "fam1": null,
      "fam2": null
    },
    {
      "t1": "CF",
      "t2": "IWDA.AS",
      "corr_hybrid": 0.1875,
      "corr_structured": null,
      "cat1": "Act",
      "cat2": "ETF",
      "exp1": null,
      "exp2": null,
      "fam1": null,
      "fam2": null
    },
    {
      "t1": "CF",
      "t2": "SGLN.AS",
      "corr_hybrid": 0.1875,
      "corr_structured": null,
      "cat1": "Act",
      "cat2": "ETF",
      "exp1": null,
      "exp2": null,
      "fam1": null,
      "fam2": null
    },
    {
      "t1": "CF",
      "t2": "VWCE.DE",
      "corr_hybrid": 0.1875,
      "corr_structured": null,
      "cat1": "Act",
      "cat2": "ETF",
      "exp1": null,
      "exp2": null,
      "fam1": null,
      "fam2": null
    },
    {
      "t1": "ADM",
      "t2": "EXPD",
      "corr_hybrid": 0.1753,
      "corr_structured": null,
      "cat1": "Act",
      "cat2": "Act",
      "exp1": null,
      "exp2": null,
      "fam1": null,
      "fam2": null
    },
    {
      "t1": "EXPD",
      "t2": "IWDA.AS",
      "corr_hybrid": 0.1689,
      "corr_structured": null,
      "cat1": "Act",
      "cat2": "ETF",
      "exp1": null,
      "exp2": null,
      "fam1": null,
      "fam2": null
    },
    {
      "t1": "EXPD",
      "t2": "SGLN.AS",
      "corr_hybrid": 0.1689,
      "corr_structured": null,
      "cat1": "Act",
      "cat2": "ETF",
      "exp1": null,
      "exp2": null,
      "fam1": null,
      "fam2": null
    },
    {
      "t1": "EXPD",
      "t2": "VWCE.DE",
      "corr_hybrid": 0.1689,
      "corr_structured": null,
      "cat1": "Act",
      "cat2": "ETF",
      "exp1": null,
      "exp2": null,
      "fam1": null,
      "fam2": null
    },
    {
      "t1": "CF",
      "t2": "DECK",
      "corr_hybrid": -0.1617,
      "corr_structured": null,
      "cat1": "Act",
      "cat2": "Act",
      "exp1": null,
      "exp2": null,
      "fam1": null,
      "fam2": null
    }
  ],
  "all_pairs_bottom_10": [
    {
      "t1": "IBGS.AS",
      "t2": "LOGN",
      "corr_hybrid": 0.028,
      "corr_structured": null,
      "cat1": "Obl",
      "cat2": "Act",
      "exp1": null,
      "exp2": null,
      "fam1": null,
      "fam2": null
    },
    {
      "t1": "DECK",
      "t2": "NOVN",
      "corr_hybrid": -0.0243,
      "corr_structured": null,
      "cat1": "Act",
      "cat2": "Act",
      "exp1": null,
      "exp2": null,
      "fam1": null,
      "fam2": null
    },
    {
      "t1": "AGGH.AS",
      "t2": "IBCI.AS",
      "corr_hybrid": 0.0188,
      "corr_structured": null,
      "cat1": "Obl",
      "cat2": "Obl",
      "exp1": null,
      "exp2": null,
      "fam1": null,
      "fam2": null
    },
    {
      "t1": "AGGH.AS",
      "t2": "IBGS.AS",
      "corr_hybrid": 0.0188,
      "corr_structured": null,
      "cat1": "Obl",
      "cat2": "Obl",
      "exp1": null,
      "exp2": null,
      "fam1": null,
      "fam2": null
    },
    {
      "t1": "IBCI.AS",
      "t2": "IBGS.AS",
      "corr_hybrid": 0.0188,
      "corr_structured": null,
      "cat1": "Obl",
      "cat2": "Obl",
      "exp1": null,
      "exp2": null,
      "fam1": null,
      "fam2": null
    },
    {
      "t1": "ADM",
      "t2": "BVI",
      "corr_hybrid": -0.0169,
      "corr_structured": null,
      "cat1": "Act",
      "cat2": "Act",
      "exp1": null,
      "exp2": null,
      "fam1": null,
      "fam2": null
    },
    {
      "t1": "BVI",
      "t2": "EXPD",
      "corr_hybrid": 0.0081,
      "corr_structured": null,
      "cat1": "Act",
      "cat2": "Act",
      "exp1": null,
      "exp2": null,
      "fam1": null,
      "fam2": null
    },
    {
      "t1": "ADM",
      "t2": "PUB",
      "corr_hybrid": 0.006,
      "corr_structured": null,
      "cat1": "Act",
      "cat2": "Act",
      "exp1": null,
      "exp2": null,
      "fam1": null,
      "fam2": null
    },
    {
      "t1": "ITX",
      "t2": "NOVN",
      "corr_hybrid": -0.0022,
      "corr_structured": null,
      "cat1": "Act",
      "cat2": "Act",
      "exp1": null,
      "exp2": null,
      "fam1": null,
      "fam2": null
    },
    {
      "t1": "CF",
      "t2": "ITX",
      "corr_hybrid": 0.0006,
      "corr_structured": null,
      "cat1": "Act",
      "cat2": "Act",
      "exp1": null,
      "exp2": null,
      "fam1": null,
      "fam2": null
    }
  ],
  "correlation_matrix": {
    "tickers": [
      "ADM",
      "AGGH.AS",
      "BVI",
      "CF",
      "DECK",
      "EXPD",
      "IBCI.AS",
      "IBGS.AS",
      "ITX",
      "IWDA.AS",
      "LOGN",
      "NOVN",
      "NTGY",
      "PUB",
      "SGLN.AS",
      "VWCE.DE"
    ],
    "matrix": [
      [
        1.0,
        0.0307,
        -0.0169,
        0.5186,
        0.0768,
        0.1753,
        0.0307,
        0.0307,
        0.0677,
        0.1277,
        0.0582,
        0.0675,
        0.0478,
        0.006,
        0.1277,
        0.1277
      ],
      [
        0.0307,
        1.0,
        0.0749,
        0.0444,
        0.0362,
        0.0389,
        0.0188,
        0.0188,
        0.0447,
        0.0866,
        0.028,
        0.0446,
        0.0309,
        0.0906,
        0.0866,
        0.0866
      ],
      [
        -0.0169,
        0.0749,
        1.0,
        0.0392,
        -0.0619,
        0.0081,
        0.0749,
        0.0749,
        -0.0521,
        0.3589,
        0.1051,
        0.2363,
        0.116,
        0.5297,
        0.3589,
        0.3589
      ],
      [
        0.5186,
        0.0444,
        0.0392,
        1.0,
        -0.1617,
        0.2097,
        0.0444,
        0.0444,
        0.0006,
        0.1875,
        0.0852,
        0.1439,
        0.0641,
        0.0473,
        0.1875,
        0.1875
      ],
      [
        0.0768,
        0.0362,
        -0.0619,
        -0.1617,
        1.0,
        0.2026,
        0.0362,
        0.0362,
        0.0545,
        0.1537,
        0.0599,
        -0.0243,
        0.0631,
        0.055,
        0.1537,
        0.1537
      ],
      [
        0.1753,
        0.0389,
        0.0081,
        0.2097,
        0.2026,
        1.0,
        0.0389,
        0.0389,
        0.3129,
        0.1689,
        0.0629,
        0.0457,
        0.0708,
        0.0473,
        0.1689,
        0.1689
      ],
      [
        0.0307,
        0.0188,
        0.0749,
        0.0444,
        0.0362,
        0.0389,
        1.0,
        0.0188,
        0.0447,
        0.0866,
        0.028,
        0.0446,
        0.0309,
        0.0906,
        0.0866,
        0.0866
      ],
      [
        0.0307,
        0.0188,
        0.0749,
        0.0444,
        0.0362,
        0.0389,
        0.0188,
        1.0,
        0.0447,
        0.0866,
        0.028,
        0.0446,
        0.0309,
        0.0906,
        0.0866,
        0.0866
      ],
      [
        0.0677,
        0.0447,
        -0.0521,
        0.0006,
        0.0545,
        0.3129,
        0.0447,
        0.0447,
        1.0,
        0.1947,
        0.0632,
        -0.0022,
        0.1012,
        -0.0313,
        0.1947,
        0.1947
      ],
      [
        0.1277,
        0.0866,
        0.3589,
        0.1875,
        0.1537,
        0.1689,
        0.0866,
        0.0866,
        0.1947,
        1.0,
        0.1285,
        0.2093,
        0.1422,
        0.4305,
        0.4008,
        0.4008
      ],
      [
        0.0582,
        0.028,
        0.1051,
        0.0852,
        0.0599,
        0.0629,
        0.028,
        0.028,
        0.0632,
        0.1285,
        1.0,
        0.066,
        0.0458,
        0.1289,
        0.1285,
        0.1285
      ],
      [
        0.0675,
        0.0446,
        0.2363,
        0.1439,
        -0.0243,
        0.0457,
        0.0446,
        0.0446,
        -0.0022,
        0.2093,
        0.066,
        1.0,
        0.0694,
        0.265,
        0.2093,
        0.2093
      ],
      [
        0.0478,
        0.0309,
        0.116,
        0.0641,
        0.0631,
        0.0708,
        0.0309,
        0.0309,
        0.1012,
        0.1422,
        0.0458,
        0.0694,
        1.0,
        0.1418,
        0.1422,
        0.1422
      ],
      [
        0.006,
        0.0906,
        0.5297,
        0.0473,
        0.055,
        0.0473,
        0.0906,
        0.0906,
        -0.0313,
        0.4305,
        0.1289,
        0.265,
        0.1418,
        1.0,
        0.4305,
        0.4305
      ],
      [
        0.1277,
        0.0866,
        0.3589,
        0.1875,
        0.1537,
        0.1689,
        0.0866,
        0.0866,
        0.1947,
        0.4008,
        0.1285,
        0.2093,
        0.1422,
        0.4305,
        1.0,
        0.4008
      ],
      [
        0.1277,
        0.0866,
        0.3589,
        0.1875,
        0.1537,
        0.1689,
        0.0866,
        0.0866,
        0.1947,
        0.4008,
        0.1285,
        0.2093,
        0.1422,
        0.4305,
        0.4008,
        1.0
      ]
    ]
  }
}