{
  "_meta": {
    "generated": "2026-05-29T14:29:59",
    "portfolio_generated": "2026-05-29T14:26:02.178153",
    "n_assets": 42,
    "n_with_returns": 31,
    "covariance_method": "hybrid_shrunk",
    "condition_number": 286.5,
    "pca_factors": 5
  },
  "profiles": {
    "Agressif": {
      "n_assets": 16,
      "weighted_avg_correlation": 0.2829,
      "most_correlated": [
        {
          "t1": "XCEM",
          "t2": "SOXX",
          "corr": 0.7813,
          "w1": 9.0,
          "w2": 6.4,
          "combined_weight": 15.4
        },
        {
          "t1": "FLKR",
          "t2": "SOXX",
          "corr": 0.772,
          "w1": 4.3,
          "w2": 6.4,
          "combined_weight": 10.7
        },
        {
          "t1": "XLK",
          "t2": "SOXX",
          "corr": 0.7718,
          "w1": 5.0,
          "w2": 6.4,
          "combined_weight": 11.4
        },
        {
          "t1": "XCEM",
          "t2": "FLKR",
          "corr": 0.7651,
          "w1": 9.0,
          "w2": 4.3,
          "combined_weight": 13.3
        },
        {
          "t1": "XLK",
          "t2": "XCEM",
          "corr": 0.7455,
          "w1": 5.0,
          "w2": 9.0,
          "combined_weight": 14.0
        },
        {
          "t1": "XLK",
          "t2": "FLKR",
          "corr": 0.7378,
          "w1": 5.0,
          "w2": 4.3,
          "combined_weight": 9.2
        },
        {
          "t1": "PICK",
          "t2": "XCEM",
          "corr": 0.7275,
          "w1": 9.1,
          "w2": 9.0,
          "combined_weight": 18.1
        },
        {
          "t1": "PICK",
          "t2": "FLKR",
          "corr": 0.6793,
          "w1": 9.1,
          "w2": 4.3,
          "combined_weight": 13.4
        },
        {
          "t1": "PICK",
          "t2": "SOXX",
          "corr": 0.6732,
          "w1": 9.1,
          "w2": 6.4,
          "combined_weight": 15.6
        },
        {
          "t1": "ICLN",
          "t2": "SOXX",
          "corr": 0.6461,
          "w1": 4.9,
          "w2": 6.4,
          "combined_weight": 11.4
        }
      ],
      "least_correlated": [
        {
          "t1": "FLTR",
          "t2": "GLD",
          "corr": 0.0386,
          "w1": 5.6,
          "w2": 7.3,
          "combined_weight": 12.8
        },
        {
          "t1": "PAAA",
          "t2": "GLD",
          "corr": 0.0386,
          "w1": 5.6,
          "w2": 7.3,
          "combined_weight": 12.8
        },
        {
          "t1": "FSLR",
          "t2": "FLTR",
          "corr": 0.0287,
          "w1": 5.5,
          "w2": 5.6,
          "combined_weight": 11.1
        },
        {
          "t1": "FSLR",
          "t2": "PAAA",
          "corr": 0.0287,
          "w1": 5.5,
          "w2": 5.6,
          "combined_weight": 11.1
        },
        {
          "t1": "FLTR",
          "t2": "PAAA",
          "corr": 0.0213,
          "w1": 5.6,
          "w2": 5.6,
          "combined_weight": 11.2
        }
      ],
      "high_corr_high_weight": [
        {
          "t1": "XCEM",
          "t2": "SOXX",
          "corr": 0.7813,
          "w1": 9.0,
          "w2": 6.4,
          "combined_weight": 15.4
        },
        {
          "t1": "FLKR",
          "t2": "SOXX",
          "corr": 0.772,
          "w1": 4.3,
          "w2": 6.4,
          "combined_weight": 10.7
        },
        {
          "t1": "XLK",
          "t2": "SOXX",
          "corr": 0.7718,
          "w1": 5.0,
          "w2": 6.4,
          "combined_weight": 11.4
        },
        {
          "t1": "XCEM",
          "t2": "FLKR",
          "corr": 0.7651,
          "w1": 9.0,
          "w2": 4.3,
          "combined_weight": 13.3
        },
        {
          "t1": "XLK",
          "t2": "XCEM",
          "corr": 0.7455,
          "w1": 5.0,
          "w2": 9.0,
          "combined_weight": 14.0
        }
      ]
    },
    "Mod\u00e9r\u00e9": {
      "n_assets": 16,
      "weighted_avg_correlation": 0.1541,
      "most_correlated": [
        {
          "t1": "FNDF",
          "t2": "RIO",
          "corr": 0.6048,
          "w1": 9.0,
          "w2": 2.4,
          "combined_weight": 11.4
        },
        {
          "t1": "FNDF",
          "t2": "FNDX",
          "corr": 0.6036,
          "w1": 9.0,
          "w2": 8.2,
          "combined_weight": 17.2
        },
        {
          "t1": "FNDF",
          "t2": "DIVB",
          "corr": 0.5234,
          "w1": 9.0,
          "w2": 3.3,
          "combined_weight": 12.3
        },
        {
          "t1": "FNDX",
          "t2": "RIO",
          "corr": 0.5175,
          "w1": 8.2,
          "w2": 2.4,
          "combined_weight": 10.6
        },
        {
          "t1": "FNDX",
          "t2": "DIVB",
          "corr": 0.5068,
          "w1": 8.2,
          "w2": 3.3,
          "combined_weight": 11.5
        },
        {
          "t1": "DIVB",
          "t2": "RIO",
          "corr": 0.4635,
          "w1": 3.3,
          "w2": 2.4,
          "combined_weight": 5.8
        },
        {
          "t1": "SCHD",
          "t2": "FNDX",
          "corr": 0.4249,
          "w1": 9.0,
          "w2": 8.2,
          "combined_weight": 17.2
        },
        {
          "t1": "SCHD",
          "t2": "DIVB",
          "corr": 0.4121,
          "w1": 9.0,
          "w2": 3.3,
          "combined_weight": 12.4
        },
        {
          "t1": "SCHD",
          "t2": "FNDF",
          "corr": 0.3965,
          "w1": 9.0,
          "w2": 9.0,
          "combined_weight": 18.0
        },
        {
          "t1": "SCHD",
          "t2": "RIO",
          "corr": 0.3741,
          "w1": 9.0,
          "w2": 2.4,
          "combined_weight": 11.5
        }
      ],
      "least_correlated": [
        {
          "t1": "FNDF",
          "t2": "ITX",
          "corr": -0.0782,
          "w1": 9.0,
          "w2": 3.3,
          "combined_weight": 12.3
        },
        {
          "t1": "FNDX",
          "t2": "ITX",
          "corr": -0.0961,
          "w1": 8.2,
          "w2": 3.3,
          "combined_weight": 11.5
        },
        {
          "t1": "DIVB",
          "t2": "ITX",
          "corr": -0.1064,
          "w1": 3.3,
          "w2": 3.3,
          "combined_weight": 6.6
        },
        {
          "t1": "ITX",
          "t2": "XLV",
          "corr": -0.1145,
          "w1": 3.3,
          "w2": 3.0,
          "combined_weight": 6.3
        },
        {
          "t1": "SCHD",
          "t2": "ITX",
          "corr": -0.153,
          "w1": 9.0,
          "w2": 3.3,
          "combined_weight": 12.3
        }
      ],
      "high_corr_high_weight": []
    },
    "Stable": {
      "n_assets": 16,
      "weighted_avg_correlation": 0.1272,
      "most_correlated": [
        {
          "t1": "SCHP",
          "t2": "SUNPHARMA",
          "corr": 0.5876,
          "w1": 4.4,
          "w2": 4.5,
          "combined_weight": 8.9
        },
        {
          "t1": "SCHP",
          "t2": "VICI",
          "corr": 0.4486,
          "w1": 4.4,
          "w2": 6.3,
          "combined_weight": 10.7
        },
        {
          "t1": "SCHP",
          "t2": "KO",
          "corr": 0.4407,
          "w1": 4.4,
          "w2": 4.5,
          "combined_weight": 8.9
        },
        {
          "t1": "VICI",
          "t2": "SUNPHARMA",
          "corr": 0.4369,
          "w1": 6.3,
          "w2": 4.5,
          "combined_weight": 10.8
        },
        {
          "t1": "SUNPHARMA",
          "t2": "KO",
          "corr": 0.4173,
          "w1": 4.5,
          "w2": 4.5,
          "combined_weight": 9.0
        },
        {
          "t1": "ACWV",
          "t2": "SPYV",
          "corr": 0.4122,
          "w1": 4.4,
          "w2": 4.5,
          "combined_weight": 8.9
        },
        {
          "t1": "SCHP",
          "t2": "PG",
          "corr": 0.4042,
          "w1": 4.4,
          "w2": 4.4,
          "combined_weight": 8.8
        },
        {
          "t1": "CS",
          "t2": "GLD",
          "corr": 0.403,
          "w1": 4.5,
          "w2": 4.0,
          "combined_weight": 8.5
        },
        {
          "t1": "GD",
          "t2": "SUNPHARMA",
          "corr": 0.3995,
          "w1": 6.3,
          "w2": 4.5,
          "combined_weight": 10.8
        },
        {
          "t1": "SCHP",
          "t2": "GD",
          "corr": 0.397,
          "w1": 4.4,
          "w2": 6.3,
          "combined_weight": 10.7
        }
      ],
      "least_correlated": [
        {
          "t1": "VGSH",
          "t2": "BSV",
          "corr": 0.0213,
          "w1": 11.9,
          "w2": 8.0,
          "combined_weight": 19.9
        },
        {
          "t1": "VGSH",
          "t2": "STIP",
          "corr": 0.0213,
          "w1": 11.9,
          "w2": 13.0,
          "combined_weight": 24.9
        },
        {
          "t1": "CLTL",
          "t2": "BSV",
          "corr": 0.0213,
          "w1": 10.6,
          "w2": 8.0,
          "combined_weight": 18.6
        },
        {
          "t1": "CLTL",
          "t2": "STIP",
          "corr": 0.0213,
          "w1": 10.6,
          "w2": 13.0,
          "combined_weight": 23.6
        },
        {
          "t1": "BSV",
          "t2": "STIP",
          "corr": 0.0213,
          "w1": 8.0,
          "w2": 13.0,
          "combined_weight": 21.0
        }
      ],
      "high_corr_high_weight": []
    }
  },
  "all_pairs_top_30": [
    {
      "t1": "SOXX",
      "t2": "XCEM",
      "corr_hybrid": 0.7813,
      "corr_structured": 0.2,
      "cat1": "ETF",
      "cat2": "ETF",
      "exp1": "semiconductor",
      "exp2": "emerging_markets",
      "fam1": "sector_tech",
      "fam2": "em_equity"
    },
    {
      "t1": "FLKR",
      "t2": "SOXX",
      "corr_hybrid": 0.772,
      "corr_structured": 0.2,
      "cat1": "ETF",
      "cat2": "ETF",
      "exp1": "south_korea",
      "exp2": "semiconductor",
      "fam1": "em_equity",
      "fam2": "sector_tech"
    },
    {
      "t1": "SOXX",
      "t2": "XLK",
      "corr_hybrid": 0.7718,
      "corr_structured": 0.9,
      "cat1": "ETF",
      "cat2": "ETF",
      "exp1": "semiconductor",
      "exp2": "tech",
      "fam1": "sector_tech",
      "fam2": "sector_tech"
    },
    {
      "t1": "FLKR",
      "t2": "XCEM",
      "corr_hybrid": 0.7651,
      "corr_structured": 0.9,
      "cat1": "ETF",
      "cat2": "ETF",
      "exp1": "south_korea",
      "exp2": "emerging_markets",
      "fam1": "em_equity",
      "fam2": "em_equity"
    },
    {
      "t1": "XCEM",
      "t2": "XLK",
      "corr_hybrid": 0.7455,
      "corr_structured": 0.2,
      "cat1": "ETF",
      "cat2": "ETF",
      "exp1": "emerging_markets",
      "exp2": "tech",
      "fam1": "em_equity",
      "fam2": "sector_tech"
    },
    {
      "t1": "FLKR",
      "t2": "XLK",
      "corr_hybrid": 0.7378,
      "corr_structured": 0.2,
      "cat1": "ETF",
      "cat2": "ETF",
      "exp1": "south_korea",
      "exp2": "tech",
      "fam1": "em_equity",
      "fam2": "sector_tech"
    },
    {
      "t1": "PICK",
      "t2": "XCEM",
      "corr_hybrid": 0.7275,
      "corr_structured": 0.2,
      "cat1": "ETF",
      "cat2": "ETF",
      "exp1": "metals_mining",
      "exp2": "emerging_markets",
      "fam1": null,
      "fam2": "em_equity"
    },
    {
      "t1": "FNDF",
      "t2": "XCEM",
      "corr_hybrid": 0.7108,
      "corr_structured": 0.62,
      "cat1": "ETF",
      "cat2": "ETF",
      "exp1": "international",
      "exp2": "emerging_markets",
      "fam1": "intl_equity",
      "fam2": "em_equity"
    },
    {
      "t1": "FNDF",
      "t2": "PICK",
      "corr_hybrid": 0.7042,
      "corr_structured": 0.2,
      "cat1": "ETF",
      "cat2": "ETF",
      "exp1": "international",
      "exp2": "metals_mining",
      "fam1": "intl_equity",
      "fam2": null
    },
    {
      "t1": "FLKR",
      "t2": "PICK",
      "corr_hybrid": 0.6793,
      "corr_structured": 0.2,
      "cat1": "ETF",
      "cat2": "ETF",
      "exp1": "south_korea",
      "exp2": "metals_mining",
      "fam1": "em_equity",
      "fam2": null
    },
    {
      "t1": "PICK",
      "t2": "SOXX",
      "corr_hybrid": 0.6732,
      "corr_structured": 0.2,
      "cat1": "ETF",
      "cat2": "ETF",
      "exp1": "metals_mining",
      "exp2": "semiconductor",
      "fam1": null,
      "fam2": "sector_tech"
    },
    {
      "t1": "FLKR",
      "t2": "FNDF",
      "corr_hybrid": 0.6584,
      "corr_structured": 0.62,
      "cat1": "ETF",
      "cat2": "ETF",
      "exp1": "south_korea",
      "exp2": "international",
      "fam1": "em_equity",
      "fam2": "intl_equity"
    },
    {
      "t1": "FNDF",
      "t2": "SOXX",
      "corr_hybrid": 0.6533,
      "corr_structured": 0.2,
      "cat1": "ETF",
      "cat2": "ETF",
      "exp1": "international",
      "exp2": "semiconductor",
      "fam1": "intl_equity",
      "fam2": "sector_tech"
    },
    {
      "t1": "ICLN",
      "t2": "SOXX",
      "corr_hybrid": 0.6461,
      "corr_structured": 0.2,
      "cat1": "ETF",
      "cat2": "ETF",
      "exp1": "clean_energy",
      "exp2": "semiconductor",
      "fam1": null,
      "fam2": "sector_tech"
    },
    {
      "t1": "ICLN",
      "t2": "XCEM",
      "corr_hybrid": 0.6444,
      "corr_structured": 0.2,
      "cat1": "ETF",
      "cat2": "ETF",
      "exp1": "clean_energy",
      "exp2": "emerging_markets",
      "fam1": null,
      "fam2": "em_equity"
    },
    {
      "t1": "FSLR",
      "t2": "ICLN",
      "corr_hybrid": 0.6276,
      "corr_structured": null,
      "cat1": "Act",
      "cat2": "ETF",
      "exp1": null,
      "exp2": "clean_energy",
      "fam1": null,
      "fam2": null
    },
    {
      "t1": "PICK",
      "t2": "XLK",
      "corr_hybrid": 0.6266,
      "corr_structured": 0.2,
      "cat1": "ETF",
      "cat2": "ETF",
      "exp1": "metals_mining",
      "exp2": "tech",
      "fam1": null,
      "fam2": "sector_tech"
    },
    {
      "t1": "CS",
      "t2": "PICK",
      "corr_hybrid": 0.6256,
      "corr_structured": null,
      "cat1": "Act",
      "cat2": "ETF",
      "exp1": null,
      "exp2": "metals_mining",
      "fam1": null,
      "fam2": null
    },
    {
      "t1": "PICK",
      "t2": "RIO",
      "corr_hybrid": 0.62,
      "corr_structured": null,
      "cat1": "ETF",
      "cat2": "Act",
      "exp1": "metals_mining",
      "exp2": null,
      "fam1": null,
      "fam2": null
    },
    {
      "t1": "FLKR",
      "t2": "ICLN",
      "corr_hybrid": 0.6194,
      "corr_structured": 0.2,
      "cat1": "ETF",
      "cat2": "ETF",
      "exp1": "south_korea",
      "exp2": "clean_energy",
      "fam1": "em_equity",
      "fam2": null
    },
    {
      "t1": "FNDF",
      "t2": "XLK",
      "corr_hybrid": 0.6161,
      "corr_structured": 0.2,
      "cat1": "ETF",
      "cat2": "ETF",
      "exp1": "international",
      "exp2": "tech",
      "fam1": "intl_equity",
      "fam2": "sector_tech"
    },
    {
      "t1": "FNDF",
      "t2": "RIO",
      "corr_hybrid": 0.6048,
      "corr_structured": null,
      "cat1": "ETF",
      "cat2": "Act",
      "exp1": "international",
      "exp2": null,
      "fam1": "intl_equity",
      "fam2": null
    },
    {
      "t1": "ICLN",
      "t2": "XLK",
      "corr_hybrid": 0.6038,
      "corr_structured": 0.2,
      "cat1": "ETF",
      "cat2": "ETF",
      "exp1": "clean_energy",
      "exp2": "tech",
      "fam1": null,
      "fam2": "sector_tech"
    },
    {
      "t1": "FNDF",
      "t2": "FNDX",
      "corr_hybrid": 0.6036,
      "corr_structured": 0.2,
      "cat1": "ETF",
      "cat2": "ETF",
      "exp1": "international",
      "exp2": "value",
      "fam1": "intl_equity",
      "fam2": "factor_value"
    },
    {
      "t1": "NVDA",
      "t2": "XLK",
      "corr_hybrid": 0.5969,
      "corr_structured": null,
      "cat1": "Act",
      "cat2": "ETF",
      "exp1": null,
      "exp2": "tech",
      "fam1": null,
      "fam2": "sector_tech"
    },
    {
      "t1": "000660",
      "t2": "SCHP",
      "corr_hybrid": 0.5876,
      "corr_structured": null,
      "cat1": "Act",
      "cat2": "Act",
      "exp1": null,
      "exp2": "bonds_tips",
      "fam1": null,
      "fam2": "bonds_gov"
    },
    {
      "t1": "2059",
      "t2": "SCHP",
      "corr_hybrid": 0.5876,
      "corr_structured": null,
      "cat1": "Act",
      "cat2": "Act",
      "exp1": null,
      "exp2": "bonds_tips",
      "fam1": null,
      "fam2": "bonds_gov"
    },
    {
      "t1": "GVT&D",
      "t2": "SCHP",
      "corr_hybrid": 0.5876,
      "corr_structured": null,
      "cat1": "Act",
      "cat2": "Act",
      "exp1": null,
      "exp2": "bonds_tips",
      "fam1": null,
      "fam2": "bonds_gov"
    },
    {
      "t1": "SCHP",
      "t2": "SUNPHARMA",
      "corr_hybrid": 0.5876,
      "corr_structured": null,
      "cat1": "Act",
      "cat2": "Act",
      "exp1": "bonds_tips",
      "exp2": null,
      "fam1": "bonds_gov",
      "fam2": null
    },
    {
      "t1": "FNDX",
      "t2": "XCEM",
      "corr_hybrid": 0.5875,
      "corr_structured": 0.2,
      "cat1": "ETF",
      "cat2": "ETF",
      "exp1": "value",
      "exp2": "emerging_markets",
      "fam1": "factor_value",
      "fam2": "em_equity"
    }
  ],
  "all_pairs_bottom_10": [
    {
      "t1": "GBIL",
      "t2": "ITX",
      "corr_hybrid": -0.0064,
      "corr_structured": null,
      "cat1": "Obl",
      "cat2": "Act",
      "exp1": "bonds_tbill",
      "exp2": null,
      "fam1": "bonds_short",
      "fam2": null
    },
    {
      "t1": "ITX",
      "t2": "PAAA",
      "corr_hybrid": -0.0064,
      "corr_structured": null,
      "cat1": "Act",
      "cat2": "Obl",
      "exp1": null,
      "exp2": "bonds_clo_aaa",
      "fam1": null,
      "fam2": "bonds_short"
    },
    {
      "t1": "ITX",
      "t2": "STIP",
      "corr_hybrid": -0.0064,
      "corr_structured": null,
      "cat1": "Act",
      "cat2": "Obl",
      "exp1": null,
      "exp2": "bonds_tips",
      "fam1": null,
      "fam2": "bonds_gov"
    },
    {
      "t1": "ITX",
      "t2": "VGSH",
      "corr_hybrid": -0.0064,
      "corr_structured": null,
      "cat1": "Act",
      "cat2": "Obl",
      "exp1": null,
      "exp2": "bonds_short_treasury",
      "fam1": null,
      "fam2": "bonds_short"
    },
    {
      "t1": "FLKR",
      "t2": "ITX",
      "corr_hybrid": -0.0052,
      "corr_structured": null,
      "cat1": "ETF",
      "cat2": "Act",
      "exp1": "south_korea",
      "exp2": null,
      "fam1": "em_equity",
      "fam2": null
    },
    {
      "t1": "PICK",
      "t2": "SCHN",
      "corr_hybrid": 0.0052,
      "corr_structured": null,
      "cat1": "ETF",
      "cat2": "Act",
      "exp1": "metals_mining",
      "exp2": null,
      "fam1": null,
      "fam2": null
    },
    {
      "t1": "SOXX",
      "t2": "VICI",
      "corr_hybrid": 0.004,
      "corr_structured": null,
      "cat1": "ETF",
      "cat2": "Act",
      "exp1": "semiconductor",
      "exp2": null,
      "fam1": "sector_tech",
      "fam2": null
    },
    {
      "t1": "ITX",
      "t2": "XCEM",
      "corr_hybrid": -0.0028,
      "corr_structured": null,
      "cat1": "Act",
      "cat2": "ETF",
      "exp1": null,
      "exp2": "emerging_markets",
      "fam1": null,
      "fam2": "em_equity"
    },
    {
      "t1": "ITX",
      "t2": "PG",
      "corr_hybrid": -0.0023,
      "corr_structured": null,
      "cat1": "Act",
      "cat2": "Act",
      "exp1": null,
      "exp2": null,
      "fam1": null,
      "fam2": null
    },
    {
      "t1": "GLD",
      "t2": "SCHN",
      "corr_hybrid": 0.0017,
      "corr_structured": null,
      "cat1": "ETF",
      "cat2": "Act",
      "exp1": "gold_physical",
      "exp2": null,
      "fam1": "gold",
      "fam2": null
    }
  ],
  "correlation_matrix": {
    "tickers": [
      "000660",
      "2059",
      "ACWV",
      "BKR",
      "BSV",
      "CLTL",
      "CS",
      "DIVB",
      "EOG",
      "FLKR",
      "FLTR",
      "FNDF",
      "FNDX",
      "FSLR",
      "GBIL",
      "GD",
      "GLD",
      "GVT&D",
      "ICLN",
      "ITX",
      "KO",
      "NOVN",
      "NVDA",
      "PAAA",
      "PEG",
      "PG",
      "PICK",
      "RIO",
      "SCHD",
      "SCHN",
      "SCHP",
      "SOXX",
      "SPLV",
      "SPYV",
      "STIP",
      "SUNPHARMA",
      "VGSH",
      "VICI",
      "XBI",
      "XCEM",
      "XLK",
      "XLV"
    ],
    "matrix": [
      [
        1.0,
        0.5833,
        0.3482,
        0.3564,
        0.0826,
        0.0826,
        0.1677,
        0.3336,
        0.3637,
        0.105,
        0.0826,
        0.2693,
        0.3326,
        0.1621,
        0.0826,
        0.3995,
        0.1199,
        0.5833,
        0.163,
        0.2948,
        0.4173,
        0.3414,
        0.1732,
        0.0826,
        0.3835,
        0.3917,
        0.1962,
        0.3047,
        0.3655,
        0.3226,
        0.5876,
        0.1017,
        0.3379,
        0.3336,
        0.0826,
        0.5833,
        0.0826,
        0.4369,
        0.1577,
        0.1795,
        0.1316,
        0.2714
      ],
      [
        0.5833,
        1.0,
        0.3482,
        0.3564,
        0.0826,
        0.0826,
        0.1677,
        0.3336,
        0.3637,
        0.105,
        0.0826,
        0.2693,
        0.3326,
        0.1621,
        0.0826,
        0.3995,
        0.1199,
        0.5833,
        0.163,
        0.2948,
        0.4173,
        0.3414,
        0.1732,
        0.0826,
        0.3835,
        0.3917,
        0.1962,
        0.3047,
        0.3655,
        0.3226,
        0.5876,
        0.1017,
        0.3379,
        0.3336,
        0.0826,
        0.5833,
        0.0826,
        0.4369,
        0.1577,
        0.1795,
        0.1316,
        0.2714
      ],
      [
        0.3482,
        0.3482,
        1.0,
        0.3112,
        0.0819,
        0.0819,
        0.3084,
        0.4085,
        0.1998,
        0.2976,
        0.0819,
        0.4326,
        0.432,
        0.1416,
        0.0819,
        0.2872,
        0.2102,
        0.3482,
        0.29,
        -0.0859,
        0.2536,
        0.1835,
        0.152,
        0.0819,
        0.2724,
        0.2975,
        0.396,
        0.4064,
        0.393,
        0.1563,
        0.3293,
        0.2786,
        0.3168,
        0.4122,
        0.0819,
        0.3482,
        0.0819,
        0.3097,
        0.2881,
        0.3607,
        0.2598,
        0.3223
      ],
      [
        0.3564,
        0.3564,
        0.3112,
        1.0,
        0.0836,
        0.0836,
        0.1161,
        0.3473,
        0.2267,
        0.3121,
        0.0836,
        0.3805,
        0.3872,
        0.0428,
        0.0836,
        0.272,
        0.1505,
        0.3564,
        0.2427,
        0.0679,
        0.1963,
        0.164,
        0.2757,
        0.0836,
        0.2532,
        0.2076,
        0.316,
        0.3273,
        0.3138,
        0.1982,
        0.3451,
        0.3139,
        0.2259,
        0.368,
        0.0836,
        0.3564,
        0.0836,
        0.2663,
        0.2538,
        0.3556,
        0.3226,
        0.243
      ],
      [
        0.0826,
        0.0826,
        0.0819,
        0.0836,
        1.0,
        0.0213,
        0.0277,
        0.0926,
        0.0549,
        0.0801,
        0.0213,
        0.0983,
        0.1022,
        0.0287,
        0.0213,
        0.0672,
        0.0386,
        0.0826,
        0.0714,
        -0.0064,
        0.047,
        0.0354,
        0.0576,
        0.0213,
        0.0612,
        0.0532,
        0.0824,
        0.083,
        0.0847,
        0.0437,
        0.0786,
        0.0798,
        0.0609,
        0.0971,
        0.0213,
        0.0826,
        0.0213,
        0.0663,
        0.0665,
        0.0913,
        0.079,
        0.0661
      ],
      [
        0.0826,
        0.0826,
        0.0819,
        0.0836,
        0.0213,
        1.0,
        0.0277,
        0.0926,
        0.0549,
        0.0801,
        0.0213,
        0.0983,
        0.1022,
        0.0287,
        0.0213,
        0.0672,
        0.0386,
        0.0826,
        0.0714,
        -0.0064,
        0.047,
        0.0354,
        0.0576,
        0.0213,
        0.0612,
        0.0532,
        0.0824,
        0.083,
        0.0847,
        0.0437,
        0.0786,
        0.0798,
        0.0609,
        0.0971,
        0.0213,
        0.0826,
        0.0213,
        0.0663,
        0.0665,
        0.0913,
        0.079,
        0.0661
      ],
      [
        0.1677,
        0.1677,
        0.3084,
        0.1161,
        0.0277,
        0.0277,
        1.0,
        0.3182,
        -0.1502,
        0.3677,
        0.0277,
        0.5048,
        0.337,
        0.1202,
        0.0277,
        0.1331,
        0.403,
        0.1677,
        0.3116,
        0.0478,
        0.1596,
        0.1335,
        0.178,
        0.0277,
        0.157,
        0.2468,
        0.6256,
        0.5649,
        0.2431,
        -0.0419,
        0.1188,
        0.3291,
        0.2218,
        0.3055,
        0.0277,
        0.1677,
        0.0277,
        0.1478,
        0.3373,
        0.4363,
        0.2814,
        0.2858
      ],
      [
        0.3336,
        0.3336,
        0.4085,
        0.3473,
        0.0926,
        0.0926,
        0.3182,
        1.0,
        0.1713,
        0.4231,
        0.0926,
        0.5234,
        0.5068,
        0.2123,
        0.0926,
        0.289,
        0.2502,
        0.3336,
        0.4044,
        -0.1064,
        0.2033,
        0.1403,
        0.2366,
        0.0926,
        0.2653,
        0.2617,
        0.4886,
        0.4635,
        0.4121,
        0.1369,
        0.3006,
        0.4115,
        0.3018,
        0.4775,
        0.0926,
        0.3336,
        0.0926,
        0.2871,
        0.3574,
        0.4823,
        0.3854,
        0.3457
      ],
      [
        0.3637,
        0.3637,
        0.1998,
        0.2267,
        0.0549,
        0.0549,
        -0.1502,
        0.1713,
        1.0,
        -0.0936,
        0.0549,
        0.0438,
        0.1514,
        -0.0441,
        0.0549,
        0.2575,
        -0.0431,
        0.3637,
        -0.0606,
        0.0326,
        0.3053,
        0.2379,
        -0.033,
        0.0549,
        0.2475,
        0.2706,
        -0.0574,
        0.0586,
        0.2528,
        0.2517,
        0.3946,
        -0.1035,
        0.2498,
        0.1642,
        0.0549,
        0.3637,
        0.0549,
        0.3148,
        0.0092,
        -0.0509,
        -0.0763,
        0.1512
      ],
      [
        0.105,
        0.105,
        0.2976,
        0.3121,
        0.0801,
        0.0801,
        0.3677,
        0.4231,
        -0.0936,
        1.0,
        0.0801,
        0.6584,
        0.5312,
        0.264,
        0.0801,
        0.1283,
        0.3366,
        0.105,
        0.6194,
        -0.0052,
        -0.1108,
        -0.0844,
        0.5415,
        0.0801,
        0.0962,
        -0.0274,
        0.6793,
        0.5148,
        0.2345,
        -0.0201,
        0.0307,
        0.772,
        0.056,
        0.4746,
        0.0801,
        0.105,
        0.0801,
        0.0242,
        0.475,
        0.7651,
        0.7378,
        0.2455
      ],
      [
        0.0826,
        0.0826,
        0.0819,
        0.0836,
        0.0213,
        0.0213,
        0.0277,
        0.0926,
        0.0549,
        0.0801,
        1.0,
        0.0983,
        0.1022,
        0.0287,
        0.0213,
        0.0672,
        0.0386,
        0.0826,
        0.0714,
        -0.0064,
        0.047,
        0.0354,
        0.0576,
        0.0213,
        0.0612,
        0.0532,
        0.0824,
        0.083,
        0.0847,
        0.0437,
        0.0786,
        0.0798,
        0.0609,
        0.0971,
        0.0213,
        0.0826,
        0.0213,
        0.0663,
        0.0665,
        0.0913,
        0.079,
        0.0661
      ],
      [
        0.2693,
        0.2693,
        0.4326,
        0.3805,
        0.0983,
        0.0983,
        0.5048,
        0.5234,
        0.0438,
        0.6584,
        0.0983,
        1.0,
        0.6036,
        0.2017,
        0.0983,
        0.2499,
        0.3652,
        0.2693,
        0.5483,
        -0.0782,
        0.0947,
        0.069,
        0.4242,
        0.0983,
        0.2276,
        0.1811,
        0.7042,
        0.6048,
        0.3965,
        0.0709,
        0.2116,
        0.6533,
        0.2436,
        0.5544,
        0.0983,
        0.2693,
        0.0983,
        0.2063,
        0.4891,
        0.7108,
        0.6161,
        0.3651
      ],
      [
        0.3326,
        0.3326,
        0.432,
        0.3872,
        0.1022,
        0.1022,
        0.337,
        0.5068,
        0.1514,
        0.5312,
        0.1022,
        0.6036,
        1.0,
        0.2359,
        0.1022,
        0.2941,
        0.2866,
        0.3326,
        0.4849,
        -0.0961,
        0.1666,
        0.1144,
        0.3266,
        0.1022,
        0.2652,
        0.2334,
        0.5697,
        0.5175,
        0.4249,
        0.1302,
        0.2896,
        0.5259,
        0.2874,
        0.531,
        0.1022,
        0.3326,
        0.1022,
        0.2718,
        0.417,
        0.5875,
        0.4976,
        0.3626
      ],
      [
        0.1621,
        0.1621,
        0.1416,
        0.0428,
        0.0287,
        0.0287,
        0.1202,
        0.2123,
        -0.0441,
        0.264,
        0.0287,
        0.2017,
        0.2359,
        1.0,
        0.0287,
        0.147,
        0.1437,
        0.1621,
        0.6276,
        0.152,
        0.0179,
        -0.0491,
        0.1083,
        0.0287,
        0.086,
        0.0607,
        0.2393,
        0.1803,
        0.1283,
        -0.0238,
        0.0874,
        0.2996,
        0.0571,
        0.2232,
        0.0287,
        0.1621,
        0.0287,
        0.0751,
        0.1552,
        0.2855,
        0.263,
        0.1423
      ],
      [
        0.0826,
        0.0826,
        0.0819,
        0.0836,
        0.0213,
        0.0213,
        0.0277,
        0.0926,
        0.0549,
        0.0801,
        0.0213,
        0.0983,
        0.1022,
        0.0287,
        1.0,
        0.0672,
        0.0386,
        0.0826,
        0.0714,
        -0.0064,
        0.047,
        0.0354,
        0.0576,
        0.0213,
        0.0612,
        0.0532,
        0.0824,
        0.083,
        0.0847,
        0.0437,
        0.0786,
        0.0798,
        0.0609,
        0.0971,
        0.0213,
        0.0826,
        0.0213,
        0.0663,
        0.0665,
        0.0913,
        0.079,
        0.0661
      ],
      [
        0.3995,
        0.3995,
        0.2872,
        0.272,
        0.0672,
        0.0672,
        0.1331,
        0.289,
        0.2575,
        0.1283,
        0.0672,
        0.2499,
        0.2941,
        0.147,
        0.0672,
        1.0,
        0.1079,
        0.3995,
        0.1712,
        0.1073,
        0.2876,
        0.2237,
        0.1166,
        0.0672,
        0.2752,
        0.2862,
        0.195,
        0.2564,
        0.3053,
        0.2136,
        0.397,
        0.1221,
        0.2674,
        0.29,
        0.0672,
        0.3995,
        0.0672,
        0.3169,
        0.1558,
        0.1836,
        0.1316,
        0.2317
      ],
      [
        0.1199,
        0.1199,
        0.2102,
        0.1505,
        0.0386,
        0.0386,
        0.403,
        0.2502,
        -0.0431,
        0.3366,
        0.0386,
        0.3652,
        0.2866,
        0.1437,
        0.0386,
        0.1079,
        1.0,
        0.1199,
        0.2959,
        0.0091,
        0.0465,
        0.0363,
        0.2107,
        0.0386,
        0.103,
        0.098,
        0.4008,
        0.3415,
        0.1767,
        0.0017,
        0.0831,
        0.3305,
        0.1143,
        0.2607,
        0.0386,
        0.1199,
        0.0386,
        0.0859,
        0.2533,
        0.3675,
        0.3056,
        0.1836
      ],
      [
        0.5833,
        0.5833,
        0.3482,
        0.3564,
        0.0826,
        0.0826,
        0.1677,
        0.3336,
        0.3637,
        0.105,
        0.0826,
        0.2693,
        0.3326,
        0.1621,
        0.0826,
        0.3995,
        0.1199,
        1.0,
        0.163,
        0.2948,
        0.4173,
        0.3414,
        0.1732,
        0.0826,
        0.3835,
        0.3917,
        0.1962,
        0.3047,
        0.3655,
        0.3226,
        0.5876,
        0.1017,
        0.3379,
        0.3336,
        0.0826,
        0.5833,
        0.0826,
        0.4369,
        0.1577,
        0.1795,
        0.1316,
        0.2714
      ],
      [
        0.163,
        0.163,
        0.29,
        0.2427,
        0.0714,
        0.0714,
        0.3116,
        0.4044,
        -0.0606,
        0.6194,
        0.0714,
        0.5483,
        0.4849,
        0.6276,
        0.0714,
        0.1712,
        0.2959,
        0.163,
        1.0,
        0.0299,
        -0.0404,
        -0.063,
        0.3926,
        0.0714,
        0.1219,
        0.0384,
        0.5743,
        0.4435,
        0.2478,
        -0.0139,
        0.0808,
        0.6461,
        0.0948,
        0.4414,
        0.0714,
        0.163,
        0.0714,
        0.077,
        0.3983,
        0.6444,
        0.6038,
        0.253
      ],
      [
        0.2948,
        0.2948,
        -0.0859,
        0.0679,
        -0.0064,
        -0.0064,
        0.0478,
        -0.1064,
        0.0326,
        -0.0052,
        -0.0064,
        -0.0782,
        -0.0961,
        0.152,
        -0.0064,
        0.1073,
        0.0091,
        0.2948,
        0.0299,
        1.0,
        0.0865,
        0.1436,
        0.3367,
        -0.0064,
        0.104,
        -0.0023,
        -0.0605,
        -0.0078,
        -0.153,
        0.1642,
        0.2888,
        0.0438,
        -0.1178,
        -0.0867,
        -0.0064,
        0.2948,
        -0.0064,
        0.0516,
        -0.07,
        -0.0028,
        0.1165,
        -0.1145
      ],
      [
        0.4173,
        0.4173,
        0.2536,
        0.1963,
        0.047,
        0.047,
        0.1596,
        0.2033,
        0.3053,
        -0.1108,
        0.047,
        0.0947,
        0.1666,
        0.0179,
        0.047,
        0.2876,
        0.0465,
        0.4173,
        -0.0404,
        0.0865,
        1.0,
        0.3075,
        -0.0781,
        0.047,
        0.2906,
        0.375,
        0.042,
        0.169,
        0.2923,
        0.2374,
        0.4407,
        -0.1374,
        0.3206,
        0.1798,
        0.047,
        0.4173,
        0.047,
        0.3685,
        0.036,
        -0.0435,
        -0.1221,
        0.2092
      ],
      [
        0.3414,
        0.3414,
        0.1835,
        0.164,
        0.0354,
        0.0354,
        0.1335,
        0.1403,
        0.2379,
        -0.0844,
        0.0354,
        0.069,
        0.1144,
        -0.0491,
        0.0354,
        0.2237,
        0.0363,
        0.3414,
        -0.063,
        0.1436,
        0.3075,
        1.0,
        -0.0164,
        0.0354,
        0.2302,
        0.2826,
        0.0284,
        0.1315,
        0.2049,
        0.2009,
        0.3628,
        -0.1023,
        0.2313,
        0.1249,
        0.0354,
        0.3414,
        0.0354,
        0.2832,
        0.0225,
        -0.0336,
        -0.0808,
        0.1446
      ],
      [
        0.1732,
        0.1732,
        0.152,
        0.2757,
        0.0576,
        0.0576,
        0.178,
        0.2366,
        -0.033,
        0.5415,
        0.0576,
        0.4242,
        0.3266,
        0.1083,
        0.0576,
        0.1166,
        0.2107,
        0.1732,
        0.3926,
        0.3367,
        -0.0781,
        -0.0164,
        1.0,
        0.0576,
        0.0946,
        -0.0656,
        0.4255,
        0.328,
        0.0806,
        0.0679,
        0.1268,
        0.5811,
        -0.0414,
        0.2891,
        0.0576,
        0.1732,
        0.0576,
        0.014,
        0.3019,
        0.5428,
        0.5969,
        0.0974
      ],
      [
        0.0826,
        0.0826,
        0.0819,
        0.0836,
        0.0213,
        0.0213,
        0.0277,
        0.0926,
        0.0549,
        0.0801,
        0.0213,
        0.0983,
        0.1022,
        0.0287,
        0.0213,
        0.0672,
        0.0386,
        0.0826,
        0.0714,
        -0.0064,
        0.047,
        0.0354,
        0.0576,
        1.0,
        0.0612,
        0.0532,
        0.0824,
        0.083,
        0.0847,
        0.0437,
        0.0786,
        0.0798,
        0.0609,
        0.0971,
        0.0213,
        0.0826,
        0.0213,
        0.0663,
        0.0665,
        0.0913,
        0.079,
        0.0661
      ],
      [
        0.3835,
        0.3835,
        0.2724,
        0.2532,
        0.0612,
        0.0612,
        0.157,
        0.2653,
        0.2475,
        0.0962,
        0.0612,
        0.2276,
        0.2652,
        0.086,
        0.0612,
        0.2752,
        0.103,
        0.3835,
        0.1219,
        0.104,
        0.2906,
        0.2302,
        0.0946,
        0.0612,
        1.0,
        0.2874,
        0.1782,
        0.245,
        0.2895,
        0.2073,
        0.3856,
        0.0858,
        0.2636,
        0.2629,
        0.0612,
        0.3835,
        0.0612,
        0.3091,
        0.1386,
        0.1515,
        0.0963,
        0.2197
      ],
      [
        0.3917,
        0.3917,
        0.2975,
        0.2076,
        0.0532,
        0.0532,
        0.2468,
        0.2617,
        0.2706,
        -0.0274,
        0.0532,
        0.1811,
        0.2334,
        0.0607,
        0.0532,
        0.2862,
        0.098,
        0.3917,
        0.0384,
        -0.0023,
        0.375,
        0.2826,
        -0.0656,
        0.0532,
        0.2874,
        1.0,
        0.1405,
        0.2407,
        0.3331,
        0.204,
        0.4042,
        -0.0588,
        0.3426,
        0.2391,
        0.0532,
        0.3917,
        0.0532,
        0.3629,
        0.0994,
        0.0437,
        -0.0591,
        0.2536
      ],
      [
        0.1962,
        0.1962,
        0.396,
        0.316,
        0.0824,
        0.0824,
        0.6256,
        0.4886,
        -0.0574,
        0.6793,
        0.0824,
        0.7042,
        0.5697,
        0.2393,
        0.0824,
        0.195,
        0.4008,
        0.1962,
        0.5743,
        -0.0605,
        0.042,
        0.0284,
        0.4255,
        0.0824,
        0.1782,
        0.1405,
        1.0,
        0.62,
        0.3418,
        0.0052,
        0.128,
        0.6732,
        0.1979,
        0.5174,
        0.0824,
        0.1962,
        0.0824,
        0.1419,
        0.4939,
        0.7275,
        0.6266,
        0.3416
      ],
      [
        0.3047,
        0.3047,
        0.4064,
        0.3273,
        0.083,
        0.083,
        0.5649,
        0.4635,
        0.0586,
        0.5148,
        0.083,
        0.6048,
        0.5175,
        0.1803,
        0.083,
        0.2564,
        0.3415,
        0.3047,
        0.4435,
        -0.0078,
        0.169,
        0.1315,
        0.328,
        0.083,
        0.245,
        0.2407,
        0.62,
        1.0,
        0.3741,
        0.0889,
        0.2583,
        0.5009,
        0.2676,
        0.4795,
        0.083,
        0.3047,
        0.083,
        0.2408,
        0.4132,
        0.5767,
        0.4702,
        0.3459
      ],
      [
        0.3655,
        0.3655,
        0.393,
        0.3138,
        0.0847,
        0.0847,
        0.2431,
        0.4121,
        0.2528,
        0.2345,
        0.0847,
        0.3965,
        0.4249,
        0.1283,
        0.0847,
        0.3053,
        0.1767,
        0.3655,
        0.2478,
        -0.153,
        0.2923,
        0.2049,
        0.0806,
        0.0847,
        0.2895,
        0.3331,
        0.3418,
        0.3741,
        1.0,
