{
  "_meta": {
    "generated": "2026-05-13T10:20:12",
    "portfolio_generated": "2026-05-13T10:16:18.090736",
    "n_assets": 44,
    "n_with_returns": 31,
    "covariance_method": "hybrid_shrunk",
    "condition_number": 427.36,
    "pca_factors": 4
  },
  "profiles": {
    "Agressif": {
      "n_assets": 18,
      "weighted_avg_correlation": 0.2428,
      "most_correlated": [
        {
          "t1": "GDXJ",
          "t2": "CDE",
          "corr": 0.8743,
          "w1": 6.3,
          "w2": 2.8,
          "combined_weight": 9.1
        },
        {
          "t1": "GDXJ",
          "t2": "SLV",
          "corr": 0.8219,
          "w1": 6.3,
          "w2": 3.0,
          "combined_weight": 9.3
        },
        {
          "t1": "GDXJ",
          "t2": "GLD",
          "corr": 0.7677,
          "w1": 6.3,
          "w2": 8.7,
          "combined_weight": 15.0
        },
        {
          "t1": "CDE",
          "t2": "SLV",
          "corr": 0.7501,
          "w1": 2.8,
          "w2": 3.0,
          "combined_weight": 5.9
        },
        {
          "t1": "SLV",
          "t2": "GLD",
          "corr": 0.7465,
          "w1": 3.0,
          "w2": 8.7,
          "combined_weight": 11.7
        },
        {
          "t1": "CDE",
          "t2": "GLD",
          "corr": 0.7336,
          "w1": 2.8,
          "w2": 8.7,
          "combined_weight": 11.5
        },
        {
          "t1": "SOXX",
          "t2": "FLKR",
          "corr": 0.7023,
          "w1": 5.8,
          "w2": 3.2,
          "combined_weight": 9.1
        },
        {
          "t1": "XCEM",
          "t2": "SOXX",
          "corr": 0.7015,
          "w1": 5.9,
          "w2": 5.8,
          "combined_weight": 11.7
        },
        {
          "t1": "SOXX",
          "t2": "XLK",
          "corr": 0.6827,
          "w1": 5.8,
          "w2": 5.4,
          "combined_weight": 11.2
        },
        {
          "t1": "SOXX",
          "t2": "FIX",
          "corr": 0.6787,
          "w1": 5.8,
          "w2": 9.7,
          "combined_weight": 15.5
        }
      ],
      "least_correlated": [
        {
          "t1": "FLTR",
          "t2": "GLD",
          "corr": 0.0325,
          "w1": 5.4,
          "w2": 8.7,
          "combined_weight": 14.1
        },
        {
          "t1": "FLOT",
          "t2": "GLD",
          "corr": 0.0325,
          "w1": 5.4,
          "w2": 8.7,
          "combined_weight": 14.1
        },
        {
          "t1": "FLTR",
          "t2": "CDE",
          "corr": 0.0308,
          "w1": 5.4,
          "w2": 2.8,
          "combined_weight": 8.2
        },
        {
          "t1": "FLOT",
          "t2": "CDE",
          "corr": 0.0308,
          "w1": 5.4,
          "w2": 2.8,
          "combined_weight": 8.2
        },
        {
          "t1": "FLTR",
          "t2": "FLOT",
          "corr": 0.0177,
          "w1": 5.4,
          "w2": 5.4,
          "combined_weight": 10.8
        }
      ],
      "high_corr_high_weight": [
        {
          "t1": "GDXJ",
          "t2": "GLD",
          "corr": 0.7677,
          "w1": 6.3,
          "w2": 8.7,
          "combined_weight": 15.0
        },
        {
          "t1": "SLV",
          "t2": "GLD",
          "corr": 0.7465,
          "w1": 3.0,
          "w2": 8.7,
          "combined_weight": 11.7
        },
        {
          "t1": "CDE",
          "t2": "GLD",
          "corr": 0.7336,
          "w1": 2.8,
          "w2": 8.7,
          "combined_weight": 11.5
        },
        {
          "t1": "XCEM",
          "t2": "SOXX",
          "corr": 0.7015,
          "w1": 5.9,
          "w2": 5.8,
          "combined_weight": 11.7
        }
      ]
    },
    "Mod\u00e9r\u00e9": {
      "n_assets": 17,
      "weighted_avg_correlation": 0.1609,
      "most_correlated": [
        {
          "t1": "VSS",
          "t2": "FNDF",
          "corr": 0.5972,
          "w1": 6.9,
          "w2": 7.1,
          "combined_weight": 14.0
        },
        {
          "t1": "FNDF",
          "t2": "DIVB",
          "corr": 0.475,
          "w1": 7.1,
          "w2": 5.9,
          "combined_weight": 13.0
        },
        {
          "t1": "VSS",
          "t2": "DIVB",
          "corr": 0.4447,
          "w1": 6.9,
          "w2": 5.9,
          "combined_weight": 12.8
        },
        {
          "t1": "VICI",
          "t2": "5274",
          "corr": 0.4274,
          "w1": 7.2,
          "w2": 2.2,
          "combined_weight": 9.4
        },
        {
          "t1": "VSS",
          "t2": "GLD",
          "corr": 0.4257,
          "w1": 6.9,
          "w2": 7.2,
          "combined_weight": 14.1
        },
        {
          "t1": "SNA",
          "t2": "5274",
          "corr": 0.4031,
          "w1": 5.5,
          "w2": 2.2,
          "combined_weight": 7.8
        },
        {
          "t1": "DIVB",
          "t2": "SCHD",
          "corr": 0.3838,
          "w1": 5.9,
          "w2": 9.0,
          "combined_weight": 14.9
        },
        {
          "t1": "NOVN",
          "t2": "5274",
          "corr": 0.3739,
          "w1": 9.0,
          "w2": 2.2,
          "combined_weight": 11.2
        },
        {
          "t1": "EOG",
          "t2": "SCHD",
          "corr": 0.3712,
          "w1": 3.9,
          "w2": 9.0,
          "combined_weight": 12.9
        },
        {
          "t1": "FNDF",
          "t2": "SCHD",
          "corr": 0.3696,
          "w1": 7.1,
          "w2": 9.0,
          "combined_weight": 16.1
        }
      ],
      "least_correlated": [
        {
          "t1": "GBIL",
          "t2": "VGSH",
          "corr": 0.0177,
          "w1": 8.5,
          "w2": 2.1,
          "combined_weight": 10.6
        },
        {
          "t1": "JAAA",
          "t2": "VGSH",
          "corr": 0.0177,
          "w1": 3.2,
          "w2": 2.1,
          "combined_weight": 5.4
        },
        {
          "t1": "NOVN",
          "t2": "GLD",
          "corr": 0.0079,
          "w1": 9.0,
          "w2": 7.2,
          "combined_weight": 16.2
        },
        {
          "t1": "EOG",
          "t2": "GLD",
          "corr": 0.002,
          "w1": 3.9,
          "w2": 7.2,
          "combined_weight": 11.1
        },
        {
          "t1": "EOG",
          "t2": "LI",
          "corr": -0.0341,
          "w1": 3.9,
          "w2": 5.1,
          "combined_weight": 9.0
        }
      ],
      "high_corr_high_weight": []
    },
    "Stable": {
      "n_assets": 15,
      "weighted_avg_correlation": 0.1179,
      "most_correlated": [
        {
          "t1": "VICI",
          "t2": "SUNPHARMA",
          "corr": 0.4274,
          "w1": 5.3,
          "w2": 5.4,
          "combined_weight": 10.7
        },
        {
          "t1": "IBE",
          "t2": "SUNPHARMA",
          "corr": 0.4114,
          "w1": 5.3,
          "w2": 5.4,
          "combined_weight": 10.7
        },
        {
          "t1": "SUNPHARMA",
          "t2": "KO",
          "corr": 0.407,
          "w1": 5.4,
          "w2": 4.4,
          "combined_weight": 9.8
        },
        {
          "t1": "GD",
          "t2": "SUNPHARMA",
          "corr": 0.389,
          "w1": 5.3,
          "w2": 5.4,
          "combined_weight": 10.7
        },
        {
          "t1": "SHEL",
          "t2": "SUNPHARMA",
          "corr": 0.3492,
          "w1": 7.2,
          "w2": 5.4,
          "combined_weight": 12.6
        },
        {
          "t1": "VICI",
          "t2": "KO",
          "corr": 0.3434,
          "w1": 5.3,
          "w2": 4.4,
          "combined_weight": 9.7
        },
        {
          "t1": "ACWV",
          "t2": "SPYV",
          "corr": 0.343,
          "w1": 6.8,
          "w2": 4.4,
          "combined_weight": 11.2
        },
        {
          "t1": "ACWV",
          "t2": "SUNPHARMA",
          "corr": 0.3393,
          "w1": 6.8,
          "w2": 5.4,
          "combined_weight": 12.2
        },
        {
          "t1": "SUNPHARMA",
          "t2": "SPYV",
          "corr": 0.336,
          "w1": 5.4,
          "w2": 4.4,
          "combined_weight": 9.8
        },
        {
          "t1": "IBE",
          "t2": "KO",
          "corr": 0.3335,
          "w1": 5.3,
          "w2": 4.4,
          "combined_weight": 9.7
        }
      ],
      "least_correlated": [
        {
          "t1": "CLTL",
          "t2": "BSV",
          "corr": 0.0177,
          "w1": 7.3,
          "w2": 12.9,
          "combined_weight": 20.2
        },
        {
          "t1": "CLTL",
          "t2": "STIP",
          "corr": 0.0177,
          "w1": 7.3,
          "w2": 13.0,
          "combined_weight": 20.3
        },
        {
          "t1": "BSV",
          "t2": "STIP",
          "corr": 0.0177,
          "w1": 12.9,
          "w2": 13.0,
          "combined_weight": 25.9
        },
        {
          "t1": "IBE",
          "t2": "GLD",
          "corr": -0.0109,
          "w1": 5.3,
          "w2": 3.0,
          "combined_weight": 8.3
        },
        {
          "t1": "KO",
          "t2": "GLD",
          "corr": -0.028,
          "w1": 4.4,
          "w2": 3.0,
          "combined_weight": 7.5
        }
      ],
      "high_corr_high_weight": []
    }
  },
  "all_pairs_top_30": [
    {
      "t1": "CDE",
      "t2": "GDXJ",
      "corr_hybrid": 0.8743,
      "corr_structured": null,
      "cat1": "Act",
      "cat2": "ETF",
      "exp1": null,
      "exp2": "gold_miners",
      "fam1": null,
      "fam2": "gold"
    },
    {
      "t1": "GDXJ",
      "t2": "SLV",
      "corr_hybrid": 0.8219,
      "corr_structured": 0.85,
      "cat1": "ETF",
      "cat2": "ETF",
      "exp1": "gold_miners",
      "exp2": "silver_physical",
      "fam1": "gold",
      "fam2": "precious_metals"
    },
    {
      "t1": "GDXJ",
      "t2": "GLD",
      "corr_hybrid": 0.7677,
      "corr_structured": 0.9,
      "cat1": "ETF",
      "cat2": "ETF",
      "exp1": "gold_miners",
      "exp2": "gold_physical",
      "fam1": "gold",
      "fam2": "gold"
    },
    {
      "t1": "CDE",
      "t2": "SLV",
      "corr_hybrid": 0.7501,
      "corr_structured": null,
      "cat1": "Act",
      "cat2": "ETF",
      "exp1": null,
      "exp2": "silver_physical",
      "fam1": null,
      "fam2": "precious_metals"
    },
    {
      "t1": "GLD",
      "t2": "SLV",
      "corr_hybrid": 0.7465,
      "corr_structured": 0.85,
      "cat1": "ETF",
      "cat2": "ETF",
      "exp1": "gold_physical",
      "exp2": "silver_physical",
      "fam1": "gold",
      "fam2": "precious_metals"
    },
    {
      "t1": "CDE",
      "t2": "GLD",
      "corr_hybrid": 0.7336,
      "corr_structured": null,
      "cat1": "Act",
      "cat2": "ETF",
      "exp1": null,
      "exp2": "gold_physical",
      "fam1": null,
      "fam2": "gold"
    },
    {
      "t1": "FLKR",
      "t2": "SOXX",
      "corr_hybrid": 0.7023,
      "corr_structured": 0.2,
      "cat1": "ETF",
      "cat2": "ETF",
      "exp1": "south_korea",
      "exp2": "semiconductor",
      "fam1": "em_equity",
      "fam2": "sector_tech"
    },
    {
      "t1": "SOXX",
      "t2": "XCEM",
      "corr_hybrid": 0.7015,
      "corr_structured": 0.2,
      "cat1": "ETF",
      "cat2": "ETF",
      "exp1": "semiconductor",
      "exp2": "emerging_markets",
      "fam1": "sector_tech",
      "fam2": "em_equity"
    },
    {
      "t1": "SOXX",
      "t2": "XLK",
      "corr_hybrid": 0.6827,
      "corr_structured": 0.9,
      "cat1": "ETF",
      "cat2": "ETF",
      "exp1": "semiconductor",
      "exp2": "tech",
      "fam1": "sector_tech",
      "fam2": "sector_tech"
    },
    {
      "t1": "FIX",
      "t2": "SOXX",
      "corr_hybrid": 0.6787,
      "corr_structured": null,
      "cat1": "Act",
      "cat2": "ETF",
      "exp1": null,
      "exp2": "semiconductor",
      "fam1": null,
      "fam2": "sector_tech"
    },
    {
      "t1": "FLKR",
      "t2": "XCEM",
      "corr_hybrid": 0.6725,
      "corr_structured": 0.9,
      "cat1": "ETF",
      "cat2": "ETF",
      "exp1": "south_korea",
      "exp2": "emerging_markets",
      "fam1": "em_equity",
      "fam2": "em_equity"
    },
    {
      "t1": "XCEM",
      "t2": "XLK",
      "corr_hybrid": 0.6495,
      "corr_structured": 0.2,
      "cat1": "ETF",
      "cat2": "ETF",
      "exp1": "emerging_markets",
      "exp2": "tech",
      "fam1": "em_equity",
      "fam2": "sector_tech"
    },
    {
      "t1": "FLKR",
      "t2": "XLK",
      "corr_hybrid": 0.6427,
      "corr_structured": 0.2,
      "cat1": "ETF",
      "cat2": "ETF",
      "exp1": "south_korea",
      "exp2": "tech",
      "fam1": "em_equity",
      "fam2": "sector_tech"
    },
    {
      "t1": "FIX",
      "t2": "XLK",
      "corr_hybrid": 0.6425,
      "corr_structured": null,
      "cat1": "Act",
      "cat2": "ETF",
      "exp1": null,
      "exp2": "tech",
      "fam1": null,
      "fam2": "sector_tech"
    },
    {
      "t1": "VSS",
      "t2": "XCEM",
      "corr_hybrid": 0.6309,
      "corr_structured": 0.2,
      "cat1": "ETF",
      "cat2": "ETF",
      "exp1": "intl_small_cap",
      "exp2": "emerging_markets",
      "fam1": null,
      "fam2": "em_equity"
    },
    {
      "t1": "FNDF",
      "t2": "XCEM",
      "corr_hybrid": 0.6234,
      "corr_structured": 0.62,
      "cat1": "ETF",
      "cat2": "ETF",
      "exp1": "international",
      "exp2": "emerging_markets",
      "fam1": "intl_equity",
      "fam2": "em_equity"
    },
    {
      "t1": "FIX",
      "t2": "XCEM",
      "corr_hybrid": 0.6138,
      "corr_structured": null,
      "cat1": "Act",
      "cat2": "ETF",
      "exp1": null,
      "exp2": "emerging_markets",
      "fam1": null,
      "fam2": "em_equity"
    },
    {
      "t1": "SOXX",
      "t2": "VSS",
      "corr_hybrid": 0.6104,
      "corr_structured": 0.2,
      "cat1": "ETF",
      "cat2": "ETF",
      "exp1": "semiconductor",
      "exp2": "intl_small_cap",
      "fam1": "sector_tech",
      "fam2": null
    },
    {
      "t1": "FIX",
      "t2": "FLKR",
      "corr_hybrid": 0.6074,
      "corr_structured": null,
      "cat1": "Act",
      "cat2": "ETF",
      "exp1": null,
      "exp2": "south_korea",
      "fam1": null,
      "fam2": "em_equity"
    },
    {
      "t1": "FNDF",
      "t2": "SOXX",
      "corr_hybrid": 0.6073,
      "corr_structured": 0.2,
      "cat1": "ETF",
      "cat2": "ETF",
      "exp1": "international",
      "exp2": "semiconductor",
      "fam1": "intl_equity",
      "fam2": "sector_tech"
    },
    {
      "t1": "BKR",
      "t2": "OIH",
      "corr_hybrid": 0.5986,
      "corr_structured": null,
      "cat1": "Act",
      "cat2": "ETF",
      "exp1": null,
      "exp2": "energy",
      "fam1": null,
      "fam2": "sector_energy"
    },
    {
      "t1": "FNDF",
      "t2": "VSS",
      "corr_hybrid": 0.5972,
      "corr_structured": 0.2,
      "cat1": "ETF",
      "cat2": "ETF",
      "exp1": "international",
      "exp2": "intl_small_cap",
      "fam1": "intl_equity",
      "fam2": null
    },
    {
      "t1": "FLKR",
      "t2": "FNDF",
      "corr_hybrid": 0.5928,
      "corr_structured": 0.62,
      "cat1": "ETF",
      "cat2": "ETF",
      "exp1": "south_korea",
      "exp2": "international",
      "fam1": "em_equity",
      "fam2": "intl_equity"
    },
    {
      "t1": "FLKR",
      "t2": "VSS",
      "corr_hybrid": 0.592,
      "corr_structured": 0.2,
      "cat1": "ETF",
      "cat2": "ETF",
      "exp1": "south_korea",
      "exp2": "intl_small_cap",
      "fam1": "em_equity",
      "fam2": null
    },
    {
      "t1": "VSS",
      "t2": "XLK",
      "corr_hybrid": 0.5719,
      "corr_structured": 0.2,
      "cat1": "ETF",
      "cat2": "ETF",
      "exp1": "intl_small_cap",
      "exp2": "tech",
      "fam1": null,
      "fam2": "sector_tech"
    },
    {
      "t1": "FNDF",
      "t2": "XLK",
      "corr_hybrid": 0.5643,
      "corr_structured": 0.2,
      "cat1": "ETF",
      "cat2": "ETF",
      "exp1": "international",
      "exp2": "tech",
      "fam1": "intl_equity",
      "fam2": "sector_tech"
    },
    {
      "t1": "GDXJ",
      "t2": "VSS",
      "corr_hybrid": 0.5374,
      "corr_structured": 0.2,
      "cat1": "ETF",
      "cat2": "ETF",
      "exp1": "gold_miners",
      "exp2": "intl_small_cap",
      "fam1": "gold",
      "fam2": null
    },
    {
      "t1": "000660",
      "t2": "2059",
      "corr_hybrid": 0.5294,
      "corr_structured": null,
      "cat1": "Act",
      "cat2": "Act",
      "exp1": null,
      "exp2": null,
      "fam1": null,
      "fam2": null
    },
    {
      "t1": "000660",
      "t2": "5274",
      "corr_hybrid": 0.5294,
      "corr_structured": null,
      "cat1": "Act",
      "cat2": "Act",
      "exp1": null,
      "exp2": null,
      "fam1": null,
      "fam2": null
    },
    {
      "t1": "000660",
      "t2": "BCH/USD",
      "corr_hybrid": 0.5294,
      "corr_structured": null,
      "cat1": "Act",
      "cat2": "Act",
      "exp1": null,
      "exp2": null,
      "fam1": null,
      "fam2": null
    }
  ],
  "all_pairs_bottom_10": [
    {
      "t1": "SOXX",
      "t2": "VICI",
      "corr_hybrid": 0.0163,
      "corr_structured": null,
      "cat1": "ETF",
      "cat2": "Act",
      "exp1": "semiconductor",
      "exp2": null,
      "fam1": "sector_tech",
      "fam2": null
    },
    {
      "t1": "GDXJ",
      "t2": "NOVN",
      "corr_hybrid": 0.0154,
      "corr_structured": null,
      "cat1": "ETF",
      "cat2": "Act",
      "exp1": "gold_miners",
      "exp2": null,
      "fam1": "gold",
      "fam2": null
    },
    {
      "t1": "FLKR",
      "t2": "VICI",
      "corr_hybrid": 0.015,
      "corr_structured": null,
      "cat1": "ETF",
      "cat2": "Act",
      "exp1": "south_korea",
      "exp2": null,
      "fam1": "em_equity",
      "fam2": null
    },
    {
      "t1": "GDXJ",
      "t2": "IBE",
      "corr_hybrid": -0.0134,
      "corr_structured": null,
      "cat1": "ETF",
      "cat2": "Act",
      "exp1": "gold_miners",
      "exp2": null,
      "fam1": "gold",
      "fam2": null
    },
    {
      "t1": "BZU",
      "t2": "SLV",
      "corr_hybrid": 0.0129,
      "corr_structured": null,
      "cat1": "Act",
      "cat2": "ETF",
      "exp1": null,
      "exp2": "silver_physical",
      "fam1": null,
      "fam2": "precious_metals"
    },
    {
      "t1": "GLD",
      "t2": "IBE",
      "corr_hybrid": -0.0109,
      "corr_structured": null,
      "cat1": "ETF",
      "cat2": "Act",
      "exp1": "gold_physical",
      "exp2": null,
      "fam1": "gold",
      "fam2": null
    },
    {
      "t1": "LI",
      "t2": "OIH",
      "corr_hybrid": 0.0083,
      "corr_structured": null,
      "cat1": "Act",
      "cat2": "ETF",
      "exp1": null,
      "exp2": "energy",
      "fam1": null,
      "fam2": "sector_energy"
    },
    {
      "t1": "GLD",
      "t2": "NOVN",
      "corr_hybrid": 0.0079,
      "corr_structured": null,
      "cat1": "ETF",
      "cat2": "Act",
      "exp1": "gold_physical",
      "exp2": null,
      "fam1": "gold",
      "fam2": null
    },
    {
      "t1": "FLKR",
      "t2": "NOVN",
      "corr_hybrid": 0.0069,
      "corr_structured": null,
      "cat1": "ETF",
      "cat2": "Act",
      "exp1": "south_korea",
      "exp2": null,
      "fam1": "em_equity",
      "fam2": null
    },
    {
      "t1": "EOG",
      "t2": "GLD",
      "corr_hybrid": 0.002,
      "corr_structured": null,
      "cat1": "Act",
      "cat2": "ETF",
      "exp1": null,
      "exp2": "gold_physical",
      "fam1": null,
      "fam2": "gold"
    }
  ],
  "correlation_matrix": {
    "tickers": [
      "000660",
      "2059",
      "5274",
      "ACWV",
      "BCH/USD",
      "BKR",
      "BSV",
      "BZU",
      "CDE",
      "CLTL",
      "DIVB",
      "EOG",
      "FIX",
      "FLKR",
      "FLOT",
      "FLTR",
      "FNDF",
      "GBIL",
      "GD",
      "GDXJ",
      "GLD",
      "IBE",
      "INCY",
      "JAAA",
      "KO",
      "LI",
      "NOVN",
      "OIH",
      "SCHD",
      "SHEL",
      "SLV",
      "SNA",
      "SOXX",
      "SPLV",
      "SPYV",
      "STIP",
      "SUNPHARMA",
      "VGSH",
      "VICI",
      "VSS",
      "XBI",
      "XCEM",
      "XLK",
      "XLV"
    ],
    "matrix": [
      [
        1.0,
        0.5294,
        0.5294,
        0.3393,
        0.5294,
        0.2969,
        0.0685,
        0.2874,
        0.1562,
        0.0685,
        0.3373,
        0.3121,
        0.1565,
        0.1063,
        0.0685,
        0.0685,
        0.2613,
        0.0685,
        0.389,
        0.0819,
        0.0759,
        0.4114,
        0.2787,
        0.0685,
        0.407,
        0.2897,
        0.3739,
        0.2112,
        0.3541,
        0.3492,
        0.0424,
        0.4031,
        0.1206,
        0.3307,
        0.336,
        0.0685,
        0.5294,
        0.0685,
        0.4274,
        0.2377,
        0.2052,
        0.1803,
        0.1445,
        0.279
      ],
      [
        0.5294,
        1.0,
        0.5294,
        0.3393,
        0.5294,
        0.2969,
        0.0685,
        0.2874,
        0.1562,
        0.0685,
        0.3373,
        0.3121,
        0.1565,
        0.1063,
        0.0685,
        0.0685,
        0.2613,
        0.0685,
        0.389,
        0.0819,
        0.0759,
        0.4114,
        0.2787,
        0.0685,
        0.407,
        0.2897,
        0.3739,
        0.2112,
        0.3541,
        0.3492,
        0.0424,
        0.4031,
        0.1206,
        0.3307,
        0.336,
        0.0685,
        0.5294,
        0.0685,
        0.4274,
        0.2377,
        0.2052,
        0.1803,
        0.1445,
        0.279
      ],
      [
        0.5294,
        0.5294,
        1.0,
        0.3393,
        0.5294,
        0.2969,
        0.0685,
        0.2874,
        0.1562,
        0.0685,
        0.3373,
        0.3121,
        0.1565,
        0.1063,
        0.0685,
        0.0685,
        0.2613,
        0.0685,
        0.389,
        0.0819,
        0.0759,
        0.4114,
        0.2787,
        0.0685,
        0.407,
        0.2897,
        0.3739,
        0.2112,
        0.3541,
        0.3492,
        0.0424,
        0.4031,
        0.1206,
        0.3307,
        0.336,
        0.0685,
        0.5294,
        0.0685,
        0.4274,
        0.2377,
        0.2052,
        0.1803,
        0.1445,
        0.279
      ],
      [
        0.3393,
        0.3393,
        0.3393,
        1.0,
        0.3393,
        0.3098,
        0.066,
        0.1705,
        0.2433,
        0.066,
        0.3373,
        0.2109,
        0.2527,
        0.2782,
        0.066,
        0.066,
        0.3552,
        0.066,
        0.2784,
        0.2244,
        0.1871,
        0.2377,
        0.2346,
        0.066,
        0.2057,
        0.225,
        0.211,
        0.2858,
        0.3049,
        0.2826,
        0.2034,
        0.3152,
        0.2883,
        0.2218,
        0.343,
        0.066,
        0.3393,
        0.066,
        0.2599,
        0.344,
        0.2503,
        0.3248,
        0.2823,
        0.2449
      ],
      [
        0.5294,
        0.5294,
        0.5294,
        0.3393,
        1.0,
        0.2969,
        0.0685,
        0.2874,
        0.1562,
        0.0685,
        0.3373,
        0.3121,
        0.1565,
        0.1063,
        0.0685,
        0.0685,
        0.2613,
        0.0685,
        0.389,
        0.0819,
        0.0759,
        0.4114,
        0.2787,
        0.0685,
        0.407,
        0.2897,
        0.3739,
        0.2112,
        0.3541,
        0.3492,
        0.0424,
        0.4031,
        0.1206,
        0.3307,
        0.336,
        0.0685,
        0.5294,
        0.0685,
        0.4274,
        0.2377,
        0.2052,
        0.1803,
        0.1445,
        0.279
      ],
      [
        0.2969,
        0.2969,
        0.2969,
        0.3098,
        0.2969,
        1.0,
        0.0948,
        0.0999,
        0.0698,
        0.0948,
        0.4304,
        0.456,
        0.1443,
        0.3612,
        0.0948,
        0.0948,
        0.4417,
        0.0948,
        0.2865,
        0.1335,
        0.1546,
        0.182,
        0.2518,
        0.0948,
        0.1498,
        0.0673,
        0.1244,
        0.5986,
        0.4426,
        0.4812,
        0.2532,
        0.2916,
        0.3388,
        0.2285,
        0.4143,
        0.0948,
        0.2969,
        0.0948,
        0.2231,
        0.3756,
        0.2486,
        0.3782,
        0.3021,
        0.2841
      ],
      [
        0.0685,
        0.0685,
        0.0685,
        0.066,
        0.0685,
        0.0948,
        1.0,
        0.0288,
        0.0308,
        0.0177,
        0.0856,
        0.0696,
        0.0514,
        0.075,
        0.0177,
        0.0177,
        0.0895,
        0.0177,
        0.0614,
        0.0354,
        0.0325,
        0.0453,
        0.0547,
        0.0177,
        0.037,
        0.0331,
        0.0361,
        0.097,
        0.0817,
        0.0805,
        0.0448,
        0.0673,
        0.0747,
        0.0479,
        0.0851,
        0.0177,
        0.0685,
        0.0177,
        0.0503,
        0.0806,
        0.0565,
        0.0811,
        0.0694,
        0.0584
      ],
      [
        0.2874,
        0.2874,
        0.2874,
        0.1705,
        0.2874,
        0.0999,
        0.0288,
        1.0,
        0.1163,
        0.0288,
        0.1494,
        0.1187,
        0.0838,
        0.0209,
        0.0288,
        0.0288,
        0.107,
        0.0288,
        0.2012,
        0.0598,
        0.0483,
        0.2287,
        0.1374,
        0.0288,
        0.2299,
        0.1799,
        0.2155,
        0.04,
        0.154,
        0.145,
        0.0129,
        0.2116,
        0.0333,
        0.1735,
        0.1519,
        0.0288,
        0.2874,
        0.0288,
        0.2358,
        0.1062,
        0.0991,
        0.0671,
        0.0539,
        0.1341
      ],
      [
        0.1562,
        0.1562,
        0.1562,
        0.2433,
        0.1562,
        0.0698,
        0.0308,
        0.1163,
        1.0,
        0.0308,
        0.2146,
        -0.1378,
        0.3037,
        0.3429,
        0.0308,
        0.0308,
        0.4082,
        0.0308,
        0.1334,
        0.8743,
        0.7336,
        0.0582,
        0.115,
        0.0308,
        0.0215,
        0.3277,
        0.0914,
        0.0473,
        0.0891,
        0.0782,
        0.7501,
        0.2129,
        0.3495,
        0.1129,
        0.2411,
        0.0308,
        0.1562,
        0.0308,
        0.1582,
        0.5155,
        0.3192,
        0.429,
        0.3515,
        0.158
      ],
      [
        0.0685,
        0.0685,
        0.0685,
        0.066,
        0.0685,
        0.0948,
        0.0177,
        0.0288,
        0.0308,
        1.0,
        0.0856,
        0.0696,
        0.0514,
        0.075,
        0.0177,
        0.0177,
        0.0895,
        0.0177,
        0.0614,
        0.0354,
        0.0325,
        0.0453,
        0.0547,
        0.0177,
        0.037,
        0.0331,
        0.0361,
        0.097,
        0.0817,
        0.0805,
        0.0448,
        0.0673,
        0.0747,
        0.0479,
        0.0851,
        0.0177,
        0.0685,
        0.0177,
        0.0503,
        0.0806,
        0.0565,
        0.0811,
        0.0694,
        0.0584
      ],
      [
        0.3373,
        0.3373,
        0.3373,
        0.3373,
        0.3373,
        0.4304,
        0.0856,
        0.1494,
        0.2146,
        0.0856,
        1.0,
        0.2653,
        0.3545,
        0.4253,
        0.0856,
        0.0856,
        0.475,
        0.0856,
        0.302,
        0.2235,
        0.1805,
        0.2231,
        0.2832,
        0.0856,
        0.1687,
        0.2152,
        0.185,
        0.437,
        0.3838,
        0.3435,
        0.2289,
        0.3518,
        0.4363,
        0.227,
        0.4407,
        0.0856,
        0.3373,
        0.0856,
        0.2374,
        0.4447,
        0.3164,
        0.4578,
        0.41,
        0.2945
      ],
      [
        0.3121,
        0.3121,
        0.3121,
        0.2109,
        0.3121,
        0.456,
        0.0696,
        0.1187,
        -0.1378,
        0.0696,
        0.2653,
        1.0,
        -0.1905,
        0.0193,
        0.0696,
        0.0696,
        0.169,
        0.0696,
        0.2598,
        -0.095,
        0.002,
        0.2235,
        0.1643,
        0.0696,
        0.2485,
        -0.0341,
        0.1617,
        0.4561,
        0.3712,
        0.4867,
        0.0679,
        0.2025,
        -0.0232,
        0.2392,
        0.2279,
        0.0696,
        0.3121,
        0.0696,
        0.2736,
        0.0876,
        0.0574,
        0.0419,
        -0.0293,
        0.1975
      ],
      [
        0.1565,
        0.1565,
        0.1565,
        0.2527,
        0.1565,
        0.1443,
        0.0514,
        0.0838,
        0.3037,
        0.0514,
        0.3545,
        -0.1905,
        1.0,
        0.6074,
        0.0514,
        0.0514,
        0.4909,
        0.0514,
        0.163,
        0.2664,
        0.1081,
        0.0969,
        0.2522,
        0.0514,
        -0.0172,
        0.332,
        0.1,
        0.1575,
        0.1705,
        -0.0417,
        0.1004,
        0.2992,
        0.6787,
        0.0651,
        0.4067,
        0.0514,
        0.1565,
        0.0514,
        0.0311,
        0.513,
        0.3857,
        0.6138,
        0.6425,
        0.2176
      ],
      [
        0.1063,
        0.1063,
        0.1063,
        0.2782,
        0.1063,
        0.3612,
        0.075,
        0.0209,
        0.3429,
        0.075,
        0.4253,
        0.0193,
        0.6074,
        1.0,
        0.075,
        0.075,
        0.5928,
        0.075,
        0.1604,
        0.3893,
        0.2734,
        0.0217,
        0.2425,
        0.075,
        -0.0826,
        0.2044,
        0.0069,
        0.4297,
        0.2785,
        0.1597,
        0.3521,
        0.2648,
        0.7023,
        0.0759,
        0.4553,
        0.075,
        0.1063,
        0.075,
        0.015,
        0.592,
        0.399,
        0.6725,
        0.6427,
        0.248
      ],
      [
        0.0685,
        0.0685,
        0.0685,
        0.066,
        0.0685,
        0.0948,
        0.0177,
        0.0288,
        0.0308,
        0.0177,
        0.0856,
        0.0696,
        0.0514,
        0.075,
        1.0,
        0.0177,
        0.0895,
        0.0177,
        0.0614,
        0.0354,
        0.0325,
        0.0453,
        0.0547,
        0.0177,
        0.037,
        0.0331,
        0.0361,
        0.097,
        0.0817,
        0.0805,
        0.0448,
        0.0673,
        0.0747,
        0.0479,
        0.0851,
        0.0177,
        0.0685,
        0.0177,
        0.0503,
        0.0806,
        0.0565,
        0.0811,
        0.0694,
        0.0584
      ],
      [
        0.0685,
        0.0685,
        0.0685,
        0.066,
        0.0685,
        0.0948,
        0.0177,
        0.0288,
        0.0308,
        0.0177,
        0.0856,
        0.0696,
        0.0514,
        0.075,
        0.0177,
        1.0,
        0.0895,
        0.0177,
        0.0614,
        0.0354,
        0.0325,
        0.0453,
        0.0547,
        0.0177,
        0.037,
        0.0331,
        0.0361,
        0.097,
        0.0817,
        0.0805,
        0.0448,
        0.0673,
        0.0747,
        0.0479,
        0.0851,
        0.0177,
        0.0685,
        0.0177,
        0.0503,
        0.0806,
        0.0565,
        0.0811,
        0.0694,
        0.0584
      ],
      [
        0.2613,
        0.2613,
        0.2613,
        0.3552,
        0.2613,
        0.4417,
        0.0895,
        0.107,
        0.4082,
        0.0895,
        0.475,
        0.169,
        0.4909,
        0.5928,
        0.0895,
        0.0895,
        1.0,
        0.0895,
        0.2654,
        0.44,
        0.35,
        0.1408,
        0.2851,
        0.0895,
        0.0606,
        0.2468,
        0.1149,
        0.4775,
        0.3696,
        0.3052,
        0.4242,
        0.3467,
        0.6073,
        0.1841,
        0.493,
        0.0895,
        0.2613,
        0.0895,
        0.1683,
        0.5972,
        0.4034,
        0.6234,
        0.5643,
        0.3052
      ],
      [
        0.0685,
        0.0685,
        0.0685,
        0.066,
        0.0685,
        0.0948,
        0.0177,
        0.0288,
        0.0308,
        0.0177,
        0.0856,
        0.0696,
        0.0514,
        0.075,
        0.0177,
        0.0177,
        0.0895,
        1.0,
        0.0614,
        0.0354,
        0.0325,
        0.0453,
        0.0547,
        0.0177,
        0.037,
        0.0331,
        0.0361,
        0.097,
        0.0817,
        0.0805,
        0.0448,
        0.0673,
        0.0747,
        0.0479,
        0.0851,
        0.0177,
        0.0685,
        0.0177,
        0.0503,
        0.0806,
        0.0565,
        0.0811,
        0.0694,
        0.0584
      ],
      [
        0.389,
        0.389,
        0.389,
        0.2784,
        0.389,
        0.2865,
        0.0614,
        0.2012,
        0.1334,
        0.0614,
        0.302,
        0.2598,
        0.163,
        0.1604,
        0.0614,
        0.0614,
        0.2654,
        0.0614,
        1.0,
        0.0956,
        0.0861,
        0.2922,
        0.2295,
        0.0614,
        0.2781,
        0.2117,
        0.2597,
        0.24,
        0.3041,
        0.2968,
        0.0815,
        0.317,
        0.1692,
        0.2487,
        0.3014,
        0.0614,
        0.389,
        0.0614,
        0.3068,
        0.2418,
        0.1919,
        0.2106,
        0.1762,
        0.2338
      ],
      [
        0.0819,
        0.0819,
        0.0819,
        0.2244,
        0.0819,
        0.1335,
        0.0354,
        0.0598,
        0.8743,
        0.0354,
        0.2235,
        -0.095,
        0.2664,
        0.3893,
        0.0354,
        0.0354,
        0.44,
        0.0354,
        0.0956,
        1.0,
        0.7677,
        -0.0134,
        0.0942,
        0.0354,
        -0.0527,
        0.254,
        0.0154,
        0.1451,
        0.103,
        0.115,
        0.8219,
        0.1674,
        0.3821,
        0.0805,
        0.244,
        0.0354,
        0.0819,
        0.0354,
        0.0994,
        0.5374,
        0.3169,
        0.4606,
        0.3689,
        0.149
      ],
      [
        0.0759,
        0.0759,
        0.0759,
        0.1871,
        0.0759,
        0.1546,
        0.0325,
        0.0483,
        0.7336,
        0.0325,
        0.1805,
        0.002,
        0.1081,
        0.2734,
        0.0325,
        0.0325,
        0.35,
        0.0325,
        0.0861,
        0.7677,
        1.0,
        -0.0109,
        0.064,
        0.0325,
        -0.028,
        0.1712,
        0.0079,
        0.1671,
        0.1089,
        0.1646,
        0.7465,
        0.125,
        0.2507,
        0.0848,
        0.187,
        0.0325,
        0.0759,
        0.0325,
        0.1075,
        0.4257,
        0.2381,
        0.338,
        0.2417,
        0.1234
      ],
      [
        0.4114,
        0.4114,
        0.4114,
        0.2377,
        0.4114,
        0.182,
        0.0453,
        0.2287,
        0.0582,
        0.0453,
        0.2231,
        0.2235,
        0.0969,
        0.0217,
        0.0453,
        0.0453,
        0.1408,
        0.0453,
        0.2922,
        -0.0134,
        -0.0109,
        1.0,
        0.2024,
        0.0453,
        0.3335,
        0.2192,
        0.3029,
        0.1042,
        0.2453,
        0.2362,
        -0.054,
        0.2981,
        0.0367,
        0.2501,
        0.2222,
        0.0453,
        0.4114,
        0.0453,
        0.3313,
        0.1204,
        0.1232,
        0.0773,
        0.062,
        0.195
      ],
      [
        0.2787,
        0.2787,
        0.2787,
        0.2346,
        0.2787,
        0.2518,
        0.0547,
        0.1374,
        0.115,
        0.0547,
        0.2832,
        0.1643,
        0.2522,
        0.2425,
        0.0547,
        0.0547,
        0.2851,
        0.0547,
        0.2295,
        0.0942,
        0.064,
        0.2024,
        1.0,
        0.0547,
        0.169,
        0.1825,
        0.1771,
        0.2336,
        0.2528,
        0.2109,
        0.0707,
        0.2645,
        0.2589,
        0.1752,
        0.2906,
        0.0547,
        0.2787,
        0.0547,
        0.1988,
        0.2652,
        0.2034,
        0.271,
        0.2513,
        0.2024
      ],
      [
        0.0685,
        0.0685,
        0.0685,
        0.066,
        0.0685,
        0.0948,
        0.0177,
        0.0288,
        0.0308,
        0.0177,
        0.0856,
        0.0696,
        0.0514,
        0.075,
        0.0177,
        0.0177,
        0.0895,
        0.0177,
        0.0614,
        0.0354,
        0.0325,
        0.0453,
        0.0547,
        1.0,
        0.037,
        0.0331,
        0.0361,
        0.097,
        0.0817,
        0.0805,
        0.0448,
        0.0673,
        0.0747,
        0.0479,
        0.0851,
        0.0177,
        0.0685,
        0.0177,
        0.0503,
        0.0806,
        0.0565,
        0.0811,
        0.0694,
        0.0584
      ],
      [
        0.407,
        0.407,
        0.407,
        0.2057,
        0.407,
        0.1498,
        0.037,
        0.2299,
        0.0215,
        0.037,
        0.1687,
        0.2485,
        -0.0172,
        -0.0826,
        0.037,
        0.037,
        0.0606,
        0.037,
        0.2781,
        -0.0527,
        -0.028,
        0.3335,
        0.169,
        0.037,
        1.0,
        0.185,
        0.3059,
        0.0621,
        0.2192,
        0.2403,
        -0.0773,
        0.264,
        -0.0764,
        0.2501,
        0.1606,
        0.037,
        0.407,
        0.037,
        0.3434,
        0.0391,
        0.0655,
        -0.0237,
        -0.042,
        0.1654
      ],
      [
        0.2897,
        0.2897,
        0.2897,
        0.225,
        0.2897,
        0.0673,
        0.0331,
        0.1799,
        0.3277,
        0.0331,
        0.2152,
        -0.0341,
        0.332,
        0.2044,
        0.0331,
        0.0331,
        0.2468,
        0.0331,
        0.2117,
        0.254,
        0.1712,
        0.2192,
        0.1825,
        0.0331,
        0.185,
        1.0,
        0.2214,
        0.0083,
        0.143,
        0.0648,
        0.1262,
        0.2735,
        0.2409,
        0.1623,
        0.2394,
        0.0331,
        0.2897,
        0.0331,
        0.2164,
        0.2788,
        0.2207,
        0.2594,
        0.2541,
        0.1718
      ],
      [
        0.3739,
        0.3739,
        0.3739,
        0.211,
        0.3739,
        0.1244,
        0.0361,
        0.2155,
        0.0914,
        0.0361,
        0.185,
        0.1617,
        0.1,
        0.0069,
        0.0361,
        0.0361,
        0.1149,
        0.0361,
        0.2597,
        0.0154,
        0.0079,
        0.3029,
        0.1771,
        0.0361,
        0.3059,
        0.2214,
        1.0,
        0.0452,
        0.1977,
        0.1825,
        -0.0424,
        0.2698,
        0.0245,
        0.2231,
        0.1873,
        0.0361,
        0.3739,
        0.0361,
        0.3031,
        0.1067,
        0.1119,
        0.0623,
        0.052,
        0.1684
      ],
      [
        0.2112,
        0.2112,
        0.2112,
        0.2858,
        0.2112,
        0.5986,
        0.097,
        0.04,
        0.0473,
        0.097,
        0.437,
        0.4561,
        0.1575,
        0.4297,
        0.097,
        0.097,
        0.4775,
        0.097,
        0.24,
        0.1451,
        0.1671,
        0.1042,
        0.2336,
        0.097,
        0.0621,
        0.0083,
        0.0452,
        1.0,
        0.4403,
        0.4808,
        0.2964,
        0.247,
        0.4009,
        0.183,
        0.4197,
        0.097,
        0.2112,
        0.097,
