{
  "_meta": {
    "generated": "2026-04-15T09:15:59",
    "portfolio_generated": "2026-04-15T09:12:08.761110",
    "n_assets": 41,
    "n_with_returns": 29,
    "covariance_method": "hybrid_shrunk",
    "condition_number": 397.32,
    "pca_factors": 4
  },
  "profiles": {
    "Agressif": {
      "n_assets": 15,
      "weighted_avg_correlation": 0.2405,
      "most_correlated": [
        {
          "t1": "SILJ",
          "t2": "CDE",
          "corr": 0.9105,
          "w1": 9.4,
          "w2": 9.2,
          "combined_weight": 18.6
        },
        {
          "t1": "CDE",
          "t2": "GLD",
          "corr": 0.6919,
          "w1": 9.2,
          "w2": 6.7,
          "combined_weight": 15.9
        },
        {
          "t1": "SILJ",
          "t2": "GLD",
          "corr": 0.6762,
          "w1": 9.4,
          "w2": 6.7,
          "combined_weight": 16.1
        },
        {
          "t1": "PICK",
          "t2": "FCX",
          "corr": 0.6545,
          "w1": 7.2,
          "w2": 5.8,
          "combined_weight": 12.9
        },
        {
          "t1": "FLKR",
          "t2": "SOXX",
          "corr": 0.6526,
          "w1": 8.7,
          "w2": 8.2,
          "combined_weight": 16.9
        },
        {
          "t1": "PICK",
          "t2": "SOXX",
          "corr": 0.6483,
          "w1": 7.2,
          "w2": 8.2,
          "combined_weight": 15.4
        },
        {
          "t1": "PICK",
          "t2": "SILJ",
          "corr": 0.6169,
          "w1": 7.2,
          "w2": 9.4,
          "combined_weight": 16.5
        },
        {
          "t1": "FLKR",
          "t2": "PICK",
          "corr": 0.6041,
          "w1": 8.7,
          "w2": 7.2,
          "combined_weight": 15.9
        },
        {
          "t1": "SOXX",
          "t2": "FCX",
          "corr": 0.5964,
          "w1": 8.2,
          "w2": 5.8,
          "combined_weight": 14.0
        },
        {
          "t1": "SOXX",
          "t2": "NVDA",
          "corr": 0.59,
          "w1": 8.2,
          "w2": 5.8,
          "combined_weight": 14.0
        }
      ],
      "least_correlated": [
        {
          "t1": "FLTR",
          "t2": "PAAA",
          "corr": 0.0155,
          "w1": 6.8,
          "w2": 6.8,
          "combined_weight": 13.7
        },
        {
          "t1": "XLE",
          "t2": "GLD",
          "corr": 0.0152,
          "w1": 9.4,
          "w2": 6.7,
          "combined_weight": 16.1
        },
        {
          "t1": "SILJ",
          "t2": "UCB",
          "corr": 0.0081,
          "w1": 9.4,
          "w2": 5.8,
          "combined_weight": 15.1
        },
        {
          "t1": "UCB",
          "t2": "GLD",
          "corr": 0.0008,
          "w1": 5.8,
          "w2": 6.7,
          "combined_weight": 12.5
        },
        {
          "t1": "CDE",
          "t2": "UCB",
          "corr": -0.0141,
          "w1": 9.2,
          "w2": 5.8,
          "combined_weight": 15.0
        }
      ],
      "high_corr_high_weight": [
        {
          "t1": "SILJ",
          "t2": "CDE",
          "corr": 0.9105,
          "w1": 9.4,
          "w2": 9.2,
          "combined_weight": 18.6
        }
      ]
    },
    "Mod\u00e9r\u00e9": {
      "n_assets": 18,
      "weighted_avg_correlation": 0.1685,
      "most_correlated": [
        {
          "t1": "VSS",
          "t2": "RIO",
          "corr": 0.5593,
          "w1": 8.3,
          "w2": 4.1,
          "combined_weight": 12.4
        },
        {
          "t1": "EICHERMOT",
          "t2": "CUMMINSIND",
          "corr": 0.5388,
          "w1": 4.4,
          "w2": 4.1,
          "combined_weight": 8.5
        },
        {
          "t1": "VSS",
          "t2": "SCHY",
          "corr": 0.4683,
          "w1": 8.3,
          "w2": 7.3,
          "combined_weight": 15.5
        },
        {
          "t1": "SCHY",
          "t2": "RIO",
          "corr": 0.4526,
          "w1": 7.3,
          "w2": 4.1,
          "combined_weight": 11.3
        },
        {
          "t1": "VSS",
          "t2": "GCOW",
          "corr": 0.4053,
          "w1": 8.3,
          "w2": 8.3,
          "combined_weight": 16.6
        },
        {
          "t1": "GCOW",
          "t2": "RIO",
          "corr": 0.4025,
          "w1": 8.3,
          "w2": 4.1,
          "combined_weight": 12.4
        },
        {
          "t1": "KO",
          "t2": "EICHERMOT",
          "corr": 0.3928,
          "w1": 4.1,
          "w2": 4.4,
          "combined_weight": 8.6
        },
        {
          "t1": "KO",
          "t2": "CUMMINSIND",
          "corr": 0.3928,
          "w1": 4.1,
          "w2": 4.1,
          "combined_weight": 8.2
        },
        {
          "t1": "NOVN",
          "t2": "EICHERMOT",
          "corr": 0.3684,
          "w1": 6.1,
          "w2": 4.4,
          "combined_weight": 10.5
        },
        {
          "t1": "NOVN",
          "t2": "CUMMINSIND",
          "corr": 0.3684,
          "w1": 6.1,
          "w2": 4.1,
          "combined_weight": 10.2
        }
      ],
      "least_correlated": [
        {
          "t1": "STIP",
          "t2": "GBIL",
          "corr": 0.0155,
          "w1": 8.2,
          "w2": 8.2,
          "combined_weight": 16.3
        },
        {
          "t1": "STIP",
          "t2": "USFR",
          "corr": 0.0155,
          "w1": 8.2,
          "w2": 8.2,
          "combined_weight": 16.3
        },
        {
          "t1": "GBIL",
          "t2": "USFR",
          "corr": 0.0155,
          "w1": 8.2,
          "w2": 8.2,
          "combined_weight": 16.3
        },
        {
          "t1": "KO",
          "t2": "GLD",
          "corr": -0.0246,
          "w1": 4.1,
          "w2": 5.0,
          "combined_weight": 9.1
        },
        {
          "t1": "VSS",
          "t2": "ITX",
          "corr": -0.026,
          "w1": 8.3,
          "w2": 3.6,
          "combined_weight": 11.8
        }
      ],
      "high_corr_high_weight": []
    },
    "Stable": {
      "n_assets": 13,
      "weighted_avg_correlation": 0.0942,
      "most_correlated": [
        {
          "t1": "ACWV",
          "t2": "SPYV",
          "corr": 0.3406,
          "w1": 7.0,
          "w2": 7.8,
          "combined_weight": 14.8
        },
        {
          "t1": "SPYV",
          "t2": "XLV",
          "corr": 0.315,
          "w1": 7.8,
          "w2": 4.2,
          "combined_weight": 12.0
        },
        {
          "t1": "SPYV",
          "t2": "CS",
          "corr": 0.3053,
          "w1": 7.8,
          "w2": 7.2,
          "combined_weight": 15.0
        },
        {
          "t1": "ACWV",
          "t2": "CS",
          "corr": 0.2779,
          "w1": 7.0,
          "w2": 7.2,
          "combined_weight": 14.2
        },
        {
          "t1": "CS",
          "t2": "GLD",
          "corr": 0.2618,
          "w1": 7.2,
          "w2": 4.2,
          "combined_weight": 11.4
        },
        {
          "t1": "SHEL",
          "t2": "SPYV",
          "corr": 0.261,
          "w1": 7.4,
          "w2": 7.8,
          "combined_weight": 15.2
        },
        {
          "t1": "ACWV",
          "t2": "SHEL",
          "corr": 0.2561,
          "w1": 7.0,
          "w2": 7.4,
          "combined_weight": 14.3
        },
        {
          "t1": "ACWV",
          "t2": "XLV",
          "corr": 0.2524,
          "w1": 7.0,
          "w2": 4.2,
          "combined_weight": 11.1
        },
        {
          "t1": "HEN",
          "t2": "CIPLA",
          "corr": 0.2394,
          "w1": 7.2,
          "w2": 7.2,
          "combined_weight": 14.4
        },
        {
          "t1": "SPLV",
          "t2": "ACWV",
          "corr": 0.2362,
          "w1": 6.7,
          "w2": 7.0,
          "combined_weight": 13.7
        }
      ],
      "least_correlated": [
        {
          "t1": "CLTL",
          "t2": "VGSH",
          "corr": 0.0155,
          "w1": 11.2,
          "w2": 3.8,
          "combined_weight": 15.1
        },
        {
          "t1": "CLTL",
          "t2": "STIP",
          "corr": 0.0155,
          "w1": 11.2,
          "w2": 13.0,
          "combined_weight": 24.2
        },
        {
          "t1": "VGSH",
          "t2": "STIP",
          "corr": 0.0155,
          "w1": 3.8,
          "w2": 13.0,
          "combined_weight": 16.8
        },
        {
          "t1": "CIPLA",
          "t2": "GLD",
          "corr": 0.0148,
          "w1": 7.2,
          "w2": 4.2,
          "combined_weight": 11.4
        },
        {
          "t1": "CS",
          "t2": "CIPLA",
          "corr": 0.0119,
          "w1": 7.2,
          "w2": 7.2,
          "combined_weight": 14.4
        }
      ],
      "high_corr_high_weight": []
    }
  },
  "all_pairs_top_30": [
    {
      "t1": "CDE",
      "t2": "SILJ",
      "corr_hybrid": 0.9105,
      "corr_structured": null,
      "cat1": "Act",
      "cat2": "ETF",
      "exp1": null,
      "exp2": "silver_miners",
      "fam1": null,
      "fam2": "precious_metals"
    },
    {
      "t1": "CDE",
      "t2": "GLD",
      "corr_hybrid": 0.6919,
      "corr_structured": null,
      "cat1": "Act",
      "cat2": "ETF",
      "exp1": null,
      "exp2": "gold_physical",
      "fam1": null,
      "fam2": "gold"
    },
    {
      "t1": "GLD",
      "t2": "SILJ",
      "corr_hybrid": 0.6762,
      "corr_structured": 0.85,
      "cat1": "ETF",
      "cat2": "ETF",
      "exp1": "gold_physical",
      "exp2": "silver_miners",
      "fam1": "gold",
      "fam2": "precious_metals"
    },
    {
      "t1": "PICK",
      "t2": "VSS",
      "corr_hybrid": 0.6721,
      "corr_structured": 0.2,
      "cat1": "ETF",
      "cat2": "ETF",
      "exp1": "metals_mining",
      "exp2": "intl_small_cap",
      "fam1": null,
      "fam2": null
    },
    {
      "t1": "FCX",
      "t2": "PICK",
      "corr_hybrid": 0.6545,
      "corr_structured": null,
      "cat1": "Act",
      "cat2": "ETF",
      "exp1": null,
      "exp2": "metals_mining",
      "fam1": null,
      "fam2": null
    },
    {
      "t1": "FLKR",
      "t2": "SOXX",
      "corr_hybrid": 0.6526,
      "corr_structured": 0.2,
      "cat1": "ETF",
      "cat2": "ETF",
      "exp1": "south_korea",
      "exp2": "semiconductor",
      "fam1": "em_equity",
      "fam2": "sector_tech"
    },
    {
      "t1": "PICK",
      "t2": "SOXX",
      "corr_hybrid": 0.6483,
      "corr_structured": 0.2,
      "cat1": "ETF",
      "cat2": "ETF",
      "exp1": "metals_mining",
      "exp2": "semiconductor",
      "fam1": null,
      "fam2": "sector_tech"
    },
    {
      "t1": "PICK",
      "t2": "SILJ",
      "corr_hybrid": 0.6169,
      "corr_structured": 0.2,
      "cat1": "ETF",
      "cat2": "ETF",
      "exp1": "metals_mining",
      "exp2": "silver_miners",
      "fam1": null,
      "fam2": "precious_metals"
    },
    {
      "t1": "PICK",
      "t2": "RIO",
      "corr_hybrid": 0.6121,
      "corr_structured": null,
      "cat1": "ETF",
      "cat2": "Act",
      "exp1": "metals_mining",
      "exp2": null,
      "fam1": null,
      "fam2": null
    },
    {
      "t1": "SOXX",
      "t2": "VSS",
      "corr_hybrid": 0.6065,
      "corr_structured": 0.2,
      "cat1": "ETF",
      "cat2": "ETF",
      "exp1": "semiconductor",
      "exp2": "intl_small_cap",
      "fam1": "sector_tech",
      "fam2": null
    },
    {
      "t1": "FLKR",
      "t2": "PICK",
      "corr_hybrid": 0.6041,
      "corr_structured": 0.2,
      "cat1": "ETF",
      "cat2": "ETF",
      "exp1": "south_korea",
      "exp2": "metals_mining",
      "fam1": "em_equity",
      "fam2": null
    },
    {
      "t1": "FCX",
      "t2": "SOXX",
      "corr_hybrid": 0.5964,
      "corr_structured": null,
      "cat1": "Act",
      "cat2": "ETF",
      "exp1": null,
      "exp2": "semiconductor",
      "fam1": null,
      "fam2": "sector_tech"
    },
    {
      "t1": "FCX",
      "t2": "VSS",
      "corr_hybrid": 0.5956,
      "corr_structured": null,
      "cat1": "Act",
      "cat2": "ETF",
      "exp1": null,
      "exp2": "intl_small_cap",
      "fam1": null,
      "fam2": null
    },
    {
      "t1": "NVDA",
      "t2": "SOXX",
      "corr_hybrid": 0.59,
      "corr_structured": null,
      "cat1": "Act",
      "cat2": "ETF",
      "exp1": null,
      "exp2": "semiconductor",
      "fam1": null,
      "fam2": "sector_tech"
    },
    {
      "t1": "CS",
      "t2": "PICK",
      "corr_hybrid": 0.5714,
      "corr_structured": null,
      "cat1": "Act",
      "cat2": "ETF",
      "exp1": null,
      "exp2": "metals_mining",
      "fam1": null,
      "fam2": null
    },
    {
      "t1": "CDE",
      "t2": "PICK",
      "corr_hybrid": 0.5695,
      "corr_structured": null,
      "cat1": "Act",
      "cat2": "ETF",
      "exp1": null,
      "exp2": "metals_mining",
      "fam1": null,
      "fam2": null
    },
    {
      "t1": "RIO",
      "t2": "VSS",
      "corr_hybrid": 0.5593,
      "corr_structured": null,
      "cat1": "Act",
      "cat2": "ETF",
      "exp1": null,
      "exp2": "intl_small_cap",
      "fam1": null,
      "fam2": null
    },
    {
      "t1": "FLKR",
      "t2": "VSS",
      "corr_hybrid": 0.5517,
      "corr_structured": 0.2,
      "cat1": "ETF",
      "cat2": "ETF",
      "exp1": "south_korea",
      "exp2": "intl_small_cap",
      "fam1": "em_equity",
      "fam2": null
    },
    {
      "t1": "2345",
      "t2": "402340",
      "corr_hybrid": 0.5388,
      "corr_structured": null,
      "cat1": "Act",
      "cat2": "Act",
      "exp1": null,
      "exp2": null,
      "fam1": null,
      "fam2": null
    },
    {
      "t1": "2345",
      "t2": "CUMMINSIND",
      "corr_hybrid": 0.5388,
      "corr_structured": null,
      "cat1": "Act",
      "cat2": "Act",
      "exp1": null,
      "exp2": null,
      "fam1": null,
      "fam2": null
    },
    {
      "t1": "2345",
      "t2": "EICHERMOT",
      "corr_hybrid": 0.5388,
      "corr_structured": null,
      "cat1": "Act",
      "cat2": "Act",
      "exp1": null,
      "exp2": null,
      "fam1": null,
      "fam2": null
    },
    {
      "t1": "402340",
      "t2": "CUMMINSIND",
      "corr_hybrid": 0.5388,
      "corr_structured": null,
      "cat1": "Act",
      "cat2": "Act",
      "exp1": null,
      "exp2": null,
      "fam1": null,
      "fam2": null
    },
    {
      "t1": "402340",
      "t2": "EICHERMOT",
      "corr_hybrid": 0.5388,
      "corr_structured": null,
      "cat1": "Act",
      "cat2": "Act",
      "exp1": null,
      "exp2": null,
      "fam1": null,
      "fam2": null
    },
    {
      "t1": "CUMMINSIND",
      "t2": "EICHERMOT",
      "corr_hybrid": 0.5388,
      "corr_structured": null,
      "cat1": "Act",
      "cat2": "Act",
      "exp1": null,
      "exp2": null,
      "fam1": null,
      "fam2": null
    },
    {
      "t1": "FCX",
      "t2": "SILJ",
      "corr_hybrid": 0.5384,
      "corr_structured": null,
      "cat1": "Act",
      "cat2": "ETF",
      "exp1": null,
      "exp2": "silver_miners",
      "fam1": null,
      "fam2": "precious_metals"
    },
    {
      "t1": "FCX",
      "t2": "FLKR",
      "corr_hybrid": 0.5373,
      "corr_structured": null,
      "cat1": "Act",
      "cat2": "ETF",
      "exp1": null,
      "exp2": "south_korea",
      "fam1": null,
      "fam2": "em_equity"
    },
    {
      "t1": "FCX",
      "t2": "RIO",
      "corr_hybrid": 0.5355,
      "corr_structured": null,
      "cat1": "Act",
      "cat2": "Act",
      "exp1": null,
      "exp2": null,
      "fam1": null,
      "fam2": null
    },
    {
      "t1": "SOXX",
      "t2": "SPYV",
      "corr_hybrid": 0.5112,
      "corr_structured": 0.2,
      "cat1": "ETF",
      "cat2": "ETF",
      "exp1": "semiconductor",
      "exp2": "sp500_value",
      "fam1": "sector_tech",
      "fam2": "factor_value"
    },
    {
      "t1": "CDE",
      "t2": "FCX",
      "corr_hybrid": 0.509,
      "corr_structured": null,
      "cat1": "Act",
      "cat2": "Act",
      "exp1": null,
      "exp2": null,
      "fam1": null,
      "fam2": null
    },
    {
      "t1": "PICK",
      "t2": "SCHY",
      "corr_hybrid": 0.4985,
      "corr_structured": 0.2,
      "cat1": "ETF",
      "cat2": "ETF",
      "exp1": "metals_mining",
      "exp2": "international",
      "fam1": null,
      "fam2": "intl_equity"
    }
  ],
  "all_pairs_bottom_10": [
    {
      "t1": "GLD",
      "t2": "XLE",
      "corr_hybrid": 0.0152,
      "corr_structured": 0.2,
      "cat1": "ETF",
      "cat2": "ETF",
      "exp1": "gold_physical",
      "exp2": "energy",
      "fam1": "gold",
      "fam2": "sector_energy"
    },
    {
      "t1": "CIPLA",
      "t2": "GLD",
      "corr_hybrid": 0.0148,
      "corr_structured": null,
      "cat1": "Act",
      "cat2": "ETF",
      "exp1": null,
      "exp2": "gold_physical",
      "fam1": null,
      "fam2": "gold"
    },
    {
      "t1": "CDE",
      "t2": "UCB",
      "corr_hybrid": -0.0141,
      "corr_structured": null,
      "cat1": "Act",
      "cat2": "Act",
      "exp1": null,
      "exp2": null,
      "fam1": null,
      "fam2": null
    },
    {
      "t1": "CIPLA",
      "t2": "CS",
      "corr_hybrid": 0.0119,
      "corr_structured": null,
      "cat1": "Act",
      "cat2": "Act",
      "exp1": null,
      "exp2": null,
      "fam1": null,
      "fam2": null
    },
    {
      "t1": "HEN",
      "t2": "SOXX",
      "corr_hybrid": -0.0117,
      "corr_structured": null,
      "cat1": "Act",
      "cat2": "ETF",
      "exp1": null,
      "exp2": "semiconductor",
      "fam1": null,
      "fam2": "sector_tech"
    },
    {
      "t1": "SILJ",
      "t2": "UCB",
      "corr_hybrid": 0.0081,
      "corr_structured": null,
      "cat1": "ETF",
      "cat2": "Act",
      "exp1": "silver_miners",
      "exp2": null,
      "fam1": "precious_metals",
      "fam2": null
    },
    {
      "t1": "CIPLA",
      "t2": "PICK",
      "corr_hybrid": -0.006,
      "corr_structured": null,
      "cat1": "Act",
      "cat2": "ETF",
      "exp1": null,
      "exp2": "metals_mining",
      "fam1": null,
      "fam2": null
    },
    {
      "t1": "FLKR",
      "t2": "HEN",
      "corr_hybrid": 0.0032,
      "corr_structured": null,
      "cat1": "ETF",
      "cat2": "Act",
      "exp1": "south_korea",
      "exp2": null,
      "fam1": "em_equity",
      "fam2": null
    },
    {
      "t1": "CIPLA",
      "t2": "NVDA",
      "corr_hybrid": -0.0019,
      "corr_structured": null,
      "cat1": "Act",
      "cat2": "Act",
      "exp1": null,
      "exp2": null,
      "fam1": null,
      "fam2": null
    },
    {
      "t1": "GLD",
      "t2": "UCB",
      "corr_hybrid": 0.0008,
      "corr_structured": null,
      "cat1": "ETF",
      "cat2": "Act",
      "exp1": "gold_physical",
      "exp2": null,
      "fam1": "gold",
      "fam2": null
    }
  ],
  "correlation_matrix": {
    "tickers": [
      "2345",
      "402340",
      "ACWV",
      "AGS",
      "BSV",
      "CDE",
      "CIPLA",
      "CLTL",
      "CS",
      "CUMMINSIND",
      "EICHERMOT",
      "FCX",
      "FLKR",
      "FLTR",
      "GBIL",
      "GCOW",
      "GLD",
      "HEN",
      "ITX",
      "KO",
      "LI",
      "NOVN",
      "NVDA",
      "PAAA",
      "PICK",
      "RIO",
      "SCHD",
      "SCHY",
      "SHEL",
      "SILJ",
      "SOXX",
      "SPLV",
      "SPYV",
      "STIP",
      "UCB",
      "USFR",
      "VGSH",
      "VSS",
      "XBI",
      "XLE",
      "XLV"
    ],
    "matrix": [
      [
        1.0,
        0.5388,
        0.3554,
        0.2957,
        0.0798,
        0.1191,
        0.3285,
        0.0798,
        0.1663,
        0.5388,
        0.5388,
        0.2435,
        0.1185,
        0.0798,
        0.0798,
        0.3341,
        0.0956,
        0.3581,
        0.3669,
        0.3928,
        0.2785,
        0.3684,
        0.1918,
        0.0798,
        0.2234,
        0.3345,
        0.3296,
        0.3126,
        0.3426,
        0.091,
        0.1308,
        0.3269,
        0.3292,
        0.0798,
        0.3419,
        0.0798,
        0.0798,
        0.2765,
        0.1953,
        0.1993,
        0.2773
      ],
      [
        0.5388,
        1.0,
        0.3554,
        0.2957,
        0.0798,
        0.1191,
        0.3285,
        0.0798,
        0.1663,
        0.5388,
        0.5388,
        0.2435,
        0.1185,
        0.0798,
        0.0798,
        0.3341,
        0.0956,
        0.3581,
        0.3669,
        0.3928,
        0.2785,
        0.3684,
        0.1918,
        0.0798,
        0.2234,
        0.3345,
        0.3296,
        0.3126,
        0.3426,
        0.091,
        0.1308,
        0.3269,
        0.3292,
        0.0798,
        0.3419,
        0.0798,
        0.0798,
        0.2765,
        0.1953,
        0.1993,
        0.2773
      ],
      [
        0.3554,
        0.3554,
        1.0,
        0.2062,
        0.0655,
        0.1659,
        0.1685,
        0.0655,
        0.2779,
        0.3554,
        0.3554,
        0.3185,
        0.2602,
        0.0655,
        0.0655,
        0.3125,
        0.1339,
        0.2142,
        0.1629,
        0.225,
        0.2593,
        0.2365,
        0.2632,
        0.0655,
        0.3441,
        0.3569,
        0.2947,
        0.3205,
        0.2561,
        0.173,
        0.2863,
        0.2362,
        0.3406,
        0.0655,
        0.2975,
        0.0655,
        0.0655,
        0.3511,
        0.2461,
        0.1516,
        0.2524
      ],
      [
        0.2957,
        0.2957,
        0.2062,
        1.0,
        0.0428,
        0.0767,
        0.1769,
        0.0428,
        0.1911,
        0.2957,
        0.2957,
        0.1408,
        0.0751,
        0.0428,
        0.0428,
        0.2044,
        0.0683,
        0.2011,
        0.2119,
        0.2252,
        0.1549,
        0.2056,
        0.0927,
        0.0428,
        0.1543,
        0.2087,
        0.1898,
        0.193,
        0.1956,
        0.0674,
        0.0714,
        0.1914,
        0.1862,
        0.0428,
        0.196,
        0.0428,
        0.0428,
        0.1709,
        0.1144,
        0.1079,
        0.1601
      ],
      [
        0.0798,
        0.0798,
        0.0655,
        0.0428,
        1.0,
        0.0258,
        0.0376,
        0.0155,
        0.0349,
        0.0798,
        0.0798,
        0.0701,
        0.0595,
        0.0155,
        0.0155,
        0.0657,
        0.0195,
        0.045,
        0.0306,
        0.0478,
        0.0588,
        0.0515,
        0.0683,
        0.0155,
        0.0689,
        0.073,
        0.0666,
        0.067,
        0.0557,
        0.0268,
        0.0697,
        0.0502,
        0.0787,
        0.0155,
        0.0683,
        0.0155,
        0.0155,
        0.075,
        0.0561,
        0.0357,
        0.0571
      ],
      [
        0.1191,
        0.1191,
        0.1659,
        0.0767,
        0.0258,
        1.0,
        0.016,
        0.0258,
        0.2694,
        0.1191,
        0.1191,
        0.509,
        0.2955,
        0.0258,
        0.0258,
        0.2067,
        0.6919,
        0.1384,
        0.026,
        -0.0507,
        0.2191,
        0.0958,
        0.09,
        0.0258,
        0.5695,
        0.457,
        0.0674,
        0.3037,
        0.1256,
        0.9105,
        0.2741,
        0.0603,
        0.1672,
        0.0258,
        -0.0141,
        0.0258,
        0.0258,
        0.4444,
        0.1878,
        0.0176,
        0.0587
      ],
      [
        0.3285,
        0.3285,
        0.1685,
        0.1769,
        0.0376,
        0.016,
        1.0,
        0.0376,
        0.0119,
        0.3285,
        0.3285,
        0.0262,
        -0.0709,
        0.0376,
        0.0376,
        0.1388,
        0.0148,
        0.2394,
        0.2938,
        0.2708,
        0.1099,
        0.2319,
        -0.0019,
        0.0376,
        -0.006,
        0.1073,
        0.1411,
        0.1087,
        0.1882,
        -0.0197,
        -0.0835,
        0.1878,
        0.102,
        0.0376,
        0.1517,
        0.0376,
        0.0376,
        0.0421,
        0.0269,
        0.1038,
        0.1151
      ],
      [
        0.0798,
        0.0798,
        0.0655,
        0.0428,
        0.0155,
        0.0258,
        0.0376,
        1.0,
        0.0349,
        0.0798,
        0.0798,
        0.0701,
        0.0595,
        0.0155,
        0.0155,
        0.0657,
        0.0195,
        0.045,
        0.0306,
        0.0478,
        0.0588,
        0.0515,
        0.0683,
        0.0155,
        0.0689,
        0.073,
        0.0666,
        0.067,
        0.0557,
        0.0268,
        0.0697,
        0.0502,
        0.0787,
        0.0155,
        0.0683,
        0.0155,
        0.0155,
        0.075,
        0.0561,
        0.0357,
        0.0571
      ],
      [
        0.1663,
        0.1663,
        0.2779,
        0.1911,
        0.0349,
        0.2694,
        0.0119,
        0.0349,
        1.0,
        0.1663,
        0.1663,
        0.351,
        0.3565,
        0.0349,
        0.0349,
        0.3773,
        0.2618,
        0.1162,
        0.0814,
        0.1383,
        0.2057,
        0.1297,
        0.151,
        0.0349,
        0.5714,
        0.4742,
        0.2649,
        0.4068,
        0.2005,
        0.3363,
        0.3091,
        0.2119,
        0.3053,
        0.0349,
        0.2542,
        0.0349,
        0.0349,
        0.4568,
        0.2699,
        0.0758,
        0.2323
      ],
      [
        0.5388,
        0.5388,
        0.3554,
        0.2957,
        0.0798,
        0.1191,
        0.3285,
        0.0798,
        0.1663,
        1.0,
        0.5388,
        0.2435,
        0.1185,
        0.0798,
        0.0798,
        0.3341,
        0.0956,
        0.3581,
        0.3669,
        0.3928,
        0.2785,
        0.3684,
        0.1918,
        0.0798,
        0.2234,
        0.3345,
        0.3296,
        0.3126,
        0.3426,
        0.091,
        0.1308,
        0.3269,
        0.3292,
        0.0798,
        0.3419,
        0.0798,
        0.0798,
        0.2765,
        0.1953,
        0.1993,
        0.2773
      ],
      [
        0.5388,
        0.5388,
        0.3554,
        0.2957,
        0.0798,
        0.1191,
        0.3285,
        0.0798,
        0.1663,
        0.5388,
        1.0,
        0.2435,
        0.1185,
        0.0798,
        0.0798,
        0.3341,
        0.0956,
        0.3581,
        0.3669,
        0.3928,
        0.2785,
        0.3684,
        0.1918,
        0.0798,
        0.2234,
        0.3345,
        0.3296,
        0.3126,
        0.3426,
        0.091,
        0.1308,
        0.3269,
        0.3292,
        0.0798,
        0.3419,
        0.0798,
        0.0798,
        0.2765,
        0.1953,
        0.1993,
        0.2773
      ],
      [
        0.2435,
        0.2435,
        0.3185,
        0.1408,
        0.0701,
        0.509,
        0.0262,
        0.0701,
        0.351,
        0.2435,
        0.2435,
        1.0,
        0.5373,
        0.0701,
        0.0701,
        0.3654,
        0.3799,
        0.1205,
        -0.0532,
        0.0397,
        0.3445,
        0.1494,
        0.4405,
        0.0701,
        0.6545,
        0.5355,
        0.3097,
        0.4369,
        0.2255,
        0.5384,
        0.5964,
        0.1697,
        0.4528,
        0.0701,
        0.2787,
        0.0701,
        0.0701,
        0.5956,
        0.39,
        0.1314,
        0.2708
      ],
      [
        0.1185,
        0.1185,
        0.2602,
        0.0751,
        0.0595,
        0.2955,
        -0.0709,
        0.0595,
        0.3565,
        0.1185,
        0.1185,
        0.5373,
        1.0,
        0.0595,
        0.0595,
        0.3177,
        0.2241,
        0.0032,
        -0.1864,
        -0.0419,
        0.2942,
        0.0542,
        0.4908,
        0.0595,
        0.6041,
        0.4519,
        0.2923,
        0.3831,
        0.1538,
        0.3553,
        0.6526,
        0.1103,
        0.4442,
        0.0595,
        0.2776,
        0.0595,
        0.0595,
        0.5517,
        0.3936,
        0.1083,
        0.259
      ],
      [
        0.0798,
        0.0798,
        0.0655,
        0.0428,
        0.0155,
        0.0258,
        0.0376,
        0.0155,
        0.0349,
        0.0798,
        0.0798,
        0.0701,
        0.0595,
        1.0,
        0.0155,
        0.0657,
        0.0195,
        0.045,
        0.0306,
        0.0478,
        0.0588,
        0.0515,
        0.0683,
        0.0155,
        0.0689,
        0.073,
        0.0666,
        0.067,
        0.0557,
        0.0268,
        0.0697,
        0.0502,
        0.0787,
        0.0155,
        0.0683,
        0.0155,
        0.0155,
        0.075,
        0.0561,
        0.0357,
        0.0571
      ],
      [
        0.0798,
        0.0798,
        0.0655,
        0.0428,
        0.0155,
        0.0258,
        0.0376,
        0.0155,
        0.0349,
        0.0798,
        0.0798,
        0.0701,
        0.0595,
        0.0155,
        1.0,
        0.0657,
        0.0195,
        0.045,
        0.0306,
        0.0478,
        0.0588,
        0.0515,
        0.0683,
        0.0155,
        0.0689,
        0.073,
        0.0666,
        0.067,
        0.0557,
        0.0268,
        0.0697,
        0.0502,
        0.0787,
        0.0155,
        0.0683,
        0.0155,
        0.0155,
        0.075,
        0.0561,
        0.0357,
        0.0571
      ],
      [
        0.3341,
        0.3341,
        0.3125,
        0.2044,
        0.0657,
        0.2067,
        0.1388,
        0.0657,
        0.3773,
        0.3341,
        0.3341,
        0.3654,
        0.3177,
        0.0657,
        0.0657,
        1.0,
        0.1696,
        0.1971,
        0.1303,
        0.2026,
        0.2737,
        0.222,
        0.2891,
        0.0657,
        0.4173,
        0.4025,
        0.3086,
        0.3563,
        0.2561,
        0.2254,
        0.3425,
        0.2355,
        0.3676,
        0.0657,
        0.3078,
        0.0657,
        0.0657,
        0.4053,
        0.2784,
        0.1482,
        0.2658
      ],
      [
        0.0956,
        0.0956,
        0.1339,
        0.0683,
        0.0195,
        0.6919,
        0.0148,
        0.0195,
        0.2618,
        0.0956,
        0.0956,
        0.3799,
        0.2241,
        0.0195,
        0.0195,
        0.1696,
        1.0,
        0.1095,
        0.0313,
        -0.0246,
        0.1658,
        0.078,
        0.0614,
        0.0195,
        0.4391,
        0.3546,
        0.0604,
        0.2402,
        0.102,
        0.6762,
        0.2023,
        0.0569,
        0.1311,
        0.0195,
        0.0008,
        0.0195,
        0.0195,
        0.3409,
        0.1449,
        0.0152,
        0.0526
      ],
      [
        0.3581,
        0.3581,
        0.2142,
        0.2011,
        0.045,
        0.1384,
        0.2394,
        0.045,
        0.1162,
        0.3581,
        0.3581,
        0.1205,
        0.0032,
        0.045,
        0.045,
        0.1971,
        0.1095,
        1.0,
        0.2966,
        0.275,
        0.1572,
        0.2536,
        0.0357,
        0.045,
        0.111,
        0.2018,
        0.1772,
        0.1808,
        0.2209,
        0.1065,
        -0.0117,
        0.2132,
        0.1563,
        0.045,
        0.1786,
        0.045,
        0.045,
        0.1375,
        0.0784,
        0.1154,
        0.1468
      ],
      [
        0.3669,
        0.3669,
        0.1629,
        0.2119,
        0.0306,
        0.026,
        0.2938,
        0.0306,
        0.0814,
        0.3669,
        0.3669,
        -0.0532,
        -0.1864,
        0.0306,
        0.0306,
        0.1303,
        0.0313,
        0.2966,
        1.0,
        0.3385,
        0.077,
        0.2713,
        -0.1294,
        0.0306,
        -0.07,
        0.0833,
        0.1134,
        0.0862,
        0.2038,
        -0.0237,
        -0.2354,
        0.2154,
        0.0334,
        0.0306,
        0.1233,
        0.0306,
        0.0306,
        -0.026,
        -0.0395,
        0.0958,
        0.0889
      ],
      [
        0.3928,
        0.3928,
        0.225,
        0.2252,
        0.0478,
        -0.0507,
        0.2708,
        0.0478,
        0.1383,
        0.3928,
        0.3928,
        0.0397,
        -0.0419,
        0.0478,
        0.0478,
        0.2026,
        -0.0246,
        0.275,
        0.3385,
        1.0,
        0.1416,
        0.2762,
        0.0306,
        0.0478,
        0.0299,
        0.154,
        0.2058,
        0.1626,
        0.2368,
        -0.0759,
        -0.057,
        0.2446,
        0.1607,
        0.0478,
        0.2265,
        0.0478,
        0.0478,
        0.0826,
        0.0639,
        0.1334,
        0.1708
      ],
      [
        0.2785,
        0.2785,
        0.2593,
        0.1549,
        0.0588,
        0.2191,
        0.1099,
        0.0588,
        0.2057,
        0.2785,
        0.2785,
        0.3445,
        0.2942,
        0.0588,
        0.0588,
        0.2737,
        0.1658,
        0.1572,
        0.077,
        0.1416,
        1.0,
        0.1798,
        0.2848,
        0.0588,
        0.361,
        0.3412,
        0.2564,
        0.2965,
        0.2098,
        0.2286,
        0.3322,
        0.1811,
        0.3237,
        0.0588,
        0.2511,
        0.0588,
        0.0588,
        0.3577,
        0.2484,
        0.1277,
        0.2209
      ],
      [
        0.3684,
        0.3684,
        0.2365,
        0.2056,
        0.0515,
        0.0958,
        0.2319,
        0.0515,
        0.1297,
        0.3684,
        0.3684,
        0.1494,
        0.0542,
        0.0515,
        0.0515,
        0.222,
        0.078,
        0.2536,
        0.2713,
        0.2762,
        0.1798,
        1.0,
        0.097,
        0.0515,
        0.1404,
        0.2224,
        0.2124,
        0.2059,
        0.2327,
        0.0732,
        0.0532,
        0.2242,
        0.2036,
        0.0515,
        0.2191,
        0.0515,
        0.0515,
        0.1729,
        0.1157,
        0.1304,
        0.178
      ],
      [
        0.1918,
        0.1918,
        0.2632,
        0.0927,
        0.0683,
        0.09,
        -0.0019,
        0.0683,
        0.151,
        0.1918,
        0.1918,
        0.4405,
        0.4908,
        0.0683,
        0.0683,
        0.2891,
        0.0614,
        0.0357,
        -0.1294,
        0.0306,
        0.2848,
        0.097,
        1.0,
        0.0683,
        0.4472,
        0.358,
        0.3132,
        0.3264,
        0.1738,
        0.1371,
        0.59,
        0.1357,
        0.4426,
        0.0683,
        0.3195,
        0.0683,
        0.0683,
        0.4543,
        0.3614,
        0.1404,
        0.2747
      ],
      [
        0.0798,
        0.0798,
        0.0655,
        0.0428,
        0.0155,
        0.0258,
        0.0376,
        0.0155,
        0.0349,
        0.0798,
        0.0798,
        0.0701,
        0.0595,
        0.0155,
        0.0155,
        0.0657,
        0.0195,
        0.045,
        0.0306,
        0.0478,
        0.0588,
        0.0515,
        0.0683,
        1.0,
        0.0689,
        0.073,
        0.0666,
        0.067,
        0.0557,
        0.0268,
        0.0697,
        0.0502,
        0.0787,
        0.0155,
        0.0683,
        0.0155,
        0.0155,
        0.075,
        0.0561,
        0.0357,
        0.0571
      ],
      [
        0.2234,
        0.2234,
        0.3441,
        0.1543,
        0.0689,
        0.5695,
        -0.006,
        0.0689,
        0.5714,
        0.2234,
        0.2234,
        0.6545,
        0.6041,
        0.0689,
        0.0689,
        0.4173,
        0.4391,
        0.111,
        -0.07,
        0.0299,
        0.361,
        0.1404,
        0.4472,
        0.0689,
        1.0,
        0.6121,
        0.333,
        0.4985,
        0.2351,
        0.6169,
        0.6483,
        0.1838,
        0.4843,
        0.0689,
        0.297,
        0.0689,
        0.0689,
        0.6721,
        0.4291,
        0.1258,
        0.2924
      ],
      [
        0.3345,
        0.3345,
        0.3569,
        0.2087,
        0.073,
        0.457,
        0.1073,
        0.073,
        0.4742,
        0.3345,
        0.3345,
        0.5355,
        0.4519,
        0.073,
        0.073,
        0.4025,
        0.3546,
        0.2018,
        0.0833,
        0.154,
        0.3412,
        0.2224,
        0.358,
        0.073,
        0.6121,
        1.0,
        0.3359,
        0.4526,
        0.2783,
        0.4793,
        0.4807,
        0.238,
        0.438,
        0.073,
        0.3129,
        0.073,
        0.073,
        0.5593,
        0.3578,
        0.1504,
        0.2909
      ],
      [
        0.3296,
        0.3296,
        0.2947,
        0.1898,
        0.0666,
        0.0674,
        0.1411,
        0.0666,
        0.2649,
        0.3296,
        0.3296,
        0.3097,
        0.2923,
        0.0666,
        0.0666,
        0.3086,
        0.0604,
        0.1772,
        0.1134,
        0.2058,
        0.2564,
        0.2124,
        0.3132,
        0.0666,
        0.333,
        0.3359,
        1.0,
        0.3131,
        0.2424,
        0.087,
        0.3339,
        0.2256,
        0.3633,
        0.0666,
        0.3211,
        0.0666,
        0.0666,
        0.3499,
        0.2648,
        0.1552,
        0.2662
      ],
      [
        0.3126,
        0.3126,
        0.3205,
        0.193,
        0.067,
        0.3037,
        0.1087,
        0.067,
        0.4068,
        0.3126,
        0.3126,
        0.4369,
        0.3831,
        0.067,
        0.067,
        0.3563,
        0.2402,
        0.1808,
        0.0862,
        0.1626,
        0.2965,
        0.2059,
        0.3264,
        0.067,
        0.4985,
        0.4526,
        0.3131,
        1.0,
        0.2527,
        0.3267,
        0.4133,
        0.2233,
        0.3946,
        0.067,
        0.303,
        0.067,
        0.067,
        0.4683,
        0.313,
        0.1438,
        0.2708
      ],
      [
        0.3426,
        0.3426,
        0.2561,
        0.1956,
        0.0557,
        0.1256,
        0.1882,
        0.0557,
        0.2005,
        0.3426,
        0.3426,
        0.2255,
        0.1538,
        0.0557,
        0.0557,
        0.2561,
        0.102,
        0.2209,
        0.2038,
        0.2368,
        0.2098,
        0.2327,
        0.1738,
        0.0557,
        0.2351,
        0.2783,
        0.2424,
        0.2527,
        1.0,
        0.1192,
        0.1658,
        0.2189,
        0.261,
        0.0557,
        0.2469,
        0.0557,
        0.0557,
        0.2528,
        0.1745,
        0.134,
        0.2059
      ],
      [
        0.091,
        0.091,
        0.173,
        0.0674,
        0.0268,
        0.9105,
        -0.0197,
        0.0268,
        0.3363,
        0.091,
        0.091,
        0.5384,
        0.3553,
        0.0268,
        0.0268,
        0.2254,
        0.6762,
        0.1065,
        -0.0237,
        -0.0759,
        0.2286,
        0.0732,
        0.1371,
        0.0268,
        0.6169,
        0.4793,
        0.087,
        0.3267,
        0.1192,
        1.0,
        0.3415,
        0.0552,
        0.2006,
        0.0268,
        0.0081,
        0.0268,
        0.0268,
        0.4837,
        0.2222,
        0.0179,
        0.0773
      ],
      [
        0.1308,
        0.1308,
        0.2863,
        0.0714,
        0.0697,
        0.2741,
        -0.0835,
        0.0697,
        0.3091,
        0.1308,
        0.1308,
        0.5964,
        0.6526,
        0.0697,
        0.0697,
        0.3425,
        0.2023,
        -0.0117,
        -0.2354,
        -0.057,
        0.3322,
        0.0532,
        0.59,
        0.0697,
        0.6483,
        0.4807,
        0.3339,
        0.4133,
        0.1658,
        0.3415,
        1.0,
        0.1145,
        0.5112,
        0.0697,
        0.3227,
        0.0697,
        0.0697,
