{
  "_meta": {
    "generated": "2026-03-31T15:45:03",
    "portfolio_generated": "2026-03-31T15:43:35.925984",
    "n_assets": 39,
    "n_with_returns": 30,
    "covariance_method": "hybrid_shrunk",
    "condition_number": 455.63,
    "pca_factors": 4
  },
  "profiles": {
    "Agressif": {
      "n_assets": 15,
      "weighted_avg_correlation": 0.2281,
      "most_correlated": [
        {
          "t1": "SOXX",
          "t2": "MU",
          "corr": 0.8125,
          "w1": 7.3,
          "w2": 4.2,
          "combined_weight": 11.5
        },
        {
          "t1": "VRT",
          "t2": "MU",
          "corr": 0.7804,
          "w1": 5.1,
          "w2": 4.2,
          "combined_weight": 9.3
        },
        {
          "t1": "VRT",
          "t2": "SOXX",
          "corr": 0.777,
          "w1": 5.1,
          "w2": 7.3,
          "combined_weight": 12.4
        },
        {
          "t1": "SLV",
          "t2": "GLD",
          "corr": 0.733,
          "w1": 7.6,
          "w2": 10.9,
          "combined_weight": 18.5
        },
        {
          "t1": "SOXX",
          "t2": "NVDA",
          "corr": 0.7039,
          "w1": 7.3,
          "w2": 2.9,
          "combined_weight": 10.2
        },
        {
          "t1": "VRT",
          "t2": "NVDA",
          "corr": 0.6971,
          "w1": 5.1,
          "w2": 2.9,
          "combined_weight": 8.0
        },
        {
          "t1": "NVDA",
          "t2": "MU",
          "corr": 0.6896,
          "w1": 2.9,
          "w2": 4.2,
          "combined_weight": 7.1
        },
        {
          "t1": "SLVP",
          "t2": "SLV",
          "corr": 0.652,
          "w1": 5.1,
          "w2": 7.6,
          "combined_weight": 12.7
        },
        {
          "t1": "FLKR",
          "t2": "SOXX",
          "corr": 0.6169,
          "w1": 6.5,
          "w2": 7.3,
          "combined_weight": 13.8
        },
        {
          "t1": "HWM",
          "t2": "SOXX",
          "corr": 0.5826,
          "w1": 8.4,
          "w2": 7.3,
          "combined_weight": 15.7
        }
      ],
      "least_correlated": [
        {
          "t1": "VRT",
          "t2": "SGOV",
          "corr": 0.0219,
          "w1": 5.1,
          "w2": 6.1,
          "combined_weight": 11.2
        },
        {
          "t1": "PAAA",
          "t2": "SGOV",
          "corr": 0.019,
          "w1": 9.2,
          "w2": 6.1,
          "combined_weight": 15.3
        },
        {
          "t1": "3017",
          "t2": "GLD",
          "corr": 0.0162,
          "w1": 4.2,
          "w2": 10.9,
          "combined_weight": 15.1
        },
        {
          "t1": "3017",
          "t2": "SLV",
          "corr": 0.0099,
          "w1": 4.2,
          "w2": 7.6,
          "combined_weight": 11.8
        },
        {
          "t1": "INCY",
          "t2": "SLVP",
          "corr": -0.0326,
          "w1": 9.8,
          "w2": 5.1,
          "combined_weight": 14.9
        }
      ],
      "high_corr_high_weight": [
        {
          "t1": "SOXX",
          "t2": "MU",
          "corr": 0.8125,
          "w1": 7.3,
          "w2": 4.2,
          "combined_weight": 11.5
        },
        {
          "t1": "VRT",
          "t2": "SOXX",
          "corr": 0.777,
          "w1": 5.1,
          "w2": 7.3,
          "combined_weight": 12.4
        },
        {
          "t1": "SLV",
          "t2": "GLD",
          "corr": 0.733,
          "w1": 7.6,
          "w2": 10.9,
          "combined_weight": 18.5
        },
        {
          "t1": "SOXX",
          "t2": "NVDA",
          "corr": 0.7039,
          "w1": 7.3,
          "w2": 2.9,
          "combined_weight": 10.2
        }
      ]
    },
    "Mod\u00e9r\u00e9": {
      "n_assets": 15,
      "weighted_avg_correlation": 0.2367,
      "most_correlated": [
        {
          "t1": "SCHD",
          "t2": "HDV",
          "corr": 0.6312,
          "w1": 6.0,
          "w2": 7.6,
          "combined_weight": 13.7
        },
        {
          "t1": "SCHD",
          "t2": "GGG",
          "corr": 0.5803,
          "w1": 6.0,
          "w2": 3.6,
          "combined_weight": 9.6
        },
        {
          "t1": "SCHD",
          "t2": "XLV",
          "corr": 0.5791,
          "w1": 6.0,
          "w2": 3.1,
          "combined_weight": 9.1
        },
        {
          "t1": "SCHD",
          "t2": "VSS",
          "corr": 0.5783,
          "w1": 6.0,
          "w2": 7.5,
          "combined_weight": 13.6
        },
        {
          "t1": "SCHY",
          "t2": "SCHD",
          "corr": 0.5698,
          "w1": 5.9,
          "w2": 6.0,
          "combined_weight": 12.0
        },
        {
          "t1": "VSS",
          "t2": "RIO",
          "corr": 0.5683,
          "w1": 7.5,
          "w2": 3.0,
          "combined_weight": 10.6
        },
        {
          "t1": "SCHY",
          "t2": "VSS",
          "corr": 0.5651,
          "w1": 5.9,
          "w2": 7.5,
          "combined_weight": 13.5
        },
        {
          "t1": "SCHY",
          "t2": "HDV",
          "corr": 0.5583,
          "w1": 5.9,
          "w2": 7.6,
          "combined_weight": 13.5
        },
        {
          "t1": "HDV",
          "t2": "XLV",
          "corr": 0.5566,
          "w1": 7.6,
          "w2": 3.1,
          "combined_weight": 10.7
        },
        {
          "t1": "HDV",
          "t2": "GGG",
          "corr": 0.5422,
          "w1": 7.6,
          "w2": 3.6,
          "combined_weight": 11.2
        }
      ],
      "least_correlated": [
        {
          "t1": "VGSH",
          "t2": "STIP",
          "corr": 0.019,
          "w1": 9.2,
          "w2": 9.0,
          "combined_weight": 18.2
        },
        {
          "t1": "AGS",
          "t2": "GLD",
          "corr": 0.0162,
          "w1": 5.3,
          "w2": 8.1,
          "combined_weight": 13.4
        },
        {
          "t1": "ITX",
          "t2": "EOG",
          "corr": 0.0095,
          "w1": 8.1,
          "w2": 8.0,
          "combined_weight": 16.1
        },
        {
          "t1": "ITX",
          "t2": "RIO",
          "corr": -0.0077,
          "w1": 8.1,
          "w2": 3.0,
          "combined_weight": 11.1
        },
        {
          "t1": "ITX",
          "t2": "GLD",
          "corr": -0.1281,
          "w1": 8.1,
          "w2": 8.1,
          "combined_weight": 16.2
        }
      ],
      "high_corr_high_weight": []
    },
    "Stable": {
      "n_assets": 16,
      "weighted_avg_correlation": 0.1271,
      "most_correlated": [
        {
          "t1": "ACWV",
          "t2": "SPYV",
          "corr": 0.5706,
          "w1": 4.7,
          "w2": 4.3,
          "combined_weight": 8.9
        },
        {
          "t1": "SPYV",
          "t2": "XLV",
          "corr": 0.562,
          "w1": 4.3,
          "w2": 3.1,
          "combined_weight": 7.4
        },
        {
          "t1": "ACWV",
          "t2": "SPLV",
          "corr": 0.5444,
          "w1": 4.7,
          "w2": 4.7,
          "combined_weight": 9.3
        },
        {
          "t1": "SPLV",
          "t2": "SPYV",
          "corr": 0.5287,
          "w1": 4.7,
          "w2": 4.3,
          "combined_weight": 8.9
        },
        {
          "t1": "ACWV",
          "t2": "XLV",
          "corr": 0.5244,
          "w1": 4.7,
          "w2": 3.1,
          "combined_weight": 7.8
        },
        {
          "t1": "SPLV",
          "t2": "XLV",
          "corr": 0.5147,
          "w1": 4.7,
          "w2": 3.1,
          "combined_weight": 7.8
        },
        {
          "t1": "EOG",
          "t2": "SPYV",
          "corr": 0.5045,
          "w1": 4.5,
          "w2": 4.3,
          "combined_weight": 8.8
        },
        {
          "t1": "SPYV",
          "t2": "GD",
          "corr": 0.4918,
          "w1": 4.3,
          "w2": 3.8,
          "combined_weight": 8.1
        },
        {
          "t1": "SPLV",
          "t2": "VICI",
          "corr": 0.4888,
          "w1": 4.7,
          "w2": 4.5,
          "combined_weight": 9.2
        },
        {
          "t1": "ACWV",
          "t2": "VICI",
          "corr": 0.4745,
          "w1": 4.7,
          "w2": 4.5,
          "combined_weight": 9.2
        }
      ],
      "least_correlated": [
        {
          "t1": "CLTL",
          "t2": "VGSH",
          "corr": 0.019,
          "w1": 10.8,
          "w2": 13.3,
          "combined_weight": 24.1
        },
        {
          "t1": "CLTL",
          "t2": "STIP",
          "corr": 0.019,
          "w1": 10.8,
          "w2": 14.0,
          "combined_weight": 24.8
        },
        {
          "t1": "VGSH",
          "t2": "STIP",
          "corr": 0.019,
          "w1": 13.3,
          "w2": 14.0,
          "combined_weight": 27.3
        },
        {
          "t1": "ULVR",
          "t2": "GLD",
          "corr": 0.0135,
          "w1": 3.8,
          "w2": 5.0,
          "combined_weight": 8.7
        },
        {
          "t1": "SCHP",
          "t2": "GLD",
          "corr": -0.0006,
          "w1": 4.5,
          "w2": 5.0,
          "combined_weight": 9.4
        }
      ],
      "high_corr_high_weight": []
    }
  },
  "all_pairs_top_30": [
    {
      "t1": "MU",
      "t2": "SOXX",
      "corr_hybrid": 0.8125,
      "corr_structured": null,
      "cat1": "Act",
      "cat2": "ETF",
      "exp1": null,
      "exp2": "semiconductor",
      "fam1": null,
      "fam2": "sector_tech"
    },
    {
      "t1": "MU",
      "t2": "VRT",
      "corr_hybrid": 0.7804,
      "corr_structured": null,
      "cat1": "Act",
      "cat2": "Act",
      "exp1": null,
      "exp2": null,
      "fam1": null,
      "fam2": null
    },
    {
      "t1": "SOXX",
      "t2": "VRT",
      "corr_hybrid": 0.777,
      "corr_structured": null,
      "cat1": "ETF",
      "cat2": "Act",
      "exp1": "semiconductor",
      "exp2": null,
      "fam1": "sector_tech",
      "fam2": null
    },
    {
      "t1": "GLD",
      "t2": "SLV",
      "corr_hybrid": 0.733,
      "corr_structured": 0.85,
      "cat1": "ETF",
      "cat2": "ETF",
      "exp1": "gold_physical",
      "exp2": "silver_physical",
      "fam1": "gold",
      "fam2": "precious_metals"
    },
    {
      "t1": "NVDA",
      "t2": "SOXX",
      "corr_hybrid": 0.7039,
      "corr_structured": null,
      "cat1": "Act",
      "cat2": "ETF",
      "exp1": null,
      "exp2": "semiconductor",
      "fam1": null,
      "fam2": "sector_tech"
    },
    {
      "t1": "NVDA",
      "t2": "VRT",
      "corr_hybrid": 0.6971,
      "corr_structured": null,
      "cat1": "Act",
      "cat2": "Act",
      "exp1": null,
      "exp2": null,
      "fam1": null,
      "fam2": null
    },
    {
      "t1": "MU",
      "t2": "NVDA",
      "corr_hybrid": 0.6896,
      "corr_structured": null,
      "cat1": "Act",
      "cat2": "Act",
      "exp1": null,
      "exp2": null,
      "fam1": null,
      "fam2": null
    },
    {
      "t1": "SCHD",
      "t2": "SPYV",
      "corr_hybrid": 0.6642,
      "corr_structured": 0.8,
      "cat1": "ETF",
      "cat2": "ETF",
      "exp1": "dividend",
      "exp2": "sp500_value",
      "fam1": "factor_dividend",
      "fam2": "factor_value"
    },
    {
      "t1": "SLV",
      "t2": "SLVP",
      "corr_hybrid": 0.652,
      "corr_structured": 0.9,
      "cat1": "ETF",
      "cat2": "ETF",
      "exp1": "silver_physical",
      "exp2": "silver_miners",
      "fam1": "precious_metals",
      "fam2": "precious_metals"
    },
    {
      "t1": "HDV",
      "t2": "SCHD",
      "corr_hybrid": 0.6312,
      "corr_structured": 0.95,
      "cat1": "ETF",
      "cat2": "ETF",
      "exp1": "dividend",
      "exp2": "dividend",
      "fam1": "factor_dividend",
      "fam2": "factor_dividend"
    },
    {
      "t1": "SOXX",
      "t2": "SPYV",
      "corr_hybrid": 0.6252,
      "corr_structured": 0.2,
      "cat1": "ETF",
      "cat2": "ETF",
      "exp1": "semiconductor",
      "exp2": "sp500_value",
      "fam1": "sector_tech",
      "fam2": "factor_value"
    },
    {
      "t1": "SPYV",
      "t2": "VSS",
      "corr_hybrid": 0.6249,
      "corr_structured": 0.2,
      "cat1": "ETF",
      "cat2": "ETF",
      "exp1": "sp500_value",
      "exp2": "intl_small_cap",
      "fam1": "factor_value",
      "fam2": null
    },
    {
      "t1": "FLKR",
      "t2": "SOXX",
      "corr_hybrid": 0.6169,
      "corr_structured": 0.2,
      "cat1": "ETF",
      "cat2": "ETF",
      "exp1": "south_korea",
      "exp2": "semiconductor",
      "fam1": "em_equity",
      "fam2": "sector_tech"
    },
    {
      "t1": "HDV",
      "t2": "SPYV",
      "corr_hybrid": 0.601,
      "corr_structured": 0.8,
      "cat1": "ETF",
      "cat2": "ETF",
      "exp1": "dividend",
      "exp2": "sp500_value",
      "fam1": "factor_dividend",
      "fam2": "factor_value"
    },
    {
      "t1": "ACWV",
      "t2": "SCHD",
      "corr_hybrid": 0.5943,
      "corr_structured": 0.72,
      "cat1": "ETF",
      "cat2": "ETF",
      "exp1": "min_vol",
      "exp2": "dividend",
      "fam1": "factor_min_vol",
      "fam2": "factor_dividend"
    },
    {
      "t1": "SOXX",
      "t2": "VSS",
      "corr_hybrid": 0.5908,
      "corr_structured": 0.2,
      "cat1": "ETF",
      "cat2": "ETF",
      "exp1": "semiconductor",
      "exp2": "intl_small_cap",
      "fam1": "sector_tech",
      "fam2": null
    },
    {
      "t1": "ACWV",
      "t2": "HDV",
      "corr_hybrid": 0.5846,
      "corr_structured": 0.72,
      "cat1": "ETF",
      "cat2": "ETF",
      "exp1": "min_vol",
      "exp2": "dividend",
      "fam1": "factor_min_vol",
      "fam2": "factor_dividend"
    },
    {
      "t1": "GGG",
      "t2": "SPYV",
      "corr_hybrid": 0.584,
      "corr_structured": null,
      "cat1": "Act",
      "cat2": "ETF",
      "exp1": null,
      "exp2": "sp500_value",
      "fam1": null,
      "fam2": "factor_value"
    },
    {
      "t1": "HWM",
      "t2": "SOXX",
      "corr_hybrid": 0.5826,
      "corr_structured": null,
      "cat1": "Act",
      "cat2": "ETF",
      "exp1": null,
      "exp2": "semiconductor",
      "fam1": null,
      "fam2": "sector_tech"
    },
    {
      "t1": "GGG",
      "t2": "SCHD",
      "corr_hybrid": 0.5803,
      "corr_structured": null,
      "cat1": "Act",
      "cat2": "ETF",
      "exp1": null,
      "exp2": "dividend",
      "fam1": null,
      "fam2": "factor_dividend"
    },
    {
      "t1": "HDV",
      "t2": "SPLV",
      "corr_hybrid": 0.5792,
      "corr_structured": 0.82,
      "cat1": "ETF",
      "cat2": "ETF",
      "exp1": "dividend",
      "exp2": "sp500",
      "fam1": "factor_dividend",
      "fam2": "us_equity_large"
    },
    {
      "t1": "SCHD",
      "t2": "XLV",
      "corr_hybrid": 0.5791,
      "corr_structured": 0.2,
      "cat1": "ETF",
      "cat2": "ETF",
      "exp1": "dividend",
      "exp2": "healthcare",
      "fam1": "factor_dividend",
      "fam2": "sector_healthcare"
    },
    {
      "t1": "SCHD",
      "t2": "VSS",
      "corr_hybrid": 0.5783,
      "corr_structured": 0.2,
      "cat1": "ETF",
      "cat2": "ETF",
      "exp1": "dividend",
      "exp2": "intl_small_cap",
      "fam1": "factor_dividend",
      "fam2": null
    },
    {
      "t1": "FLKR",
      "t2": "MU",
      "corr_hybrid": 0.5776,
      "corr_structured": null,
      "cat1": "ETF",
      "cat2": "Act",
      "exp1": "south_korea",
      "exp2": null,
      "fam1": "em_equity",
      "fam2": null
    },
    {
      "t1": "SCHD",
      "t2": "SPLV",
      "corr_hybrid": 0.5767,
      "corr_structured": 0.82,
      "cat1": "ETF",
      "cat2": "ETF",
      "exp1": "dividend",
      "exp2": "sp500",
      "fam1": "factor_dividend",
      "fam2": "us_equity_large"
    },
    {
      "t1": "ACWV",
      "t2": "SPYV",
      "corr_hybrid": 0.5706,
      "corr_structured": 0.2,
      "cat1": "ETF",
      "cat2": "ETF",
      "exp1": "min_vol",
      "exp2": "sp500_value",
      "fam1": "factor_min_vol",
      "fam2": "factor_value"
    },
    {
      "t1": "HWM",
      "t2": "VRT",
      "corr_hybrid": 0.5699,
      "corr_structured": null,
      "cat1": "Act",
      "cat2": "Act",
      "exp1": null,
      "exp2": null,
      "fam1": null,
      "fam2": null
    },
    {
      "t1": "SCHD",
      "t2": "SCHY",
      "corr_hybrid": 0.5698,
      "corr_structured": 0.2,
      "cat1": "ETF",
      "cat2": "ETF",
      "exp1": "dividend",
      "exp2": "international",
      "fam1": "factor_dividend",
      "fam2": "intl_equity"
    },
    {
      "t1": "RIO",
      "t2": "VSS",
      "corr_hybrid": 0.5683,
      "corr_structured": null,
      "cat1": "Act",
      "cat2": "ETF",
      "exp1": null,
      "exp2": "intl_small_cap",
      "fam1": null,
      "fam2": null
    },
    {
      "t1": "SCHY",
      "t2": "SPYV",
      "corr_hybrid": 0.5664,
      "corr_structured": 0.2,
      "cat1": "ETF",
      "cat2": "ETF",
      "exp1": "international",
      "exp2": "sp500_value",
      "fam1": "intl_equity",
      "fam2": "factor_value"
    }
  ],
  "all_pairs_bottom_10": [
    {
      "t1": "EOG",
      "t2": "ITX",
      "corr_hybrid": 0.0095,
      "corr_structured": null,
      "cat1": "Act",
      "cat2": "Act",
      "exp1": null,
      "exp2": null,
      "fam1": null,
      "fam2": null
    },
    {
      "t1": "MU",
      "t2": "SCHP",
      "corr_hybrid": -0.0084,
      "corr_structured": null,
      "cat1": "Act",
      "cat2": "Act",
      "exp1": null,
      "exp2": "bonds_tips",
      "fam1": null,
      "fam2": "bonds_gov"
    },
    {
      "t1": "ITX",
      "t2": "RIO",
      "corr_hybrid": -0.0077,
      "corr_structured": null,
      "cat1": "Act",
      "cat2": "Act",
      "exp1": null,
      "exp2": null,
      "fam1": null,
      "fam2": null
    },
    {
      "t1": "JNJ",
      "t2": "NVDA",
      "corr_hybrid": -0.0064,
      "corr_structured": null,
      "cat1": "Act",
      "cat2": "Act",
      "exp1": null,
      "exp2": null,
      "fam1": null,
      "fam2": null
    },
    {
      "t1": "NVDA",
      "t2": "PG",
      "corr_hybrid": -0.0059,
      "corr_structured": null,
      "cat1": "Act",
      "cat2": "Act",
      "exp1": null,
      "exp2": null,
      "fam1": null,
      "fam2": null
    },
    {
      "t1": "FLKR",
      "t2": "ITX",
      "corr_hybrid": -0.0054,
      "corr_structured": null,
      "cat1": "ETF",
      "cat2": "Act",
      "exp1": "south_korea",
      "exp2": null,
      "fam1": "em_equity",
      "fam2": null
    },
    {
      "t1": "EOG",
      "t2": "SLVP",
      "corr_hybrid": 0.0046,
      "corr_structured": null,
      "cat1": "Act",
      "cat2": "ETF",
      "exp1": null,
      "exp2": "silver_miners",
      "fam1": null,
      "fam2": "precious_metals"
    },
    {
      "t1": "SCHP",
      "t2": "VRT",
      "corr_hybrid": 0.0037,
      "corr_structured": null,
      "cat1": "Act",
      "cat2": "Act",
      "exp1": "bonds_tips",
      "exp2": null,
      "fam1": "bonds_gov",
      "fam2": null
    },
    {
      "t1": "ITX",
      "t2": "MU",
      "corr_hybrid": -0.0021,
      "corr_structured": null,
      "cat1": "Act",
      "cat2": "Act",
      "exp1": null,
      "exp2": null,
      "fam1": null,
      "fam2": null
    },
    {
      "t1": "GLD",
      "t2": "SCHP",
      "corr_hybrid": -0.0006,
      "corr_structured": 0.04,
      "cat1": "ETF",
      "cat2": "Act",
      "exp1": "gold_physical",
      "exp2": "bonds_tips",
      "fam1": "gold",
      "fam2": "bonds_gov"
    }
  ],
  "correlation_matrix": {
    "tickers": [
      "3017",
      "ACWV",
      "AGS",
      "BSV",
      "CLTL",
      "EOG",
      "FLKR",
      "GD",
      "GGG",
      "GLD",
      "HDV",
      "HWM",
      "INCY",
      "ITX",
      "JNJ",
      "MU",
      "NVDA",
      "PAAA",
      "PG",
      "RIO",
      "SCHD",
      "SCHO",
      "SCHP",
      "SCHY",
      "SGOV",
      "SLV",
      "SLVP",
      "SOXX",
      "SPLV",
      "SPYV",
      "STIP",
      "ULVR",
      "VGSH",
      "VICI",
      "VRT",
      "VSS",
      "XBI",
      "XLE",
      "XLV"
    ],
    "matrix": [
      [
        1.0,
        0.4107,
        0.4294,
        0.0806,
        0.0806,
        0.2854,
        0.1659,
        0.3862,
        0.4381,
        0.0162,
        0.4362,
        0.3066,
        0.2905,
        0.292,
        0.3283,
        0.1042,
        0.1986,
        0.0806,
        0.3627,
        0.2551,
        0.4371,
        0.0806,
        0.3293,
        0.3551,
        0.0806,
        0.0099,
        0.1549,
        0.2044,
        0.4211,
        0.41,
        0.0806,
        0.1862,
        0.0806,
        0.387,
        0.1292,
        0.3283,
        0.3167,
        0.3057,
        0.3849
      ],
      [
        0.4107,
        1.0,
        0.4107,
        0.1001,
        0.1001,
        0.4317,
        0.3308,
        0.4639,
        0.511,
        0.2186,
        0.5846,
        0.3207,
        0.4088,
        0.0964,
        0.3965,
        0.2463,
        0.2562,
        0.1001,
        0.3993,
        0.459,
        0.5943,
        0.1001,
        0.3117,
        0.5365,
        0.1001,
        0.2479,
        0.1513,
        0.3634,
        0.5444,
        0.5706,
        0.1001,
        0.1321,
        0.1001,
        0.4745,
        0.194,
        0.5227,
        0.4638,
        0.4641,
        0.5244
      ],
      [
        0.4294,
        0.4107,
        1.0,
        0.0806,
        0.0806,
        0.2854,
        0.1659,
        0.3862,
        0.4381,
        0.0162,
        0.4362,
        0.3066,
        0.2905,
        0.292,
        0.3283,
        0.1042,
        0.1986,
        0.0806,
        0.3627,
        0.2551,
        0.4371,
        0.0806,
        0.3293,
        0.3551,
        0.0806,
        0.0099,
        0.1549,
        0.2044,
        0.4211,
        0.41,
        0.0806,
        0.1862,
        0.0806,
        0.387,
        0.1292,
        0.3283,
        0.3167,
        0.3057,
        0.3849
      ],
      [
        0.0806,
        0.1001,
        0.0806,
        1.0,
        0.019,
        0.0716,
        0.0495,
        0.0849,
        0.0911,
        0.0426,
        0.1051,
        0.0531,
        0.0691,
        0.0294,
        0.0774,
        0.0264,
        0.0345,
        0.019,
        0.0801,
        0.0801,
        0.103,
        0.019,
        0.0627,
        0.0958,
        0.019,
        0.047,
        0.0418,
        0.0498,
        0.0999,
        0.096,
        0.019,
        0.0294,
        0.019,
        0.0896,
        0.0219,
        0.0898,
        0.079,
        0.077,
        0.0923
      ],
      [
        0.0806,
        0.1001,
        0.0806,
        0.019,
        1.0,
        0.0716,
        0.0495,
        0.0849,
        0.0911,
        0.0426,
        0.1051,
        0.0531,
        0.0691,
        0.0294,
        0.0774,
        0.0264,
        0.0345,
        0.019,
        0.0801,
        0.0801,
        0.103,
        0.019,
        0.0627,
        0.0958,
        0.019,
        0.047,
        0.0418,
        0.0498,
        0.0999,
        0.096,
        0.019,
        0.0294,
        0.019,
        0.0896,
        0.0219,
        0.0898,
        0.079,
        0.077,
        0.0923
      ],
      [
        0.2854,
        0.4317,
        0.2854,
        0.0716,
        0.0716,
        1.0,
        0.3349,
        0.3589,
        0.4188,
        0.1213,
        0.4596,
        0.3045,
        0.3568,
        0.0095,
        0.2637,
        0.3377,
        0.305,
        0.0716,
        0.2523,
        0.3696,
        0.4999,
        0.0716,
        0.2037,
        0.4214,
        0.0716,
        0.1486,
        0.0046,
        0.4114,
        0.4126,
        0.5045,
        0.0716,
        0.0706,
        0.0716,
        0.3413,
        0.265,
        0.4393,
        0.3992,
        0.4139,
        0.4281
      ],
      [
        0.1659,
        0.3308,
        0.1659,
        0.0495,
        0.0495,
        0.3349,
        1.0,
        0.2757,
        0.3455,
        0.2541,
        0.3361,
        0.4097,
        0.2714,
        -0.0054,
        0.084,
        0.5776,
        0.4864,
        0.0495,
        0.0668,
        0.4301,
        0.4091,
        0.0495,
        0.07,
        0.3857,
        0.0495,
        0.3628,
        0.2031,
        0.6169,
        0.2567,
        0.4961,
        0.0495,
        0.0602,
        0.0495,
        0.1859,
        0.5422,
        0.5075,
        0.3928,
        0.3846,
        0.3305
      ],
      [
        0.3862,
        0.4639,
        0.3862,
        0.0849,
        0.0849,
        0.3589,
        0.2757,
        1.0,
        0.4586,
        0.1253,
        0.4901,
        0.3216,
        0.3437,
        0.1611,
        0.3288,
        0.225,
        0.2575,
        0.0849,
        0.3417,
        0.3621,
        0.5048,
        0.0849,
        0.2886,
        0.4368,
        0.0849,
        0.1457,
        0.1401,
        0.3241,
        0.4563,
        0.4918,
        0.0849,
        0.1426,
        0.0849,
        0.401,
        0.204,
        0.432,
        0.3906,
        0.3872,
        0.4411
      ],
      [
        0.4381,
        0.511,
        0.4381,
        0.0911,
        0.0911,
        0.4188,
        0.3455,
        0.4586,
        1.0,
        0.0747,
        0.5422,
        0.4235,
        0.3989,
        0.203,
        0.3354,
        0.3399,
        0.372,
        0.0911,
        0.3504,
        0.3916,
        0.5803,
        0.0911,
        0.3169,
        0.4751,
        0.0911,
        0.0982,
        0.1114,
        0.4409,
        0.4963,
        0.584,
        0.0911,
        0.1643,
        0.0911,
        0.429,
        0.3179,
        0.4911,
        0.4525,
        0.4529,
        0.4973
      ],
      [
        0.0162,
        0.2186,
        0.0162,
        0.0426,
        0.0426,
        0.1213,
        0.2541,
        0.1253,
        0.0747,
        1.0,
        0.1985,
        0.0343,
        0.0693,
        -0.1281,
        0.1178,
        0.1108,
        0.0313,
        0.0426,
        0.0993,
        0.4197,
        0.16,
        0.0426,
        -0.0006,
        0.3281,
        0.0426,
        0.733,
        0.5088,
        0.1693,
        0.1631,
        0.18,
        0.0426,
        0.0135,
        0.0426,
        0.1401,
        0.1018,
        0.3707,
        0.2008,
        0.1583,
        0.1592
      ],
      [
        0.4362,
        0.5846,
        0.4362,
        0.1051,
        0.1051,
        0.4596,
        0.3361,
        0.4901,
        0.5422,
        0.1985,
        1.0,
        0.3314,
        0.4386,
        0.097,
        0.4237,
        0.2504,
        0.2629,
        0.1051,
        0.4259,
        0.4675,
        0.6312,
        0.1051,
        0.3338,
        0.5583,
        0.1051,
        0.2196,
        0.1164,
        0.3728,
        0.5792,
        0.601,
        0.1051,
        0.1351,
        0.1051,
        0.5045,
        0.1886,
        0.5368,
        0.4862,
        0.4912,
        0.5566
      ],
      [
        0.3066,
        0.3207,
        0.3066,
        0.0531,
        0.0531,
        0.3045,
        0.4097,
        0.3216,
        0.4235,
        0.0343,
        0.3314,
        1.0,
        0.2657,
        0.2513,
        0.1018,
        0.5359,
        0.5403,
        0.0531,
        0.1207,
        0.3144,
        0.4109,
        0.0531,
        0.1757,
        0.3212,
        0.0531,
        0.107,
        0.2012,
        0.5826,
        0.2648,
        0.4959,
        0.0531,
        0.1582,
        0.0531,
        0.2111,
        0.5699,
        0.4339,
        0.3657,
        0.3498,
        0.3251
      ],
      [
        0.2905,
        0.4088,
        0.2905,
        0.0691,
        0.0691,
        0.3568,
        0.2714,
        0.3437,
        0.3989,
        0.0693,
        0.4386,
        0.2657,
        1.0,
        0.03,
        0.2725,
        0.2609,
        0.2487,
        0.0691,
        0.2658,
        0.3157,
        0.4699,
        0.0691,
        0.2164,
        0.3837,
        0.0691,
        0.0767,
        -0.0326,
        0.3344,
        0.4026,
        0.4593,
        0.0691,
        0.073,
        0.0691,
        0.3391,
        0.1933,
        0.3808,
        0.3614,
        0.3783,
        0.4054
      ],
      [
        0.292,
        0.0964,
        0.292,
        0.0294,
        0.0294,
        0.0095,
        -0.0054,
        0.1611,
        0.203,
        -0.1281,
        0.097,
        0.2513,
        0.03,
        1.0,
        0.0918,
        -0.0021,
        0.1452,
        0.0294,
        0.1542,
        -0.0077,
        0.0943,
        0.0294,
        0.2099,
        0.0453,
        0.0294,
        -0.1316,
        0.2594,
        0.0419,
        0.1017,
        0.1056,
        0.0294,
        0.2047,
        0.0294,
        0.1217,
        0.1321,
        0.0554,
        0.0585,
        0.0213,
        0.0768
      ],
      [
        0.3283,
        0.3965,
        0.3283,
        0.0774,
        0.0774,
        0.2637,
        0.084,
        0.3288,
        0.3354,
        0.1178,
        0.4237,
        0.1018,
        0.2725,
        0.0918,
        1.0,
        -0.0618,
        -0.0064,
        0.0774,
        0.3771,
        0.2556,
        0.391,
        0.0774,
        0.2795,
        0.3543,
        0.0774,
        0.0946,
        0.0691,
        0.0395,
        0.4246,
        0.3194,
        0.0774,
        0.1016,
        0.0774,
        0.3906,
        -0.0972,
        0.2748,
        0.2687,
        0.2714,
        0.3629
      ],
      [
        0.1042,
        0.2463,
        0.1042,
        0.0264,
        0.0264,
        0.3377,
        0.5776,
        0.225,
        0.3399,
        0.1108,
        0.2504,
        0.5359,
        0.2609,
        -0.0021,
        -0.0618,
        1.0,
        0.6896,
        0.0264,
        -0.0848,
        0.3744,
        0.3813,
        0.0264,
        -0.0084,
        0.3039,
        0.0264,
        0.232,
        0.0872,
        0.8125,
        0.1481,
        0.5268,
        0.0264,
        0.0411,
        0.0264,
        0.0673,
        0.7804,
        0.4947,
        0.391,
        0.3933,
        0.2795
      ],
      [
        0.1986,
        0.2562,
        0.1986,
        0.0345,
        0.0345,
        0.305,
        0.4864,
        0.2575,
        0.372,
        0.0313,
        0.2629,
        0.5403,
        0.2487,
        0.1452,
        -0.0064,
        0.6896,
        1.0,
        0.0345,
        -0.0059,
        0.3139,
        0.3745,
        0.0345,
        0.075,
        0.2813,
        0.0345,
        0.1256,
        0.1277,
        0.7039,
        0.1784,
        0.4967,
        0.0345,
        0.1024,
        0.0345,
        0.1139,
        0.6971,
        0.4402,
        0.3612,
        0.3547,
        0.2798
      ],
      [
        0.0806,
        0.1001,
        0.0806,
        0.019,
        0.019,
        0.0716,
        0.0495,
        0.0849,
        0.0911,
        0.0426,
        0.1051,
        0.0531,
        0.0691,
        0.0294,
        0.0774,
        0.0264,
        0.0345,
        1.0,
        0.0801,
        0.0801,
        0.103,
        0.019,
        0.0627,
        0.0958,
        0.019,
        0.047,
        0.0418,
        0.0498,
        0.0999,
        0.096,
        0.019,
        0.0294,
        0.019,
        0.0896,
        0.0219,
        0.0898,
        0.079,
        0.077,
        0.0923
      ],
      [
        0.3627,
        0.3993,
        0.3627,
        0.0801,
        0.0801,
        0.2523,
        0.0668,
        0.3417,
        0.3504,
        0.0993,
        0.4259,
        0.1207,
        0.2658,
        0.1542,
        0.3771,
        -0.0848,
        -0.0059,
        0.0801,
        1.0,
        0.2431,
        0.389,
        0.0801,
        0.3061,
        0.3495,
        0.0801,
        0.0733,
        0.1068,
        0.022,
        0.4302,
        0.3158,
        0.0801,
        0.1285,
        0.0801,
        0.4019,
        -0.0995,
        0.2671,
        0.2633,
        0.2602,
        0.3619
      ],
      [
        0.2551,
        0.459,
        0.2551,
        0.0801,
        0.0801,
        0.3696,
        0.4301,
        0.3621,
        0.3916,
        0.4197,
        0.4675,
        0.3144,
        0.3157,
        -0.0077,
        0.2556,
        0.3744,
        0.3139,
        0.0801,
        0.2431,
        1.0,
        0.4859,
        0.0801,
        0.1675,
        0.5124,
        0.0801,
        0.5212,
        0.3316,
        0.4639,
        0.4057,
        0.5156,
        0.0801,
        0.087,
        0.0801,
        0.3382,
        0.3328,
        0.5683,
        0.4352,
        0.4169,
        0.4236
      ],
      [
        0.4371,
        0.5943,
        0.4371,
        0.103,
        0.103,
        0.4999,
        0.4091,
        0.5048,
        0.5803,
        0.16,
        0.6312,
        0.4109,
        0.4699,
        0.0943,
        0.391,
        0.3813,
        0.3745,
        0.103,
        0.389,
        0.4859,
        1.0,
        0.103,
        0.3203,
        0.5698,
        0.103,
        0.1903,
        0.0734,
        0.4941,
        0.5767,
        0.6642,
        0.103,
        0.1328,
        0.103,
        0.4905,
        0.3113,
        0.5783,
        0.5264,
        0.5369,
        0.5791
      ],
      [
        0.0806,
        0.1001,
        0.0806,
        0.019,
        0.019,
        0.0716,
        0.0495,
        0.0849,
        0.0911,
        0.0426,
        0.1051,
        0.0531,
        0.0691,
        0.0294,
        0.0774,
        0.0264,
        0.0345,
        0.019,
        0.0801,
        0.0801,
        0.103,
        1.0,
        0.0627,
        0.0958,
        0.019,
        0.047,
        0.0418,
        0.0498,
        0.0999,
        0.096,
        0.019,
        0.0294,
        0.019,
        0.0896,
        0.0219,
        0.0898,
        0.079,
        0.077,
        0.0923
      ],
      [
        0.3293,
        0.3117,
        0.3293,
        0.0627,
        0.0627,
        0.2037,
        0.07,
        0.2886,
        0.3169,
        -0.0006,
        0.3338,
        0.1757,
        0.2164,
        0.2099,
        0.2795,
        -0.0084,
        0.075,
        0.0627,
        0.3061,
        0.1675,
        0.3203,
        0.0627,
        1.0,
        0.2593,
        0.0627,
        -0.0232,
        0.0844,
        0.0728,
        0.3331,
        0.278,
        0.0627,
        0.135,
        0.0627,
        0.3116,
        0.0037,
        0.2114,
        0.2175,
        0.2126,
        0.2889
      ],
      [
        0.3551,
        0.5365,
        0.3551,
        0.0958,
        0.0958,
        0.4214,
        0.3857,
        0.4368,
        0.4751,
        0.3281,
        0.5583,
        0.3212,
        0.3837,
        0.0453,
        0.3543,
        0.3039,
        0.2813,
        0.0958,
        0.3495,
        0.5124,
        0.5698,
        0.0958,
        0.2593,
        1.0,
        0.0958,
        0.3909,
        0.2406,
        0.4147,
        0.5076,
        0.5664,
        0.0958,
        0.1146,
        0.0958,
        0.4359,
        0.252,
        0.5651,
        0.4695,
        0.4615,
        0.5017
      ],
      [
        0.0806,
        0.1001,
        0.0806,
        0.019,
        0.019,
        0.0716,
        0.0495,
        0.0849,
        0.0911,
        0.0426,
        0.1051,
        0.0531,
        0.0691,
        0.0294,
        0.0774,
        0.0264,
        0.0345,
        0.019,
        0.0801,
        0.0801,
        0.103,
        0.019,
        0.0627,
        0.0958,
        1.0,
        0.047,
        0.0418,
        0.0498,
        0.0999,
        0.096,
        0.019,
        0.0294,
        0.019,
        0.0896,
        0.0219,
        0.0898,
        0.079,
        0.077,
        0.0923
      ],
      [
        0.0099,
        0.2479,
        0.0099,
        0.047,
        0.047,
        0.1486,
        0.3628,
        0.1457,
        0.0982,
        0.733,
        0.2196,
        0.107,
        0.0767,
        -0.1316,
        0.0946,
        0.232,
        0.1256,
        0.047,
        0.0733,
        0.5212,
        0.1903,
        0.047,
        -0.0232,
        0.3909,
        0.047,
        1.0,
        0.652,
        0.2934,
        0.1653,
        0.2417,
        0.047,
        0.0248,
        0.047,
        0.1349,
        0.2344,
        0.4762,
        0.2562,
        0.2002,
        0.181
      ],
      [
        0.1549,
        0.1513,
        0.1549,
        0.0418,
        0.0418,
        0.0046,
        0.2031,
        0.1401,
        0.1114,
        0.5088,
        0.1164,
        0.2012,
        -0.0326,
        0.2594,
        0.0691,
        0.0872,
        0.1277,
        0.0418,
        0.1068,
        0.3316,
        0.0734,
        0.0418,
        0.0844,
        0.2406,
        0.0418,
        0.652,
        1.0,
        0.1535,
        0.0882,
        0.1277,
        0.0418,
        0.1707,
        0.0418,
        0.1032,
        0.2289,
        0.3197,
        0.1384,
        0.051,
        0.0757
      ],
      [
        0.2044,
        0.3634,
        0.2044,
        0.0498,
        0.0498,
        0.4114,
        0.6169,
        0.3241,
        0.4409,
        0.1693,
        0.3728,
        0.5826,
        0.3344,
        0.0419,
        0.0395,
        0.8125,
        0.7039,
        0.0498,
        0.022,
        0.4639,
        0.4941,
        0.0498,
        0.0728,
        0.4147,
        0.0498,
        0.2934,
        0.1535,
        1.0,
        0.2682,
        0.6252,
        0.0498,
        0.0803,
        0.0498,
        0.1787,
        0.777,
        0.5908,
        0.4746,
        0.4723,
        0.3836
      ],
      [
        0.4211,
        0.5444,
        0.4211,
        0.0999,
        0.0999,
        0.4126,
        0.2567,
        0.4563,
        0.4963,
        0.1631,
        0.5792,
        0.2648,
        0.4026,
        0.1017,
        0.4246,
        0.1481,
        0.1784,
        0.0999,
        0.4302,
        0.4057,
        0.5767,
        0.0999,
        0.3331,
        0.5076,
        0.0999,
        0.1653,
        0.0882,
        0.2682,
        1.0,
        0.5287,
        0.0999,
        0.1292,
        0.0999,
        0.4888,
        0.0913,
        0.462,
        0.43,
        0.436,
        0.5147
      ],
      [
        0.41,
        0.5706,
        0.41,
        0.096,
        0.096,
        0.5045,
        0.4961,
        0.4918,
        0.584,
        0.18,
        0.601,
        0.4959,
        0.4593,
        0.1056,
        0.3194,
        0.5268,
        0.4967,
        0.096,
        0.3158,
        0.5156,
        0.6642,
        0.096,
        0.278,
        0.5664,
        0.096,
        0.2417,
        0.1277,
        0.6252,
        0.5287,
        1.0,
        0.096,
        0.1364,
        0.096,
        0.4376,
        0.4701,
        0.6249,
        0.5476,
        0.5518,
        0.562
      ],
      [
        0.0806,
        0.1001,
        0.0806,
        0.019,
        0.019,
        0.0716,
        0.0495,
        0.0849,
        0.0911,
        0.0426,
        0.1051,
        0.0531,
        0.0691,
        0.0294,
        0.0774,
        0.0264,
        0.0345,
        0.019,
        0.0801,
        0.0801,
        0.103,
        0.019,
        0.0627,
        0.0958,
        0.019,
        0.047,
        0.0418,
        0.0498,
        0.0999,
        0.096,
        1.0,
        0.0294,
        0.019,
        0.0896,
        0.0219,
        0.0898,
        0.079,
        0.077,
        0.0923
      ],
      [
        0.1862,
        0.1321,
        0.1862,
        0.0294,
        0.0294,
        0.0706,
        0.0602,
        0.1426,
        0.1643,
        0.0135,
        0.1351,
        0.1582,
        0.073,
        0.2047,
        0.1016,
        0.0411,
        0.1024,
        0.0294,
        0.1285,
        0.087,
        0.1328,
