{
  "_meta": {
    "generated": "2026-06-17T12:15:36",
    "portfolio_generated": "2026-06-17T12:13:23.268826",
    "n_assets": 16,
    "n_with_returns": 10,
    "covariance_method": "hybrid_shrunk",
    "condition_number": 90.59,
    "pca_factors": 3
  },
  "profiles": {
    "Agressif": {
      "n_assets": 9,
      "weighted_avg_correlation": 0.2476,
      "most_correlated": [
        {
          "t1": "VWCE.DE",
          "t2": "IWDA.AS",
          "corr": 0.3927,
          "w1": 50.0,
          "w2": 15.0,
          "combined_weight": 65.0
        },
        {
          "t1": "VWCE.DE",
          "t2": "SGLN.AS",
          "corr": 0.3927,
          "w1": 50.0,
          "w2": 5.0,
          "combined_weight": 55.0
        },
        {
          "t1": "IWDA.AS",
          "t2": "SGLN.AS",
          "corr": 0.3927,
          "w1": 15.0,
          "w2": 5.0,
          "combined_weight": 20.0
        },
        {
          "t1": "EXPD",
          "t2": "ITX",
          "corr": 0.3429,
          "w1": 5.0,
          "w2": 5.0,
          "combined_weight": 10.0
        },
        {
          "t1": "VWCE.DE",
          "t2": "CBOE",
          "corr": 0.3408,
          "w1": 50.0,
          "w2": 5.0,
          "combined_weight": 55.0
        },
        {
          "t1": "IWDA.AS",
          "t2": "CBOE",
          "corr": 0.3408,
          "w1": 15.0,
          "w2": 5.0,
          "combined_weight": 20.0
        },
        {
          "t1": "CBOE",
          "t2": "SGLN.AS",
          "corr": 0.3408,
          "w1": 5.0,
          "w2": 5.0,
          "combined_weight": 10.0
        },
        {
          "t1": "VWCE.DE",
          "t2": "LOGN",
          "corr": 0.2425,
          "w1": 50.0,
          "w2": 5.0,
          "combined_weight": 55.0
        },
        {
          "t1": "IWDA.AS",
          "t2": "LOGN",
          "corr": 0.2425,
          "w1": 15.0,
          "w2": 5.0,
          "combined_weight": 20.0
        },
        {
          "t1": "LOGN",
          "t2": "SGLN.AS",
          "corr": 0.2425,
          "w1": 5.0,
          "w2": 5.0,
          "combined_weight": 10.0
        }
      ],
      "least_correlated": [
        {
          "t1": "ITX",
          "t2": "IBGS.AS",
          "corr": 0.0435,
          "w1": 5.0,
          "w2": 5.0,
          "combined_weight": 10.0
        },
        {
          "t1": "ITX",
          "t2": "CBOE",
          "corr": 0.0429,
          "w1": 5.0,
          "w2": 5.0,
          "combined_weight": 10.0
        },
        {
          "t1": "CF",
          "t2": "IBGS.AS",
          "corr": 0.0398,
          "w1": 5.0,
          "w2": 5.0,
          "combined_weight": 10.0
        },
        {
          "t1": "EXPD",
          "t2": "IBGS.AS",
          "corr": 0.0378,
          "w1": 5.0,
          "w2": 5.0,
          "combined_weight": 10.0
        },
        {
          "t1": "ITX",
          "t2": "CF",
          "corr": -0.0074,
          "w1": 5.0,
          "w2": 5.0,
          "combined_weight": 10.0
        }
      ],
      "high_corr_high_weight": []
    },
    "Mod\u00e9r\u00e9": {
      "n_assets": 9,
      "weighted_avg_correlation": 0.1356,
      "most_correlated": [
        {
          "t1": "VWCE.DE",
          "t2": "SGLN.AS",
          "corr": 0.3927,
          "w1": 50.0,
          "w2": 5.0,
          "combined_weight": 55.0
        },
        {
          "t1": "EXPD",
          "t2": "ITX",
          "corr": 0.3429,
          "w1": 5.0,
          "w2": 5.0,
          "combined_weight": 10.0
        },
        {
          "t1": "VWCE.DE",
          "t2": "LOGN",
          "corr": 0.2425,
          "w1": 50.0,
          "w2": 5.0,
          "combined_weight": 55.0
        },
        {
          "t1": "LOGN",
          "t2": "SGLN.AS",
          "corr": 0.2425,
          "w1": 5.0,
          "w2": 5.0,
          "combined_weight": 10.0
        },
        {
          "t1": "VWCE.DE",
          "t2": "NOVN",
          "corr": 0.2081,
          "w1": 50.0,
          "w2": 5.0,
          "combined_weight": 55.0
        },
        {
          "t1": "NOVN",
          "t2": "SGLN.AS",
          "corr": 0.2081,
          "w1": 5.0,
          "w2": 5.0,
          "combined_weight": 10.0
        },
        {
          "t1": "VWCE.DE",
          "t2": "ITX",
          "corr": 0.188,
          "w1": 50.0,
          "w2": 5.0,
          "combined_weight": 55.0
        },
        {
          "t1": "ITX",
          "t2": "SGLN.AS",
          "corr": 0.188,
          "w1": 5.0,
          "w2": 5.0,
          "combined_weight": 10.0
        },
        {
          "t1": "VWCE.DE",
          "t2": "EXPD",
          "corr": 0.1657,
          "w1": 50.0,
          "w2": 5.0,
          "combined_weight": 55.0
        },
        {
          "t1": "EXPD",
          "t2": "SGLN.AS",
          "corr": 0.1657,
          "w1": 5.0,
          "w2": 5.0,
          "combined_weight": 10.0
        }
      ],
      "least_correlated": [
        {
          "t1": "EXPD",
          "t2": "IBGS.AS",
          "corr": 0.0378,
          "w1": 5.0,
          "w2": 5.0,
          "combined_weight": 10.0
        },
        {
          "t1": "AGGH.AS",
          "t2": "IBCI.AS",
          "corr": 0.0187,
          "w1": 15.0,
          "w2": 5.0,
          "combined_weight": 20.0
        },
        {
          "t1": "AGGH.AS",
          "t2": "IBGS.AS",
          "corr": 0.0187,
          "w1": 15.0,
          "w2": 5.0,
          "combined_weight": 20.0
        },
        {
          "t1": "IBCI.AS",
          "t2": "IBGS.AS",
          "corr": 0.0187,
          "w1": 5.0,
          "w2": 5.0,
          "combined_weight": 10.0
        },
        {
          "t1": "NOVN",
          "t2": "ITX",
          "corr": -0.0126,
          "w1": 5.0,
          "w2": 5.0,
          "combined_weight": 10.0
        }
      ],
      "high_corr_high_weight": []
    },
    "Stable": {
      "n_assets": 9,
      "weighted_avg_correlation": 0.0893,
      "most_correlated": [
        {
          "t1": "BVI",
          "t2": "PUB",
          "corr": 0.4021,
          "w1": 2.5,
          "w2": 2.5,
          "combined_weight": 5.0
        },
        {
          "t1": "VWCE.DE",
          "t2": "SGLN.AS",
          "corr": 0.3927,
          "w1": 20.0,
          "w2": 10.0,
          "combined_weight": 30.0
        },
        {
          "t1": "VWCE.DE",
          "t2": "PUB",
          "corr": 0.3622,
          "w1": 20.0,
          "w2": 2.5,
          "combined_weight": 22.5
        },
        {
          "t1": "SGLN.AS",
          "t2": "PUB",
          "corr": 0.3622,
          "w1": 10.0,
          "w2": 2.5,
          "combined_weight": 12.5
        },
        {
          "t1": "VWCE.DE",
          "t2": "BVI",
          "corr": 0.3433,
          "w1": 20.0,
          "w2": 2.5,
          "combined_weight": 22.5
        },
        {
          "t1": "SGLN.AS",
          "t2": "BVI",
          "corr": 0.3433,
          "w1": 10.0,
          "w2": 2.5,
          "combined_weight": 12.5
        },
        {
          "t1": "VWCE.DE",
          "t2": "NTGY",
          "corr": 0.1649,
          "w1": 20.0,
          "w2": 2.5,
          "combined_weight": 22.5
        },
        {
          "t1": "SGLN.AS",
          "t2": "NTGY",
          "corr": 0.1649,
          "w1": 10.0,
          "w2": 2.5,
          "combined_weight": 12.5
        },
        {
          "t1": "PUB",
          "t2": "NTGY",
          "corr": 0.1515,
          "w1": 2.5,
          "w2": 2.5,
          "combined_weight": 5.0
        },
        {
          "t1": "BVI",
          "t2": "NTGY",
          "corr": 0.1425,
          "w1": 2.5,
          "w2": 2.5,
          "combined_weight": 5.0
        }
      ],
      "least_correlated": [
        {
          "t1": "IBCI.AS",
          "t2": "ADM",
          "corr": 0.031,
          "w1": 20.0,
          "w2": 2.5,
          "combined_weight": 22.5
        },
        {
          "t1": "IBGS.AS",
          "t2": "ADM",
          "corr": 0.031,
          "w1": 15.0,
          "w2": 2.5,
          "combined_weight": 17.5
        },
        {
          "t1": "AGGH.AS",
          "t2": "IBCI.AS",
          "corr": 0.0187,
          "w1": 25.0,
          "w2": 20.0,
          "combined_weight": 45.0
        },
        {
          "t1": "AGGH.AS",
          "t2": "IBGS.AS",
          "corr": 0.0187,
          "w1": 25.0,
          "w2": 15.0,
          "combined_weight": 40.0
        },
        {
          "t1": "IBCI.AS",
          "t2": "IBGS.AS",
          "corr": 0.0187,
          "w1": 20.0,
          "w2": 15.0,
          "combined_weight": 35.0
        }
      ],
      "high_corr_high_weight": []
    }
  },
  "all_pairs_top_30": [
    {
      "t1": "ADM",
      "t2": "CF",
      "corr_hybrid": 0.5171,
      "corr_structured": null,
      "cat1": "Act",
      "cat2": "Act",
      "exp1": null,
      "exp2": null,
      "fam1": null,
      "fam2": null
    },
    {
      "t1": "BVI",
      "t2": "PUB",
      "corr_hybrid": 0.4021,
      "corr_structured": null,
      "cat1": "Act",
      "cat2": "Act",
      "exp1": null,
      "exp2": null,
      "fam1": null,
      "fam2": null
    },
    {
      "t1": "IWDA.AS",
      "t2": "SGLN.AS",
      "corr_hybrid": 0.3927,
      "corr_structured": null,
      "cat1": "ETF",
      "cat2": "ETF",
      "exp1": null,
      "exp2": null,
      "fam1": null,
      "fam2": null
    },
    {
      "t1": "IWDA.AS",
      "t2": "VWCE.DE",
      "corr_hybrid": 0.3927,
      "corr_structured": null,
      "cat1": "ETF",
      "cat2": "ETF",
      "exp1": null,
      "exp2": null,
      "fam1": null,
      "fam2": null
    },
    {
      "t1": "SGLN.AS",
      "t2": "VWCE.DE",
      "corr_hybrid": 0.3927,
      "corr_structured": null,
      "cat1": "ETF",
      "cat2": "ETF",
      "exp1": null,
      "exp2": null,
      "fam1": null,
      "fam2": null
    },
    {
      "t1": "IWDA.AS",
      "t2": "PUB",
      "corr_hybrid": 0.3622,
      "corr_structured": null,
      "cat1": "ETF",
      "cat2": "Act",
      "exp1": null,
      "exp2": null,
      "fam1": null,
      "fam2": null
    },
    {
      "t1": "PUB",
      "t2": "SGLN.AS",
      "corr_hybrid": 0.3622,
      "corr_structured": null,
      "cat1": "Act",
      "cat2": "ETF",
      "exp1": null,
      "exp2": null,
      "fam1": null,
      "fam2": null
    },
    {
      "t1": "PUB",
      "t2": "VWCE.DE",
      "corr_hybrid": 0.3622,
      "corr_structured": null,
      "cat1": "Act",
      "cat2": "ETF",
      "exp1": null,
      "exp2": null,
      "fam1": null,
      "fam2": null
    },
    {
      "t1": "BVI",
      "t2": "IWDA.AS",
      "corr_hybrid": 0.3433,
      "corr_structured": null,
      "cat1": "Act",
      "cat2": "ETF",
      "exp1": null,
      "exp2": null,
      "fam1": null,
      "fam2": null
    },
    {
      "t1": "BVI",
      "t2": "SGLN.AS",
      "corr_hybrid": 0.3433,
      "corr_structured": null,
      "cat1": "Act",
      "cat2": "ETF",
      "exp1": null,
      "exp2": null,
      "fam1": null,
      "fam2": null
    },
    {
      "t1": "BVI",
      "t2": "VWCE.DE",
      "corr_hybrid": 0.3433,
      "corr_structured": null,
      "cat1": "Act",
      "cat2": "ETF",
      "exp1": null,
      "exp2": null,
      "fam1": null,
      "fam2": null
    },
    {
      "t1": "CBOE",
      "t2": "PUB",
      "corr_hybrid": 0.343,
      "corr_structured": null,
      "cat1": "Act",
      "cat2": "Act",
      "exp1": null,
      "exp2": null,
      "fam1": null,
      "fam2": null
    },
    {
      "t1": "EXPD",
      "t2": "ITX",
      "corr_hybrid": 0.3429,
      "corr_structured": null,
      "cat1": "Act",
      "cat2": "Act",
      "exp1": null,
      "exp2": null,
      "fam1": null,
      "fam2": null
    },
    {
      "t1": "CBOE",
      "t2": "IWDA.AS",
      "corr_hybrid": 0.3408,
      "corr_structured": null,
      "cat1": "Act",
      "cat2": "ETF",
      "exp1": null,
      "exp2": null,
      "fam1": null,
      "fam2": null
    },
    {
      "t1": "CBOE",
      "t2": "SGLN.AS",
      "corr_hybrid": 0.3408,
      "corr_structured": null,
      "cat1": "Act",
      "cat2": "ETF",
      "exp1": null,
      "exp2": null,
      "fam1": null,
      "fam2": null
    },
    {
      "t1": "CBOE",
      "t2": "VWCE.DE",
      "corr_hybrid": 0.3408,
      "corr_structured": null,
      "cat1": "Act",
      "cat2": "ETF",
      "exp1": null,
      "exp2": null,
      "fam1": null,
      "fam2": null
    },
    {
      "t1": "BVI",
      "t2": "CBOE",
      "corr_hybrid": 0.3318,
      "corr_structured": null,
      "cat1": "Act",
      "cat2": "Act",
      "exp1": null,
      "exp2": null,
      "fam1": null,
      "fam2": null
    },
    {
      "t1": "IWDA.AS",
      "t2": "LOGN",
      "corr_hybrid": 0.2425,
      "corr_structured": null,
      "cat1": "ETF",
      "cat2": "Act",
      "exp1": null,
      "exp2": null,
      "fam1": null,
      "fam2": null
    },
    {
      "t1": "LOGN",
      "t2": "SGLN.AS",
      "corr_hybrid": 0.2425,
      "corr_structured": null,
      "cat1": "Act",
      "cat2": "ETF",
      "exp1": null,
      "exp2": null,
      "fam1": null,
      "fam2": null
    },
    {
      "t1": "LOGN",
      "t2": "VWCE.DE",
      "corr_hybrid": 0.2425,
      "corr_structured": null,
      "cat1": "Act",
      "cat2": "ETF",
      "exp1": null,
      "exp2": null,
      "fam1": null,
      "fam2": null
    },
    {
      "t1": "NOVN",
      "t2": "PUB",
      "corr_hybrid": 0.2165,
      "corr_structured": null,
      "cat1": "Act",
      "cat2": "Act",
      "exp1": null,
      "exp2": null,
      "fam1": null,
      "fam2": null
    },
    {
      "t1": "LOGN",
      "t2": "PUB",
      "corr_hybrid": 0.2135,
      "corr_structured": null,
      "cat1": "Act",
      "cat2": "Act",
      "exp1": null,
      "exp2": null,
      "fam1": null,
      "fam2": null
    },
    {
      "t1": "BVI",
      "t2": "NOVN",
      "corr_hybrid": 0.2114,
      "corr_structured": null,
      "cat1": "Act",
      "cat2": "Act",
      "exp1": null,
      "exp2": null,
      "fam1": null,
      "fam2": null
    },
    {
      "t1": "CBOE",
      "t2": "LOGN",
      "corr_hybrid": 0.2108,
      "corr_structured": null,
      "cat1": "Act",
      "cat2": "Act",
      "exp1": null,
      "exp2": null,
      "fam1": null,
      "fam2": null
    },
    {
      "t1": "IWDA.AS",
      "t2": "NOVN",
      "corr_hybrid": 0.2081,
      "corr_structured": null,
      "cat1": "ETF",
      "cat2": "Act",
      "exp1": null,
      "exp2": null,
      "fam1": null,
      "fam2": null
    },
    {
      "t1": "NOVN",
      "t2": "SGLN.AS",
      "corr_hybrid": 0.2081,
      "corr_structured": null,
      "cat1": "Act",
      "cat2": "ETF",
      "exp1": null,
      "exp2": null,
      "fam1": null,
      "fam2": null
    },
    {
      "t1": "NOVN",
      "t2": "VWCE.DE",
      "corr_hybrid": 0.2081,
      "corr_structured": null,
      "cat1": "Act",
      "cat2": "ETF",
      "exp1": null,
      "exp2": null,
      "fam1": null,
      "fam2": null
    },
    {
      "t1": "CF",
      "t2": "EXPD",
      "corr_hybrid": 0.2027,
      "corr_structured": null,
      "cat1": "Act",
      "cat2": "Act",
      "exp1": null,
      "exp2": null,
      "fam1": null,
      "fam2": null
    },
    {
      "t1": "BVI",
      "t2": "LOGN",
      "corr_hybrid": 0.2023,
      "corr_structured": null,
      "cat1": "Act",
      "cat2": "Act",
      "exp1": null,
      "exp2": null,
      "fam1": null,
      "fam2": null
    },
    {
      "t1": "CBOE",
      "t2": "NOVN",
      "corr_hybrid": 0.1964,
      "corr_structured": null,
      "cat1": "Act",
      "cat2": "Act",
      "exp1": null,
      "exp2": null,
      "fam1": null,
      "fam2": null
    }
  ],
  "all_pairs_bottom_10": [
    {
      "t1": "ADM",
      "t2": "AGGH.AS",
      "corr_hybrid": 0.031,
      "corr_structured": null,
      "cat1": "Act",
      "cat2": "Obl",
      "exp1": null,
      "exp2": null,
      "fam1": null,
      "fam2": null
    },
    {
      "t1": "ADM",
      "t2": "IBCI.AS",
      "corr_hybrid": 0.031,
      "corr_structured": null,
      "cat1": "Act",
      "cat2": "Obl",
      "exp1": null,
      "exp2": null,
      "fam1": null,
      "fam2": null
    },
    {
      "t1": "ADM",
      "t2": "IBGS.AS",
      "corr_hybrid": 0.031,
      "corr_structured": null,
      "cat1": "Act",
      "cat2": "Obl",
      "exp1": null,
      "exp2": null,
      "fam1": null,
      "fam2": null
    },
    {
      "t1": "BVI",
      "t2": "CF",
      "corr_hybrid": 0.021,
      "corr_structured": null,
      "cat1": "Act",
      "cat2": "Act",
      "exp1": null,
      "exp2": null,
      "fam1": null,
      "fam2": null
    },
    {
      "t1": "AGGH.AS",
      "t2": "IBCI.AS",
      "corr_hybrid": 0.0187,
      "corr_structured": null,
      "cat1": "Obl",
      "cat2": "Obl",
      "exp1": null,
      "exp2": null,
      "fam1": null,
      "fam2": null
    },
    {
      "t1": "AGGH.AS",
      "t2": "IBGS.AS",
      "corr_hybrid": 0.0187,
      "corr_structured": null,
      "cat1": "Obl",
      "cat2": "Obl",
      "exp1": null,
      "exp2": null,
      "fam1": null,
      "fam2": null
    },
    {
      "t1": "IBCI.AS",
      "t2": "IBGS.AS",
      "corr_hybrid": 0.0187,
      "corr_structured": null,
      "cat1": "Obl",
      "cat2": "Obl",
      "exp1": null,
      "exp2": null,
      "fam1": null,
      "fam2": null
    },
    {
      "t1": "CF",
      "t2": "PUB",
      "corr_hybrid": 0.0186,
      "corr_structured": null,
      "cat1": "Act",
      "cat2": "Act",
      "exp1": null,
      "exp2": null,
      "fam1": null,
      "fam2": null
    },
    {
      "t1": "ITX",
      "t2": "NOVN",
      "corr_hybrid": -0.0126,
      "corr_structured": null,
      "cat1": "Act",
      "cat2": "Act",
      "exp1": null,
      "exp2": null,
      "fam1": null,
      "fam2": null
    },
    {
      "t1": "CF",
      "t2": "ITX",
      "corr_hybrid": -0.0074,
      "corr_structured": null,
      "cat1": "Act",
      "cat2": "Act",
      "exp1": null,
      "exp2": null,
      "fam1": null,
      "fam2": null
    }
  ],
  "correlation_matrix": {
    "tickers": [
      "ADM",
      "AGGH.AS",
      "BVI",
      "CBOE",
      "CF",
      "EXPD",
      "IBCI.AS",
      "IBGS.AS",
      "ITX",
      "IWDA.AS",
      "LOGN",
      "NOVN",
      "NTGY",
      "PUB",
      "SGLN.AS",
      "VWCE.DE"
    ],
    "matrix": [
      [
        1.0,
        0.031,
        0.0343,
        0.1145,
        0.5171,
        0.1433,
        0.031,
        0.031,
        0.0692,
        0.1305,
        0.1121,
        0.0771,
        0.0411,
        0.0373,
        0.1305,
        0.1305
      ],
      [
        0.031,
        1.0,
        0.0734,
        0.074,
        0.0398,
        0.0378,
        0.0187,
        0.0187,
        0.0435,
        0.0856,
        0.0532,
        0.0451,
        0.0359,
        0.0776,
        0.0856,
        0.0856
      ],
      [
        0.0343,
        0.0734,
        1.0,
        0.3318,
        0.021,
        0.0422,
        0.0734,
        0.0734,
        -0.0807,
        0.3433,
        0.2023,
        0.2114,
        0.1425,
        0.4021,
        0.3433,
        0.3433
      ],
      [
        0.1145,
        0.074,
        0.3318,
        1.0,
        0.1568,
        0.1074,
        0.074,
        0.074,
        0.0429,
        0.3408,
        0.2108,
        0.1964,
        0.14,
        0.343,
        0.3408,
        0.3408
      ],
      [
        0.5171,
        0.0398,
        0.021,
        0.1568,
        1.0,
        0.2027,
        0.0398,
        0.0398,
        -0.0074,
        0.1621,
        0.1587,
        0.1135,
        0.0401,
        0.0186,
        0.1621,
        0.1621
      ],
      [
        0.1433,
        0.0378,
        0.0422,
        0.1074,
        0.2027,
        1.0,
        0.0378,
        0.0378,
        0.3429,
        0.1657,
        0.1131,
        0.0562,
        0.0712,
        0.0602,
        0.1657,
        0.1657
      ],
      [
        0.031,
        0.0187,
        0.0734,
        0.074,
        0.0398,
        0.0378,
        1.0,
        0.0187,
        0.0435,
        0.0856,
        0.0532,
        0.0451,
        0.0359,
        0.0776,
        0.0856,
        0.0856
      ],
      [
        0.031,
        0.0187,
        0.0734,
        0.074,
        0.0398,
        0.0378,
        0.0187,
        1.0,
        0.0435,
        0.0856,
        0.0532,
        0.0451,
        0.0359,
        0.0776,
        0.0856,
        0.0856
      ],
      [
        0.0692,
        0.0435,
        -0.0807,
        0.0429,
        -0.0074,
        0.3429,
        0.0435,
        0.0435,
        1.0,
        0.188,
        0.1156,
        -0.0126,
        0.0998,
        -0.0354,
        0.188,
        0.188
      ],
      [
        0.1305,
        0.0856,
        0.3433,
        0.3408,
        0.1621,
        0.1657,
        0.0856,
        0.0856,
        0.188,
        1.0,
        0.2425,
        0.2081,
        0.1649,
        0.3622,
        0.3927,
        0.3927
      ],
      [
        0.1121,
        0.0532,
        0.2023,
        0.2108,
        0.1587,
        0.1131,
        0.0532,
        0.0532,
        0.1156,
        0.2425,
        1.0,
        0.1297,
        0.1001,
        0.2135,
        0.2425,
        0.2425
      ],
      [
        0.0771,
        0.0451,
        0.2114,
        0.1964,
        0.1135,
        0.0562,
        0.0451,
        0.0451,
        -0.0126,
        0.2081,
        0.1297,
        1.0,
        0.0841,
        0.2165,
        0.2081,
        0.2081
      ],
      [
        0.0411,
        0.0359,
        0.1425,
        0.14,
        0.0401,
        0.0712,
        0.0359,
        0.0359,
        0.0998,
        0.1649,
        0.1001,
        0.0841,
        1.0,
        0.1515,
        0.1649,
        0.1649
      ],
      [
        0.0373,
        0.0776,
        0.4021,
        0.343,
        0.0186,
        0.0602,
        0.0776,
        0.0776,
        -0.0354,
        0.3622,
        0.2135,
        0.2165,
        0.1515,
        1.0,
        0.3622,
        0.3622
      ],
      [
        0.1305,
        0.0856,
        0.3433,
        0.3408,
        0.1621,
        0.1657,
        0.0856,
        0.0856,
        0.188,
        0.3927,
        0.2425,
        0.2081,
        0.1649,
        0.3622,
        1.0,
        0.3927
      ],
      [
        0.1305,
        0.0856,
        0.3433,
        0.3408,
        0.1621,
        0.1657,
        0.0856,
        0.0856,
        0.188,
        0.3927,
        0.2425,
        0.2081,
        0.1649,
        0.3622,
        0.3927,
        1.0
      ]
    ]
  }
}