{
  "_meta": {
    "generated": "2026-06-02T13:50:50",
    "portfolio_generated": "2026-06-02T13:47:00.914865",
    "n_assets": 45,
    "n_with_returns": 33,
    "covariance_method": "hybrid_shrunk",
    "condition_number": 319.14,
    "pca_factors": 6
  },
  "profiles": {
    "Agressif": {
      "n_assets": 19,
      "weighted_avg_correlation": 0.2117,
      "most_correlated": [
        {
          "t1": "PICK",
          "t2": "COPX",
          "corr": 0.7687,
          "w1": 6.3,
          "w2": 5.3,
          "combined_weight": 11.6
        },
        {
          "t1": "SOXX",
          "t2": "XLK",
          "corr": 0.6702,
          "w1": 6.1,
          "w2": 4.1,
          "combined_weight": 10.2
        },
        {
          "t1": "SOXX",
          "t2": "FLKR",
          "corr": 0.6624,
          "w1": 6.1,
          "w2": 5.8,
          "combined_weight": 11.8
        },
        {
          "t1": "FLKR",
          "t2": "XLK",
          "corr": 0.6524,
          "w1": 5.8,
          "w2": 4.1,
          "combined_weight": 9.9
        },
        {
          "t1": "ICLN",
          "t2": "FSLR",
          "corr": 0.6452,
          "w1": 2.9,
          "w2": 4.4,
          "combined_weight": 7.2
        },
        {
          "t1": "FLKR",
          "t2": "PICK",
          "corr": 0.6387,
          "w1": 5.8,
          "w2": 6.3,
          "combined_weight": 12.1
        },
        {
          "t1": "SOXX",
          "t2": "PICK",
          "corr": 0.6337,
          "w1": 6.1,
          "w2": 6.3,
          "combined_weight": 12.4
        },
        {
          "t1": "SOXX",
          "t2": "COPX",
          "corr": 0.6322,
          "w1": 6.1,
          "w2": 5.3,
          "combined_weight": 11.3
        },
        {
          "t1": "FLKR",
          "t2": "COPX",
          "corr": 0.629,
          "w1": 5.8,
          "w2": 5.3,
          "combined_weight": 11.0
        },
        {
          "t1": "XLK",
          "t2": "COPX",
          "corr": 0.5987,
          "w1": 4.1,
          "w2": 5.3,
          "combined_weight": 9.4
        }
      ],
      "least_correlated": [
        {
          "t1": "XCEM",
          "t2": "XLK",
          "corr": -0.0439,
          "w1": 6.3,
          "w2": 4.1,
          "combined_weight": 10.4
        },
        {
          "t1": "XCEM",
          "t2": "ICLN",
          "corr": -0.0456,
          "w1": 6.3,
          "w2": 2.9,
          "combined_weight": 9.2
        },
        {
          "t1": "XCEM",
          "t2": "FSLR",
          "corr": -0.0493,
          "w1": 6.3,
          "w2": 4.4,
          "combined_weight": 10.7
        },
        {
          "t1": "PLTR",
          "t2": "LLY",
          "corr": -0.0555,
          "w1": 6.3,
          "w2": 5.3,
          "combined_weight": 11.6
        },
        {
          "t1": "XCEM",
          "t2": "PLTR",
          "corr": -0.0674,
          "w1": 6.3,
          "w2": 6.3,
          "combined_weight": 12.6
        }
      ],
      "high_corr_high_weight": [
        {
          "t1": "PICK",
          "t2": "COPX",
          "corr": 0.7687,
          "w1": 6.3,
          "w2": 5.3,
          "combined_weight": 11.6
        }
      ]
    },
    "Mod\u00e9r\u00e9": {
      "n_assets": 14,
      "weighted_avg_correlation": 0.0925,
      "most_correlated": [
        {
          "t1": "FNDF",
          "t2": "EEMV",
          "corr": 0.6703,
          "w1": 6.5,
          "w2": 9.0,
          "combined_weight": 15.5
        },
        {
          "t1": "EEMV",
          "t2": "GPIQ",
          "corr": 0.6251,
          "w1": 9.0,
          "w2": 5.9,
          "combined_weight": 14.9
        },
        {
          "t1": "FNDF",
          "t2": "GPIQ",
          "corr": 0.5737,
          "w1": 6.5,
          "w2": 5.9,
          "combined_weight": 12.3
        },
        {
          "t1": "FNDF",
          "t2": "XLV",
          "corr": 0.4422,
          "w1": 6.5,
          "w2": 3.1,
          "combined_weight": 9.5
        },
        {
          "t1": "EEMV",
          "t2": "XLV",
          "corr": 0.4067,
          "w1": 9.0,
          "w2": 3.1,
          "combined_weight": 12.1
        },
        {
          "t1": "SCHD",
          "t2": "XLV",
          "corr": 0.3946,
          "w1": 9.0,
          "w2": 3.1,
          "combined_weight": 12.1
        },
        {
          "t1": "FNDF",
          "t2": "GLD",
          "corr": 0.373,
          "w1": 6.5,
          "w2": 5.1,
          "combined_weight": 11.6
        },
        {
          "t1": "EEMV",
          "t2": "GLD",
          "corr": 0.3467,
          "w1": 9.0,
          "w2": 5.1,
          "combined_weight": 14.1
        },
        {
          "t1": "FNDF",
          "t2": "SCHD",
          "corr": 0.3414,
          "w1": 6.5,
          "w2": 9.0,
          "combined_weight": 15.5
        },
        {
          "t1": "GPIQ",
          "t2": "GLD",
          "corr": 0.3016,
          "w1": 5.9,
          "w2": 5.1,
          "combined_weight": 11.0
        }
      ],
      "least_correlated": [
        {
          "t1": "CF",
          "t2": "XLV",
          "corr": -0.1266,
          "w1": 9.0,
          "w2": 3.1,
          "combined_weight": 12.1
        },
        {
          "t1": "ITX",
          "t2": "XLV",
          "corr": -0.1417,
          "w1": 8.0,
          "w2": 3.1,
          "combined_weight": 11.1
        },
        {
          "t1": "FNDF",
          "t2": "CF",
          "corr": -0.264,
          "w1": 6.5,
          "w2": 9.0,
          "combined_weight": 15.5
        },
        {
          "t1": "GPIQ",
          "t2": "CF",
          "corr": -0.2654,
          "w1": 5.9,
          "w2": 9.0,
          "combined_weight": 14.9
        },
        {
          "t1": "EEMV",
          "t2": "CF",
          "corr": -0.36,
          "w1": 9.0,
          "w2": 9.0,
          "combined_weight": 18.0
        }
      ],
      "high_corr_high_weight": []
    },
    "Stable": {
      "n_assets": 16,
      "weighted_avg_correlation": 0.1277,
      "most_correlated": [
        {
          "t1": "GLD",
          "t2": "CS",
          "corr": 0.451,
          "w1": 4.6,
          "w2": 4.3,
          "combined_weight": 8.9
        },
        {
          "t1": "ACWV",
          "t2": "XLV",
          "corr": 0.4402,
          "w1": 6.3,
          "w2": 4.5,
          "combined_weight": 10.8
        },
        {
          "t1": "SPYV",
          "t2": "XLV",
          "corr": 0.4287,
          "w1": 6.1,
          "w2": 4.5,
          "combined_weight": 10.6
        },
        {
          "t1": "JNJ",
          "t2": "SCHP",
          "corr": 0.4073,
          "w1": 3.9,
          "w2": 5.5,
          "combined_weight": 9.4
        },
        {
          "t1": "ACWV",
          "t2": "SPYV",
          "corr": 0.4025,
          "w1": 6.3,
          "w2": 6.1,
          "combined_weight": 12.5
        },
        {
          "t1": "JNJ",
          "t2": "XLV",
          "corr": 0.3932,
          "w1": 3.9,
          "w2": 4.5,
          "combined_weight": 8.4
        },
        {
          "t1": "VICI",
          "t2": "SCHP",
          "corr": 0.3928,
          "w1": 6.4,
          "w2": 5.5,
          "combined_weight": 11.9
        },
        {
          "t1": "CHD",
          "t2": "JNJ",
          "corr": 0.3659,
          "w1": 4.3,
          "w2": 3.9,
          "combined_weight": 8.2
        },
        {
          "t1": "SPLV",
          "t2": "XLV",
          "corr": 0.3609,
          "w1": 6.3,
          "w2": 4.5,
          "combined_weight": 10.8
        },
        {
          "t1": "JNJ",
          "t2": "VICI",
          "corr": 0.3598,
          "w1": 3.9,
          "w2": 6.4,
          "combined_weight": 10.3
        }
      ],
      "least_correlated": [
        {
          "t1": "VGSH",
          "t2": "BSV",
          "corr": 0.0187,
          "w1": 7.5,
          "w2": 5.2,
          "combined_weight": 12.7
        },
        {
          "t1": "VGSH",
          "t2": "STIP",
          "corr": 0.0187,
          "w1": 7.5,
          "w2": 11.0,
          "combined_weight": 18.5
        },
        {
          "t1": "BSV",
          "t2": "STIP",
          "corr": 0.0187,
          "w1": 5.2,
          "w2": 11.0,
          "combined_weight": 16.2
        },
        {
          "t1": "GLD",
          "t2": "NTGY",
          "corr": -0.0115,
          "w1": 4.6,
          "w2": 3.8,
          "combined_weight": 8.4
        },
        {
          "t1": "NTGY",
          "t2": "CS",
          "corr": -0.029,
          "w1": 3.8,
          "w2": 4.3,
          "combined_weight": 8.1
        }
      ],
      "high_corr_high_weight": []
    }
  },
  "all_pairs_top_30": [
    {
      "t1": "COPX",
      "t2": "PICK",
      "corr_hybrid": 0.7687,
      "corr_structured": 0.2,
      "cat1": "ETF",
      "cat2": "ETF",
      "exp1": "copper",
      "exp2": "metals_mining",
      "fam1": "commodities",
      "fam2": null
    },
    {
      "t1": "COPX",
      "t2": "CS",
      "corr_hybrid": 0.7209,
      "corr_structured": null,
      "cat1": "ETF",
      "cat2": "Act",
      "exp1": "copper",
      "exp2": null,
      "fam1": "commodities",
      "fam2": null
    },
    {
      "t1": "CS",
      "t2": "PICK",
      "corr_hybrid": 0.6894,
      "corr_structured": null,
      "cat1": "Act",
      "cat2": "ETF",
      "exp1": null,
      "exp2": "metals_mining",
      "fam1": null,
      "fam2": null
    },
    {
      "t1": "GPIQ",
      "t2": "XLK",
      "corr_hybrid": 0.6841,
      "corr_structured": 0.9,
      "cat1": "ETF",
      "cat2": "ETF",
      "exp1": "nasdaq100",
      "exp2": "tech",
      "fam1": "sector_tech",
      "fam2": "sector_tech"
    },
    {
      "t1": "FNDF",
      "t2": "PICK",
      "corr_hybrid": 0.683,
      "corr_structured": 0.2,
      "cat1": "ETF",
      "cat2": "ETF",
      "exp1": "international",
      "exp2": "metals_mining",
      "fam1": "intl_equity",
      "fam2": null
    },
    {
      "t1": "EEMV",
      "t2": "FNDF",
      "corr_hybrid": 0.6703,
      "corr_structured": 0.62,
      "cat1": "ETF",
      "cat2": "ETF",
      "exp1": "emerging_markets",
      "exp2": "international",
      "fam1": "em_equity",
      "fam2": "intl_equity"
    },
    {
      "t1": "SOXX",
      "t2": "XLK",
      "corr_hybrid": 0.6702,
      "corr_structured": 0.9,
      "cat1": "ETF",
      "cat2": "ETF",
      "exp1": "semiconductor",
      "exp2": "tech",
      "fam1": "sector_tech",
      "fam2": "sector_tech"
    },
    {
      "t1": "EEMV",
      "t2": "FLKR",
      "corr_hybrid": 0.6701,
      "corr_structured": 0.9,
      "cat1": "ETF",
      "cat2": "ETF",
      "exp1": "emerging_markets",
      "exp2": "south_korea",
      "fam1": "em_equity",
      "fam2": "em_equity"
    },
    {
      "t1": "EEMV",
      "t2": "PICK",
      "corr_hybrid": 0.6692,
      "corr_structured": 0.2,
      "cat1": "ETF",
      "cat2": "ETF",
      "exp1": "emerging_markets",
      "exp2": "metals_mining",
      "fam1": "em_equity",
      "fam2": null
    },
    {
      "t1": "FLKR",
      "t2": "SOXX",
      "corr_hybrid": 0.6624,
      "corr_structured": 0.2,
      "cat1": "ETF",
      "cat2": "ETF",
      "exp1": "south_korea",
      "exp2": "semiconductor",
      "fam1": "em_equity",
      "fam2": "sector_tech"
    },
    {
      "t1": "COPX",
      "t2": "FNDF",
      "corr_hybrid": 0.6594,
      "corr_structured": 0.2,
      "cat1": "ETF",
      "cat2": "ETF",
      "exp1": "copper",
      "exp2": "international",
      "fam1": "commodities",
      "fam2": "intl_equity"
    },
    {
      "t1": "FLKR",
      "t2": "XLK",
      "corr_hybrid": 0.6524,
      "corr_structured": 0.2,
      "cat1": "ETF",
      "cat2": "ETF",
      "exp1": "south_korea",
      "exp2": "tech",
      "fam1": "em_equity",
      "fam2": "sector_tech"
    },
    {
      "t1": "EEMV",
      "t2": "SOXX",
      "corr_hybrid": 0.6494,
      "corr_structured": 0.2,
      "cat1": "ETF",
      "cat2": "ETF",
      "exp1": "emerging_markets",
      "exp2": "semiconductor",
      "fam1": "em_equity",
      "fam2": "sector_tech"
    },
    {
      "t1": "FSLR",
      "t2": "ICLN",
      "corr_hybrid": 0.6452,
      "corr_structured": null,
      "cat1": "Act",
      "cat2": "ETF",
      "exp1": null,
      "exp2": "clean_energy",
      "fam1": null,
      "fam2": null
    },
    {
      "t1": "COPX",
      "t2": "EEMV",
      "corr_hybrid": 0.6449,
      "corr_structured": 0.2,
      "cat1": "ETF",
      "cat2": "ETF",
      "exp1": "copper",
      "exp2": "emerging_markets",
      "fam1": "commodities",
      "fam2": "em_equity"
    },
    {
      "t1": "FLKR",
      "t2": "PICK",
      "corr_hybrid": 0.6387,
      "corr_structured": 0.2,
      "cat1": "ETF",
      "cat2": "ETF",
      "exp1": "south_korea",
      "exp2": "metals_mining",
      "fam1": "em_equity",
      "fam2": null
    },
    {
      "t1": "PICK",
      "t2": "SOXX",
      "corr_hybrid": 0.6337,
      "corr_structured": 0.2,
      "cat1": "ETF",
      "cat2": "ETF",
      "exp1": "metals_mining",
      "exp2": "semiconductor",
      "fam1": null,
      "fam2": "sector_tech"
    },
    {
      "t1": "COPX",
      "t2": "SOXX",
      "corr_hybrid": 0.6322,
      "corr_structured": 0.2,
      "cat1": "ETF",
      "cat2": "ETF",
      "exp1": "copper",
      "exp2": "semiconductor",
      "fam1": "commodities",
      "fam2": "sector_tech"
    },
    {
      "t1": "GPIQ",
      "t2": "SOXX",
      "corr_hybrid": 0.6308,
      "corr_structured": 0.9,
      "cat1": "ETF",
      "cat2": "ETF",
      "exp1": "nasdaq100",
      "exp2": "semiconductor",
      "fam1": "sector_tech",
      "fam2": "sector_tech"
    },
    {
      "t1": "COPX",
      "t2": "FLKR",
      "corr_hybrid": 0.629,
      "corr_structured": 0.2,
      "cat1": "ETF",
      "cat2": "ETF",
      "exp1": "copper",
      "exp2": "south_korea",
      "fam1": "commodities",
      "fam2": "em_equity"
    },
    {
      "t1": "EEMV",
      "t2": "XLK",
      "corr_hybrid": 0.6286,
      "corr_structured": 0.2,
      "cat1": "ETF",
      "cat2": "ETF",
      "exp1": "emerging_markets",
      "exp2": "tech",
      "fam1": "em_equity",
      "fam2": "sector_tech"
    },
    {
      "t1": "EEMV",
      "t2": "GPIQ",
      "corr_hybrid": 0.6251,
      "corr_structured": 0.2,
      "cat1": "ETF",
      "cat2": "ETF",
      "exp1": "emerging_markets",
      "exp2": "nasdaq100",
      "fam1": "em_equity",
      "fam2": "sector_tech"
    },
    {
      "t1": "FLKR",
      "t2": "GPIQ",
      "corr_hybrid": 0.622,
      "corr_structured": 0.2,
      "cat1": "ETF",
      "cat2": "ETF",
      "exp1": "south_korea",
      "exp2": "nasdaq100",
      "fam1": "em_equity",
      "fam2": "sector_tech"
    },
    {
      "t1": "FLKR",
      "t2": "FNDF",
      "corr_hybrid": 0.6149,
      "corr_structured": 0.62,
      "cat1": "ETF",
      "cat2": "ETF",
      "exp1": "south_korea",
      "exp2": "international",
      "fam1": "em_equity",
      "fam2": "intl_equity"
    },
    {
      "t1": "COPX",
      "t2": "XLK",
      "corr_hybrid": 0.5987,
      "corr_structured": 0.2,
      "cat1": "ETF",
      "cat2": "ETF",
      "exp1": "copper",
      "exp2": "tech",
      "fam1": "commodities",
      "fam2": "sector_tech"
    },
    {
      "t1": "PICK",
      "t2": "XLK",
      "corr_hybrid": 0.595,
      "corr_structured": 0.2,
      "cat1": "ETF",
      "cat2": "ETF",
      "exp1": "metals_mining",
      "exp2": "tech",
      "fam1": null,
      "fam2": "sector_tech"
    },
    {
      "t1": "FNDF",
      "t2": "SOXX",
      "corr_hybrid": 0.5939,
      "corr_structured": 0.2,
      "cat1": "ETF",
      "cat2": "ETF",
      "exp1": "international",
      "exp2": "semiconductor",
      "fam1": "intl_equity",
      "fam2": "sector_tech"
    },
    {
      "t1": "000660",
      "t2": "2059",
      "corr_hybrid": 0.5837,
      "corr_structured": null,
      "cat1": "Act",
      "cat2": "Act",
      "exp1": null,
      "exp2": null,
      "fam1": null,
      "fam2": null
    },
    {
      "t1": "000660",
      "t2": "CUMMINSIND",
      "corr_hybrid": 0.5837,
      "corr_structured": null,
      "cat1": "Act",
      "cat2": "Act",
      "exp1": null,
      "exp2": null,
      "fam1": null,
      "fam2": null
    },
    {
      "t1": "000660",
      "t2": "GVT&D",
      "corr_hybrid": 0.5837,
      "corr_structured": null,
      "cat1": "Act",
      "cat2": "Act",
      "exp1": null,
      "exp2": null,
      "fam1": null,
      "fam2": null
    }
  ],
  "all_pairs_bottom_10": [
    {
      "t1": "FLKR",
      "t2": "LUPIN",
      "corr_hybrid": 0.0061,
      "corr_structured": null,
      "cat1": "ETF",
      "cat2": "Act",
      "exp1": "south_korea",
      "exp2": null,
      "fam1": "em_equity",
      "fam2": null
    },
    {
      "t1": "LUPIN",
      "t2": "PICK",
      "corr_hybrid": 0.0059,
      "corr_structured": null,
      "cat1": "Act",
      "cat2": "ETF",
      "exp1": null,
      "exp2": "metals_mining",
      "fam1": null,
      "fam2": null
    },
    {
      "t1": "CHD",
      "t2": "SOXX",
      "corr_hybrid": 0.0049,
      "corr_structured": null,
      "cat1": "Act",
      "cat2": "ETF",
      "exp1": null,
      "exp2": "semiconductor",
      "fam1": null,
      "fam2": "sector_tech"
    },
    {
      "t1": "EEMV",
      "t2": "XCEM",
      "corr_hybrid": -0.004,
      "corr_structured": 0.95,
      "cat1": "ETF",
      "cat2": "ETF",
      "exp1": "emerging_markets",
      "exp2": "emerging_markets",
      "fam1": "em_equity",
      "fam2": "em_equity"
    },
    {
      "t1": "GLD",
      "t2": "XCEM",
      "corr_hybrid": -0.0038,
      "corr_structured": 0.2,
      "cat1": "ETF",
      "cat2": "ETF",
      "exp1": "gold_physical",
      "exp2": "emerging_markets",
      "fam1": "gold",
      "fam2": "em_equity"
    },
    {
      "t1": "NVDA",
      "t2": "XCEM",
      "corr_hybrid": -0.0034,
      "corr_structured": null,
      "cat1": "Act",
      "cat2": "ETF",
      "exp1": null,
      "exp2": "emerging_markets",
      "fam1": null,
      "fam2": "em_equity"
    },
    {
      "t1": "NTGY",
      "t2": "PICK",
      "corr_hybrid": 0.0022,
      "corr_structured": null,
      "cat1": "Act",
      "cat2": "ETF",
      "exp1": null,
      "exp2": "metals_mining",
      "fam1": null,
      "fam2": null
    },
    {
      "t1": "CS",
      "t2": "PLTR",
      "corr_hybrid": 0.002,
      "corr_structured": null,
      "cat1": "Act",
      "cat2": "Act",
      "exp1": null,
      "exp2": null,
      "fam1": null,
      "fam2": null
    },
    {
      "t1": "LUPIN",
      "t2": "SOXX",
      "corr_hybrid": 0.0015,
      "corr_structured": null,
      "cat1": "Act",
      "cat2": "ETF",
      "exp1": null,
      "exp2": "semiconductor",
      "fam1": null,
      "fam2": "sector_tech"
    },
    {
      "t1": "GLD",
      "t2": "LUPIN",
      "corr_hybrid": 0.0002,
      "corr_structured": null,
      "cat1": "ETF",
      "cat2": "Act",
      "exp1": "gold_physical",
      "exp2": null,
      "fam1": "gold",
      "fam2": null
    }
  ],
  "correlation_matrix": {
    "tickers": [
      "000660",
      "2059",
      "ACWV",
      "BSV",
      "CF",
      "CHD",
      "CLTL",
      "COPX",
      "CS",
      "CUMMINSIND",
      "EEMV",
      "EXPD",
      "FLKR",
      "FLRN",
      "FLTR",
      "FNDF",
      "FSLR",
      "GALP",
      "GLD",
      "GPIQ",
      "GVT&D",
      "ICLN",
      "ITX",
      "JNJ",
      "LLY",
      "LUPIN",
      "NTGY",
      "NVDA",
      "PAAA",
      "PICK",
      "PLTR",
      "SCHD",
      "SCHP",
      "SHEL",
      "SOXX",
      "SPLV",
      "SPYV",
      "STIP",
      "TDTT",
      "VGSH",
      "VICI",
      "XBI",
      "XCEM",
      "XLK",
      "XLV"
    ],
    "matrix": [
      [
        1.0,
        0.5837,
        0.3263,
        0.0855,
        0.2561,
        0.3086,
        0.0855,
        0.1296,
        0.1509,
        0.5837,
        0.215,
        0.2963,
        0.106,
        0.0855,
        0.0855,
        0.2405,
        0.1576,
        0.3178,
        0.109,
        0.2203,
        0.5837,
        0.171,
        0.3041,
        0.3909,
        0.3005,
        0.3256,
        0.3123,
        0.2213,
        0.0855,
        0.1608,
        0.1779,
        0.3116,
        0.557,
        0.3703,
        0.1144,
        0.2859,
        0.3069,
        0.0855,
        0.0855,
        0.0855,
        0.3934,
        0.183,
        0.1061,
        0.1711,
        0.2908
      ],
      [
        0.5837,
        1.0,
        0.3263,
        0.0855,
        0.2561,
        0.3086,
        0.0855,
        0.1296,
        0.1509,
        0.5837,
        0.215,
        0.2963,
        0.106,
        0.0855,
        0.0855,
        0.2405,
        0.1576,
        0.3178,
        0.109,
        0.2203,
        0.5837,
        0.171,
        0.3041,
        0.3909,
        0.3005,
        0.3256,
        0.3123,
        0.2213,
        0.0855,
        0.1608,
        0.1779,
        0.3116,
        0.557,
        0.3703,
        0.1144,
        0.2859,
        0.3069,
        0.0855,
        0.0855,
        0.0855,
        0.3934,
        0.183,
        0.1061,
        0.1711,
        0.2908
      ],
      [
        0.3263,
        0.3263,
        1.0,
        0.0815,
        -0.0805,
        0.2715,
        0.0815,
        0.3406,
        0.3065,
        0.3263,
        0.4176,
        0.2079,
        0.3233,
        0.0815,
        0.0815,
        0.4438,
        0.1211,
        0.0747,
        0.2096,
        0.3281,
        0.3263,
        0.2897,
        0.0223,
        0.3429,
        0.3979,
        0.1903,
        0.14,
        0.1843,
        0.0815,
        0.3847,
        0.0565,
        0.3433,
        0.3154,
        0.1875,
        0.3006,
        0.3019,
        0.4025,
        0.0815,
        0.0815,
        0.0815,
        0.2893,
        0.3754,
        0.0507,
        0.2761,
        0.4402
      ],
      [
        0.0855,
        0.0855,
        0.0815,
        1.0,
        -0.0091,
        0.0551,
        0.0187,
        0.0613,
        0.0446,
        0.0855,
        0.0858,
        0.0465,
        0.0671,
        0.0187,
        0.0187,
        0.0871,
        0.0295,
        0.0296,
        0.0371,
        0.0778,
        0.0855,
        0.0609,
        0.0238,
        0.0715,
        0.0796,
        0.0498,
        0.043,
        0.0557,
        0.0187,
        0.0707,
        0.0383,
        0.0683,
        0.0823,
        0.0461,
        0.0645,
        0.0581,
        0.0849,
        0.0187,
        0.0187,
        0.0187,
        0.0647,
        0.0767,
        0.0118,
        0.0687,
        0.0854
      ],
      [
        0.2561,
        0.2561,
        -0.0805,
        -0.0091,
        1.0,
        0.0338,
        -0.0091,
        -0.1765,
        0.0487,
        0.2561,
        -0.36,
        0.175,
        -0.4207,
        -0.0091,
        -0.0091,
        -0.264,
        0.0072,
        0.2702,
        -0.0125,
        -0.2654,
        0.2561,
        -0.1602,
        -0.038,
        0.0384,
        -0.0394,
        0.1133,
        0.0624,
        -0.1783,
        -0.0091,
        -0.2103,
        0.1158,
        0.0599,
        0.1791,
        0.3891,
        -0.3484,
        0.0432,
        -0.1241,
        -0.0091,
        -0.0091,
        -0.0091,
        0.1313,
        -0.2366,
        0.0489,
        -0.2837,
        -0.1266
      ],
      [
        0.3086,
        0.3086,
        0.2715,
        0.0551,
        0.0338,
        1.0,
        0.0551,
        0.0306,
        0.0947,
        0.3086,
        0.1387,
        0.1973,
        0.0354,
        0.0551,
        0.0551,
        0.1713,
        0.1154,
        0.1125,
        0.0404,
        0.0252,
        0.3086,
        0.0857,
        0.0979,
        0.3659,
        0.3563,
        0.2113,
        0.159,
        -0.0493,
        0.0551,
        0.0795,
        -0.217,
        0.2677,
        0.3214,
        0.1536,
        0.0049,
        0.2941,
        0.2116,
        0.0551,
        0.0551,
        0.0551,
        0.2999,
        0.1397,
        0.0807,
        -0.0485,
        0.3339
      ],
      [
        0.0855,
        0.0855,
        0.0815,
        0.0187,
        -0.0091,
        0.0551,
        1.0,
        0.0613,
        0.0446,
        0.0855,
        0.0858,
        0.0465,
        0.0671,
        0.0187,
        0.0187,
        0.0871,
        0.0295,
        0.0296,
        0.0371,
        0.0778,
        0.0855,
        0.0609,
        0.0238,
        0.0715,
        0.0796,
        0.0498,
        0.043,
        0.0557,
        0.0187,
        0.0707,
        0.0383,
        0.0683,
        0.0823,
        0.0461,
        0.0645,
        0.0581,
        0.0849,
        0.0187,
        0.0187,
        0.0187,
        0.0647,
        0.0767,
        0.0118,
        0.0687,
        0.0854
      ],
      [
        0.1296,
        0.1296,
        0.3406,
        0.0613,
        -0.1765,
        0.0306,
        0.0613,
        1.0,
        0.7209,
        0.1296,
        0.6449,
        0.1085,
        0.629,
        0.0613,
        0.0613,
        0.6594,
        0.2652,
        -0.0294,
        0.4551,
        0.5707,
        0.1296,
        0.5532,
        0.0229,
        0.1025,
        0.0933,
        -0.0286,
        -0.0197,
        0.4102,
        0.0613,
        0.7687,
        0.2725,
        0.2613,
        0.0716,
        0.1333,
        0.6322,
        0.1393,
        0.4457,
        0.0613,
        0.0613,
        0.0613,
        0.0835,
        0.4493,
        -0.0171,
        0.5987,
        0.2765
      ],
      [
        0.1509,
        0.1509,
        0.3065,
        0.0446,
        0.0487,
        0.0947,
        0.0446,
        0.7209,
        1.0,
        0.1509,
        0.4592,
        0.1541,
        0.4078,
        0.0446,
        0.0446,
        0.5474,
        0.095,
        0.0149,
        0.451,
        0.3227,
        0.1509,
        0.3543,
        0.0355,
        0.1744,
        0.0435,
        -0.0281,
        -0.029,
        0.2097,
        0.0446,
        0.6894,
        0.002,
        0.2867,
        0.106,
        0.2361,
        0.4001,
        0.2152,
        0.3377,
        0.0446,
        0.0446,
        0.0446,
        0.1466,
        0.2838,
        0.0363,
        0.3227,
        0.2305
      ],
      [
        0.5837,
        0.5837,
        0.3263,
        0.0855,
        0.2561,
        0.3086,
        0.0855,
        0.1296,
        0.1509,
        1.0,
        0.215,
        0.2963,
        0.106,
        0.0855,
        0.0855,
        0.2405,
        0.1576,
        0.3178,
        0.109,
        0.2203,
        0.5837,
        0.171,
        0.3041,
        0.3909,
        0.3005,
        0.3256,
        0.3123,
        0.2213,
        0.0855,
        0.1608,
        0.1779,
        0.3116,
        0.557,
        0.3703,
        0.1144,
        0.2859,
        0.3069,
        0.0855,
        0.0855,
        0.0855,
        0.3934,
        0.183,
        0.1061,
        0.1711,
        0.2908
      ],
      [
        0.215,
        0.215,
        0.4176,
        0.0858,
        -0.36,
        0.1387,
        0.0858,
        0.6449,
        0.4592,
        0.215,
        1.0,
        0.1225,
        0.6701,
        0.0858,
        0.0858,
        0.6703,
        0.2876,
        -0.02,
        0.3467,
        0.6251,
        0.215,
        0.5541,
        0.0909,
        0.2127,
        0.2705,
        0.079,
        0.0824,
        0.4475,
        0.0858,
        0.6692,
        0.258,
        0.2936,
        0.1908,
        0.0614,
        0.6494,
        0.1951,
        0.5113,
        0.0858,
        0.0858,
        0.0858,
        0.1608,
        0.5297,
        -0.004,
        0.6286,
        0.4067
      ],
      [
        0.2963,
        0.2963,
        0.2079,
        0.0465,
        0.175,
        0.1973,
        0.0465,
        0.1085,
        0.1541,
        0.2963,
        0.1225,
        1.0,
        0.0457,
        0.0465,
        0.0465,
        0.1592,
        0.1184,
        0.1455,
        0.0958,
        0.0934,
        0.2963,
        0.1232,
        0.0538,
        0.2366,
        0.2294,
        0.1664,
        0.1255,
        0.0451,
        0.0465,
        0.1277,
        0.0353,
        0.2193,
        0.2698,
        0.2237,
        0.0523,
        0.1984,
        0.1915,
        0.0465,
        0.0465,
        0.0465,
        0.228,
        0.1279,
        0.0523,
        0.054,
        0.2191
      ],
      [
        0.106,
        0.106,
        0.3233,
        0.0671,
        -0.4207,
        0.0354,
        0.0671,
        0.629,
        0.4078,
        0.106,
        0.6701,
        0.0457,
        1.0,
        0.0671,
        0.0671,
        0.6149,
        0.283,
        -0.0632,
        0.3223,
        0.622,
        0.106,
        0.5396,
        0.1062,
        0.0937,
        0.1397,
        0.0061,
        0.0377,
        0.4749,
        0.0671,
        0.6387,
        0.3015,
        0.1916,
        0.0841,
        -0.0219,
        0.6624,
        0.0906,
        0.4377,
        0.0671,
        0.0671,
        0.0671,
        0.0557,
        0.4771,
        -0.03,
        0.6524,
        0.2882
      ],
      [
        0.0855,
        0.0855,
        0.0815,
        0.0187,
        -0.0091,
        0.0551,
        0.0187,
        0.0613,
        0.0446,
        0.0855,
        0.0858,
        0.0465,
        0.0671,
        1.0,
        0.0187,
        0.0871,
        0.0295,
        0.0296,
        0.0371,
        0.0778,
        0.0855,
        0.0609,
        0.0238,
        0.0715,
        0.0796,
        0.0498,
        0.043,
        0.0557,
        0.0187,
        0.0707,
        0.0383,
        0.0683,
        0.0823,
        0.0461,
        0.0645,
        0.0581,
        0.0849,
        0.0187,
        0.0187,
        0.0187,
        0.0647,
        0.0767,
        0.0118,
        0.0687,
        0.0854
      ],
      [
        0.0855,
        0.0855,
        0.0815,
        0.0187,
        -0.0091,
        0.0551,
        0.0187,
        0.0613,
        0.0446,
        0.0855,
        0.0858,
        0.0465,
        0.0671,
        0.0187,
        1.0,
        0.0871,
        0.0295,
        0.0296,
        0.0371,
        0.0778,
        0.0855,
        0.0609,
        0.0238,
        0.0715,
        0.0796,
        0.0498,
        0.043,
        0.0557,
        0.0187,
        0.0707,
        0.0383,
        0.0683,
        0.0823,
        0.0461,
        0.0645,
        0.0581,
        0.0849,
        0.0187,
        0.0187,
        0.0187,
        0.0647,
        0.0767,
        0.0118,
        0.0687,
        0.0854
      ],
      [
        0.2405,
        0.2405,
        0.4438,
        0.0871,
        -0.264,
        0.1713,
        0.0871,
        0.6594,
        0.5474,
        0.2405,
        0.6703,
        0.1592,
        0.6149,
        0.0871,
        0.0871,
        1.0,
        0.2155,
        -0.0067,
        0.373,
        0.5737,
        0.2405,
        0.5087,
        0.0308,
        0.255,
        0.3073,
        0.0915,
        0.0739,
        0.3855,
        0.0871,
        0.683,
        0.2059,
        0.3414,
        0.2128,
        0.129,
        0.5939,
        0.2475,
        0.5165,
        0.0871,
        0.0871,
        0.0871,
        0.2021,
        0.5238,
        0.0114,
        0.5617,
        0.4422
      ],
      [
        0.1576,
        0.1576,
        0.1211,
        0.0295,
        0.0072,
        0.1154,
        0.0295,
        0.2652,
        0.095,
        0.1576,
        0.2876,
        0.1184,
        0.283,
        0.0295,
        0.0295,
        0.2155,
        1.0,
        0.0806,
        0.1678,
        0.2551,
        0.1576,
        0.6452,
        0.1433,
        0.0616,
        0.1165,
        0.038,
        0.0103,
        0.1227,
        0.0295,
        0.258,
        0.1133,
        0.1333,
        0.0489,
        0.0385,
        0.3383,
        0.031,
        0.2235,
        0.0295,
        0.0295,
        0.0295,
        0.0526,
        0.1509,
        -0.0493,
        0.2818,
        0.1172
      ],
      [
        0.3178,
        0.3178,
        0.0747,
        0.0296,
        0.2702,
        0.1125,
        0.0296,
        -0.0294,
        0.0149,
        0.3178,
        -0.02,
        0.1455,
        -0.0632,
        0.0296,
        0.0296,
        -0.0067,
        0.0806,
        1.0,
        0.0084,
        0.0275,
        0.3178,
        0.0142,
        0.2303,
        0.1462,
        0.0403,
        0.1651,
        0.178,
        0.0955,
        0.0296,
        -0.03,
        0.1285,
        0.093,
        0.295,
        0.2262,
        -0.0417,
        0.0861,
        0.06,
        0.0296,
        0.0296,
        0.0296,
        0.1779,
        -0.0307,
        0.0605,
        0.0152,
        0.0186
      ],
      [
        0.109,
        0.109,
        0.2096,
        0.0371,
        -0.0125,
        0.0404,
        0.0371,
        0.4551,
        0.451,
        0.109,
        0.3467,
        0.0958,
        0.3223,
        0.0371,
        0.0371,
        0.373,
        0.1678,
        0.0084,
        1.0,
        0.3016,
        0.109,
        0.3188,
        -0.0201,
        0.0831,
        0.0821,
        0.0002,
        -0.0115,
        0.2004,
        0.0371,
        0.4429,
        0.1517,
        0.1832,
        0.0636,
        0.1326,
        0.3318,
        0.1083,
        0.2633,
        0.0371,
        0.0371,
        0.0371,
        0.0774,
        0.2525,
        -0.0038,
        0.3101,
        0.1777
      ],
      [
        0.2203,
        0.2203,
        0.3281,
        0.0778,
        -0.2654,
        0.0252,
        0.0778,
        0.5707,
        0.3227,
        0.2203,
        0.6251,
        0.0934,
        0.622,
        0.0778,
        0.0778,
        0.5737,
        0.2551,
        0.0275,
        0.3016,
        1.0,
        0.2203,
        0.5173,
        0.0933,
        0.0961,
        0.1708,
        0.0751,
        0.0963,
        0.5294,
        0.0778,
        0.5808,
        0.5008,
        0.2087,
        0.1771,
        0.0867,
        0.6308,
        0.0855,
        0.4523,
        0.0778,
        0.0778,
        0.0778,
        0.0978,
        0.4839,
        -0.0259,
        0.6841,
        0.2823
      ],
      [
        0.5837,
        0.5837,
        0.3263,
        0.0855,
        0.2561,
        0.3086,
        0.0855,
        0.1296,
        0.1509,
        0.5837,
        0.215,
        0.2963,
        0.106,
        0.0855,
        0.0855,
        0.2405,
        0.1576,
        0.3178,
        0.109,
        0.2203,
        1.0,
        0.171,
        0.3041,
        0.3909,
        0.3005,
        0.3256,
        0.3123,
        0.2213,
        0.0855,
        0.1608,
        0.1779,
        0.3116,
        0.557,
        0.3703,
        0.1144,
        0.2859,
        0.3069,
        0.0855,
        0.0855,
        0.0855,
        0.3934,
        0.183,
        0.1061,
        0.1711,
        0.2908
      ],
      [
        0.171,
        0.171,
        0.2897,
        0.0609,
        -0.1602,
        0.0857,
        0.0609,
        0.5532,
        0.3543,
        0.171,
        0.5541,
        0.1232,
        0.5396,
        0.0609,
        0.0609,
        0.5087,
        0.6452,
        0.0142,
        0.3188,
        0.5173,
        0.171,
        1.0,
        0.0353,
        0.1014,
        0.1976,
        0.0358,
        0.0131,
        0.333,
        0.0609,
        0.5548,
        0.2956,
        0.2327,
        0.085,
        0.0772,
        0.5691,
        0.1016,
        0.4129,
        0.0609,
        0.0609,
        0.0609,
        0.0853,
        0.4041,
        -0.0456,
        0.5418,
        0.2794
      ],
      [
        0.3041,
        0.3041,
        0.0223,
        0.0238,
        -0.038,
        0.0979,
        0.0238,
        0.0229,
        0.0355,
        0.3041,
        0.0909,
        0.0538,
        0.1062,
        0.0238,
        0.0238,
        0.0308,
        0.1433,
        0.2303,
        -0.0201,
        0.0933,
        0.3041,
        0.0353,
        1.0,
        0.1384,
        -0.2165,
        0.1252,
        0.2722,
        0.2855,
        0.0238,
        0.0095,
        -0.024,
        -0.0376,
        0.3425,
        0.0473,
        0.0835,
        0.0087,
        0.0088,
        0.0238,
        0.0238,
        0.0238,
        0.1325,
        -0.1269,
        0.094,
        0.1185,
        -0.1417
      ],
      [
        0.3909,
        0.3909,
        0.3429,
        0.0715,
        0.0384,
        0.3659,
        0.0715,
        0.1025,
        0.1744,
        0.3909,
        0.2127,
        0.2366,
        0.0937,
        0.0715,
        0.0715,
        0.255,
        0.0616,
        0.1462,
        0.0831,
        0.0961,
        0.3909,
        0.1014,
        0.1384,
        1.0,
        0.3971,
        0.253,
        0.2052,
        0.0204,
        0.0715,
        0.1556,
        -0.1728,
        0.3239,
        0.4073,
        0.2109,
        0.0576,
        0.3454,
        0.281,
        0.0715,
        0.0715,
        0.0715,
        0.3598,
        0.2001,
        0.0996,
        0.0159,
        0.3932
      ],
      [
        0.3005,
        0.3005,
        0.3979,
        0.0796,
        -0.0394,
        0.3563,
        0.0796,
        0.0933,
        0.0435,
        0.3005,
        0.2705,
        0.2294,
        0.1397,
        0.0796,
        0.0796,
        0.3073,
        0.1165,
        0.0403,
        0.0821,
        0.1708,
        0.3005,
        0.1976,
        -0.2165,
        0.3971,
        1.0,
        0.2456,
        0.1143,
        -0.0393,
        0.0796,
        0.1727,
        -0.0555,
        0.3806,
        0.2919,
        0.1664,
        0.1172,
        0.3589,
        0.3679,
        0.0796,
        0.0796,
        0.0796,
        0.3259,
        0.3695,
        0.0404,
        0.0755,
        0.5556
      ],
      [
        0.3256,
        0.3256,
        0.1903,
        0.0498,
        0.1133,
        0.2113,
        0.0498,
        -0.0286,
        -0.0281,
        0.3256,
        0.079,
        0.1664,
        0.0061,
        0.0498,
        0.0498,
        0.0915,
        0.038,
        0.1651,
        0.0002,
        0.0751,
        0.3256,
        0.0358,
        0.1252,
        0.253,
        0.2456,
        1.0,
        0.187,
        0.0649,
        0.0498,
        0.0059,
        0.0459,
        0.1818,
        0.3255,
        0.1826,
        0.0015,
        0.1852,
        0.1608,
        0.0498,
        0.0498,
        0.0498,
        0.2417,
        0.1032,
        0.0639,
        0.0304,
        0.208
      ],
      [
        0.3123,
        0.3123,
        0.14,
        0.043,
        0.0624,
        0.159,
        0.043,
        -0.0197,
        -0.029,
        0.3123,
        0.0824,
        0.1255,
        0.0377,
        0.043,
        0.043,
        0.0739,
        0.0103,
        0.178,
        -0.0115,
        0.0963,
        0.3123,
        0.0131,
        0.2722,
        0.2052,
        0.1143,
        0.187,
        1.0,
        0.1464,
        0.043,
        0.0022,
        0.0711,
        0.1114,
        0.3258,
        0.1432,
        0.0282,
        0.1243,
        0.1182,
        0.043,
        0.043,
        0.043,
        0.2015,
        0.051,
        0.0689,
        0.0731,
        0.1068
      ],
      [
        0.2213,
        0.2213,
        0.1843,
        0.0557,
        -0.1783,
        -0.0493,
        0.0557,
        0.4102,
        0.2097,
        0.2213,
        0.4475,
        0.0451,
        0.4749,
        0.0557,
        0.0557,
        0.3855,
        0.1227,
        0.0955,
        0.2004,
        0.5294,
        0.2213,
        0.333,
        0.2855,
        0.0204,
        -0.0393,
        0.0649,
        0.1464,
        1.0,
        0.0557,
