{
  "_meta": {
    "generated": "2026-05-22T10:47:47",
    "portfolio_generated": "2026-05-22T10:44:14.222651",
    "n_assets": 39,
    "n_with_returns": 30,
    "covariance_method": "hybrid_shrunk+diag_shrink",
    "condition_number": 46551419.21,
    "pca_factors": 3
  },
  "profiles": {
    "Agressif": {
      "n_assets": 16,
      "weighted_avg_correlation": -0.0368,
      "most_correlated": [
        {
          "t1": "INCY",
          "t2": "GLD",
          "corr": 0.3325,
          "w1": 6.1,
          "w2": 9.3,
          "combined_weight": 15.3
        },
        {
          "t1": "XLE",
          "t2": "NVDA",
          "corr": 0.313,
          "w1": 5.9,
          "w2": 6.6,
          "combined_weight": 12.5
        },
        {
          "t1": "FIX",
          "t2": "XLE",
          "corr": 0.2612,
          "w1": 9.0,
          "w2": 5.9,
          "combined_weight": 14.9
        },
        {
          "t1": "FLKR",
          "t2": "XLE",
          "corr": 0.2397,
          "w1": 5.4,
          "w2": 5.9,
          "combined_weight": 11.3
        },
        {
          "t1": "INCY",
          "t2": "XBI",
          "corr": 0.2223,
          "w1": 6.1,
          "w2": 3.1,
          "combined_weight": 9.2
        },
        {
          "t1": "SOXX",
          "t2": "XLE",
          "corr": 0.2078,
          "w1": 6.1,
          "w2": 5.9,
          "combined_weight": 12.0
        },
        {
          "t1": "GLD",
          "t2": "XBI",
          "corr": 0.1989,
          "w1": 9.3,
          "w2": 3.1,
          "combined_weight": 12.3
        },
        {
          "t1": "FIX",
          "t2": "NVDA",
          "corr": 0.1817,
          "w1": 9.0,
          "w2": 6.6,
          "combined_weight": 15.6
        },
        {
          "t1": "COPX",
          "t2": "XLE",
          "corr": 0.1792,
          "w1": 6.1,
          "w2": 5.9,
          "combined_weight": 12.0
        },
        {
          "t1": "XLK",
          "t2": "XLE",
          "corr": 0.1753,
          "w1": 3.5,
          "w2": 5.9,
          "combined_weight": 9.3
        }
      ],
      "least_correlated": [
        {
          "t1": "FIX",
          "t2": "GLD",
          "corr": -0.3115,
          "w1": 9.0,
          "w2": 9.3,
          "combined_weight": 18.3
        },
        {
          "t1": "FIX",
          "t2": "INCY",
          "corr": -0.3573,
          "w1": 9.0,
          "w2": 6.1,
          "combined_weight": 15.1
        },
        {
          "t1": "INCY",
          "t2": "NVDA",
          "corr": -0.3709,
          "w1": 6.1,
          "w2": 6.6,
          "combined_weight": 12.7
        },
        {
          "t1": "XLE",
          "t2": "GLD",
          "corr": -0.3761,
          "w1": 5.9,
          "w2": 9.3,
          "combined_weight": 15.1
        },
        {
          "t1": "INCY",
          "t2": "XLE",
          "corr": -0.3858,
          "w1": 6.1,
          "w2": 5.9,
          "combined_weight": 12.0
        }
      ],
      "high_corr_high_weight": []
    },
    "Mod\u00e9r\u00e9": {
      "n_assets": 15,
      "weighted_avg_correlation": 0.031,
      "most_correlated": [
        {
          "t1": "PEG",
          "t2": "GLD",
          "corr": 0.2806,
          "w1": 5.0,
          "w2": 7.0,
          "combined_weight": 12.0
        },
        {
          "t1": "GLD",
          "t2": "XLV",
          "corr": 0.2782,
          "w1": 7.0,
          "w2": 5.0,
          "combined_weight": 12.0
        },
        {
          "t1": "PEG",
          "t2": "XLV",
          "corr": 0.2499,
          "w1": 5.0,
          "w2": 5.0,
          "combined_weight": 10.0
        },
        {
          "t1": "VICI",
          "t2": "GLD",
          "corr": 0.2407,
          "w1": 8.0,
          "w2": 7.0,
          "combined_weight": 15.0
        },
        {
          "t1": "BMED",
          "t2": "GLD",
          "corr": 0.2315,
          "w1": 5.2,
          "w2": 7.0,
          "combined_weight": 12.2
        },
        {
          "t1": "DIVB",
          "t2": "GLD",
          "corr": 0.2292,
          "w1": 8.2,
          "w2": 7.0,
          "combined_weight": 15.2
        },
        {
          "t1": "PEG",
          "t2": "VICI",
          "corr": 0.2175,
          "w1": 5.0,
          "w2": 8.0,
          "combined_weight": 13.0
        },
        {
          "t1": "SCHD",
          "t2": "GLD",
          "corr": 0.2175,
          "w1": 8.8,
          "w2": 7.0,
          "combined_weight": 15.8
        },
        {
          "t1": "VICI",
          "t2": "XLV",
          "corr": 0.2111,
          "w1": 8.0,
          "w2": 5.0,
          "combined_weight": 13.0
        },
        {
          "t1": "BMED",
          "t2": "XLV",
          "corr": 0.2081,
          "w1": 5.2,
          "w2": 5.0,
          "combined_weight": 10.2
        }
      ],
      "least_correlated": [
        {
          "t1": "REC",
          "t2": "VICI",
          "corr": -0.4263,
          "w1": 5.0,
          "w2": 8.0,
          "combined_weight": 13.0
        },
        {
          "t1": "BMED",
          "t2": "REC",
          "corr": -0.4401,
          "w1": 5.2,
          "w2": 5.0,
          "combined_weight": 10.2
        },
        {
          "t1": "REC",
          "t2": "XLV",
          "corr": -0.4802,
          "w1": 5.0,
          "w2": 5.0,
          "combined_weight": 10.0
        },
        {
          "t1": "PEG",
          "t2": "REC",
          "corr": -0.5079,
          "w1": 5.0,
          "w2": 5.0,
          "combined_weight": 10.0
        },
        {
          "t1": "REC",
          "t2": "GLD",
          "corr": -0.6201,
          "w1": 5.0,
          "w2": 7.0,
          "combined_weight": 12.0
        }
      ],
      "high_corr_high_weight": []
    },
    "Stable": {
      "n_assets": 14,
      "weighted_avg_correlation": 0.0904,
      "most_correlated": [
        {
          "t1": "SPLV",
          "t2": "KO",
          "corr": 0.6268,
          "w1": 6.6,
          "w2": 5.3,
          "combined_weight": 11.9
        },
        {
          "t1": "ACWV",
          "t2": "SPLV",
          "corr": 0.5083,
          "w1": 6.6,
          "w2": 6.6,
          "combined_weight": 13.2
        },
        {
          "t1": "SPLV",
          "t2": "GLD",
          "corr": 0.4757,
          "w1": 6.6,
          "w2": 4.9,
          "combined_weight": 11.5
        },
        {
          "t1": "ACWV",
          "t2": "KO",
          "corr": 0.4432,
          "w1": 6.6,
          "w2": 5.3,
          "combined_weight": 11.9
        },
        {
          "t1": "KO",
          "t2": "GLD",
          "corr": 0.4086,
          "w1": 5.3,
          "w2": 4.9,
          "combined_weight": 10.2
        },
        {
          "t1": "SPLV",
          "t2": "XLV",
          "corr": 0.4085,
          "w1": 6.6,
          "w2": 5.4,
          "combined_weight": 12.0
        },
        {
          "t1": "SPLV",
          "t2": "VICI",
          "corr": 0.3571,
          "w1": 6.6,
          "w2": 7.3,
          "combined_weight": 13.9
        },
        {
          "t1": "KO",
          "t2": "XLV",
          "corr": 0.3568,
          "w1": 5.3,
          "w2": 5.4,
          "combined_weight": 10.7
        },
        {
          "t1": "ACWV",
          "t2": "GLD",
          "corr": 0.3473,
          "w1": 6.6,
          "w2": 4.9,
          "combined_weight": 11.5
        },
        {
          "t1": "VICI",
          "t2": "KO",
          "corr": 0.3234,
          "w1": 7.3,
          "w2": 5.3,
          "combined_weight": 12.6
        }
      ],
      "least_correlated": [
        {
          "t1": "SPLV",
          "t2": "IG",
          "corr": -0.0305,
          "w1": 6.6,
          "w2": 6.4,
          "combined_weight": 13.0
        },
        {
          "t1": "VICI",
          "t2": "SUNPHARMA",
          "corr": -0.046,
          "w1": 7.3,
          "w2": 5.3,
          "combined_weight": 12.6
        },
        {
          "t1": "SCHP",
          "t2": "SUNPHARMA",
          "corr": -0.053,
          "w1": 7.3,
          "w2": 5.3,
          "combined_weight": 12.6
        },
        {
          "t1": "GD",
          "t2": "SUNPHARMA",
          "corr": -0.0542,
          "w1": 7.3,
          "w2": 5.3,
          "combined_weight": 12.6
        },
        {
          "t1": "IG",
          "t2": "SUNPHARMA",
          "corr": -0.0701,
          "w1": 6.4,
          "w2": 5.3,
          "combined_weight": 11.6
        }
      ],
      "high_corr_high_weight": []
    }
  },
  "all_pairs_top_30": [
    {
      "t1": "REC",
      "t2": "SPLV",
      "corr_hybrid": -0.7905,
      "corr_structured": null,
      "cat1": "Act",
      "cat2": "ETF",
      "exp1": null,
      "exp2": "sp500",
      "fam1": null,
      "fam2": "us_equity_large"
    },
    {
      "t1": "KO",
      "t2": "REC",
      "corr_hybrid": -0.7329,
      "corr_structured": null,
      "cat1": "Act",
      "cat2": "Act",
      "exp1": null,
      "exp2": null,
      "fam1": null,
      "fam2": null
    },
    {
      "t1": "INCY",
      "t2": "REC",
      "corr_hybrid": -0.7265,
      "corr_structured": null,
      "cat1": "Act",
      "cat2": "Act",
      "exp1": null,
      "exp2": null,
      "fam1": null,
      "fam2": null
    },
    {
      "t1": "FIX",
      "t2": "REC",
      "corr_hybrid": 0.6384,
      "corr_structured": null,
      "cat1": "Act",
      "cat2": "Act",
      "exp1": null,
      "exp2": null,
      "fam1": null,
      "fam2": null
    },
    {
      "t1": "KO",
      "t2": "SPLV",
      "corr_hybrid": 0.6268,
      "corr_structured": null,
      "cat1": "Act",
      "cat2": "ETF",
      "exp1": null,
      "exp2": "sp500",
      "fam1": null,
      "fam2": "us_equity_large"
    },
    {
      "t1": "GLD",
      "t2": "REC",
      "corr_hybrid": -0.6201,
      "corr_structured": null,
      "cat1": "ETF",
      "cat2": "Act",
      "exp1": "gold_physical",
      "exp2": null,
      "fam1": "gold",
      "fam2": null
    },
    {
      "t1": "NVDA",
      "t2": "REC",
      "corr_hybrid": 0.5889,
      "corr_structured": null,
      "cat1": "Act",
      "cat2": "Act",
      "exp1": null,
      "exp2": null,
      "fam1": null,
      "fam2": null
    },
    {
      "t1": "REC",
      "t2": "XLE",
      "corr_hybrid": 0.58,
      "corr_structured": null,
      "cat1": "Act",
      "cat2": "ETF",
      "exp1": null,
      "exp2": "energy",
      "fam1": null,
      "fam2": "sector_energy"
    },
    {
      "t1": "ACWV",
      "t2": "REC",
      "corr_hybrid": -0.5763,
      "corr_structured": null,
      "cat1": "ETF",
      "cat2": "Act",
      "exp1": "min_vol",
      "exp2": null,
      "fam1": "factor_min_vol",
      "fam2": null
    },
    {
      "t1": "SPLV",
      "t2": "XLE",
      "corr_hybrid": -0.5344,
      "corr_structured": 0.55,
      "cat1": "ETF",
      "cat2": "ETF",
      "exp1": "sp500",
      "exp2": "energy",
      "fam1": "us_equity_large",
      "fam2": "sector_energy"
    },
    {
      "t1": "INCY",
      "t2": "SPLV",
      "corr_hybrid": 0.5326,
      "corr_structured": null,
      "cat1": "Act",
      "cat2": "ETF",
      "exp1": null,
      "exp2": "sp500",
      "fam1": null,
      "fam2": "us_equity_large"
    },
    {
      "t1": "ACWV",
      "t2": "SPLV",
      "corr_hybrid": 0.5083,
      "corr_structured": 0.75,
      "cat1": "ETF",
      "cat2": "ETF",
      "exp1": "min_vol",
      "exp2": "sp500",
      "fam1": "factor_min_vol",
      "fam2": "us_equity_large"
    },
    {
      "t1": "PEG",
      "t2": "REC",
      "corr_hybrid": -0.5079,
      "corr_structured": null,
      "cat1": "Act",
      "cat2": "Act",
      "exp1": null,
      "exp2": null,
      "fam1": null,
      "fam2": null
    },
    {
      "t1": "REC",
      "t2": "XLV",
      "corr_hybrid": -0.4802,
      "corr_structured": null,
      "cat1": "Act",
      "cat2": "ETF",
      "exp1": null,
      "exp2": "healthcare",
      "fam1": null,
      "fam2": "sector_healthcare"
    },
    {
      "t1": "REC",
      "t2": "XBI",
      "corr_hybrid": -0.4768,
      "corr_structured": null,
      "cat1": "Act",
      "cat2": "ETF",
      "exp1": null,
      "exp2": "biotech",
      "fam1": null,
      "fam2": "sector_healthcare"
    },
    {
      "t1": "GLD",
      "t2": "SPLV",
      "corr_hybrid": 0.4757,
      "corr_structured": 0.15,
      "cat1": "ETF",
      "cat2": "ETF",
      "exp1": "gold_physical",
      "exp2": "sp500",
      "fam1": "gold",
      "fam2": "us_equity_large"
    },
    {
      "t1": "INCY",
      "t2": "KO",
      "corr_hybrid": 0.4713,
      "corr_structured": null,
      "cat1": "Act",
      "cat2": "Act",
      "exp1": null,
      "exp2": null,
      "fam1": null,
      "fam2": null
    },
    {
      "t1": "NVDA",
      "t2": "SPLV",
      "corr_hybrid": -0.4599,
      "corr_structured": null,
      "cat1": "Act",
      "cat2": "ETF",
      "exp1": null,
      "exp2": "sp500",
      "fam1": null,
      "fam2": "us_equity_large"
    },
    {
      "t1": "ACWV",
      "t2": "KO",
      "corr_hybrid": 0.4432,
      "corr_structured": null,
      "cat1": "ETF",
      "cat2": "Act",
      "exp1": "min_vol",
      "exp2": null,
      "fam1": "factor_min_vol",
      "fam2": null
    },
    {
      "t1": "KO",
      "t2": "XLE",
      "corr_hybrid": -0.4425,
      "corr_structured": null,
      "cat1": "Act",
      "cat2": "ETF",
      "exp1": null,
      "exp2": "energy",
      "fam1": null,
      "fam2": "sector_energy"
    },
    {
      "t1": "BMED",
      "t2": "REC",
      "corr_hybrid": -0.4401,
      "corr_structured": null,
      "cat1": "Act",
      "cat2": "Act",
      "exp1": null,
      "exp2": null,
      "fam1": null,
      "fam2": null
    },
    {
      "t1": "KO",
      "t2": "NVDA",
      "corr_hybrid": -0.4267,
      "corr_structured": null,
      "cat1": "Act",
      "cat2": "Act",
      "exp1": null,
      "exp2": null,
      "fam1": null,
      "fam2": null
    },
    {
      "t1": "REC",
      "t2": "VICI",
      "corr_hybrid": -0.4263,
      "corr_structured": null,
      "cat1": "Act",
      "cat2": "Act",
      "exp1": null,
      "exp2": null,
      "fam1": null,
      "fam2": null
    },
    {
      "t1": "PEG",
      "t2": "SPLV",
      "corr_hybrid": 0.4202,
      "corr_structured": null,
      "cat1": "Act",
      "cat2": "ETF",
      "exp1": null,
      "exp2": "sp500",
      "fam1": null,
      "fam2": "us_equity_large"
    },
    {
      "t1": "GLD",
      "t2": "KO",
      "corr_hybrid": 0.4086,
      "corr_structured": null,
      "cat1": "ETF",
      "cat2": "Act",
      "exp1": "gold_physical",
      "exp2": null,
      "fam1": "gold",
      "fam2": null
    },
    {
      "t1": "SPLV",
      "t2": "XLV",
      "corr_hybrid": 0.4085,
      "corr_structured": 0.7,
      "cat1": "ETF",
      "cat2": "ETF",
      "exp1": "sp500",
      "exp2": "healthcare",
      "fam1": "us_equity_large",
      "fam2": "sector_healthcare"
    },
    {
      "t1": "FIX",
      "t2": "SPLV",
      "corr_hybrid": -0.3946,
      "corr_structured": null,
      "cat1": "Act",
      "cat2": "ETF",
      "exp1": null,
      "exp2": "sp500",
      "fam1": null,
      "fam2": "us_equity_large"
    },
    {
      "t1": "FLKR",
      "t2": "REC",
      "corr_hybrid": 0.3944,
      "corr_structured": null,
      "cat1": "ETF",
      "cat2": "Act",
      "exp1": "south_korea",
      "exp2": null,
      "fam1": "em_equity",
      "fam2": null
    },
    {
      "t1": "DIVB",
      "t2": "REC",
      "corr_hybrid": -0.3922,
      "corr_structured": null,
      "cat1": "ETF",
      "cat2": "Act",
      "exp1": "dividend",
      "exp2": null,
      "fam1": "factor_dividend",
      "fam2": null
    },
    {
      "t1": "INCY",
      "t2": "XLE",
      "corr_hybrid": -0.3858,
      "corr_structured": null,
      "cat1": "Act",
      "cat2": "ETF",
      "exp1": null,
      "exp2": "energy",
      "fam1": null,
      "fam2": "sector_energy"
    }
  ],
  "all_pairs_bottom_10": [
    {
      "t1": "ICLO",
      "t2": "LI",
      "corr_hybrid": -0.0015,
      "corr_structured": null,
      "cat1": "Obl",
      "cat2": "Act",
      "exp1": null,
      "exp2": null,
      "fam1": null,
      "fam2": null
    },
    {
      "t1": "LI",
      "t2": "PAAA",
      "corr_hybrid": -0.0015,
      "corr_structured": null,
      "cat1": "Act",
      "cat2": "Obl",
      "exp1": null,
      "exp2": "bonds_clo_aaa",
      "fam1": null,
      "fam2": "bonds_short"
    },
    {
      "t1": "LI",
      "t2": "STIP",
      "corr_hybrid": -0.0015,
      "corr_structured": null,
      "cat1": "Act",
      "cat2": "Obl",
      "exp1": null,
      "exp2": "bonds_tips",
      "fam1": null,
      "fam2": "bonds_gov"
    },
    {
      "t1": "LI",
      "t2": "VGSH",
      "corr_hybrid": -0.0015,
      "corr_structured": null,
      "cat1": "Act",
      "cat2": "Obl",
      "exp1": null,
      "exp2": "bonds_short_treasury",
      "fam1": null,
      "fam2": "bonds_short"
    },
    {
      "t1": "FNDF",
      "t2": "XBI",
      "corr_hybrid": -0.0013,
      "corr_structured": 0.2,
      "cat1": "ETF",
      "cat2": "ETF",
      "exp1": "international",
      "exp2": "biotech",
      "fam1": "intl_equity",
      "fam2": "sector_healthcare"
    },
    {
      "t1": "IG",
      "t2": "NVDA",
      "corr_hybrid": -0.0013,
      "corr_structured": null,
      "cat1": "Act",
      "cat2": "Act",
      "exp1": null,
      "exp2": null,
      "fam1": null,
      "fam2": null
    },
    {
      "t1": "FIX",
      "t2": "XCEM",
      "corr_hybrid": 0.0011,
      "corr_structured": null,
      "cat1": "Act",
      "cat2": "ETF",
      "exp1": null,
      "exp2": "emerging_markets",
      "fam1": null,
      "fam2": "em_equity"
    },
    {
      "t1": "FNDF",
      "t2": "PEG",
      "corr_hybrid": 0.0005,
      "corr_structured": null,
      "cat1": "ETF",
      "cat2": "Act",
      "exp1": "international",
      "exp2": null,
      "fam1": "intl_equity",
      "fam2": null
    },
    {
      "t1": "FNDF",
      "t2": "SPLV",
      "corr_hybrid": -0.0003,
      "corr_structured": 0.72,
      "cat1": "ETF",
      "cat2": "ETF",
      "exp1": "international",
      "exp2": "sp500",
      "fam1": "intl_equity",
      "fam2": "us_equity_large"
    },
    {
      "t1": "SPYV",
      "t2": "XCEM",
      "corr_hybrid": 0.0002,
      "corr_structured": 0.2,
      "cat1": "ETF",
      "cat2": "ETF",
      "exp1": "sp500_value",
      "exp2": "emerging_markets",
      "fam1": "factor_value",
      "fam2": "em_equity"
    }
  ],
  "correlation_matrix": {
    "tickers": [
      "000660",
      "2059",
      "ACWV",
      "BMED",
      "BSV",
      "COPX",
      "DIVB",
      "FIX",
      "FLKR",
      "FNDF",
      "GBIL",
      "GD",
      "GLD",
      "ICLO",
      "IG",
      "INCY",
      "ITX",
      "KO",
      "LI",
      "NVDA",
      "PAAA",
      "PEG",
      "PICK",
      "REC",
      "SCHD",
      "SCHP",
      "SOXX",
      "SPLV",
      "SPYV",
      "STIP",
      "SUNPHARMA",
      "VGSH",
      "VICI",
      "VPL",
      "XBI",
      "XCEM",
      "XLE",
      "XLK",
      "XLV"
    ],
    "matrix": [
      [
        1.0,
        -0.2104,
        0.0264,
        -0.0145,
        -0.0096,
        -0.0076,
        0.0118,
        -0.0875,
        -0.0125,
        -0.0085,
        -0.0096,
        -0.0542,
        0.096,
        -0.0096,
        -0.0701,
        0.0182,
        -0.264,
        0.0216,
        -0.0781,
        -0.0901,
        -0.0096,
        -0.0159,
        -0.032,
        -0.0813,
        -0.0042,
        -0.053,
        0.0142,
        0.0505,
        -0.0144,
        -0.0096,
        -0.2104,
        -0.0096,
        -0.046,
        0.0244,
        0.0501,
        -0.0066,
        -0.0962,
        -0.0093,
        0.0095
      ],
      [
        -0.2104,
        1.0,
        0.0264,
        -0.0145,
        -0.0096,
        -0.0076,
        0.0118,
        -0.0875,
        -0.0125,
        -0.0085,
        -0.0096,
        -0.0542,
        0.096,
        -0.0096,
        -0.0701,
        0.0182,
        -0.264,
        0.0216,
        -0.0781,
        -0.0901,
        -0.0096,
        -0.0159,
        -0.032,
        -0.0813,
        -0.0042,
        -0.053,
        0.0142,
        0.0505,
        -0.0144,
        -0.0096,
        -0.2104,
        -0.0096,
        -0.046,
        0.0244,
        0.0501,
        -0.0066,
        -0.0962,
        -0.0093,
        0.0095
      ],
      [
        0.0264,
        0.0264,
        1.0,
        0.2564,
        0.0594,
        -0.1707,
        0.2532,
        -0.306,
        -0.2264,
        0.0192,
        0.0594,
        0.2016,
        0.3473,
        0.0594,
        -0.002,
        0.376,
        0.0017,
        0.4432,
        -0.0412,
        -0.3167,
        0.0594,
        0.3072,
        -0.1678,
        -0.5763,
        0.2475,
        0.1053,
        -0.1774,
        0.5083,
        0.0952,
        0.0594,
        0.0264,
        0.0594,
        0.2587,
        0.0655,
        0.2461,
        -0.0993,
        -0.3659,
        -0.1568,
        0.3073
      ],
      [
        -0.0145,
        -0.0145,
        0.2564,
        1.0,
        0.046,
        -0.1438,
        0.1704,
        -0.2445,
        -0.1767,
        0.0065,
        0.046,
        0.1316,
        0.2315,
        0.046,
        0.0049,
        0.2446,
        -0.0348,
        0.2995,
        -0.0492,
        -0.2301,
        0.046,
        0.2055,
        -0.1302,
        -0.4401,
        0.1708,
        0.078,
        -0.1363,
        0.344,
        0.0644,
        0.046,
        -0.0145,
        0.046,
        0.1728,
        0.0357,
        0.1597,
        -0.077,
        -0.2367,
        -0.1138,
        0.2081
      ],
      [
        -0.0096,
        -0.0096,
        0.0594,
        0.046,
        1.0,
        -0.0309,
        0.0505,
        -0.0591,
        -0.0314,
        0.0219,
        0.0396,
        0.0437,
        0.0384,
        0.0396,
        0.048,
        0.042,
        -0.0244,
        0.0517,
        -0.0015,
        -0.0269,
        0.0396,
        0.0518,
        -0.0132,
        -0.0735,
        0.0592,
        0.0539,
        -0.0165,
        0.0551,
        0.0429,
        0.0396,
        -0.0096,
        0.0396,
        0.0473,
        0.0193,
        0.0357,
        0.0025,
        0.0112,
        -0.002,
        0.056
      ],
      [
        -0.0076,
        -0.0076,
        -0.1707,
        -0.1438,
        -0.0309,
        1.0,
        -0.1394,
        -0.068,
        -0.1052,
        -0.082,
        -0.0309,
        -0.0902,
        -0.2333,
        -0.0309,
        0.0158,
        -0.2194,
        0.0585,
        -0.1753,
        -0.0766,
        0.0604,
        -0.0309,
        -0.1368,
        -0.0576,
        0.2107,
        -0.1121,
        -0.0211,
        -0.1076,
        -0.2083,
        -0.0752,
        -0.0309,
        -0.0076,
        -0.0309,
        -0.0936,
        -0.1382,
        -0.2002,
        -0.0644,
        0.1792,
        -0.0292,
        -0.148
      ],
      [
        0.0118,
        0.0118,
        0.2532,
        0.1704,
        0.0505,
        -0.1394,
        1.0,
        -0.2223,
        -0.1664,
        0.0268,
        0.0505,
        0.1324,
        0.2292,
        0.0505,
        0.0062,
        0.2339,
        -0.0044,
        0.2784,
        -0.0266,
        -0.1935,
        0.0505,
        0.1995,
        -0.1083,
        -0.3922,
        0.1707,
        0.071,
        -0.1274,
        0.3269,
        0.0798,
        0.0505,
        0.0118,
        0.0505,
        0.1646,
        0.0479,
        0.1618,
        -0.0558,
        -0.2337,
        -0.0893,
        0.2078
      ],
      [
        -0.0875,
        -0.0875,
        -0.306,
        -0.2445,
        -0.0591,
        -0.068,
        -0.2223,
        1.0,
        0.0061,
        -0.0676,
        -0.0591,
        -0.195,
        -0.3115,
        -0.0591,
        -0.027,
        -0.3573,
        -0.0368,
        -0.3565,
        -0.065,
        0.1817,
        -0.0591,
        -0.2695,
        0.0258,
        0.6384,
        -0.213,
        -0.1047,
        -0.0067,
        -0.3946,
        -0.1041,
        -0.0591,
        -0.0875,
        -0.0591,
        -0.2274,
        -0.1289,
        -0.2582,
        0.0011,
        0.2612,
        0.0586,
        -0.262
      ],
      [
        -0.0125,
        -0.0125,
        -0.2264,
        -0.1767,
        -0.0314,
        -0.1052,
        -0.1664,
        0.0061,
        1.0,
        -0.0607,
        -0.0314,
        -0.1209,
        -0.2735,
        -0.0314,
        0.0195,
        -0.2774,
        0.0477,
        -0.2584,
        -0.0499,
        0.1374,
        -0.0314,
        -0.1864,
        -0.0037,
        0.3944,
        -0.145,
        -0.0406,
        -0.0513,
        -0.2975,
        -0.0717,
        -0.0314,
        -0.0125,
        -0.0314,
        -0.1414,
        -0.1243,
        -0.2219,
        -0.021,
        0.2397,
        0.0243,
        -0.1902
      ],
      [
        -0.0085,
        -0.0085,
        0.0192,
        0.0065,
        0.0219,
        -0.082,
        0.0268,
        -0.0676,
        -0.0607,
        1.0,
        0.0219,
        0.0022,
        0.0055,
        0.0219,
        0.0105,
        -0.0229,
        -0.003,
        -0.0151,
        -0.0076,
        0.0169,
        0.0219,
        0.0005,
        -0.0111,
        -0.0462,
        0.02,
        0.0025,
        -0.044,
        -0.0003,
        0.0338,
        0.0219,
        -0.0085,
        0.0219,
        -0.0061,
        0.0024,
        -0.0013,
        0.0081,
        -0.0018,
        0.0164,
        0.0175
      ],
      [
        -0.0096,
        -0.0096,
        0.0594,
        0.046,
        0.0396,
        -0.0309,
        0.0505,
        -0.0591,
        -0.0314,
        0.0219,
        1.0,
        0.0437,
        0.0384,
        0.0396,
        0.048,
        0.042,
        -0.0244,
        0.0517,
        -0.0015,
        -0.0269,
        0.0396,
        0.0518,
        -0.0132,
        -0.0735,
        0.0592,
        0.0539,
        -0.0165,
        0.0551,
        0.0429,
        0.0396,
        -0.0096,
        0.0396,
        0.0473,
        0.0193,
        0.0357,
        0.0025,
        0.0112,
        -0.002,
        0.056
      ],
      [
        -0.0542,
        -0.0542,
        0.2016,
        0.1316,
        0.0437,
        -0.0902,
        0.1324,
        -0.195,
        -0.1209,
        0.0022,
        0.0437,
        1.0,
        0.188,
        0.0437,
        0.0165,
        0.1974,
        -0.0875,
        0.2405,
        -0.0503,
        -0.197,
        0.0437,
        0.1637,
        -0.1015,
        -0.3379,
        0.1395,
        0.0754,
        -0.0861,
        0.2704,
        0.0499,
        0.0437,
        -0.0542,
        0.0437,
        0.1376,
        0.0339,
        0.1329,
        -0.059,
        -0.1639,
        -0.0897,
        0.165
      ],
      [
        0.096,
        0.096,
        0.3473,
        0.2315,
        0.0384,
        -0.2333,
        0.2292,
        -0.3115,
        -0.2735,
        0.0055,
        0.0384,
        0.188,
        1.0,
        0.0384,
        -0.0234,
        0.3325,
        0.112,
        0.4086,
        -0.0372,
        -0.2851,
        0.0384,
        0.2806,
        -0.1819,
        -0.6201,
        0.2175,
        0.0768,
        -0.2311,
        0.4757,
        0.0787,
        0.0384,
        0.096,
        0.0384,
        0.2407,
        0.0297,
        0.1989,
        -0.1169,
        -0.3761,
        -0.1663,
        0.2782
      ],
      [
        -0.0096,
        -0.0096,
        0.0594,
        0.046,
        0.0396,
        -0.0309,
        0.0505,
        -0.0591,
        -0.0314,
        0.0219,
        0.0396,
        0.0437,
        0.0384,
        1.0,
        0.048,
        0.042,
        -0.0244,
        0.0517,
        -0.0015,
        -0.0269,
        0.0396,
        0.0518,
        -0.0132,
        -0.0735,
        0.0592,
        0.0539,
        -0.0165,
        0.0551,
        0.0429,
        0.0396,
        -0.0096,
        0.0396,
        0.0473,
        0.0193,
        0.0357,
        0.0025,
        0.0112,
        -0.002,
        0.056
      ],
      [
        -0.0701,
        -0.0701,
        -0.002,
        0.0049,
        0.048,
        0.0158,
        0.0062,
        -0.027,
        0.0195,
        0.0105,
        0.048,
        0.0165,
        -0.0234,
        0.048,
        1.0,
        -0.016,
        -0.103,
        -0.0108,
        -0.0156,
        -0.0013,
        0.048,
        0.0098,
        0.0078,
        0.0203,
        0.0328,
        0.0747,
        0.0319,
        -0.0305,
        0.0289,
        0.048,
        -0.0701,
        0.048,
        0.0173,
        0.0087,
        -0.0029,
        0.0143,
        0.127,
        0.0172,
        0.0099
      ],
      [
        0.0182,
        0.0182,
        0.376,
        0.2446,
        0.042,
        -0.2194,
        0.2339,
        -0.3573,
        -0.2774,
        -0.0229,
        0.042,
        0.1974,
        0.3325,
        0.042,
        -0.016,
        1.0,
        0.0082,
        0.4713,
        -0.0801,
        -0.3709,
        0.042,
        0.3104,
        -0.2185,
        -0.7265,
        0.2375,
        0.1043,
        -0.2281,
        0.5326,
        0.0623,
        0.042,
        0.0182,
        0.042,
        0.2691,
        0.0259,
        0.2223,
        -0.1484,
        -0.3858,
        -0.2085,
        0.2995
      ],
      [
        -0.264,
        -0.264,
        0.0017,
        -0.0348,
        -0.0244,
        0.0585,
        -0.0044,
        -0.0368,
        0.0477,
        -0.003,
        -0.0244,
        -0.0875,
        0.112,
        -0.0244,
        -0.103,
        0.0082,
        1.0,
        -0.0086,
        -0.0761,
        -0.0773,
        -0.0244,
        -0.046,
        -0.0018,
        -0.0116,
        -0.0311,
        -0.0895,
        0.0707,
        0.024,
        -0.0277,
        -0.0244,
        -0.264,
        -0.0244,
        -0.0846,
        0.0456,
        0.0624,
        0.0175,
        -0.1104,
        0.0153,
        -0.0137
      ],
      [
        0.0216,
        0.0216,
        0.4432,
        0.2995,
        0.0517,
        -0.1753,
        0.2784,
        -0.3565,
        -0.2584,
        -0.0151,
        0.0517,
        0.2405,
        0.4086,
        0.0517,
        -0.0108,
        0.4713,
        -0.0086,
        1.0,
        -0.0691,
        -0.4267,
        0.0517,
        0.3737,
        -0.223,
        -0.7329,
        0.2834,
        0.131,
        -0.2085,
        0.6268,
        0.0765,
        0.0517,
        0.0216,
        0.0517,
        0.3234,
        0.0576,
        0.2867,
        -0.1512,
        -0.4425,
        -0.2276,
        0.3568
      ],
      [
        -0.0781,
        -0.0781,
        -0.0412,
        -0.0492,
        -0.0015,
        -0.0766,
        -0.0266,
        -0.065,
        -0.0499,
        -0.0076,
        -0.0015,
        -0.0503,
        -0.0372,
        -0.0015,
        -0.0156,
        -0.0801,
        -0.0761,
        -0.0691,
        1.0,
        0.0141,
        -0.0015,
        -0.0553,
        -0.0192,
        0.0147,
        -0.0306,
        -0.0297,
        -0.0346,
        -0.0612,
        -0.0073,
        -0.0015,
        -0.0781,
        -0.0015,
        -0.0571,
        -0.0248,
        -0.0435,
        -0.0049,
        0.0265,
        0.0107,
        -0.0387
      ],
      [
        -0.0901,
        -0.0901,
        -0.3167,
        -0.2301,
        -0.0269,
        0.0604,
        -0.1935,
        0.1817,
        0.1374,
        0.0169,
        -0.0269,
        -0.197,
        -0.2851,
        -0.0269,
        -0.0013,
        -0.3709,
        -0.0773,
        -0.4267,
        0.0141,
        1.0,
        -0.0269,
        -0.2875,
        0.1407,
        0.5889,
        -0.2026,
        -0.1079,
        0.1205,
        -0.4599,
        -0.0437,
        -0.0269,
        -0.0901,
        -0.0269,
        -0.2602,
        -0.0441,
        -0.211,
        0.1082,
        0.313,
        0.1714,
        -0.2576
      ],
      [
        -0.0096,
        -0.0096,
        0.0594,
        0.046,
        0.0396,
        -0.0309,
        0.0505,
        -0.0591,
        -0.0314,
        0.0219,
        0.0396,
        0.0437,
        0.0384,
        0.0396,
        0.048,
        0.042,
        -0.0244,
        0.0517,
        -0.0015,
        -0.0269,
        1.0,
        0.0518,
        -0.0132,
        -0.0735,
        0.0592,
        0.0539,
        -0.0165,
        0.0551,
        0.0429,
        0.0396,
        -0.0096,
        0.0396,
        0.0473,
        0.0193,
        0.0357,
        0.0025,
        0.0112,
        -0.002,
        0.056
      ],
      [
        -0.0159,
        -0.0159,
        0.3072,
        0.2055,
        0.0518,
        -0.1368,
        0.1995,
        -0.2695,
        -0.1864,
        0.0005,
        0.0518,
        0.1637,
        0.2806,
        0.0518,
        0.0098,
        0.3104,
        -0.046,
        0.3737,
        -0.0553,
        -0.2875,
        0.0518,
        1.0,
        -0.152,
        -0.5079,
        0.205,
        0.1019,
        -0.1435,
        0.4202,
        0.0685,
        0.0518,
        -0.0159,
        0.0518,
        0.2175,
        0.0453,
        0.1979,
        -0.0949,
        -0.2788,
        -0.1437,
        0.2499
      ],
      [
        -0.032,
        -0.032,
        -0.1678,
        -0.1302,
        -0.0132,
        -0.0576,
        -0.1083,
        0.0258,
        -0.0037,
        -0.0111,
        -0.0132,
        -0.1015,
        -0.1819,
        -0.0132,
        0.0078,
        -0.2185,
        -0.0018,
        -0.223,
        -0.0192,
        0.1407,
        -0.0132,
        -0.152,
        1.0,
        0.2587,
        -0.1058,
        -0.0474,
        -0.0058,
        -0.2409,
        -0.0286,
        -0.0132,
        -0.032,
        -0.0132,
        -0.1297,
        -0.0606,
        -0.1452,
        0.0233,
        0.1737,
        0.0614,
        -0.1387
      ],
      [
        -0.0813,
        -0.0813,
        -0.5763,
        -0.4401,
        -0.0735,
        0.2107,
        -0.3922,
        0.6384,
        0.3944,
        -0.0462,
        -0.0735,
        -0.3379,
        -0.6201,
        -0.0735,
        0.0203,
        -0.7265,
        -0.0116,
        -0.7329,
        0.0147,
        0.5889,
        -0.0735,
        -0.5079,
        0.2587,
        1.0,
        -0.3722,
        -0.1521,
        0.2698,
        -0.7905,
        -0.1363,
        -0.0735,
        -0.0813,
        -0.0735,
        -0.4263,
        -0.1687,
        -0.4768,
        0.1369,
        0.58,
        0.2513,
        -0.4802
      ],
      [
        -0.0042,
        -0.0042,
        0.2475,
        0.1708,
        0.0592,
        -0.1121,
        0.1707,
        -0.213,
        -0.145,
        0.02,
        0.0592,
        0.1395,
        0.2175,
        0.0592,
        0.0328,
        0.2375,
        -0.0311,
        0.2834,
        -0.0306,
        -0.2026,
        0.0592,
        0.205,
        -0.1058,
        -0.3722,
        1.0,
        0.0977,
        -0.1075,
        0.3196,
        0.0773,
        0.0592,
        -0.0042,
        0.0592,
        0.1758,
        0.0468,
        0.1594,
        -0.0575,
        -0.1903,
        -0.0931,
        0.2064
      ],
      [
        -0.053,
        -0.053,
        0.1053,
        0.078,
        0.0539,
        -0.0211,
        0.071,
        -0.1047,
        -0.0406,
        0.0025,
        0.0539,
        0.0754,
        0.0768,
        0.0539,
        0.0747,
        0.1043,
        -0.0895,
        0.131,
        -0.0297,
        -0.1079,
        0.0539,
        0.1019,
        -0.0474,
        -0.1521,
        0.0977,
        1.0,
        -0.0193,
        0.1269,
        0.0411,
        0.0539,
        -0.053,
        0.0539,
        0.0978,
        0.0204,
        0.0669,
        -0.0263,
        0.0079,
        -0.0435,
        0.0951
      ],
      [
        0.0142,
        0.0142,
        -0.1774,
        -0.1363,
        -0.0165,
        -0.1076,
        -0.1274,
        -0.0067,
        -0.0513,
        -0.044,
        -0.0165,
        -0.0861,
        -0.2311,
        -0.0165,
        0.0319,
        -0.2281,
        0.0707,
        -0.2085,
        -0.0346,
        0.1205,
        -0.0165,
        -0.1435,
        -0.0058,
        0.2698,
        -0.1075,
        -0.0193,
        1.0,
        -0.2412,
        -0.0471,
        -0.0165,
        0.0142,
        -0.0165,
        -0.1041,
        -0.1045,
        -0.1853,
        -0.0176,
        0.2078,
        0.0206,
        -0.1468
      ],
      [
        0.0505,
        0.0505,
        0.5083,
        0.344,
        0.0551,
        -0.2083,
        0.3269,
        -0.3946,
        -0.2975,
        -0.0003,
        0.0551,
        0.2704,
        0.4757,
        0.0551,
        -0.0305,
        0.5326,
        0.024,
        0.6268,
        -0.0612,
        -0.4599,
        0.0551,
        0.4202,
        -0.2409,
        -0.7905,
        0.3196,
        0.1269,
        -0.2412,
        1.0,
        0.0974,
        0.0551,
        0.0505,
        0.0551,
        0.3571,
        0.076,
        0.333,
        -0.1575,
        -0.5344,
        -0.2422,
        0.4085
      ],
      [
        -0.0144,
        -0.0144,
        0.0952,
        0.0644,
        0.0429,
        -0.0752,
        0.0798,
        -0.1041,
        -0.0717,
        0.0338,
        0.0429,
        0.0499,
        0.0787,
        0.0429,
        0.0289,
        0.0623,
        -0.0277,
        0.0765,
        -0.0073,
        -0.0437,
        0.0429,
        0.0685,
        -0.0286,
        -0.1363,
        0.0773,
        0.0411,
        -0.0471,
        0.0974,
        1.0,
        0.0429,
        -0.0144,
        0.0429,
        0.0531,
        0.0287,
        0.0588,
        0.0002,
        -0.0479,
        -0.0053,
        0.083
      ],
      [
        -0.0096,
        -0.0096,
        0.0594,
        0.046,
        0.0396,
        -0.0309,
        0.0505,
        -0.0591,
        -0.0314,
        0.0219,
        0.0396,
        0.0437,
        0.0384,
        0.0396,
        0.048,
        0.042,
        -0.0244,
        0.0517,
        -0.0015,
        -0.0269,
        0.0396,
        0.0518,
        -0.0132,
        -0.0735,
        0.0592,
        0.0539,
        -0.0165,
        0.0551,
        0.0429,
        1.0,
        -0.0096,
        0.0396,
        0.0473,
        0.0193,
        0.0357,
        0.0025,
        0.0112,
        -0.002,
        0.056
      ],
      [
        -0.2104,
        -0.2104,
        0.0264,
        -0.0145,
        -0.0096,
        -0.0076,
        0.0118,
        -0.0875,
        -0.0125,
        -0.0085,
        -0.0096,
        -0.0542,
        0.096,
        -0.0096,
        -0.0701,
        0.0182,
        -0.264,
        0.0216,
        -0.0781,
        -0.0901,
        -0.0096,
        -0.0159,
        -0.032,
        -0.0813,
        -0.0042,
        -0.053,
        0.0142,
        0.0505,
        -0.0144,
        -0.0096,
        1.0,
        -0.0096,
        -0.046,
        0.0244,
        0.0501,
        -0.0066,
        -0.0962,
        -0.0093,
        0.0095
      ],
      [
        -0.0096,
        -0.0096,
        0.0594,
        0.046,
        0.0396,
        -0.0309,
        0.0505,
        -0.0591,
        -0.0314,
        0.0219,
        0.0396,
        0.0437,
        0.0384,
        0.0396,
        0.048,
        0.042,
        -0.0244,
        0.0517,
        -0.0015,
        -0.0269,
        0.0396,
        0.0518,
        -0.0132,
        -0.0735,
        0.0592,
        0.0539,
        -0.0165,
        0.0551,
        0.0429,
        0.0396,
        -0.0096,
        1.0,
        0.0473,
        0.0193,
        0.0357,
        0.0025,
        0.0112,
        -0.002,
