{
  "_meta": {
    "generated": "2026-05-20T12:26:05",
    "portfolio_generated": "2026-05-20T12:22:47.549880",
    "n_assets": 40,
    "n_with_returns": 30,
    "covariance_method": "hybrid_shrunk",
    "condition_number": 277.13,
    "pca_factors": 6
  },
  "profiles": {
    "Agressif": {
      "n_assets": 16,
      "weighted_avg_correlation": 0.2085,
      "most_correlated": [
        {
          "t1": "SLV",
          "t2": "GLD",
          "corr": 0.8264,
          "w1": 3.0,
          "w2": 9.8,
          "combined_weight": 12.8
        },
        {
          "t1": "XLK",
          "t2": "SOXX",
          "corr": 0.7895,
          "w1": 4.4,
          "w2": 6.3,
          "combined_weight": 10.6
        },
        {
          "t1": "FLKR",
          "t2": "SOXX",
          "corr": 0.7632,
          "w1": 5.3,
          "w2": 6.3,
          "combined_weight": 11.6
        },
        {
          "t1": "SOXX",
          "t2": "FLTW",
          "corr": 0.7599,
          "w1": 6.3,
          "w2": 6.8,
          "combined_weight": 13.0
        },
        {
          "t1": "FLKR",
          "t2": "XLK",
          "corr": 0.7415,
          "w1": 5.3,
          "w2": 4.4,
          "combined_weight": 9.7
        },
        {
          "t1": "XLK",
          "t2": "FLTW",
          "corr": 0.7384,
          "w1": 4.4,
          "w2": 6.8,
          "combined_weight": 11.1
        },
        {
          "t1": "FLKR",
          "t2": "FLTW",
          "corr": 0.7193,
          "w1": 5.3,
          "w2": 6.8,
          "combined_weight": 12.1
        },
        {
          "t1": "NVDA",
          "t2": "XLK",
          "corr": 0.6256,
          "w1": 6.7,
          "w2": 4.4,
          "combined_weight": 11.0
        },
        {
          "t1": "NVDA",
          "t2": "SOXX",
          "corr": 0.6192,
          "w1": 6.7,
          "w2": 6.3,
          "combined_weight": 12.9
        },
        {
          "t1": "2059",
          "t2": "000660",
          "corr": 0.599,
          "w1": 10.9,
          "w2": 6.8,
          "combined_weight": 17.7
        }
      ],
      "least_correlated": [
        {
          "t1": "FLKR",
          "t2": "XLE",
          "corr": -0.0254,
          "w1": 5.3,
          "w2": 8.6,
          "combined_weight": 13.9
        },
        {
          "t1": "XLE",
          "t2": "SOXX",
          "corr": -0.0378,
          "w1": 8.6,
          "w2": 6.3,
          "combined_weight": 14.8
        },
        {
          "t1": "REMX",
          "t2": "INCY",
          "corr": -0.0562,
          "w1": 3.5,
          "w2": 10.0,
          "combined_weight": 13.5
        },
        {
          "t1": "XLK",
          "t2": "XLE",
          "corr": -0.0571,
          "w1": 4.4,
          "w2": 8.6,
          "combined_weight": 12.9
        },
        {
          "t1": "NVDA",
          "t2": "XLE",
          "corr": -0.158,
          "w1": 6.7,
          "w2": 8.6,
          "combined_weight": 15.3
        }
      ],
      "high_corr_high_weight": [
        {
          "t1": "SLV",
          "t2": "GLD",
          "corr": 0.8264,
          "w1": 3.0,
          "w2": 9.8,
          "combined_weight": 12.8
        },
        {
          "t1": "XLK",
          "t2": "SOXX",
          "corr": 0.7895,
          "w1": 4.4,
          "w2": 6.3,
          "combined_weight": 10.6
        },
        {
          "t1": "FLKR",
          "t2": "SOXX",
          "corr": 0.7632,
          "w1": 5.3,
          "w2": 6.3,
          "combined_weight": 11.6
        },
        {
          "t1": "SOXX",
          "t2": "FLTW",
          "corr": 0.7599,
          "w1": 6.3,
          "w2": 6.8,
          "combined_weight": 13.0
        },
        {
          "t1": "XLK",
          "t2": "FLTW",
          "corr": 0.7384,
          "w1": 4.4,
          "w2": 6.8,
          "combined_weight": 11.1
        }
      ]
    },
    "Mod\u00e9r\u00e9": {
      "n_assets": 13,
      "weighted_avg_correlation": 0.1564,
      "most_correlated": [
        {
          "t1": "FNDF",
          "t2": "FNDX",
          "corr": 0.5727,
          "w1": 9.0,
          "w2": 9.0,
          "combined_weight": 18.0
        },
        {
          "t1": "BMED",
          "t2": "FNDX",
          "corr": 0.4782,
          "w1": 6.4,
          "w2": 9.0,
          "combined_weight": 15.4
        },
        {
          "t1": "FNDF",
          "t2": "BMED",
          "corr": 0.4692,
          "w1": 9.0,
          "w2": 6.4,
          "combined_weight": 15.4
        },
        {
          "t1": "SCHD",
          "t2": "FNDX",
          "corr": 0.4397,
          "w1": 9.0,
          "w2": 9.0,
          "combined_weight": 18.0
        },
        {
          "t1": "SCHD",
          "t2": "BMED",
          "corr": 0.3949,
          "w1": 9.0,
          "w2": 6.4,
          "combined_weight": 15.4
        },
        {
          "t1": "FNDX",
          "t2": "XLV",
          "corr": 0.3868,
          "w1": 9.0,
          "w2": 3.6,
          "combined_weight": 12.6
        },
        {
          "t1": "BMED",
          "t2": "XLV",
          "corr": 0.3832,
          "w1": 6.4,
          "w2": 3.6,
          "combined_weight": 10.0
        },
        {
          "t1": "SCHD",
          "t2": "FNDF",
          "corr": 0.3788,
          "w1": 9.0,
          "w2": 9.0,
          "combined_weight": 18.0
        },
        {
          "t1": "FNDF",
          "t2": "XLV",
          "corr": 0.3699,
          "w1": 9.0,
          "w2": 3.6,
          "combined_weight": 12.6
        },
        {
          "t1": "SCHD",
          "t2": "XLV",
          "corr": 0.3379,
          "w1": 9.0,
          "w2": 3.6,
          "combined_weight": 12.6
        }
      ],
      "least_correlated": [
        {
          "t1": "STIP",
          "t2": "VGSH",
          "corr": 0.0212,
          "w1": 9.0,
          "w2": 8.8,
          "combined_weight": 17.8
        },
        {
          "t1": "STIP",
          "t2": "GBIL",
          "corr": 0.0212,
          "w1": 9.0,
          "w2": 6.6,
          "combined_weight": 15.6
        },
        {
          "t1": "VGSH",
          "t2": "GBIL",
          "corr": 0.0212,
          "w1": 8.8,
          "w2": 6.6,
          "combined_weight": 15.4
        },
        {
          "t1": "SCHD",
          "t2": "ITX",
          "corr": 0.0182,
          "w1": 9.0,
          "w2": 8.4,
          "combined_weight": 17.4
        },
        {
          "t1": "ITX",
          "t2": "GLD",
          "corr": 0.0034,
          "w1": 8.4,
          "w2": 8.0,
          "combined_weight": 16.4
        }
      ],
      "high_corr_high_weight": []
    },
    "Stable": {
      "n_assets": 14,
      "weighted_avg_correlation": 0.1599,
      "most_correlated": [
        {
          "t1": "VICI",
          "t2": "SUNPHARMA",
          "corr": 0.4383,
          "w1": 7.4,
          "w2": 5.3,
          "combined_weight": 12.7
        },
        {
          "t1": "SUNPHARMA",
          "t2": "KO",
          "corr": 0.4192,
          "w1": 5.3,
          "w2": 4.8,
          "combined_weight": 10.1
        },
        {
          "t1": "ACWV",
          "t2": "SPYV",
          "corr": 0.4092,
          "w1": 6.7,
          "w2": 5.1,
          "combined_weight": 11.7
        },
        {
          "t1": "IBE",
          "t2": "SUNPHARMA",
          "corr": 0.4083,
          "w1": 6.4,
          "w2": 5.3,
          "combined_weight": 11.7
        },
        {
          "t1": "GD",
          "t2": "SUNPHARMA",
          "corr": 0.3957,
          "w1": 7.4,
          "w2": 5.3,
          "combined_weight": 12.7
        },
        {
          "t1": "ACWV",
          "t2": "SUNPHARMA",
          "corr": 0.3863,
          "w1": 6.7,
          "w2": 5.3,
          "combined_weight": 12.0
        },
        {
          "t1": "SPYV",
          "t2": "XLV",
          "corr": 0.377,
          "w1": 5.1,
          "w2": 5.8,
          "combined_weight": 10.9
        },
        {
          "t1": "SPLV",
          "t2": "SUNPHARMA",
          "corr": 0.3736,
          "w1": 6.7,
          "w2": 5.3,
          "combined_weight": 12.0
        },
        {
          "t1": "GD",
          "t2": "SHEL",
          "corr": 0.3728,
          "w1": 7.4,
          "w2": 7.4,
          "combined_weight": 14.8
        },
        {
          "t1": "SPYV",
          "t2": "SUNPHARMA",
          "corr": 0.361,
          "w1": 5.1,
          "w2": 5.3,
          "combined_weight": 10.4
        }
      ],
      "least_correlated": [
        {
          "t1": "VGSH",
          "t2": "BSV",
          "corr": 0.0212,
          "w1": 6.0,
          "w2": 13.0,
          "combined_weight": 19.0
        },
        {
          "t1": "VGSH",
          "t2": "STIP",
          "corr": 0.0212,
          "w1": 6.0,
          "w2": 13.0,
          "combined_weight": 19.0
        },
        {
          "t1": "BSV",
          "t2": "STIP",
          "corr": 0.0212,
          "w1": 13.0,
          "w2": 13.0,
          "combined_weight": 26.0
        },
        {
          "t1": "IBE",
          "t2": "GLD",
          "corr": 0.0195,
          "w1": 6.4,
          "w2": 5.1,
          "combined_weight": 11.5
        },
        {
          "t1": "KO",
          "t2": "GLD",
          "corr": -0.0038,
          "w1": 4.8,
          "w2": 5.1,
          "combined_weight": 9.9
        }
      ],
      "high_corr_high_weight": []
    }
  },
  "all_pairs_top_30": [
    {
      "t1": "GLD",
      "t2": "SLV",
      "corr_hybrid": 0.8264,
      "corr_structured": 0.85,
      "cat1": "ETF",
      "cat2": "ETF",
      "exp1": "gold_physical",
      "exp2": "silver_physical",
      "fam1": "gold",
      "fam2": "precious_metals"
    },
    {
      "t1": "SOXX",
      "t2": "XLK",
      "corr_hybrid": 0.7895,
      "corr_structured": 0.9,
      "cat1": "ETF",
      "cat2": "ETF",
      "exp1": "semiconductor",
      "exp2": "tech",
      "fam1": "sector_tech",
      "fam2": "sector_tech"
    },
    {
      "t1": "FLKR",
      "t2": "SOXX",
      "corr_hybrid": 0.7632,
      "corr_structured": 0.2,
      "cat1": "ETF",
      "cat2": "ETF",
      "exp1": "south_korea",
      "exp2": "semiconductor",
      "fam1": "em_equity",
      "fam2": "sector_tech"
    },
    {
      "t1": "FLTW",
      "t2": "SOXX",
      "corr_hybrid": 0.7599,
      "corr_structured": 0.2,
      "cat1": "ETF",
      "cat2": "ETF",
      "exp1": "taiwan",
      "exp2": "semiconductor",
      "fam1": "em_equity",
      "fam2": "sector_tech"
    },
    {
      "t1": "FLKR",
      "t2": "XLK",
      "corr_hybrid": 0.7415,
      "corr_structured": 0.2,
      "cat1": "ETF",
      "cat2": "ETF",
      "exp1": "south_korea",
      "exp2": "tech",
      "fam1": "em_equity",
      "fam2": "sector_tech"
    },
    {
      "t1": "FLTW",
      "t2": "XLK",
      "corr_hybrid": 0.7384,
      "corr_structured": 0.2,
      "cat1": "ETF",
      "cat2": "ETF",
      "exp1": "taiwan",
      "exp2": "tech",
      "fam1": "em_equity",
      "fam2": "sector_tech"
    },
    {
      "t1": "FLKR",
      "t2": "FLTW",
      "corr_hybrid": 0.7193,
      "corr_structured": 0.9,
      "cat1": "ETF",
      "cat2": "ETF",
      "exp1": "south_korea",
      "exp2": "taiwan",
      "fam1": "em_equity",
      "fam2": "em_equity"
    },
    {
      "t1": "FNDF",
      "t2": "SOXX",
      "corr_hybrid": 0.6373,
      "corr_structured": 0.2,
      "cat1": "ETF",
      "cat2": "ETF",
      "exp1": "international",
      "exp2": "semiconductor",
      "fam1": "intl_equity",
      "fam2": "sector_tech"
    },
    {
      "t1": "FLTW",
      "t2": "FNDF",
      "corr_hybrid": 0.6364,
      "corr_structured": 0.62,
      "cat1": "ETF",
      "cat2": "ETF",
      "exp1": "taiwan",
      "exp2": "international",
      "fam1": "em_equity",
      "fam2": "intl_equity"
    },
    {
      "t1": "NVDA",
      "t2": "XLK",
      "corr_hybrid": 0.6256,
      "corr_structured": null,
      "cat1": "Act",
      "cat2": "ETF",
      "exp1": null,
      "exp2": "tech",
      "fam1": null,
      "fam2": "sector_tech"
    },
    {
      "t1": "FNDF",
      "t2": "XLK",
      "corr_hybrid": 0.6203,
      "corr_structured": 0.2,
      "cat1": "ETF",
      "cat2": "ETF",
      "exp1": "international",
      "exp2": "tech",
      "fam1": "intl_equity",
      "fam2": "sector_tech"
    },
    {
      "t1": "NVDA",
      "t2": "SOXX",
      "corr_hybrid": 0.6192,
      "corr_structured": null,
      "cat1": "Act",
      "cat2": "ETF",
      "exp1": null,
      "exp2": "semiconductor",
      "fam1": null,
      "fam2": "sector_tech"
    },
    {
      "t1": "FLKR",
      "t2": "FNDF",
      "corr_hybrid": 0.6147,
      "corr_structured": 0.62,
      "cat1": "ETF",
      "cat2": "ETF",
      "exp1": "south_korea",
      "exp2": "international",
      "fam1": "em_equity",
      "fam2": "intl_equity"
    },
    {
      "t1": "000660",
      "t2": "2059",
      "corr_hybrid": 0.599,
      "corr_structured": null,
      "cat1": "Act",
      "cat2": "Act",
      "exp1": null,
      "exp2": null,
      "fam1": null,
      "fam2": null
    },
    {
      "t1": "000660",
      "t2": "SUNPHARMA",
      "corr_hybrid": 0.599,
      "corr_structured": null,
      "cat1": "Act",
      "cat2": "Act",
      "exp1": null,
      "exp2": null,
      "fam1": null,
      "fam2": null
    },
    {
      "t1": "2059",
      "t2": "SUNPHARMA",
      "corr_hybrid": 0.599,
      "corr_structured": null,
      "cat1": "Act",
      "cat2": "Act",
      "exp1": null,
      "exp2": null,
      "fam1": null,
      "fam2": null
    },
    {
      "t1": "FLKR",
      "t2": "NVDA",
      "corr_hybrid": 0.5733,
      "corr_structured": null,
      "cat1": "ETF",
      "cat2": "Act",
      "exp1": "south_korea",
      "exp2": null,
      "fam1": "em_equity",
      "fam2": null
    },
    {
      "t1": "FNDF",
      "t2": "FNDX",
      "corr_hybrid": 0.5727,
      "corr_structured": 0.2,
      "cat1": "ETF",
      "cat2": "ETF",
      "exp1": "international",
      "exp2": "value",
      "fam1": "intl_equity",
      "fam2": "factor_value"
    },
    {
      "t1": "FLTW",
      "t2": "NVDA",
      "corr_hybrid": 0.562,
      "corr_structured": null,
      "cat1": "ETF",
      "cat2": "Act",
      "exp1": "taiwan",
      "exp2": null,
      "fam1": "em_equity",
      "fam2": null
    },
    {
      "t1": "FNDX",
      "t2": "SOXX",
      "corr_hybrid": 0.5458,
      "corr_structured": 0.2,
      "cat1": "ETF",
      "cat2": "ETF",
      "exp1": "value",
      "exp2": "semiconductor",
      "fam1": "factor_value",
      "fam2": "sector_tech"
    },
    {
      "t1": "FLTW",
      "t2": "FNDX",
      "corr_hybrid": 0.5445,
      "corr_structured": 0.2,
      "cat1": "ETF",
      "cat2": "ETF",
      "exp1": "taiwan",
      "exp2": "value",
      "fam1": "em_equity",
      "fam2": "factor_value"
    },
    {
      "t1": "FNDX",
      "t2": "SPYV",
      "corr_hybrid": 0.5416,
      "corr_structured": 0.9,
      "cat1": "ETF",
      "cat2": "ETF",
      "exp1": "value",
      "exp2": "sp500_value",
      "fam1": "factor_value",
      "fam2": "factor_value"
    },
    {
      "t1": "FNDF",
      "t2": "SPYV",
      "corr_hybrid": 0.5375,
      "corr_structured": 0.2,
      "cat1": "ETF",
      "cat2": "ETF",
      "exp1": "international",
      "exp2": "sp500_value",
      "fam1": "intl_equity",
      "fam2": "factor_value"
    },
    {
      "t1": "FNDX",
      "t2": "XLK",
      "corr_hybrid": 0.5328,
      "corr_structured": 0.2,
      "cat1": "ETF",
      "cat2": "ETF",
      "exp1": "value",
      "exp2": "tech",
      "fam1": "factor_value",
      "fam2": "sector_tech"
    },
    {
      "t1": "REMX",
      "t2": "SLV",
      "corr_hybrid": 0.5299,
      "corr_structured": 0.2,
      "cat1": "ETF",
      "cat2": "ETF",
      "exp1": "rare_earth",
      "exp2": "silver_physical",
      "fam1": null,
      "fam2": "precious_metals"
    },
    {
      "t1": "FLTW",
      "t2": "REMX",
      "corr_hybrid": 0.5243,
      "corr_structured": 0.2,
      "cat1": "ETF",
      "cat2": "ETF",
      "exp1": "taiwan",
      "exp2": "rare_earth",
      "fam1": "em_equity",
      "fam2": null
    },
    {
      "t1": "FLKR",
      "t2": "FNDX",
      "corr_hybrid": 0.5205,
      "corr_structured": 0.2,
      "cat1": "ETF",
      "cat2": "ETF",
      "exp1": "south_korea",
      "exp2": "value",
      "fam1": "em_equity",
      "fam2": "factor_value"
    },
    {
      "t1": "DIVB",
      "t2": "FNDX",
      "corr_hybrid": 0.5176,
      "corr_structured": 0.8,
      "cat1": "ETF",
      "cat2": "ETF",
      "exp1": "dividend",
      "exp2": "value",
      "fam1": "factor_dividend",
      "fam2": "factor_value"
    },
    {
      "t1": "FNDF",
      "t2": "REMX",
      "corr_hybrid": 0.5038,
      "corr_structured": 0.2,
      "cat1": "ETF",
      "cat2": "ETF",
      "exp1": "international",
      "exp2": "rare_earth",
      "fam1": "intl_equity",
      "fam2": null
    },
    {
      "t1": "DIVB",
      "t2": "FNDF",
      "corr_hybrid": 0.5024,
      "corr_structured": 0.2,
      "cat1": "ETF",
      "cat2": "ETF",
      "exp1": "dividend",
      "exp2": "international",
      "fam1": "factor_dividend",
      "fam2": "intl_equity"
    }
  ],
  "all_pairs_bottom_10": [
    {
      "t1": "KO",
      "t2": "NVDA",
      "corr_hybrid": -0.0136,
      "corr_structured": null,
      "cat1": "Act",
      "cat2": "Act",
      "exp1": null,
      "exp2": null,
      "fam1": null,
      "fam2": null
    },
    {
      "t1": "SOXX",
      "t2": "VICI",
      "corr_hybrid": 0.0126,
      "corr_structured": null,
      "cat1": "ETF",
      "cat2": "Act",
      "exp1": "semiconductor",
      "exp2": null,
      "fam1": "sector_tech",
      "fam2": null
    },
    {
      "t1": "INCY",
      "t2": "ITX",
      "corr_hybrid": -0.0095,
      "corr_structured": null,
      "cat1": "Act",
      "cat2": "Act",
      "exp1": null,
      "exp2": null,
      "fam1": null,
      "fam2": null
    },
    {
      "t1": "ITX",
      "t2": "LI",
      "corr_hybrid": -0.0081,
      "corr_structured": null,
      "cat1": "Act",
      "cat2": "Act",
      "exp1": null,
      "exp2": null,
      "fam1": null,
      "fam2": null
    },
    {
      "t1": "LI",
      "t2": "SHEL",
      "corr_hybrid": 0.0075,
      "corr_structured": null,
      "cat1": "Act",
      "cat2": "Act",
      "exp1": null,
      "exp2": null,
      "fam1": null,
      "fam2": null
    },
    {
      "t1": "IBE",
      "t2": "SLV",
      "corr_hybrid": -0.0071,
      "corr_structured": null,
      "cat1": "Act",
      "cat2": "ETF",
      "exp1": null,
      "exp2": "silver_physical",
      "fam1": null,
      "fam2": "precious_metals"
    },
    {
      "t1": "ITX",
      "t2": "XLK",
      "corr_hybrid": 0.0067,
      "corr_structured": null,
      "cat1": "Act",
      "cat2": "ETF",
      "exp1": null,
      "exp2": "tech",
      "fam1": null,
      "fam2": "sector_tech"
    },
    {
      "t1": "SLV",
      "t2": "XLE",
      "corr_hybrid": 0.0041,
      "corr_structured": 0.2,
      "cat1": "ETF",
      "cat2": "ETF",
      "exp1": "silver_physical",
      "exp2": "energy",
      "fam1": "precious_metals",
      "fam2": "sector_energy"
    },
    {
      "t1": "GLD",
      "t2": "KO",
      "corr_hybrid": -0.0038,
      "corr_structured": null,
      "cat1": "ETF",
      "cat2": "Act",
      "exp1": "gold_physical",
      "exp2": null,
      "fam1": "gold",
      "fam2": null
    },
    {
      "t1": "GLD",
      "t2": "ITX",
      "corr_hybrid": 0.0034,
      "corr_structured": null,
      "cat1": "ETF",
      "cat2": "Act",
      "exp1": "gold_physical",
      "exp2": null,
      "fam1": "gold",
      "fam2": null
    }
  ],
  "correlation_matrix": {
    "tickers": [
      "000660",
      "2059",
      "ACWV",
      "BKR",
      "BMED",
      "BSV",
      "DIVB",
      "FLKR",
      "FLTR",
      "FLTW",
      "FNDF",
      "FNDX",
      "GBIL",
      "GD",
      "GLD",
      "IBE",
      "INCY",
      "ITX",
      "KO",
      "LI",
      "MTBA",
      "NOVN",
      "NVDA",
      "PEG",
      "REMX",
      "SCHD",
      "SCHO",
      "SHEL",
      "SLV",
      "SOXX",
      "SPLV",
      "SPYV",
      "STIP",
      "SUNPHARMA",
      "VGSH",
      "VICI",
      "XBI",
      "XLE",
      "XLK",
      "XLV"
    ],
    "matrix": [
      [
        1.0,
        0.599,
        0.3863,
        0.3103,
        0.4708,
        0.0841,
        0.3586,
        0.1132,
        0.0841,
        0.1432,
        0.2961,
        0.354,
        0.0841,
        0.3957,
        0.0874,
        0.4083,
        0.3493,
        0.2982,
        0.4192,
        0.2813,
        0.0841,
        0.2969,
        0.1689,
        0.4128,
        0.0602,
        0.3723,
        0.0841,
        0.354,
        0.0663,
        0.1184,
        0.3736,
        0.361,
        0.0841,
        0.599,
        0.0841,
        0.4383,
        0.2349,
        0.2354,
        0.1436,
        0.3381
      ],
      [
        0.599,
        1.0,
        0.3863,
        0.3103,
        0.4708,
        0.0841,
        0.3586,
        0.1132,
        0.0841,
        0.1432,
        0.2961,
        0.354,
        0.0841,
        0.3957,
        0.0874,
        0.4083,
        0.3493,
        0.2982,
        0.4192,
        0.2813,
        0.0841,
        0.2969,
        0.1689,
        0.4128,
        0.0602,
        0.3723,
        0.0841,
        0.354,
        0.0663,
        0.1184,
        0.3736,
        0.361,
        0.0841,
        0.599,
        0.0841,
        0.4383,
        0.2349,
        0.2354,
        0.1436,
        0.3381
      ],
      [
        0.3863,
        0.3863,
        1.0,
        0.3471,
        0.4184,
        0.086,
        0.3968,
        0.3023,
        0.086,
        0.325,
        0.4097,
        0.4196,
        0.086,
        0.3269,
        0.1728,
        0.2411,
        0.3322,
        0.1231,
        0.2287,
        0.1104,
        0.086,
        0.1569,
        0.2336,
        0.2704,
        0.2292,
        0.3657,
        0.086,
        0.3111,
        0.2027,
        0.3092,
        0.2902,
        0.4092,
        0.086,
        0.3863,
        0.086,
        0.2909,
        0.3121,
        0.2191,
        0.3119,
        0.3328
      ],
      [
        0.3103,
        0.3103,
        0.3471,
        1.0,
        0.3634,
        0.0902,
        0.4295,
        0.2593,
        0.0902,
        0.2959,
        0.3898,
        0.4398,
        0.0902,
        0.3627,
        0.0996,
        0.1725,
        0.2321,
        -0.0187,
        0.1883,
        0.02,
        0.0902,
        0.1243,
        0.1031,
        0.2038,
        0.3556,
        0.4506,
        0.0902,
        0.4018,
        0.1169,
        0.2638,
        0.3029,
        0.4195,
        0.0902,
        0.3103,
        0.0902,
        0.2621,
        0.2639,
        0.3833,
        0.2453,
        0.3214
      ],
      [
        0.4708,
        0.4708,
        0.4184,
        0.3634,
        1.0,
        0.0951,
        0.4421,
        0.3683,
        0.0951,
        0.3797,
        0.4692,
        0.4782,
        0.0951,
        0.351,
        0.2,
        0.308,
        0.4154,
        0.0901,
        0.2829,
        0.2366,
        0.0951,
        0.1932,
        0.3162,
        0.3376,
        0.2097,
        0.3949,
        0.0951,
        0.3148,
        0.222,
        0.3787,
        0.3191,
        0.4658,
        0.0951,
        0.4708,
        0.0951,
        0.3285,
        0.3833,
        0.1978,
        0.3839,
        0.3832
      ],
      [
        0.0841,
        0.0841,
        0.086,
        0.0902,
        0.0951,
        1.0,
        0.0997,
        0.0771,
        0.0212,
        0.0844,
        0.1009,
        0.1053,
        0.0212,
        0.0796,
        0.0312,
        0.0505,
        0.07,
        0.028,
        0.0465,
        0.0207,
        0.0212,
        0.031,
        0.0549,
        0.0562,
        0.0693,
        0.0924,
        0.0212,
        0.0766,
        0.0379,
        0.0801,
        0.0673,
        0.1016,
        0.0212,
        0.0841,
        0.0212,
        0.0643,
        0.0727,
        0.0606,
        0.0794,
        0.0781
      ],
      [
        0.3586,
        0.3586,
        0.3968,
        0.4295,
        0.4421,
        0.0997,
        1.0,
        0.4192,
        0.0997,
        0.4499,
        0.5024,
        0.5176,
        0.0997,
        0.3545,
        0.1417,
        0.2116,
        0.3193,
        0.0714,
        0.1797,
        0.1309,
        0.0997,
        0.1154,
        0.2952,
        0.2373,
        0.3678,
        0.4325,
        0.0997,
        0.3369,
        0.1732,
        0.4385,
        0.2898,
        0.4938,
        0.0997,
        0.3586,
        0.0997,
        0.2638,
        0.3642,
        0.2733,
        0.4289,
        0.3633
      ],
      [
        0.1132,
        0.1132,
        0.3023,
        0.2593,
        0.3683,
        0.0771,
        0.4192,
        1.0,
        0.0771,
        0.7193,
        0.6147,
        0.5205,
        0.0771,
        0.1303,
        0.2683,
        0.0511,
        0.3053,
        -0.0684,
        -0.0776,
        0.2662,
        0.0771,
        -0.0651,
        0.5733,
        0.0823,
        0.4571,
        0.2346,
        0.0771,
        0.0591,
        0.3454,
        0.7632,
        0.0663,
        0.4764,
        0.0771,
        0.1132,
        0.0771,
        0.0201,
        0.4786,
        -0.0254,
        0.7415,
        0.2827
      ],
      [
        0.0841,
        0.0841,
        0.086,
        0.0902,
        0.0951,
        0.0212,
        0.0997,
        0.0771,
        1.0,
        0.0844,
        0.1009,
        0.1053,
        0.0212,
        0.0796,
        0.0312,
        0.0505,
        0.07,
        0.028,
        0.0465,
        0.0207,
        0.0212,
        0.031,
        0.0549,
        0.0562,
        0.0693,
        0.0924,
        0.0212,
        0.0766,
        0.0379,
        0.0801,
        0.0673,
        0.1016,
        0.0212,
        0.0841,
        0.0212,
        0.0643,
        0.0727,
        0.0606,
        0.0794,
        0.0781
      ],
      [
        0.1432,
        0.1432,
        0.325,
        0.2959,
        0.3797,
        0.0844,
        0.4499,
        0.7193,
        0.0844,
        1.0,
        0.6364,
        0.5445,
        0.0844,
        0.1729,
        0.2757,
        0.063,
        0.2827,
        0.0204,
        -0.0648,
        0.2627,
        0.0844,
        -0.0513,
        0.562,
        0.0935,
        0.5243,
        0.2694,
        0.0844,
        0.1072,
        0.357,
        0.7599,
        0.095,
        0.5001,
        0.0844,
        0.1432,
        0.0844,
        0.0571,
        0.4694,
        0.0206,
        0.7384,
        0.2952
      ],
      [
        0.2961,
        0.2961,
        0.4097,
        0.3898,
        0.4692,
        0.1009,
        0.5024,
        0.6147,
        0.1009,
        0.6364,
        1.0,
        0.5727,
        0.1009,
        0.2944,
        0.3346,
        0.1624,
        0.3494,
        0.0585,
        0.0816,
        0.2311,
        0.1009,
        0.0596,
        0.4548,
        0.2096,
        0.5038,
        0.3788,
        0.1009,
        0.2671,
        0.412,
        0.6373,
        0.2259,
        0.5375,
        0.1009,
        0.2961,
        0.1009,
        0.2036,
        0.4685,
        0.1553,
        0.6203,
        0.3699
      ],
      [
        0.354,
        0.354,
        0.4196,
        0.4398,
        0.4782,
        0.1053,
        0.5176,
        0.5205,
        0.1053,
        0.5445,
        0.5727,
        1.0,
        0.1053,
        0.3463,
        0.1729,
        0.2088,
        0.356,
        0.0331,
        0.1552,
        0.1854,
        0.1053,
        0.0959,
        0.3816,
        0.2371,
        0.41,
        0.4397,
        0.1053,
        0.3148,
        0.2122,
        0.5458,
        0.2769,
        0.5416,
        0.1053,
        0.354,
        0.1053,
        0.2439,
        0.4268,
        0.2419,
        0.5328,
        0.3868
      ],
      [
        0.0841,
        0.0841,
        0.086,
        0.0902,
        0.0951,
        0.0212,
        0.0997,
        0.0771,
        0.0212,
        0.0844,
        0.1009,
        0.1053,
        1.0,
        0.0796,
        0.0312,
        0.0505,
        0.07,
        0.028,
        0.0465,
        0.0207,
        0.0212,
        0.031,
        0.0549,
        0.0562,
        0.0693,
        0.0924,
        0.0212,
        0.0766,
        0.0379,
        0.0801,
        0.0673,
        0.1016,
        0.0212,
        0.0841,
        0.0212,
        0.0643,
        0.0727,
        0.0606,
        0.0794,
        0.0781
      ],
      [
        0.3957,
        0.3957,
        0.3269,
        0.3627,
        0.351,
        0.0796,
        0.3545,
        0.1303,
        0.0796,
        0.1729,
        0.2944,
        0.3463,
        0.0796,
        1.0,
        0.0797,
        0.2435,
        0.2285,
        0.184,
        0.2663,
        0.0557,
        0.0796,
        0.1869,
        0.0737,
        0.2613,
        0.2164,
        0.3829,
        0.0796,
        0.3728,
        0.0852,
        0.1319,
        0.3169,
        0.3424,
        0.0796,
        0.3957,
        0.0796,
        0.3265,
        0.1923,
        0.3182,
        0.1351,
        0.2898
      ],
      [
        0.0874,
        0.0874,
        0.1728,
        0.0996,
        0.2,
        0.0312,
        0.1417,
        0.2683,
        0.0312,
        0.2757,
        0.3346,
        0.1729,
        0.0312,
        0.0797,
        1.0,
        0.0195,
        0.1194,
        0.0034,
        -0.0038,
        0.2172,
        0.0312,
        0.0642,
        0.1198,
        0.1238,
        0.4409,
        0.0786,
        0.0312,
        0.1789,
        0.8264,
        0.2323,
        0.0797,
        0.1562,
        0.0312,
        0.0874,
        0.0312,
        0.1206,
        0.2308,
        0.0147,
        0.2081,
        0.1317
      ],
      [
        0.4083,
        0.4083,
        0.2411,
        0.1725,
        0.308,
        0.0505,
        0.2116,
        0.0511,
        0.0505,
        0.063,
        0.1624,
        0.2088,
        0.0505,
        0.2435,
        0.0195,
        1.0,
        0.2433,
        0.1852,
        0.2947,
        0.2135,
        0.0505,
        0.2047,
        0.1174,
        0.2832,
        -0.033,
        0.2217,
        0.0505,
        0.2015,
        -0.0071,
        0.056,
        0.2376,
        0.2165,
        0.0505,
        0.4083,
        0.0505,
        0.2854,
        0.1456,
        0.1233,
        0.0773,
        0.2132
      ],
      [
        0.3493,
        0.3493,
        0.3322,
        0.2321,
        0.4154,
        0.07,
        0.3193,
        0.3053,
        0.07,
        0.2827,
        0.3494,
        0.356,
        0.07,
        0.2285,
        0.1194,
        0.2433,
        1.0,
        -0.0095,
        0.2307,
        0.023,
        0.07,
        0.1365,
        0.295,
        0.2695,
        -0.0562,
        0.2668,
        0.07,
        0.169,
        0.1437,
        0.3091,
        0.2387,
        0.3561,
        0.07,
        0.3493,
        0.07,
        0.2232,
        0.3475,
        0.0608,
        0.3264,
        0.3247
      ],
      [
        0.2982,
        0.2982,
        0.1231,
        -0.0187,
        0.0901,
        0.028,
        0.0714,
        -0.0684,
        0.028,
        0.0204,
        0.0585,
        0.0331,
        0.028,
        0.184,
        0.0034,
        0.1852,
        -0.0095,
        1.0,
        0.1506,
        -0.0081,
        0.028,
        0.1305,
        0.1083,
        0.1494,
        0.0584,
        0.0182,
        0.028,
        0.0916,
        0.0338,
        -0.0479,
        0.14,
        0.06,
        0.028,
        0.2982,
        0.028,
        0.2683,
        -0.0683,
        -0.0254,
        0.0067,
        0.0491
      ],
      [
        0.4192,
        0.4192,
        0.2287,
        0.1883,
        0.2829,
        0.0465,
        0.1797,
        -0.0776,
        0.0465,
        -0.0648,
        0.0816,
        0.1552,
        0.0465,
        0.2663,
        -0.0038,
        0.2947,
        0.2307,
        0.1506,
        1.0,
        0.1143,
        0.0465,
        0.2382,
        -0.0136,
        0.2957,
        -0.1011,
        0.2409,
        0.0465,
        0.2568,
        -0.0399,
        -0.0862,
        0.2734,
        0.1707,
        0.0465,
        0.4192,
        0.0465,
        0.3172,
        0.0863,
        0.193,
        -0.0642,
        0.2056
      ],
      [
        0.2813,
        0.2813,
        0.1104,
        0.02,
        0.2366,
        0.0207,
        0.1309,
        0.2662,
        0.0207,
        0.2627,
        0.2311,
        0.1854,
        0.0207,
        0.0557,
        0.2172,
        0.2135,
        0.023,
        -0.0081,
        0.1143,
        1.0,
        0.0207,
        0.1204,
        0.3112,
        0.2035,
        0.3059,
        0.0519,
        0.0207,
        0.0075,
        0.1756,
        0.2936,
        0.0197,
        0.1566,
        0.0207,
        0.2813,
        0.0207,
        0.1149,
        0.18,
        -0.0736,
        0.2789,
        0.0708
      ],
      [
        0.0841,
        0.0841,
        0.086,
        0.0902,
        0.0951,
        0.0212,
        0.0997,
        0.0771,
        0.0212,
        0.0844,
        0.1009,
        0.1053,
        0.0212,
        0.0796,
        0.0312,
        0.0505,
        0.07,
        0.028,
        0.0465,
        0.0207,
        1.0,
        0.031,
        0.0549,
        0.0562,
        0.0693,
        0.0924,
        0.0212,
        0.0766,
        0.0379,
        0.0801,
        0.0673,
        0.1016,
        0.0212,
        0.0841,
        0.0212,
        0.0643,
        0.0727,
        0.0606,
        0.0794,
        0.0781
      ],
      [
        0.2969,
        0.2969,
        0.1569,
        0.1243,
        0.1932,
        0.031,
        0.1154,
        -0.0651,
        0.031,
        -0.0513,
        0.0596,
        0.0959,
        0.031,
        0.1869,
        0.0642,
        0.2047,
        0.1365,
        0.1305,
        0.2382,
        0.1204,
        0.031,
        1.0,
        -0.0264,
        0.2133,
        -0.0224,
        0.1595,
        0.031,
        0.1952,
        0.0472,
        -0.0757,
        0.191,
        0.1063,
        0.031,
        0.2969,
        0.031,
        0.2346,
        0.0512,
        0.1374,
        -0.0626,
        0.1341
      ],
      [
        0.1689,
        0.1689,
        0.2336,
        0.1031,
        0.3162,
        0.0549,
        0.2952,
        0.5733,
        0.0549,
        0.562,
        0.4548,
        0.3816,
        0.0549,
        0.0737,
        0.1198,
        0.1174,
        0.295,
        0.1083,
        -0.0136,
        0.3112,
        0.0549,
        -0.0264,
        1.0,
        0.1126,
        0.1966,
        0.1109,
        0.0549,
        -0.0599,
        0.1603,
        0.6192,
        0.0337,
        0.3566,
        0.0549,
        0.1689,
        0.0549,
        0.0336,
        0.3792,
        -0.158,
        0.6256,
        0.2139
      ],
      [
        0.4128,
        0.4128,
        0.2704,
        0.2038,
        0.3376,
        0.0562,
        0.2373,
        0.0823,
        0.0562,
        0.0935,
        0.2096,
        0.2371,
        0.0562,
        0.2613,
        0.1238,
        0.2832,
        0.2695,
        0.1494,
        0.2957,
        0.2035,
        0.0562,
        0.2133,
        0.1126,
        1.0,
        0.0263,
        0.2475,
        0.0562,
        0.244,
        0.1169,
        0.0786,
        0.2579,
        0.2425,
        0.0562,
        0.4128,
        0.0562,
        0.3025,
        0.1813,
        0.1472,
        0.0944,
        0.2398
      ],
      [
        0.0602,
        0.0602,
        0.2292,
        0.3556,
        0.2097,
        0.0693,
        0.3678,
        0.4571,
        0.0693,
        0.5243,
        0.5038,
        0.41,
        0.0693,
        0.2164,
        0.4409,
        -0.033,
        -0.0562,
        0.0584,
        -0.1011,
        0.3059,
        0.0693,
        -0.0224,
        0.1966,
        0.0263,
        1.0,
        0.2964,
        0.0693,
        0.3036,
        0.5299,
        0.4682,
        0.1067,
        0.3595,
        0.0693,
        0.0602,
        0.0693,
        0.0979,
        0.25,
        0.2637,
        0.4148,
        0.1739
      ],
      [
        0.3723,
        0.3723,
        0.3657,
        0.4506,
        0.3949,
        0.0924,
        0.4325,
        0.2346,
        0.0924,
        0.2694,
        0.3788,
        0.4397,
        0.0924,
        0.3829,
        0.0786,
        0.2217,
        0.2668,
        0.0182,
        0.2409,
        0.0519,
        0.0924,
        0.1595,
        0.1109,
        0.2475,
        0.2964,
        1.0,
        0.0924,
        0.4083,
        0.0854,
        0.2395,
        0.3291,
        0.424,
        0.0924,
        0.3723,
        0.0924,
        0.3009,
        0.2661,
        0.3777,
        0.2283,
        0.3379
      ],
      [
        0.0841,
        0.0841,
        0.086,
        0.0902,
        0.0951,
        0.0212,
        0.0997,
        0.0771,
        0.0212,
        0.0844,
        0.1009,
        0.1053,
        0.0212,
        0.0796,
        0.0312,
        0.0505,
        0.07,
        0.028,
        0.0465,
        0.0207,
        0.0212,
        0.031,
        0.0549,
        0.0562,
        0.0693,
        0.0924,
        1.0,
        0.0766,
        0.0379,
        0.0801,
        0.0673,
        0.1016,
        0.0212,
        0.0841,
        0.0212,
        0.0643,
        0.0727,
        0.0606,
        0.0794,
        0.0781
      ],
      [
        0.354,
        0.354,
        0.3111,
        0.4018,
        0.3148,
        0.0766,
        0.3369,
        0.0591,
        0.0766,
        0.1072,
        0.2671,
        0.3148,
        0.0766,
        0.3728,
        0.1789,
        0.2015,
        0.169,
        0.0916,
        0.2568,
        0.0075,
        0.0766,
        0.1952,
        -0.0599,
        0.244,
        0.3036,
        0.4083,
        0.0766,
        1.0,
        0.1968,
        0.0424,
        0.332,
        0.3088,
        0.0766,
        0.354,
        0.0766,
        0.3332,
        0.1537,
        0.4092,
        0.0313,
        0.2739
      ],
      [
        0.0663,
        0.0663,
        0.2027,
        0.1169,
        0.222,
        0.0379,
        0.1732,
        0.3454,
        0.0379,
        0.357,
        0.412,
        0.2122,
        0.0379,
        0.0852,
        0.8264,
        -0.0071,
        0.1437,
        0.0338,
        -0.0399,
        0.1756,
        0.0379,
        0.0472,
        0.1603,
        0.1169,
        0.5299,
        0.0854,
        0.0379,
        0.1968,
        1.0,
        0.305,
        0.0817,
        0.1925,
        0.0379,
        0.0663,
        0.0379,
        0.1205,
        0.2795,
        0.0041,
        0.2775,
        0.1551
      ],
      [
        0.1184,
        0.1184,
        0.3092,
        0.2638,
        0.3787,
        0.0801,
        0.4385,
        0.7632,
        0.0801,
        0.7599,
        0.6373,
        0.5458,
        0.0801,
        0.1319,
        0.2323,
        0.056,
        0.3091,
        -0.0479,
        -0.0862,
        0.2936,
        0.0801,
        -0.0757,
        0.6192,
        0.0786,
        0.4682,
        0.2395,
        0.0801,
        0.0424,
        0.305,
        1.0,
        0.06,
        0.4993,
        0.0801,
        0.1184,
        0.0801,
        0.0126,
        0.494,
        -0.0378,
        0.7895,
        0.2887
      ],
      [
        0.3736,
        0.3736,
        0.2902,
        0.3029,
        0.3191,
        0.0673,
        0.2898,
        0.0663,
        0.0673,
        0.095,
