{
  "_meta": {
    "generated": "2026-04-14T07:11:58",
    "portfolio_generated": "2026-04-14T07:08:08.407002",
    "n_assets": 43,
    "n_with_returns": 29,
    "covariance_method": "hybrid_shrunk",
    "condition_number": 404.47,
    "pca_factors": 4
  },
  "profiles": {
    "Agressif": {
      "n_assets": 17,
      "weighted_avg_correlation": 0.2257,
      "most_correlated": [
        {
          "t1": "CDE",
          "t2": "SILJ",
          "corr": 0.9102,
          "w1": 8.7,
          "w2": 7.4,
          "combined_weight": 16.0
        },
        {
          "t1": "CDE",
          "t2": "GLD",
          "corr": 0.692,
          "w1": 8.7,
          "w2": 7.5,
          "combined_weight": 16.1
        },
        {
          "t1": "SILJ",
          "t2": "GLD",
          "corr": 0.6749,
          "w1": 7.4,
          "w2": 7.5,
          "combined_weight": 14.8
        },
        {
          "t1": "PICK",
          "t2": "FCX",
          "corr": 0.6621,
          "w1": 9.6,
          "w2": 3.4,
          "combined_weight": 13.0
        },
        {
          "t1": "FLKR",
          "t2": "SOXX",
          "corr": 0.6529,
          "w1": 6.9,
          "w2": 8.4,
          "combined_weight": 15.3
        },
        {
          "t1": "PICK",
          "t2": "SOXX",
          "corr": 0.6498,
          "w1": 9.6,
          "w2": 8.4,
          "combined_weight": 17.9
        },
        {
          "t1": "PICK",
          "t2": "SILJ",
          "corr": 0.6231,
          "w1": 9.6,
          "w2": 7.4,
          "combined_weight": 16.9
        },
        {
          "t1": "FLKR",
          "t2": "PICK",
          "corr": 0.6121,
          "w1": 6.9,
          "w2": 9.6,
          "combined_weight": 16.5
        },
        {
          "t1": "SOXX",
          "t2": "FCX",
          "corr": 0.5988,
          "w1": 8.4,
          "w2": 3.4,
          "combined_weight": 11.8
        },
        {
          "t1": "SOXX",
          "t2": "NVDA",
          "corr": 0.5818,
          "w1": 8.4,
          "w2": 5.6,
          "combined_weight": 14.0
        }
      ],
      "least_correlated": [
        {
          "t1": "CDE",
          "t2": "GALP",
          "corr": -0.0005,
          "w1": 8.7,
          "w2": 3.8,
          "combined_weight": 12.5
        },
        {
          "t1": "CDE",
          "t2": "UCB",
          "corr": -0.0118,
          "w1": 8.7,
          "w2": 2.3,
          "combined_weight": 10.9
        },
        {
          "t1": "SOXX",
          "t2": "GALP",
          "corr": -0.0159,
          "w1": 8.4,
          "w2": 3.8,
          "combined_weight": 12.2
        },
        {
          "t1": "FLKR",
          "t2": "GALP",
          "corr": -0.0212,
          "w1": 6.9,
          "w2": 3.8,
          "combined_weight": 10.7
        },
        {
          "t1": "SILJ",
          "t2": "GALP",
          "corr": -0.0323,
          "w1": 7.4,
          "w2": 3.8,
          "combined_weight": 11.2
        }
      ],
      "high_corr_high_weight": [
        {
          "t1": "CDE",
          "t2": "SILJ",
          "corr": 0.9102,
          "w1": 8.7,
          "w2": 7.4,
          "combined_weight": 16.0
        }
      ]
    },
    "Mod\u00e9r\u00e9": {
      "n_assets": 17,
      "weighted_avg_correlation": 0.1698,
      "most_correlated": [
        {
          "t1": "VSS",
          "t2": "RIO",
          "corr": 0.568,
          "w1": 8.2,
          "w2": 4.0,
          "combined_weight": 12.2
        },
        {
          "t1": "EICHERMOT",
          "t2": "AGS",
          "corr": 0.5171,
          "w1": 5.0,
          "w2": 4.0,
          "combined_weight": 9.0
        },
        {
          "t1": "SCHY",
          "t2": "VSS",
          "corr": 0.4802,
          "w1": 6.0,
          "w2": 8.2,
          "combined_weight": 14.2
        },
        {
          "t1": "SCHY",
          "t2": "RIO",
          "corr": 0.4635,
          "w1": 6.0,
          "w2": 4.0,
          "combined_weight": 10.0
        },
        {
          "t1": "VSS",
          "t2": "GCOW",
          "corr": 0.4194,
          "w1": 8.2,
          "w2": 6.1,
          "combined_weight": 14.3
        },
        {
          "t1": "RIO",
          "t2": "GCOW",
          "corr": 0.4162,
          "w1": 4.0,
          "w2": 6.1,
          "combined_weight": 10.1
        },
        {
          "t1": "KO",
          "t2": "EICHERMOT",
          "corr": 0.3922,
          "w1": 8.0,
          "w2": 5.0,
          "combined_weight": 13.0
        },
        {
          "t1": "KO",
          "t2": "AGS",
          "corr": 0.3922,
          "w1": 8.0,
          "w2": 4.0,
          "combined_weight": 12.0
        },
        {
          "t1": "SCHY",
          "t2": "GCOW",
          "corr": 0.3676,
          "w1": 6.0,
          "w2": 6.1,
          "combined_weight": 12.1
        },
        {
          "t1": "EICHERMOT",
          "t2": "NOVN",
          "corr": 0.3664,
          "w1": 5.0,
          "w2": 5.0,
          "combined_weight": 10.0
        }
      ],
      "least_correlated": [
        {
          "t1": "STIP",
          "t2": "USFR",
          "corr": 0.0146,
          "w1": 8.2,
          "w2": 8.2,
          "combined_weight": 16.5
        },
        {
          "t1": "GBIL",
          "t2": "USFR",
          "corr": 0.0146,
          "w1": 8.2,
          "w2": 8.2,
          "combined_weight": 16.5
        },
        {
          "t1": "NOVN",
          "t2": "GLD",
          "corr": 0.0107,
          "w1": 5.0,
          "w2": 3.0,
          "combined_weight": 8.0
        },
        {
          "t1": "KO",
          "t2": "GLD",
          "corr": -0.0173,
          "w1": 8.0,
          "w2": 3.0,
          "combined_weight": 11.0
        },
        {
          "t1": "VSS",
          "t2": "ITX",
          "corr": -0.0291,
          "w1": 8.2,
          "w2": 3.0,
          "combined_weight": 11.2
        }
      ],
      "high_corr_high_weight": []
    },
    "Stable": {
      "n_assets": 13,
      "weighted_avg_correlation": 0.1,
      "most_correlated": [
        {
          "t1": "ACWV",
          "t2": "SPYV",
          "corr": 0.3417,
          "w1": 9.2,
          "w2": 7.9,
          "combined_weight": 17.1
        },
        {
          "t1": "SPYV",
          "t2": "CS",
          "corr": 0.3258,
          "w1": 7.9,
          "w2": 7.3,
          "combined_weight": 15.2
        },
        {
          "t1": "SPYV",
          "t2": "XLV",
          "corr": 0.3115,
          "w1": 7.9,
          "w2": 3.2,
          "combined_weight": 11.1
        },
        {
          "t1": "ACWV",
          "t2": "CS",
          "corr": 0.3012,
          "w1": 9.2,
          "w2": 7.3,
          "combined_weight": 16.5
        },
        {
          "t1": "SHEL",
          "t2": "SPYV",
          "corr": 0.2742,
          "w1": 7.5,
          "w2": 7.9,
          "combined_weight": 15.4
        },
        {
          "t1": "ACWV",
          "t2": "SHEL",
          "corr": 0.2686,
          "w1": 9.2,
          "w2": 7.5,
          "combined_weight": 16.7
        },
        {
          "t1": "CS",
          "t2": "GLD",
          "corr": 0.2599,
          "w1": 7.3,
          "w2": 3.1,
          "combined_weight": 10.5
        },
        {
          "t1": "CS",
          "t2": "XLV",
          "corr": 0.2519,
          "w1": 7.3,
          "w2": 3.2,
          "combined_weight": 10.5
        },
        {
          "t1": "SHEL",
          "t2": "HEN",
          "corr": 0.2514,
          "w1": 7.5,
          "w2": 7.3,
          "combined_weight": 14.8
        },
        {
          "t1": "HEN",
          "t2": "CIPLA",
          "corr": 0.2465,
          "w1": 7.3,
          "w2": 7.3,
          "combined_weight": 14.6
        }
      ],
      "least_correlated": [
        {
          "t1": "CLTL",
          "t2": "VGSH",
          "corr": 0.0146,
          "w1": 10.6,
          "w2": 3.7,
          "combined_weight": 14.3
        },
        {
          "t1": "CLTL",
          "t2": "VCIT",
          "corr": 0.0146,
          "w1": 10.6,
          "w2": 13.0,
          "combined_weight": 23.6
        },
        {
          "t1": "VGSH",
          "t2": "VCIT",
          "corr": 0.0146,
          "w1": 3.7,
          "w2": 13.0,
          "combined_weight": 16.7
        },
        {
          "t1": "CIPLA",
          "t2": "GLD",
          "corr": 0.0076,
          "w1": 7.3,
          "w2": 3.1,
          "combined_weight": 10.5
        },
        {
          "t1": "CS",
          "t2": "CIPLA",
          "corr": 0.0018,
          "w1": 7.3,
          "w2": 7.3,
          "combined_weight": 14.6
        }
      ],
      "high_corr_high_weight": []
    }
  },
  "all_pairs_top_30": [
    {
      "t1": "CDE",
      "t2": "SILJ",
      "corr_hybrid": 0.9102,
      "corr_structured": null,
      "cat1": "Act",
      "cat2": "ETF",
      "exp1": null,
      "exp2": "silver_miners",
      "fam1": null,
      "fam2": "precious_metals"
    },
    {
      "t1": "CDE",
      "t2": "GLD",
      "corr_hybrid": 0.692,
      "corr_structured": null,
      "cat1": "Act",
      "cat2": "ETF",
      "exp1": null,
      "exp2": "gold_physical",
      "fam1": null,
      "fam2": "gold"
    },
    {
      "t1": "PICK",
      "t2": "VSS",
      "corr_hybrid": 0.68,
      "corr_structured": 0.2,
      "cat1": "ETF",
      "cat2": "ETF",
      "exp1": "metals_mining",
      "exp2": "intl_small_cap",
      "fam1": null,
      "fam2": null
    },
    {
      "t1": "GLD",
      "t2": "SILJ",
      "corr_hybrid": 0.6749,
      "corr_structured": 0.85,
      "cat1": "ETF",
      "cat2": "ETF",
      "exp1": "gold_physical",
      "exp2": "silver_miners",
      "fam1": "gold",
      "fam2": "precious_metals"
    },
    {
      "t1": "FCX",
      "t2": "PICK",
      "corr_hybrid": 0.6621,
      "corr_structured": null,
      "cat1": "Act",
      "cat2": "ETF",
      "exp1": null,
      "exp2": "metals_mining",
      "fam1": null,
      "fam2": null
    },
    {
      "t1": "FLKR",
      "t2": "SOXX",
      "corr_hybrid": 0.6529,
      "corr_structured": 0.2,
      "cat1": "ETF",
      "cat2": "ETF",
      "exp1": "south_korea",
      "exp2": "semiconductor",
      "fam1": "em_equity",
      "fam2": "sector_tech"
    },
    {
      "t1": "PICK",
      "t2": "SOXX",
      "corr_hybrid": 0.6498,
      "corr_structured": 0.2,
      "cat1": "ETF",
      "cat2": "ETF",
      "exp1": "metals_mining",
      "exp2": "semiconductor",
      "fam1": null,
      "fam2": "sector_tech"
    },
    {
      "t1": "PICK",
      "t2": "SILJ",
      "corr_hybrid": 0.6231,
      "corr_structured": 0.2,
      "cat1": "ETF",
      "cat2": "ETF",
      "exp1": "metals_mining",
      "exp2": "silver_miners",
      "fam1": null,
      "fam2": "precious_metals"
    },
    {
      "t1": "PICK",
      "t2": "RIO",
      "corr_hybrid": 0.6214,
      "corr_structured": null,
      "cat1": "ETF",
      "cat2": "Act",
      "exp1": "metals_mining",
      "exp2": null,
      "fam1": null,
      "fam2": null
    },
    {
      "t1": "FLKR",
      "t2": "PICK",
      "corr_hybrid": 0.6121,
      "corr_structured": 0.2,
      "cat1": "ETF",
      "cat2": "ETF",
      "exp1": "south_korea",
      "exp2": "metals_mining",
      "fam1": "em_equity",
      "fam2": null
    },
    {
      "t1": "SOXX",
      "t2": "VSS",
      "corr_hybrid": 0.6102,
      "corr_structured": 0.2,
      "cat1": "ETF",
      "cat2": "ETF",
      "exp1": "semiconductor",
      "exp2": "intl_small_cap",
      "fam1": "sector_tech",
      "fam2": null
    },
    {
      "t1": "FCX",
      "t2": "VSS",
      "corr_hybrid": 0.6039,
      "corr_structured": null,
      "cat1": "Act",
      "cat2": "ETF",
      "exp1": null,
      "exp2": "intl_small_cap",
      "fam1": null,
      "fam2": null
    },
    {
      "t1": "FCX",
      "t2": "SOXX",
      "corr_hybrid": 0.5988,
      "corr_structured": null,
      "cat1": "Act",
      "cat2": "ETF",
      "exp1": null,
      "exp2": "semiconductor",
      "fam1": null,
      "fam2": "sector_tech"
    },
    {
      "t1": "NVDA",
      "t2": "SOXX",
      "corr_hybrid": 0.5818,
      "corr_structured": null,
      "cat1": "Act",
      "cat2": "ETF",
      "exp1": null,
      "exp2": "semiconductor",
      "fam1": null,
      "fam2": "sector_tech"
    },
    {
      "t1": "CS",
      "t2": "PICK",
      "corr_hybrid": 0.5788,
      "corr_structured": null,
      "cat1": "Act",
      "cat2": "ETF",
      "exp1": null,
      "exp2": "metals_mining",
      "fam1": null,
      "fam2": null
    },
    {
      "t1": "CDE",
      "t2": "PICK",
      "corr_hybrid": 0.5722,
      "corr_structured": null,
      "cat1": "Act",
      "cat2": "ETF",
      "exp1": null,
      "exp2": "metals_mining",
      "fam1": null,
      "fam2": null
    },
    {
      "t1": "RIO",
      "t2": "VSS",
      "corr_hybrid": 0.568,
      "corr_structured": null,
      "cat1": "Act",
      "cat2": "ETF",
      "exp1": null,
      "exp2": "intl_small_cap",
      "fam1": null,
      "fam2": null
    },
    {
      "t1": "FLKR",
      "t2": "VSS",
      "corr_hybrid": 0.5602,
      "corr_structured": 0.2,
      "cat1": "ETF",
      "cat2": "ETF",
      "exp1": "south_korea",
      "exp2": "intl_small_cap",
      "fam1": "em_equity",
      "fam2": null
    },
    {
      "t1": "FCX",
      "t2": "RIO",
      "corr_hybrid": 0.5462,
      "corr_structured": null,
      "cat1": "Act",
      "cat2": "Act",
      "exp1": null,
      "exp2": null,
      "fam1": null,
      "fam2": null
    },
    {
      "t1": "FCX",
      "t2": "SILJ",
      "corr_hybrid": 0.5456,
      "corr_structured": null,
      "cat1": "Act",
      "cat2": "ETF",
      "exp1": null,
      "exp2": "silver_miners",
      "fam1": null,
      "fam2": "precious_metals"
    },
    {
      "t1": "FCX",
      "t2": "FLKR",
      "corr_hybrid": 0.5449,
      "corr_structured": null,
      "cat1": "Act",
      "cat2": "ETF",
      "exp1": null,
      "exp2": "south_korea",
      "fam1": null,
      "fam2": "em_equity"
    },
    {
      "t1": "2345",
      "t2": "402340",
      "corr_hybrid": 0.5171,
      "corr_structured": null,
      "cat1": "Act",
      "cat2": "Act",
      "exp1": null,
      "exp2": null,
      "fam1": null,
      "fam2": null
    },
    {
      "t1": "2345",
      "t2": "AGS",
      "corr_hybrid": 0.5171,
      "corr_structured": null,
      "cat1": "Act",
      "cat2": "Act",
      "exp1": null,
      "exp2": null,
      "fam1": null,
      "fam2": null
    },
    {
      "t1": "2345",
      "t2": "BCH/USD",
      "corr_hybrid": 0.5171,
      "corr_structured": null,
      "cat1": "Act",
      "cat2": "Act",
      "exp1": null,
      "exp2": null,
      "fam1": null,
      "fam2": null
    },
    {
      "t1": "2345",
      "t2": "EICHERMOT",
      "corr_hybrid": 0.5171,
      "corr_structured": null,
      "cat1": "Act",
      "cat2": "Act",
      "exp1": null,
      "exp2": null,
      "fam1": null,
      "fam2": null
    },
    {
      "t1": "402340",
      "t2": "AGS",
      "corr_hybrid": 0.5171,
      "corr_structured": null,
      "cat1": "Act",
      "cat2": "Act",
      "exp1": null,
      "exp2": null,
      "fam1": null,
      "fam2": null
    },
    {
      "t1": "402340",
      "t2": "BCH/USD",
      "corr_hybrid": 0.5171,
      "corr_structured": null,
      "cat1": "Act",
      "cat2": "Act",
      "exp1": null,
      "exp2": null,
      "fam1": null,
      "fam2": null
    },
    {
      "t1": "402340",
      "t2": "EICHERMOT",
      "corr_hybrid": 0.5171,
      "corr_structured": null,
      "cat1": "Act",
      "cat2": "Act",
      "exp1": null,
      "exp2": null,
      "fam1": null,
      "fam2": null
    },
    {
      "t1": "AGS",
      "t2": "BCH/USD",
      "corr_hybrid": 0.5171,
      "corr_structured": null,
      "cat1": "Act",
      "cat2": "Act",
      "exp1": null,
      "exp2": null,
      "fam1": null,
      "fam2": null
    },
    {
      "t1": "AGS",
      "t2": "EICHERMOT",
      "corr_hybrid": 0.5171,
      "corr_structured": null,
      "cat1": "Act",
      "cat2": "Act",
      "exp1": null,
      "exp2": null,
      "fam1": null,
      "fam2": null
    }
  ],
  "all_pairs_bottom_10": [
    {
      "t1": "CDE",
      "t2": "CIPLA",
      "corr_hybrid": 0.0086,
      "corr_structured": null,
      "cat1": "Act",
      "cat2": "Act",
      "exp1": null,
      "exp2": null,
      "fam1": null,
      "fam2": null
    },
    {
      "t1": "CS",
      "t2": "GALP",
      "corr_hybrid": 0.0082,
      "corr_structured": null,
      "cat1": "Act",
      "cat2": "Act",
      "exp1": null,
      "exp2": null,
      "fam1": null,
      "fam2": null
    },
    {
      "t1": "SILJ",
      "t2": "UCB",
      "corr_hybrid": 0.0077,
      "corr_structured": null,
      "cat1": "ETF",
      "cat2": "Act",
      "exp1": "silver_miners",
      "exp2": null,
      "fam1": "precious_metals",
      "fam2": null
    },
    {
      "t1": "CIPLA",
      "t2": "GLD",
      "corr_hybrid": 0.0076,
      "corr_structured": null,
      "cat1": "Act",
      "cat2": "ETF",
      "exp1": null,
      "exp2": "gold_physical",
      "fam1": null,
      "fam2": "gold"
    },
    {
      "t1": "CIPLA",
      "t2": "NVDA",
      "corr_hybrid": 0.0072,
      "corr_structured": null,
      "cat1": "Act",
      "cat2": "Act",
      "exp1": null,
      "exp2": null,
      "fam1": null,
      "fam2": null
    },
    {
      "t1": "FLKR",
      "t2": "NOVN",
      "corr_hybrid": -0.0028,
      "corr_structured": null,
      "cat1": "ETF",
      "cat2": "Act",
      "exp1": "south_korea",
      "exp2": null,
      "fam1": "em_equity",
      "fam2": null
    },
    {
      "t1": "GLD",
      "t2": "UCB",
      "corr_hybrid": 0.0023,
      "corr_structured": null,
      "cat1": "ETF",
      "cat2": "Act",
      "exp1": "gold_physical",
      "exp2": null,
      "fam1": "gold",
      "fam2": null
    },
    {
      "t1": "CIPLA",
      "t2": "CS",
      "corr_hybrid": 0.0018,
      "corr_structured": null,
      "cat1": "Act",
      "cat2": "Act",
      "exp1": null,
      "exp2": null,
      "fam1": null,
      "fam2": null
    },
    {
      "t1": "CDE",
      "t2": "GALP",
      "corr_hybrid": -0.0005,
      "corr_structured": null,
      "cat1": "Act",
      "cat2": "Act",
      "exp1": null,
      "exp2": null,
      "fam1": null,
      "fam2": null
    },
    {
      "t1": "GALP",
      "t2": "GLD",
      "corr_hybrid": -0.0002,
      "corr_structured": null,
      "cat1": "Act",
      "cat2": "ETF",
      "exp1": null,
      "exp2": "gold_physical",
      "fam1": null,
      "fam2": "gold"
    }
  ],
  "correlation_matrix": {
    "tickers": [
      "2345",
      "402340",
      "ACWV",
      "AGS",
      "BCH/USD",
      "BSV",
      "CDE",
      "CIPLA",
      "CLTL",
      "CS",
      "EICHERMOT",
      "FCX",
      "FLKR",
      "FLTR",
      "GALP",
      "GBIL",
      "GCOW",
      "GLD",
      "HEN",
      "ITX",
      "KO",
      "LI",
      "NOVN",
      "NVDA",
      "PAAA",
      "PICK",
      "RIO",
      "SCHD",
      "SCHY",
      "SHEL",
      "SILJ",
      "SOXX",
      "SPLV",
      "SPYV",
      "STIP",
      "UCB",
      "USFR",
      "VCIT",
      "VGSH",
      "VSS",
      "XBI",
      "XLE",
      "XLV"
    ],
    "matrix": [
      [
        1.0,
        0.5171,
        0.3364,
        0.5171,
        0.5171,
        0.0749,
        0.1222,
        0.3324,
        0.0749,
        0.1625,
        0.5171,
        0.2387,
        0.116,
        0.0749,
        0.2845,
        0.0749,
        0.3185,
        0.0956,
        0.3735,
        0.3415,
        0.3922,
        0.2665,
        0.3664,
        0.2137,
        0.0749,
        0.2072,
        0.3201,
        0.3186,
        0.2935,
        0.3563,
        0.0843,
        0.1344,
        0.3054,
        0.314,
        0.0749,
        0.327,
        0.0749,
        0.0749,
        0.0749,
        0.2629,
        0.1844,
        0.2065,
        0.253
      ],
      [
        0.5171,
        1.0,
        0.3364,
        0.5171,
        0.5171,
        0.0749,
        0.1222,
        0.3324,
        0.0749,
        0.1625,
        0.5171,
        0.2387,
        0.116,
        0.0749,
        0.2845,
        0.0749,
        0.3185,
        0.0956,
        0.3735,
        0.3415,
        0.3922,
        0.2665,
        0.3664,
        0.2137,
        0.0749,
        0.2072,
        0.3201,
        0.3186,
        0.2935,
        0.3563,
        0.0843,
        0.1344,
        0.3054,
        0.314,
        0.0749,
        0.327,
        0.0749,
        0.0749,
        0.0749,
        0.2629,
        0.1844,
        0.2065,
        0.253
      ],
      [
        0.3364,
        0.3364,
        1.0,
        0.3364,
        0.3364,
        0.0629,
        0.1787,
        0.157,
        0.0629,
        0.3012,
        0.3364,
        0.3287,
        0.2727,
        0.0629,
        0.1514,
        0.0629,
        0.3172,
        0.1433,
        0.2326,
        0.1468,
        0.2226,
        0.2597,
        0.1994,
        0.2774,
        0.0629,
        0.355,
        0.3636,
        0.2957,
        0.3243,
        0.2686,
        0.1844,
        0.2989,
        0.2307,
        0.3417,
        0.0629,
        0.2913,
        0.0629,
        0.0629,
        0.0629,
        0.3587,
        0.2503,
        0.1606,
        0.2463
      ],
      [
        0.5171,
        0.5171,
        0.3364,
        1.0,
        0.5171,
        0.0749,
        0.1222,
        0.3324,
        0.0749,
        0.1625,
        0.5171,
        0.2387,
        0.116,
        0.0749,
        0.2845,
        0.0749,
        0.3185,
        0.0956,
        0.3735,
        0.3415,
        0.3922,
        0.2665,
        0.3664,
        0.2137,
        0.0749,
        0.2072,
        0.3201,
        0.3186,
        0.2935,
        0.3563,
        0.0843,
        0.1344,
        0.3054,
        0.314,
        0.0749,
        0.327,
        0.0749,
        0.0749,
        0.0749,
        0.2629,
        0.1844,
        0.2065,
        0.253
      ],
      [
        0.5171,
        0.5171,
        0.3364,
        0.5171,
        1.0,
        0.0749,
        0.1222,
        0.3324,
        0.0749,
        0.1625,
        0.5171,
        0.2387,
        0.116,
        0.0749,
        0.2845,
        0.0749,
        0.3185,
        0.0956,
        0.3735,
        0.3415,
        0.3922,
        0.2665,
        0.3664,
        0.2137,
        0.0749,
        0.2072,
        0.3201,
        0.3186,
        0.2935,
        0.3563,
        0.0843,
        0.1344,
        0.3054,
        0.314,
        0.0749,
        0.327,
        0.0749,
        0.0749,
        0.0749,
        0.2629,
        0.1844,
        0.2065,
        0.253
      ],
      [
        0.0749,
        0.0749,
        0.0629,
        0.0749,
        0.0749,
        1.0,
        0.0258,
        0.0353,
        0.0146,
        0.0363,
        0.0749,
        0.0696,
        0.0602,
        0.0146,
        0.0354,
        0.0146,
        0.0641,
        0.0195,
        0.0532,
        0.0255,
        0.0467,
        0.0567,
        0.048,
        0.0705,
        0.0146,
        0.0676,
        0.0714,
        0.0649,
        0.0651,
        0.0571,
        0.0263,
        0.0705,
        0.0473,
        0.0766,
        0.0146,
        0.0655,
        0.0146,
        0.0146,
        0.0146,
        0.0737,
        0.055,
        0.0366,
        0.054
      ],
      [
        0.1222,
        0.1222,
        0.1787,
        0.1222,
        0.1222,
        0.0258,
        1.0,
        0.0086,
        0.0258,
        0.2723,
        0.1222,
        0.5154,
        0.2976,
        0.0258,
        -0.0005,
        0.0258,
        0.2246,
        0.692,
        0.0477,
        0.0384,
        -0.0389,
        0.2305,
        0.018,
        0.0943,
        0.0258,
        0.5722,
        0.4656,
        0.0784,
        0.3172,
        0.1485,
        0.9102,
        0.2738,
        0.0736,
        0.1778,
        0.0258,
        -0.0118,
        0.0258,
        0.0258,
        0.0258,
        0.4505,
        0.1946,
        0.0368,
        0.0655
      ],
      [
        0.3324,
        0.3324,
        0.157,
        0.3324,
        0.3324,
        0.0353,
        0.0086,
        1.0,
        0.0353,
        0.0018,
        0.3324,
        0.0113,
        -0.0893,
        0.0353,
        0.208,
        0.0353,
        0.1255,
        0.0076,
        0.2465,
        0.2954,
        0.2865,
        0.1003,
        0.2613,
        0.0072,
        0.0353,
        -0.0328,
        0.0911,
        0.1348,
        0.0897,
        0.2033,
        -0.0384,
        -0.0973,
        0.1781,
        0.0875,
        0.0353,
        0.1468,
        0.0353,
        0.0353,
        0.0353,
        0.0218,
        0.0114,
        0.1101,
        0.098
      ],
      [
        0.0749,
        0.0749,
        0.0629,
        0.0749,
        0.0749,
        0.0146,
        0.0258,
        0.0353,
        1.0,
        0.0363,
        0.0749,
        0.0696,
        0.0602,
        0.0146,
        0.0354,
        0.0146,
        0.0641,
        0.0195,
        0.0532,
        0.0255,
        0.0467,
        0.0567,
        0.048,
        0.0705,
        0.0146,
        0.0676,
        0.0714,
        0.0649,
        0.0651,
        0.0571,
        0.0263,
        0.0705,
        0.0473,
        0.0766,
        0.0146,
        0.0655,
        0.0146,
        0.0146,
        0.0146,
        0.0737,
        0.055,
        0.0366,
        0.054
      ],
      [
        0.1625,
        0.1625,
        0.3012,
        0.1625,
        0.1625,
        0.0363,
        0.2723,
        0.0018,
        0.0363,
        1.0,
        0.1625,
        0.3601,
        0.3563,
        0.0363,
        0.0082,
        0.0363,
        0.4019,
        0.2599,
        0.0797,
        0.115,
        0.152,
        0.2281,
        -0.0138,
        0.1469,
        0.0363,
        0.5788,
        0.4868,
        0.2873,
        0.4252,
        0.2198,
        0.339,
        0.307,
        0.2366,
        0.3258,
        0.0363,
        0.2633,
        0.0363,
        0.0363,
        0.0363,
        0.4654,
        0.2839,
        0.1024,
        0.2519
      ],
      [
        0.5171,
        0.5171,
        0.3364,
        0.5171,
        0.5171,
        0.0749,
        0.1222,
        0.3324,
        0.0749,
        0.1625,
        1.0,
        0.2387,
        0.116,
        0.0749,
        0.2845,
        0.0749,
        0.3185,
        0.0956,
        0.3735,
        0.3415,
        0.3922,
        0.2665,
        0.3664,
        0.2137,
        0.0749,
        0.2072,
        0.3201,
        0.3186,
        0.2935,
        0.3563,
        0.0843,
        0.1344,
        0.3054,
        0.314,
        0.0749,
        0.327,
        0.0749,
        0.0749,
        0.0749,
        0.2629,
        0.1844,
        0.2065,
        0.253
      ],
      [
        0.2387,
        0.2387,
        0.3287,
        0.2387,
        0.2387,
        0.0696,
        0.5154,
        0.0113,
        0.0696,
        0.3601,
        0.2387,
        1.0,
        0.5449,
        0.0696,
        0.0494,
        0.0696,
        0.3818,
        0.3846,
        0.1452,
        -0.0525,
        0.048,
        0.3517,
        0.0883,
        0.4446,
        0.0696,
        0.6621,
        0.5462,
        0.3178,
        0.4508,
        0.2452,
        0.5456,
        0.5988,
        0.1799,
        0.4602,
        0.0696,
        0.2765,
        0.0696,
        0.0696,
        0.0696,
        0.6039,
        0.3969,
        0.1478,
        0.2754
      ],
      [
        0.116,
        0.116,
        0.2727,
        0.116,
        0.116,
        0.0602,
        0.2976,
        -0.0893,
        0.0602,
        0.3563,
        0.116,
        0.5449,
        1.0,
        0.0602,
        -0.0212,
        0.0602,
        0.3342,
        0.2259,
        0.0618,
        -0.1829,
        -0.0362,
        0.3022,
        -0.0028,
        0.4879,
        0.0602,
        0.6121,
        0.4624,
        0.3008,
        0.3986,
        0.1656,
        0.3617,
        0.6529,
        0.1241,
        0.4532,
        0.0602,
        0.277,
        0.0602,
        0.0602,
        0.0602,
        0.5602,
        0.4018,
        0.121,
        0.2687
      ],
      [
        0.0749,
        0.0749,
        0.0629,
        0.0749,
        0.0749,
        0.0146,
        0.0258,
        0.0353,
        0.0146,
        0.0363,
        0.0749,
        0.0696,
        0.0602,
        1.0,
        0.0354,
        0.0146,
        0.0641,
        0.0195,
        0.0532,
        0.0255,
        0.0467,
        0.0567,
        0.048,
        0.0705,
        0.0146,
        0.0676,
        0.0714,
        0.0649,
        0.0651,
        0.0571,
        0.0263,
        0.0705,
        0.0473,
        0.0766,
        0.0146,
        0.0655,
        0.0146,
        0.0146,
        0.0146,
        0.0737,
        0.055,
        0.0366,
        0.054
      ],
      [
        0.2845,
        0.2845,
        0.1514,
        0.2845,
        0.2845,
        0.0354,
        -0.0005,
        0.208,
        0.0354,
        0.0082,
        0.2845,
        0.0494,
        -0.0212,
        0.0354,
        1.0,
        0.0354,
        0.1283,
        -0.0002,
        0.2108,
        0.2188,
        0.2329,
        0.1078,
        0.2187,
        0.0622,
        0.0354,
        0.0124,
        0.1038,
        0.1411,
        0.1022,
        0.1798,
        -0.0323,
        -0.0159,
        0.1559,
        0.1162,
        0.0354,
        0.1525,
        0.0354,
        0.0354,
        0.0354,
        0.0597,
        0.0462,
        0.1038,
        0.1076
      ],
      [
        0.0749,
        0.0749,
        0.0629,
        0.0749,
        0.0749,
        0.0146,
        0.0258,
        0.0353,
        0.0146,
        0.0363,
        0.0749,
        0.0696,
        0.0602,
        0.0146,
        0.0354,
        1.0,
        0.0641,
        0.0195,
        0.0532,
        0.0255,
        0.0467,
        0.0567,
        0.048,
        0.0705,
        0.0146,
        0.0676,
        0.0714,
        0.0649,
        0.0651,
        0.0571,
        0.0263,
        0.0705,
        0.0473,
        0.0766,
        0.0146,
        0.0655,
        0.0146,
        0.0146,
        0.0146,
        0.0737,
        0.055,
        0.0366,
        0.054
      ],
      [
        0.3185,
        0.3185,
        0.3172,
        0.3185,
        0.3185,
        0.0641,
        0.2246,
        0.1255,
        0.0641,
        0.4019,
        0.3185,
        0.3818,
        0.3342,
        0.0641,
        0.1283,
        0.0641,
        1.0,
        0.1825,
        0.2144,
        0.1199,
        0.2026,
        0.2803,
        0.1691,
        0.3036,
        0.0641,
        0.4353,
        0.4162,
        0.3153,
        0.3676,
        0.2721,
        0.2427,
        0.3583,
        0.2362,
        0.3754,
        0.0641,
        0.3053,
        0.0641,
        0.0641,
        0.0641,
        0.4194,
        0.2878,
        0.1611,
        0.2657
      ],
      [
        0.0956,
        0.0956,
        0.1433,
        0.0956,
        0.0956,
        0.0195,
        0.692,
        0.0076,
        0.0195,
        0.2599,
        0.0956,
        0.3846,
        0.2259,
        0.0195,
        -0.0002,
        0.0195,
        0.1825,
        1.0,
        0.0375,
        0.0402,
        -0.0173,
        0.1748,
        0.0107,
        0.0651,
        0.0195,
        0.4404,
        0.36,
        0.0688,
        0.2496,
        0.1182,
        0.6749,
        0.2029,
        0.0665,
        0.1396,
        0.0195,
        0.0023,
        0.0195,
        0.0195,
        0.0195,
        0.345,
        0.1505,
        0.0302,
        0.0579
      ],
      [
        0.3735,
        0.3735,
        0.2326,
        0.3735,
        0.3735,
        0.0532,
        0.0477,
        0.2465,
        0.0532,
        0.0797,
        0.3735,
        0.1452,
        0.0618,
        0.0532,
        0.2108,
        0.0532,
        0.2144,
        0.0375,
        1.0,
        0.2493,
        0.2877,
        0.181,
        0.2714,
        0.1482,
        0.0532,
        0.1129,
        0.2038,
        0.2232,
        0.1915,
        0.2514,
        0.0183,
        0.0774,
        0.216,
        0.2144,
        0.0532,
        0.2335,
        0.0532,
        0.0532,
        0.0532,
        0.1622,
        0.1192,
        0.1481,
        0.1763
      ],
      [
        0.3415,
        0.3415,
        0.1468,
        0.3415,
        0.3415,
        0.0255,
        0.0384,
        0.2954,
        0.0255,
        0.115,
        0.3415,
        -0.0525,
        -0.1829,
        0.0255,
        0.2188,
        0.0255,
        0.1199,
        0.0402,
        0.2493,
        1.0,
        0.3312,
        0.0679,
        0.2631,
        -0.1149,
        0.0255,
        -0.0679,
        0.0789,
        0.1048,
        0.0743,
        0.209,
        -0.0179,
        -0.227,
        0.1954,
        0.0224,
        0.0255,
        0.1129,
        0.0255,
        0.0255,
        0.0255,
        -0.0291,
        -0.0453,
        0.0961,
        0.0696
      ],
      [
        0.3922,
        0.3922,
        0.2226,
        0.3922,
        0.3922,
        0.0467,
        -0.0389,
        0.2865,
        0.0467,
        0.152,
        0.3922,
        0.048,
        -0.0362,
        0.0467,
        0.2329,
        0.0467,
        0.2026,
        -0.0173,
        0.2877,
        0.3312,
        1.0,
        0.1433,
        0.2881,
        0.0561,
        0.0467,
        0.0317,
        0.1578,
        0.2099,
        0.1597,
        0.2572,
        -0.0727,
        -0.0448,
        0.2378,
        0.1622,
        0.0467,
        0.2287,
        0.0467,
        0.0467,
        0.0467,
        0.0856,
        0.0644,
        0.1442,
        0.1622
      ],
      [
        0.2665,
        0.2665,
        0.2597,
        0.2665,
        0.2665,
        0.0567,
        0.2305,
        0.1003,
        0.0567,
        0.2281,
        0.2665,
        0.3517,
        0.3022,
        0.0567,
        0.1078,
        0.0567,
        0.2803,
        0.1748,
        0.181,
        0.0679,
        0.1433,
        1.0,
        0.15,
        0.2917,
        0.0567,
        0.3696,
        0.3483,
        0.2575,
        0.3021,
        0.2225,
        0.2392,
        0.3376,
        0.18,
        0.3238,
        0.0567,
        0.2455,
        0.0567,
        0.0567,
        0.0567,
        0.3637,
        0.251,
        0.136,
        0.2168
      ],
      [
        0.3664,
        0.3664,
        0.1994,
        0.3664,
        0.3664,
        0.048,
        0.018,
        0.2613,
        0.048,
        -0.0138,
        0.3664,
        0.0883,
        -0.0028,
        0.048,
        0.2187,
        0.048,
        0.1691,
        0.0107,
        0.2714,
        0.2631,
        0.2881,
        0.15,
        1.0,
        0.1065,
        0.048,
        0.0343,
        0.1451,
        0.1875,
        0.14,
        0.2326,
        -0.0225,
        0.0113,
        0.197,
        0.1652,
        0.048,
        0.2006,
        0.048,
        0.048,
        0.048,
        0.0961,
        0.0741,
        0.1366,
        0.1439
      ],
      [
        0.2137,
        0.2137,
        0.2774,
        0.2137,
        0.2137,
        0.0705,
        0.0943,
        0.0072,
        0.0705,
        0.1469,
        0.2137,
        0.4446,
        0.4879,
        0.0705,
        0.0622,
        0.0705,
        0.3036,
        0.0651,
        0.1482,
        -0.1149,
        0.0561,
        0.2917,
        0.1065,
        1.0,
        0.0705,
        0.4451,
        0.3681,
        0.3233,
        0.3381,
        0.1982,
        0.1392,
        0.5818,
        0.1521,
        0.4483,
        0.0705,
        0.3246,
        0.0705,
        0.0705,
        0.0705,
        0.4576,
        0.363,
        0.1553,
        0.2812
      ],
      [
        0.0749,
        0.0749,
        0.0629,
        0.0749,
        0.0749,
        0.0146,
        0.0258,
        0.0353,
        0.0146,
        0.0363,
        0.0749,
        0.0696,
        0.0602,
        0.0146,
        0.0354,
        0.0146,
        0.0641,
        0.0195,
        0.0532,
        0.0255,
        0.0467,
        0.0567,
        0.048,
        0.0705,
        1.0,
        0.0676,
        0.0714,
        0.0649,
        0.0651,
        0.0571,
        0.0263,
        0.0705,
        0.0473,
        0.0766,
        0.0146,
        0.0655,
        0.0146,
        0.0146,
        0.0146,
        0.0737,
        0.055,
        0.0366,
        0.054
      ],
      [
        0.2072,
        0.2072,
        0.355,
        0.2072,
        0.2072,
        0.0676,
        0.5722,
        -0.0328,
        0.0676,
        0.5788,
        0.2072,
        0.6621,
        0.6121,
        0.0676,
        0.0124,
        0.0676,
        0.4353,
        0.4404,
        0.1129,
        -0.0679,
        0.0317,
        0.3696,
        0.0343,
        0.4451,
        0.0676,
        1.0,
        0.6214,
        0.3416,
        0.5137,
        0.2498,
        0.6231,
        0.6498,
        0.1956,
        0.493,
        0.0676,
        0.2925,
        0.0676,
        0.0676,
        0.0676,
        0.68,
        0.4381,
        0.1433,
        0.2998
      ],
      [
        0.3201,
        0.3201,
        0.3636,
        0.3201,
        0.3201,
        0.0714,
        0.4656,
        0.0911,
        0.0714,
        0.4868,
        0.3201,
        0.5462,
        0.4624,
        0.0714,
        0.1038,
        0.0714,
        0.4162,
        0.36,
        0.2038,
        0.0789,
        0.1578,
        0.3483,
        0.1451,
        0.3681,
        0.0714,
        0.6214,
        1.0,
        0.3435,
        0.4635,
        0.2975,
        0.4874,
        0.489,
        0.243,
        0.4454,
        0.0714,
        0.3094,
        0.0714,
        0.0714,
        0.0714,
        0.568,
        0.3656,
        0.1678,
        0.2924
      ],
      [
        0.3186,
        0.3186,
        0.2957,
        0.3186,
        0.3186,
        0.0649,
        0.0784,
        0.1348,
        0.0649,
        0.2873,
        0.3186,
        0.3178,
        0.3008,
        0.0649,
        0.1411,
        0.0649,
        0.3153,
        0.0688,
        0.2232,
        0.1048,
        0.2099,
        0.2575,
        0.1875,
        0.3233,
        0.0649,
        0.3416,
        0.3435,
        1.0,
        0.3184,
        0.2569,
        0.0965,
        0.341,
        0.2247,
        0.3646,
        0.0649,
        0.3175,
        0.0649,
        0.0649,
        0.0649,
        0.3563,
        0.2679,
        0.1648,
        0.2626
      ],
      [
        0.2935,
        0.2935,
        0.3243,
        0.2935,
        0.2935,
        0.0651,
        0.3172,
        0.0897,
        0.0651,
        0.4252,
        0.2935,
        0.4508,
        0.3986,
        0.0651,
        0.1022,
        0.0651,
        0.3676,
        0.2496,
        0.1915,
        0.0743,
        0.1597,
        0.3021,
        0.14,
        0.3381,
        0.0651,
        0.5137,
        0.4635,
        0.3184,
        1.0,
        0.2663,
        0.3409,
        0.4272,
        0.224,
        0.4014,
        0.0651,
        0.2982,
        0.0651,
        0.0651,
        0.0651,
        0.4802,
        0.3219,
        0.1565,
        0.2709
      ],
      [
        0.3563,
        0.3563,
        0.2686,
        0.3563,
        0.3563,
        0.0571,
        0.1485,
        0.2033,
        0.0571,
        0.2198,
        0.3563,
        0.2452,
        0.1656,
        0.0571,
        0.1798,
        0.0571,
        0.2721,
        0.1182,
        0.2514,
        0.209,
        0.2572,
        0.2225,
        0.2326,
        0.1982,
        0.0571,
        0.2498,
