{
  "_meta": {
    "generated": "2026-05-17T09:34:36",
    "portfolio_generated": "2026-05-17T09:30:52.054446",
    "n_assets": 41,
    "n_with_returns": 32,
    "covariance_method": "hybrid_shrunk",
    "condition_number": 333.68,
    "pca_factors": 6
  },
  "profiles": {
    "Agressif": {
      "n_assets": 16,
      "weighted_avg_correlation": 0.2329,
      "most_correlated": [
        {
          "t1": "GDXJ",
          "t2": "SLV",
          "corr": 0.8536,
          "w1": 6.4,
          "w2": 4.1,
          "combined_weight": 10.4
        },
        {
          "t1": "SLV",
          "t2": "GLD",
          "corr": 0.8017,
          "w1": 4.1,
          "w2": 10.0,
          "combined_weight": 14.1
        },
        {
          "t1": "SOXX",
          "t2": "XLK",
          "corr": 0.7987,
          "w1": 5.6,
          "w2": 3.4,
          "combined_weight": 9.0
        },
        {
          "t1": "GDXJ",
          "t2": "GLD",
          "corr": 0.7537,
          "w1": 6.4,
          "w2": 10.0,
          "combined_weight": 16.3
        },
        {
          "t1": "BKR",
          "t2": "OIH",
          "corr": 0.7446,
          "w1": 9.2,
          "w2": 7.1,
          "combined_weight": 16.3
        },
        {
          "t1": "SOXX",
          "t2": "XCEM",
          "corr": 0.7141,
          "w1": 5.6,
          "w2": 6.9,
          "combined_weight": 12.6
        },
        {
          "t1": "XCEM",
          "t2": "XLK",
          "corr": 0.709,
          "w1": 6.9,
          "w2": 3.4,
          "combined_weight": 10.3
        },
        {
          "t1": "GDXJ",
          "t2": "SLVP",
          "corr": 0.6707,
          "w1": 6.4,
          "w2": 2.7,
          "combined_weight": 9.1
        },
        {
          "t1": "NVDA",
          "t2": "XLK",
          "corr": 0.6664,
          "w1": 6.3,
          "w2": 3.4,
          "combined_weight": 9.7
        },
        {
          "t1": "SLVP",
          "t2": "SLV",
          "corr": 0.6556,
          "w1": 2.7,
          "w2": 4.1,
          "combined_weight": 6.8
        }
      ],
      "least_correlated": [
        {
          "t1": "INCY",
          "t2": "SLV",
          "corr": 0.0226,
          "w1": 9.2,
          "w2": 4.1,
          "combined_weight": 13.3
        },
        {
          "t1": "FLTR",
          "t2": "MTBA",
          "corr": 0.0213,
          "w1": 5.5,
          "w2": 5.5,
          "combined_weight": 10.9
        },
        {
          "t1": "NVDA",
          "t2": "SLVP",
          "corr": 0.003,
          "w1": 6.3,
          "w2": 2.7,
          "combined_weight": 9.0
        },
        {
          "t1": "INCY",
          "t2": "GLD",
          "corr": 0.0001,
          "w1": 9.2,
          "w2": 10.0,
          "combined_weight": 19.2
        },
        {
          "t1": "BKR",
          "t2": "SLVP",
          "corr": -0.0114,
          "w1": 9.2,
          "w2": 2.7,
          "combined_weight": 11.9
        }
      ],
      "high_corr_high_weight": [
        {
          "t1": "GDXJ",
          "t2": "SLV",
          "corr": 0.8536,
          "w1": 6.4,
          "w2": 4.1,
          "combined_weight": 10.4
        },
        {
          "t1": "SLV",
          "t2": "GLD",
          "corr": 0.8017,
          "w1": 4.1,
          "w2": 10.0,
          "combined_weight": 14.1
        },
        {
          "t1": "GDXJ",
          "t2": "GLD",
          "corr": 0.7537,
          "w1": 6.4,
          "w2": 10.0,
          "combined_weight": 16.3
        },
        {
          "t1": "BKR",
          "t2": "OIH",
          "corr": 0.7446,
          "w1": 9.2,
          "w2": 7.1,
          "combined_weight": 16.3
        },
        {
          "t1": "SOXX",
          "t2": "XCEM",
          "corr": 0.7141,
          "w1": 5.6,
          "w2": 6.9,
          "combined_weight": 12.6
        }
      ]
    },
    "Mod\u00e9r\u00e9": {
      "n_assets": 16,
      "weighted_avg_correlation": 0.1552,
      "most_correlated": [
        {
          "t1": "VSS",
          "t2": "FNDF",
          "corr": 0.6164,
          "w1": 9.0,
          "w2": 6.3,
          "combined_weight": 15.4
        },
        {
          "t1": "FNDF",
          "t2": "FDVV",
          "corr": 0.572,
          "w1": 6.3,
          "w2": 5.6,
          "combined_weight": 11.9
        },
        {
          "t1": "VSS",
          "t2": "FDVV",
          "corr": 0.556,
          "w1": 9.0,
          "w2": 5.6,
          "combined_weight": 14.6
        },
        {
          "t1": "FDVV",
          "t2": "BMED",
          "corr": 0.5002,
          "w1": 5.6,
          "w2": 5.0,
          "combined_weight": 10.6
        },
        {
          "t1": "FNDF",
          "t2": "BMED",
          "corr": 0.493,
          "w1": 6.3,
          "w2": 5.0,
          "combined_weight": 11.3
        },
        {
          "t1": "VSS",
          "t2": "BMED",
          "corr": 0.4679,
          "w1": 9.0,
          "w2": 5.0,
          "combined_weight": 14.1
        },
        {
          "t1": "BMED",
          "t2": "XLV",
          "corr": 0.4467,
          "w1": 5.0,
          "w2": 3.0,
          "combined_weight": 8.0
        },
        {
          "t1": "VSS",
          "t2": "GLD",
          "corr": 0.422,
          "w1": 9.0,
          "w2": 8.0,
          "combined_weight": 17.0
        },
        {
          "t1": "FNDF",
          "t2": "XLV",
          "corr": 0.4153,
          "w1": 6.3,
          "w2": 3.0,
          "combined_weight": 9.3
        },
        {
          "t1": "FDVV",
          "t2": "XLV",
          "corr": 0.4134,
          "w1": 5.6,
          "w2": 3.0,
          "combined_weight": 8.6
        }
      ],
      "least_correlated": [
        {
          "t1": "ITX",
          "t2": "FNDF",
          "corr": -0.0236,
          "w1": 6.0,
          "w2": 6.3,
          "combined_weight": 12.3
        },
        {
          "t1": "VSS",
          "t2": "EOG",
          "corr": -0.0431,
          "w1": 9.0,
          "w2": 3.9,
          "combined_weight": 13.0
        },
        {
          "t1": "ITX",
          "t2": "XLV",
          "corr": -0.047,
          "w1": 6.0,
          "w2": 3.0,
          "combined_weight": 9.0
        },
        {
          "t1": "SCHD",
          "t2": "ITX",
          "corr": -0.0677,
          "w1": 9.0,
          "w2": 6.0,
          "combined_weight": 15.1
        },
        {
          "t1": "GOOG",
          "t2": "EOG",
          "corr": -0.1179,
          "w1": 5.9,
          "w2": 3.9,
          "combined_weight": 9.9
        }
      ],
      "high_corr_high_weight": []
    },
    "Stable": {
      "n_assets": 14,
      "weighted_avg_correlation": 0.1511,
      "most_correlated": [
        {
          "t1": "VICI",
          "t2": "SUNPHARMA",
          "corr": 0.4472,
          "w1": 7.4,
          "w2": 5.3,
          "combined_weight": 12.6
        },
        {
          "t1": "SUNPHARMA",
          "t2": "KO",
          "corr": 0.4352,
          "w1": 5.3,
          "w2": 5.3,
          "combined_weight": 10.6
        },
        {
          "t1": "SPYV",
          "t2": "XLV",
          "corr": 0.4335,
          "w1": 5.4,
          "w2": 4.8,
          "combined_weight": 10.2
        },
        {
          "t1": "ACWV",
          "t2": "SPYV",
          "corr": 0.4304,
          "w1": 6.7,
          "w2": 5.4,
          "combined_weight": 12.1
        },
        {
          "t1": "GD",
          "t2": "SUNPHARMA",
          "corr": 0.4057,
          "w1": 7.4,
          "w2": 5.3,
          "combined_weight": 12.6
        },
        {
          "t1": "ACWV",
          "t2": "XLV",
          "corr": 0.4009,
          "w1": 6.7,
          "w2": 4.8,
          "combined_weight": 11.5
        },
        {
          "t1": "VICI",
          "t2": "KO",
          "corr": 0.3786,
          "w1": 7.4,
          "w2": 5.3,
          "combined_weight": 12.7
        },
        {
          "t1": "IBE",
          "t2": "SUNPHARMA",
          "corr": 0.3734,
          "w1": 7.4,
          "w2": 5.3,
          "combined_weight": 12.6
        },
        {
          "t1": "ACWV",
          "t2": "SUNPHARMA",
          "corr": 0.3644,
          "w1": 6.7,
          "w2": 5.3,
          "combined_weight": 11.9
        },
        {
          "t1": "SHEL",
          "t2": "SUNPHARMA",
          "corr": 0.3508,
          "w1": 7.4,
          "w2": 5.3,
          "combined_weight": 12.6
        }
      ],
      "least_correlated": [
        {
          "t1": "VGSH",
          "t2": "BSV",
          "corr": 0.0213,
          "w1": 6.0,
          "w2": 13.0,
          "combined_weight": 19.0
        },
        {
          "t1": "VGSH",
          "t2": "STIP",
          "corr": 0.0213,
          "w1": 6.0,
          "w2": 13.0,
          "combined_weight": 19.0
        },
        {
          "t1": "BSV",
          "t2": "STIP",
          "corr": 0.0213,
          "w1": 13.0,
          "w2": 13.0,
          "combined_weight": 26.0
        },
        {
          "t1": "IBE",
          "t2": "GLD",
          "corr": -0.0075,
          "w1": 7.4,
          "w2": 4.4,
          "combined_weight": 11.8
        },
        {
          "t1": "KO",
          "t2": "GLD",
          "corr": -0.0187,
          "w1": 5.3,
          "w2": 4.4,
          "combined_weight": 9.8
        }
      ],
      "high_corr_high_weight": []
    }
  },
  "all_pairs_top_30": [
    {
      "t1": "GDXJ",
      "t2": "SLV",
      "corr_hybrid": 0.8536,
      "corr_structured": 0.85,
      "cat1": "ETF",
      "cat2": "ETF",
      "exp1": "gold_miners",
      "exp2": "silver_physical",
      "fam1": "gold",
      "fam2": "precious_metals"
    },
    {
      "t1": "GLD",
      "t2": "SLV",
      "corr_hybrid": 0.8017,
      "corr_structured": 0.85,
      "cat1": "ETF",
      "cat2": "ETF",
      "exp1": "gold_physical",
      "exp2": "silver_physical",
      "fam1": "gold",
      "fam2": "precious_metals"
    },
    {
      "t1": "SOXX",
      "t2": "XLK",
      "corr_hybrid": 0.7987,
      "corr_structured": 0.9,
      "cat1": "ETF",
      "cat2": "ETF",
      "exp1": "semiconductor",
      "exp2": "tech",
      "fam1": "sector_tech",
      "fam2": "sector_tech"
    },
    {
      "t1": "GDXJ",
      "t2": "GLD",
      "corr_hybrid": 0.7537,
      "corr_structured": 0.9,
      "cat1": "ETF",
      "cat2": "ETF",
      "exp1": "gold_miners",
      "exp2": "gold_physical",
      "fam1": "gold",
      "fam2": "gold"
    },
    {
      "t1": "BKR",
      "t2": "OIH",
      "corr_hybrid": 0.7446,
      "corr_structured": null,
      "cat1": "Act",
      "cat2": "ETF",
      "exp1": null,
      "exp2": "energy",
      "fam1": null,
      "fam2": "sector_energy"
    },
    {
      "t1": "SOXX",
      "t2": "XCEM",
      "corr_hybrid": 0.7141,
      "corr_structured": 0.2,
      "cat1": "ETF",
      "cat2": "ETF",
      "exp1": "semiconductor",
      "exp2": "emerging_markets",
      "fam1": "sector_tech",
      "fam2": "em_equity"
    },
    {
      "t1": "XCEM",
      "t2": "XLK",
      "corr_hybrid": 0.709,
      "corr_structured": 0.2,
      "cat1": "ETF",
      "cat2": "ETF",
      "exp1": "emerging_markets",
      "exp2": "tech",
      "fam1": "em_equity",
      "fam2": "sector_tech"
    },
    {
      "t1": "GDXJ",
      "t2": "SLVP",
      "corr_hybrid": 0.6707,
      "corr_structured": 0.85,
      "cat1": "ETF",
      "cat2": "ETF",
      "exp1": "gold_miners",
      "exp2": "silver_miners",
      "fam1": "gold",
      "fam2": "precious_metals"
    },
    {
      "t1": "NVDA",
      "t2": "XLK",
      "corr_hybrid": 0.6664,
      "corr_structured": null,
      "cat1": "Act",
      "cat2": "ETF",
      "exp1": null,
      "exp2": "tech",
      "fam1": null,
      "fam2": "sector_tech"
    },
    {
      "t1": "SLV",
      "t2": "SLVP",
      "corr_hybrid": 0.6556,
      "corr_structured": 0.9,
      "cat1": "ETF",
      "cat2": "ETF",
      "exp1": "silver_physical",
      "exp2": "silver_miners",
      "fam1": "precious_metals",
      "fam2": "precious_metals"
    },
    {
      "t1": "NVDA",
      "t2": "SOXX",
      "corr_hybrid": 0.6479,
      "corr_structured": null,
      "cat1": "Act",
      "cat2": "ETF",
      "exp1": null,
      "exp2": "semiconductor",
      "fam1": null,
      "fam2": "sector_tech"
    },
    {
      "t1": "VSS",
      "t2": "XCEM",
      "corr_hybrid": 0.6421,
      "corr_structured": 0.2,
      "cat1": "ETF",
      "cat2": "ETF",
      "exp1": "intl_small_cap",
      "exp2": "emerging_markets",
      "fam1": null,
      "fam2": "em_equity"
    },
    {
      "t1": "000660",
      "t2": "2059",
      "corr_hybrid": 0.6346,
      "corr_structured": null,
      "cat1": "Act",
      "cat2": "Act",
      "exp1": null,
      "exp2": null,
      "fam1": null,
      "fam2": null
    },
    {
      "t1": "000660",
      "t2": "SUNPHARMA",
      "corr_hybrid": 0.6346,
      "corr_structured": null,
      "cat1": "Act",
      "cat2": "Act",
      "exp1": null,
      "exp2": null,
      "fam1": null,
      "fam2": null
    },
    {
      "t1": "2059",
      "t2": "SUNPHARMA",
      "corr_hybrid": 0.6346,
      "corr_structured": null,
      "cat1": "Act",
      "cat2": "Act",
      "exp1": null,
      "exp2": null,
      "fam1": null,
      "fam2": null
    },
    {
      "t1": "SOXX",
      "t2": "VSS",
      "corr_hybrid": 0.629,
      "corr_structured": 0.2,
      "cat1": "ETF",
      "cat2": "ETF",
      "exp1": "semiconductor",
      "exp2": "intl_small_cap",
      "fam1": "sector_tech",
      "fam2": null
    },
    {
      "t1": "VSS",
      "t2": "XLK",
      "corr_hybrid": 0.6268,
      "corr_structured": 0.2,
      "cat1": "ETF",
      "cat2": "ETF",
      "exp1": "intl_small_cap",
      "exp2": "tech",
      "fam1": null,
      "fam2": "sector_tech"
    },
    {
      "t1": "FNDF",
      "t2": "VSS",
      "corr_hybrid": 0.6164,
      "corr_structured": 0.2,
      "cat1": "ETF",
      "cat2": "ETF",
      "exp1": "international",
      "exp2": "intl_small_cap",
      "fam1": "intl_equity",
      "fam2": null
    },
    {
      "t1": "FNDF",
      "t2": "XCEM",
      "corr_hybrid": 0.6159,
      "corr_structured": 0.62,
      "cat1": "ETF",
      "cat2": "ETF",
      "exp1": "international",
      "exp2": "emerging_markets",
      "fam1": "intl_equity",
      "fam2": "em_equity"
    },
    {
      "t1": "FNDF",
      "t2": "SOXX",
      "corr_hybrid": 0.6038,
      "corr_structured": 0.2,
      "cat1": "ETF",
      "cat2": "ETF",
      "exp1": "international",
      "exp2": "semiconductor",
      "fam1": "intl_equity",
      "fam2": "sector_tech"
    },
    {
      "t1": "FNDF",
      "t2": "XLK",
      "corr_hybrid": 0.5914,
      "corr_structured": 0.2,
      "cat1": "ETF",
      "cat2": "ETF",
      "exp1": "international",
      "exp2": "tech",
      "fam1": "intl_equity",
      "fam2": "sector_tech"
    },
    {
      "t1": "EOG",
      "t2": "SHEL",
      "corr_hybrid": 0.5775,
      "corr_structured": null,
      "cat1": "Act",
      "cat2": "Act",
      "exp1": null,
      "exp2": null,
      "fam1": null,
      "fam2": null
    },
    {
      "t1": "FDVV",
      "t2": "FNDF",
      "corr_hybrid": 0.572,
      "corr_structured": 0.2,
      "cat1": "ETF",
      "cat2": "ETF",
      "exp1": "dividend",
      "exp2": "international",
      "fam1": "factor_dividend",
      "fam2": "intl_equity"
    },
    {
      "t1": "EOG",
      "t2": "OIH",
      "corr_hybrid": 0.5713,
      "corr_structured": null,
      "cat1": "Act",
      "cat2": "ETF",
      "exp1": null,
      "exp2": "energy",
      "fam1": null,
      "fam2": "sector_energy"
    },
    {
      "t1": "FDVV",
      "t2": "XCEM",
      "corr_hybrid": 0.5684,
      "corr_structured": 0.2,
      "cat1": "ETF",
      "cat2": "ETF",
      "exp1": "dividend",
      "exp2": "emerging_markets",
      "fam1": "factor_dividend",
      "fam2": "em_equity"
    },
    {
      "t1": "FDVV",
      "t2": "XLK",
      "corr_hybrid": 0.5676,
      "corr_structured": 0.2,
      "cat1": "ETF",
      "cat2": "ETF",
      "exp1": "dividend",
      "exp2": "tech",
      "fam1": "factor_dividend",
      "fam2": "sector_tech"
    },
    {
      "t1": "FDVV",
      "t2": "SOXX",
      "corr_hybrid": 0.5671,
      "corr_structured": 0.2,
      "cat1": "ETF",
      "cat2": "ETF",
      "exp1": "dividend",
      "exp2": "semiconductor",
      "fam1": "factor_dividend",
      "fam2": "sector_tech"
    },
    {
      "t1": "GLD",
      "t2": "SLVP",
      "corr_hybrid": 0.5662,
      "corr_structured": 0.85,
      "cat1": "ETF",
      "cat2": "ETF",
      "exp1": "gold_physical",
      "exp2": "silver_miners",
      "fam1": "gold",
      "fam2": "precious_metals"
    },
    {
      "t1": "BKR",
      "t2": "EOG",
      "corr_hybrid": 0.564,
      "corr_structured": null,
      "cat1": "Act",
      "cat2": "Act",
      "exp1": null,
      "exp2": null,
      "fam1": null,
      "fam2": null
    },
    {
      "t1": "NVDA",
      "t2": "XCEM",
      "corr_hybrid": 0.5569,
      "corr_structured": null,
      "cat1": "Act",
      "cat2": "ETF",
      "exp1": null,
      "exp2": "emerging_markets",
      "fam1": null,
      "fam2": "em_equity"
    }
  ],
  "all_pairs_bottom_10": [
    {
      "t1": "BKR",
      "t2": "SLVP",
      "corr_hybrid": -0.0114,
      "corr_structured": null,
      "cat1": "Act",
      "cat2": "ETF",
      "exp1": null,
      "exp2": "silver_miners",
      "fam1": null,
      "fam2": "precious_metals"
    },
    {
      "t1": "SOXX",
      "t2": "VICI",
      "corr_hybrid": -0.0081,
      "corr_structured": null,
      "cat1": "ETF",
      "cat2": "Act",
      "exp1": "semiconductor",
      "exp2": null,
      "fam1": "sector_tech",
      "fam2": null
    },
    {
      "t1": "GLD",
      "t2": "IBE",
      "corr_hybrid": -0.0075,
      "corr_structured": null,
      "cat1": "ETF",
      "cat2": "Act",
      "exp1": "gold_physical",
      "exp2": null,
      "fam1": "gold",
      "fam2": null
    },
    {
      "t1": "EOG",
      "t2": "GLD",
      "corr_hybrid": -0.0069,
      "corr_structured": null,
      "cat1": "Act",
      "cat2": "ETF",
      "exp1": null,
      "exp2": "gold_physical",
      "fam1": null,
      "fam2": "gold"
    },
    {
      "t1": "ITX",
      "t2": "XCEM",
      "corr_hybrid": 0.0057,
      "corr_structured": null,
      "cat1": "Act",
      "cat2": "ETF",
      "exp1": null,
      "exp2": "emerging_markets",
      "fam1": null,
      "fam2": "em_equity"
    },
    {
      "t1": "NVDA",
      "t2": "SLVP",
      "corr_hybrid": 0.003,
      "corr_structured": null,
      "cat1": "Act",
      "cat2": "ETF",
      "exp1": null,
      "exp2": "silver_miners",
      "fam1": null,
      "fam2": "precious_metals"
    },
    {
      "t1": "LI",
      "t2": "OIH",
      "corr_hybrid": -0.0023,
      "corr_structured": null,
      "cat1": "Act",
      "cat2": "ETF",
      "exp1": null,
      "exp2": "energy",
      "fam1": null,
      "fam2": "sector_energy"
    },
    {
      "t1": "IBE",
      "t2": "OIH",
      "corr_hybrid": -0.001,
      "corr_structured": null,
      "cat1": "Act",
      "cat2": "ETF",
      "exp1": null,
      "exp2": "energy",
      "fam1": null,
      "fam2": "sector_energy"
    },
    {
      "t1": "IBE",
      "t2": "XLK",
      "corr_hybrid": -0.0004,
      "corr_structured": null,
      "cat1": "Act",
      "cat2": "ETF",
      "exp1": null,
      "exp2": "tech",
      "fam1": null,
      "fam2": "sector_tech"
    },
    {
      "t1": "GLD",
      "t2": "INCY",
      "corr_hybrid": 0.0001,
      "corr_structured": null,
      "cat1": "ETF",
      "cat2": "Act",
      "exp1": "gold_physical",
      "exp2": null,
      "fam1": "gold",
      "fam2": null
    }
  ],
  "correlation_matrix": {
    "tickers": [
      "000660",
      "2059",
      "ACWV",
      "BKR",
      "BMED",
      "BSV",
      "EOG",
      "FDVV",
      "FLTR",
      "FNDF",
      "GD",
      "GDXJ",
      "GLD",
      "GOOG",
      "GTIP",
      "IBE",
      "INCY",
      "ITX",
      "KO",
      "LI",
      "MTBA",
      "NOVN",
      "NVDA",
      "OIH",
      "PEG",
      "SCHD",
      "SHEL",
      "SLV",
      "SLVP",
      "SOXX",
      "SPLV",
      "SPYV",
      "STIP",
      "SUNPHARMA",
      "VGSH",
      "VICI",
      "VSS",
      "XBI",
      "XCEM",
      "XLK",
      "XLV"
    ],
    "matrix": [
      [
        1.0,
        0.6346,
        0.3644,
        0.2883,
        0.4649,
        0.0815,
        0.2997,
        0.3354,
        0.0815,
        0.2924,
        0.4057,
        0.0842,
        0.0859,
        0.2499,
        0.0815,
        0.3734,
        0.2906,
        0.3324,
        0.4352,
        0.2921,
        0.0815,
        0.3325,
        0.1982,
        0.1961,
        0.4087,
        0.3474,
        0.3508,
        0.0497,
        0.0809,
        0.1274,
        0.3474,
        0.3357,
        0.0815,
        0.6346,
        0.0815,
        0.4472,
        0.2662,
        0.2056,
        0.2112,
        0.1575,
        0.3034
      ],
      [
        0.6346,
        1.0,
        0.3644,
        0.2883,
        0.4649,
        0.0815,
        0.2997,
        0.3354,
        0.0815,
        0.2924,
        0.4057,
        0.0842,
        0.0859,
        0.2499,
        0.0815,
        0.3734,
        0.2906,
        0.3324,
        0.4352,
        0.2921,
        0.0815,
        0.3325,
        0.1982,
        0.1961,
        0.4087,
        0.3474,
        0.3508,
        0.0497,
        0.0809,
        0.1274,
        0.3474,
        0.3357,
        0.0815,
        0.6346,
        0.0815,
        0.4472,
        0.2662,
        0.2056,
        0.2112,
        0.1575,
        0.3034
      ],
      [
        0.3644,
        0.3644,
        1.0,
        0.2246,
        0.4687,
        0.0895,
        0.0716,
        0.4234,
        0.0895,
        0.4314,
        0.3042,
        0.2369,
        0.1515,
        0.2896,
        0.0895,
        0.1863,
        0.3738,
        0.0256,
        0.2752,
        0.1662,
        0.0895,
        0.1562,
        0.1975,
        0.2262,
        0.256,
        0.3707,
        0.2039,
        0.1829,
        0.3513,
        0.2971,
        0.3405,
        0.4304,
        0.0895,
        0.3644,
        0.0895,
        0.2982,
        0.3999,
        0.3904,
        0.3647,
        0.3084,
        0.4009
      ],
      [
        0.2883,
        0.2883,
        0.2246,
        1.0,
        0.2451,
        0.0772,
        0.564,
        0.3549,
        0.0772,
        0.3727,
        0.2956,
        0.1197,
        0.1196,
        0.1253,
        0.0772,
        0.0714,
        0.1712,
        0.0598,
        0.0467,
        0.0663,
        0.0772,
        0.0457,
        0.1806,
        0.7446,
        0.1551,
        0.4464,
        0.5427,
        0.201,
        -0.0114,
        0.3376,
        0.1535,
        0.3853,
        0.0772,
        0.2883,
        0.0772,
        0.1504,
        0.2949,
        0.2033,
        0.3016,
        0.2822,
        0.2212
      ],
      [
        0.4649,
        0.4649,
        0.4687,
        0.2451,
        1.0,
        0.1026,
        0.0608,
        0.5002,
        0.1026,
        0.493,
        0.3566,
        0.2429,
        0.145,
        0.3739,
        0.1026,
        0.2449,
        0.4361,
        0.0933,
        0.3216,
        0.2425,
        0.1026,
        0.1905,
        0.3058,
        0.2262,
        0.3173,
        0.3996,
        0.2099,
        0.1639,
        0.328,
        0.3791,
        0.3714,
        0.4976,
        0.1026,
        0.4649,
        0.1026,
        0.35,
        0.4679,
        0.4464,
        0.4416,
        0.4015,
        0.4467
      ],
      [
        0.0815,
        0.0815,
        0.0895,
        0.0772,
        0.1026,
        1.0,
        0.0348,
        0.1027,
        0.0213,
        0.1032,
        0.072,
        0.0493,
        0.0306,
        0.0675,
        0.0213,
        0.0387,
        0.0838,
        0.015,
        0.0497,
        0.0258,
        0.0213,
        0.0269,
        0.0567,
        0.0808,
        0.0535,
        0.0906,
        0.0601,
        0.0409,
        0.0611,
        0.0826,
        0.0691,
        0.1041,
        0.0213,
        0.0815,
        0.0213,
        0.0599,
        0.0946,
        0.0887,
        0.0907,
        0.0829,
        0.088
      ],
      [
        0.2997,
        0.2997,
        0.0716,
        0.564,
        0.0608,
        0.0348,
        1.0,
        0.057,
        0.0348,
        0.0547,
        0.2503,
        -0.1103,
        -0.0069,
        -0.1179,
        0.0348,
        0.1219,
        -0.0235,
        0.0836,
        0.1584,
        0.0467,
        0.0348,
        0.1544,
        -0.1484,
        0.5713,
        0.1626,
        0.344,
        0.5775,
        0.0183,
        -0.1673,
        -0.098,
        0.1398,
        0.1193,
        0.0348,
        0.2997,
        0.0348,
        0.1981,
        -0.0431,
        -0.0957,
        -0.0827,
        -0.1511,
        0.0561
      ],
      [
        0.3354,
        0.3354,
        0.4234,
        0.3549,
        0.5002,
        0.1027,
        0.057,
        1.0,
        0.1027,
        0.572,
        0.2988,
        0.328,
        0.2061,
        0.4014,
        0.1027,
        0.1297,
        0.4115,
        0.0408,
        0.1372,
        0.2094,
        0.1027,
        0.0639,
        0.4267,
        0.3801,
        0.2246,
        0.3892,
        0.212,
        0.2671,
        0.303,
        0.5671,
        0.2629,
        0.5397,
        0.1027,
        0.3354,
        0.1027,
        0.216,
        0.556,
        0.4944,
        0.5684,
        0.5676,
        0.4134
      ],
      [
        0.0815,
        0.0815,
        0.0895,
        0.0772,
        0.1026,
        0.0213,
        0.0348,
        0.1027,
        1.0,
        0.1032,
        0.072,
        0.0493,
        0.0306,
        0.0675,
        0.0213,
        0.0387,
        0.0838,
        0.015,
        0.0497,
        0.0258,
        0.0213,
        0.0269,
        0.0567,
        0.0808,
        0.0535,
        0.0906,
        0.0601,
        0.0409,
        0.0611,
        0.0826,
        0.0691,
        0.1041,
        0.0213,
        0.0815,
        0.0213,
        0.0599,
        0.0946,
        0.0887,
        0.0907,
        0.0829,
        0.088
      ],
      [
        0.2924,
        0.2924,
        0.4314,
        0.3727,
        0.493,
        0.1032,
        0.0547,
        0.572,
        0.1032,
        1.0,
        0.2796,
        0.4643,
        0.3368,
        0.389,
        0.1032,
        0.0823,
        0.3879,
        -0.0236,
        0.0993,
        0.2651,
        0.1032,
        0.0538,
        0.4182,
        0.4124,
        0.2143,
        0.3952,
        0.2356,
        0.4215,
        0.4219,
        0.6038,
        0.2559,
        0.5506,
        0.1032,
        0.2924,
        0.1032,
        0.2002,
        0.6164,
        0.5199,
        0.6159,
        0.5914,
        0.4153
      ],
      [
        0.4057,
        0.4057,
        0.3042,
        0.2956,
        0.3566,
        0.072,
        0.2503,
        0.2988,
        0.072,
        0.2796,
        1.0,
        0.0934,
        0.0726,
        0.1836,
        0.072,
        0.2291,
        0.2611,
        0.1804,
        0.283,
        0.0836,
        0.072,
        0.1912,
        0.1167,
        0.272,
        0.2578,
        0.3312,
        0.2992,
        0.0815,
        0.1376,
        0.1422,
        0.2832,
        0.3112,
        0.072,
        0.4057,
        0.072,
        0.3009,
        0.2405,
        0.2159,
        0.2003,
        0.1511,
        0.2816
      ],
      [
        0.0842,
        0.0842,
        0.2369,
        0.1197,
        0.2429,
        0.0493,
        -0.1103,
        0.328,
        0.0493,
        0.4643,
        0.0934,
        1.0,
        0.7537,
        0.2065,
        0.0493,
        -0.0171,
        0.1055,
        0.1017,
        -0.0307,
        0.2456,
        0.0493,
        0.0671,
        0.2676,
        0.1296,
        0.13,
        0.0913,
        0.1184,
        0.8536,
        0.6707,
        0.4007,
        0.0871,
        0.2444,
        0.0493,
        0.0842,
        0.0493,
        0.0999,
        0.5558,
        0.3231,
        0.4807,
        0.3896,
        0.1674
      ],
      [
        0.0859,
        0.0859,
        0.1515,
        0.1196,
        0.145,
        0.0306,
        -0.0069,
        0.2061,
        0.0306,
        0.3368,
        0.0726,
        0.7537,
        1.0,
        0.1004,
        0.0306,
        -0.0075,
        0.0001,
        0.1358,
        -0.0187,
        0.2428,
        0.0306,
        0.0998,
        0.1578,
        0.112,
        0.126,
        0.0472,
        0.1663,
        0.8017,
        0.5662,
        0.2473,
        0.0503,
        0.1317,
        0.0306,
        0.0859,
        0.0306,
        0.1007,
        0.422,
        0.1836,
        0.3341,
        0.231,
        0.0735
      ],
      [
        0.2499,
        0.2499,
        0.2896,
        0.1253,
        0.3739,
        0.0675,
        -0.1179,
        0.4014,
        0.0675,
        0.389,
        0.1836,
        0.2065,
        0.1004,
        1.0,
        0.0675,
        0.1195,
        0.3156,
        0.1031,
        0.0922,
        0.1836,
        0.0675,
        0.0384,
        0.4164,
        0.1147,
        0.1637,
        0.1865,
        0.0128,
        0.1158,
        0.1582,
        0.4525,
        0.1506,
        0.3668,
        0.0675,
        0.2499,
        0.0675,
        0.1377,
        0.4075,
        0.3681,
        0.4376,
        0.4772,
        0.2758
      ],
      [
        0.0815,
        0.0815,
        0.0895,
        0.0772,
        0.1026,
        0.0213,
        0.0348,
        0.1027,
        0.0213,
        0.1032,
        0.072,
        0.0493,
        0.0306,
        0.0675,
        1.0,
        0.0387,
        0.0838,
        0.015,
        0.0497,
        0.0258,
        0.0213,
        0.0269,
        0.0567,
        0.0808,
        0.0535,
        0.0906,
        0.0601,
        0.0409,
        0.0611,
        0.0826,
        0.0691,
        0.1041,
        0.0213,
        0.0815,
        0.0213,
        0.0599,
        0.0946,
        0.0887,
        0.0907,
        0.0829,
        0.088
      ],
      [
        0.3734,
        0.3734,
        0.1863,
        0.0714,
        0.2449,
        0.0387,
        0.1219,
        0.1297,
        0.0387,
        0.0823,
        0.2291,
        -0.0171,
        -0.0075,
        0.1195,
        0.0387,
        1.0,
        0.1607,
        0.2858,
        0.2971,
        0.0604,
        0.0387,
        0.2171,
        0.0578,
        -0.001,
        0.2352,
        0.146,
        0.1441,
        -0.0498,
        0.0203,
        -0.0362,
        0.2083,
        0.1262,
        0.0387,
        0.3734,
        0.0387,
        0.2755,
        0.0755,
        0.0669,
        0.0315,
        -0.0004,
        0.1507
      ],
      [
        0.2906,
        0.2906,
        0.3738,
        0.1712,
        0.4361,
        0.0838,
        -0.0235,
        0.4115,
        0.0838,
        0.3879,
        0.2611,
        0.1055,
        0.0001,
        0.3156,
        0.0838,
        0.1607,
        1.0,
        0.0272,
        0.2158,
        0.0419,
        0.0838,
        0.0786,
        0.2428,
        0.1852,
        0.1878,
        0.3239,
        0.0944,
        0.0226,
        0.2348,
        0.3286,
        0.2916,
        0.4187,
        0.0838,
        0.2906,
        0.0838,
        0.2222,
        0.3548,
        0.3957,
        0.3566,
        0.3499,
        0.386
      ],
      [
        0.3324,
        0.3324,
        0.0256,
        0.0598,
        0.0933,
        0.015,
        0.0836,
        0.0408,
        0.015,
        -0.0236,
        0.1804,
        0.1017,
        0.1358,
        0.1031,
        0.015,
        0.2858,
        0.0272,
        1.0,
        0.1605,
        -0.2162,
        0.015,
        0.1865,
        0.1805,
        -0.0513,
        0.1808,
        -0.0677,
        0.1003,
        0.0923,
        -0.1088,
        -0.0388,
        0.0225,
        -0.0362,
        0.015,
        0.3324,
        0.015,
        0.1831,
        0.0531,
        -0.0692,
        0.0057,
        0.0213,
        -0.047
      ],
      [
        0.4352,
        0.4352,
        0.2752,
        0.0467,
        0.3216,
        0.0497,
        0.1584,
        0.1372,
        0.0497,
        0.0993,
        0.283,
        -0.0307,
        -0.0187,
        0.0922,
        0.0497,
        0.2971,
        0.2158,
        0.1605,
        1.0,
        0.1159,
        0.0497,
        0.2924,
        -0.082,
        -0.0233,
        0.2944,
        0.2427,
        0.1919,
        -0.0646,
        0.1556,
        -0.1413,
        0.341,
        0.1645,
        0.0497,
        0.4352,
        0.0497,
        0.3786,
        0.0604,
        0.0983,
        -0.0187,
        -0.1077,
        0.2455
      ],
      [
        0.2921,
        0.2921,
        0.1662,
        0.0663,
        0.2425,
        0.0258,
        0.0467,
        0.2094,
        0.0258,
        0.2651,
        0.0836,
        0.2456,
        0.2428,
        0.1836,
        0.0258,
        0.0604,
        0.0419,
        -0.2162,
        0.1159,
        1.0,
        0.0258,
        0.164,
        0.285,
        -0.0023,
        0.2447,
        0.1042,
        0.1113,
        0.216,
        0.1018,
        0.2855,
        0.0741,
        0.1969,
        0.0258,
        0.2921,
        0.0258,
        0.1732,
        0.2803,
        0.1512,
        0.289,
        0.2697,
        0.0978
      ],
      [
        0.0815,
        0.0815,
        0.0895,
        0.0772,
        0.1026,
        0.0213,
        0.0348,
        0.1027,
        0.0213,
        0.1032,
        0.072,
        0.0493,
        0.0306,
        0.0675,
        0.0213,
        0.0387,
        0.0838,
        0.015,
        0.0497,
        0.0258,
        1.0,
        0.0269,
        0.0567,
        0.0808,
        0.0535,
        0.0906,
        0.0601,
        0.0409,
        0.0611,
        0.0826,
        0.0691,
        0.1041,
        0.0213,
        0.0815,
        0.0213,
        0.0599,
        0.0946,
        0.0887,
        0.0907,
        0.0829,
        0.088
      ],
      [
        0.3325,
        0.3325,
        0.1562,
        0.0457,
        0.1905,
        0.0269,
        0.1544,
        0.0639,
        0.0269,
        0.0538,
        0.1912,
        0.0671,
        0.0998,
        0.0384,
        0.0269,
        0.2171,
        0.0786,
        0.1865,
        0.2924,
        0.164,
        0.0269,
        1.0,
        -0.0449,
        -0.0256,
        0.2319,
        0.1261,
        0.176,
        0.0653,
        0.112,
        -0.1164,
        0.2006,
        0.0664,
        0.0269,
        0.3325,
        0.0269,
        0.2755,
        0.0484,
        0.0138,
        -0.0219,
        -0.0957,
        0.1096
      ],
      [
        0.1982,
        0.1982,
        0.1975,
        0.1806,
        0.3058,
        0.0567,
        -0.1484,
        0.4267,
        0.0567,
        0.4182,
        0.1167,
        0.2676,
        0.1578,
        0.4164,
        0.0567,
        0.0578,
        0.2428,
        0.1805,
        -0.082,
        0.285,
        0.0567,
        -0.0449,
        1.0,
        0.1634,
        0.1167,
        0.0858,
        -0.0243,
        0.1784,
        0.003,
        0.6479,
        -0.0163,
        0.3545,
        0.0567,
        0.1982,
        0.0567,
        0.0186,
        0.476,
        0.3553,
        0.5569,
        0.6664,
        0.1676
      ],
      [
        0.1961,
        0.1961,
        0.2262,
        0.7446,
        0.2262,
        0.0808,
        0.5713,
        0.3801,
        0.0808,
        0.4124,
        0.272,
        0.1296,
        0.112,
        0.1147,
        0.0808,
        -0.001,
        0.1852,
        -0.0513,
        -0.0233,
        -0.0023,
        0.0808,
        -0.0256,
        0.1634,
        1.0,
        0.0937,
        0.4859,
        0.5516,
        0.2226,
        0.0251,
        0.3911,
        0.1426,
        0.4224,
        0.0808,
        0.1961,
        0.0808,
        0.0901,
        0.3181,
        0.2447,
        0.337,
        0.3196,
        0.2449
      ],
      [
        0.4087,
        0.4087,
        0.256,
        0.1551,
        0.3173,
        0.0535,
        0.1626,
        0.2246,
        0.0535,
        0.2143,
        0.2578,
        0.13,
        0.126,
        0.1637,
        0.0535,
        0.2352,
        0.1878,
        0.1808,
        0.2944,
        0.2447,
        0.0535,
        0.2319,
        0.1167,
        0.0937,
        1.0,
        0.2227,
        0.2188,
        0.107,
        0.1405,
        0.0833,
        0.2422,
        0.2213,
        0.0535,
        0.4087,
        0.0535,
        0.3049,
        0.2046,
        0.1527,
        0.1557,
        0.102,
        0.21
      ],
      [
        0.3474,
        0.3474,
        0.3707,
        0.4464,
        0.3996,
        0.0906,
        0.344,
        0.3892,
        0.0906,
        0.3952,
        0.3312,
        0.0913,
        0.0472,
        0.1865,
        0.0906,
        0.146,
        0.3239,
        -0.0677,
        0.2427,
        0.1042,
        0.0906,
        0.1261,
        0.0858,
        0.4859,
        0.2227,
        1.0,
        0.3915,
        0.099,
        0.2081,
        0.2427,
        0.3336,
        0.4382,
        0.0906,
        0.3474,
        0.0906,
        0.2742,
        0.3064,
        0.3169,
        0.2815,
        0.2188,
        0.3806
      ],
      [
        0.3508,
        0.3508,
        0.2039,
        0.5427,
        0.2099,
        0.0601,
        0.5775,
        0.212,
        0.0601,
        0.2356,
        0.2992,
        0.1184,
        0.1663,
        0.0128,
        0.0601,
        0.1441,
        0.0944,
        0.1003,
        0.1919,
        0.1113,
        0.0601,
        0.176,
        -0.0243,
        0.5516,
        0.2188,
        0.3915,
        1.0,
        0.2135,
        0.07,
        0.0657,
        0.2151,
        0.2494,
        0.0601,
        0.3508,
        0.0601,
        0.2538,
        0.1641,
        0.0772,
        0.1093,
        0.0233,
        0.1765
      ],
      [
        0.0497,
        0.0497,
        0.1829,
        0.201,
        0.1639,
        0.0409,
        0.0183,
        0.2671,
        0.0409,
        0.4215,
        0.0815,
        0.8536,
        0.8017,
        0.1158,
        0.0409,
        -0.0498,
        0.0226,
        0.0923,
        -0.0646,
        0.216,
        0.0409,
        0.0653,
        0.1784,
        0.2226,
        0.107,
        0.099,
        0.2135,
        1.0,
        0.6556,
        0.3308,
        0.057,
        0.192,
        0.0409,
        0.0497,
        0.0409,
        0.0798,
        0.5031,
        0.2456,
        0.4138,
        0.3008,
        0.1105
      ],
      [
        0.0809,
        0.0809,
        0.3513,
        -0.0114,
        0.328,
        0.0611,
        -0.1673,
        0.303,
        0.0611,
        0.4219,
        0.1376,
        0.6707,
        0.5662,
        0.1582,
        0.0611,
        0.0203,
        0.2348,
        -0.1088,
        0.1556,
        0.1018,
        0.0611,
        0.112,
        0.003,
        0.0251,
        0.1405,
        0.2081,
        0.07,
        0.6556,
        1.0,
        0.1906,
        0.2867,
        0.2775,
        0.0611,
        0.0809,
        0.0611,
        0.1985,
        0.4525,
        0.3764,
        0.3418,
        0.1894,
        0.3257
      ],
      [
        0.1274,
        0.1274,
        0.2971,
        0.3376,
        0.3791,
        0.0826,
        -0.098,
        0.5671,
        0.0826,
        0.6038,
        0.1422,
        0.4007,
        0.2473,
        0.4525,
        0.0826,
        -0.0362,
