{
  "_meta": {
    "generated": "2026-06-01T11:30:40",
    "portfolio_generated": "2026-06-01T11:26:49.449226",
    "n_assets": 43,
    "n_with_returns": 32,
    "covariance_method": "hybrid_shrunk",
    "condition_number": 373.08,
    "pca_factors": 6
  },
  "profiles": {
    "Agressif": {
      "n_assets": 19,
      "weighted_avg_correlation": 0.2761,
      "most_correlated": [
        {
          "t1": "FLKR",
          "t2": "XCEM",
          "corr": 0.784,
          "w1": 5.6,
          "w2": 7.0,
          "combined_weight": 12.5
        },
        {
          "t1": "XCEM",
          "t2": "SOXX",
          "corr": 0.7621,
          "w1": 7.0,
          "w2": 6.7,
          "combined_weight": 13.6
        },
        {
          "t1": "FLKR",
          "t2": "SOXX",
          "corr": 0.759,
          "w1": 5.6,
          "w2": 6.7,
          "combined_weight": 12.2
        },
        {
          "t1": "SOXX",
          "t2": "XLK",
          "corr": 0.7298,
          "w1": 6.7,
          "w2": 4.8,
          "combined_weight": 11.4
        },
        {
          "t1": "CDE",
          "t2": "GLD",
          "corr": 0.7245,
          "w1": 3.5,
          "w2": 7.2,
          "combined_weight": 10.7
        },
        {
          "t1": "XCEM",
          "t2": "PICK",
          "corr": 0.7166,
          "w1": 7.0,
          "w2": 7.0,
          "combined_weight": 13.9
        },
        {
          "t1": "XCEM",
          "t2": "XLK",
          "corr": 0.6996,
          "w1": 7.0,
          "w2": 4.8,
          "combined_weight": 11.7
        },
        {
          "t1": "FLKR",
          "t2": "XLK",
          "corr": 0.6938,
          "w1": 5.6,
          "w2": 4.8,
          "combined_weight": 10.4
        },
        {
          "t1": "FLKR",
          "t2": "PICK",
          "corr": 0.6669,
          "w1": 5.6,
          "w2": 7.0,
          "combined_weight": 12.5
        },
        {
          "t1": "PICK",
          "t2": "CDE",
          "corr": 0.6497,
          "w1": 7.0,
          "w2": 3.5,
          "combined_weight": 10.4
        }
      ],
      "least_correlated": [
        {
          "t1": "PAAA",
          "t2": "CDE",
          "corr": 0.0223,
          "w1": 5.2,
          "w2": 3.5,
          "combined_weight": 8.6
        },
        {
          "t1": "FIX",
          "t2": "FLTR",
          "corr": 0.0179,
          "w1": 3.2,
          "w2": 5.2,
          "combined_weight": 8.4
        },
        {
          "t1": "FIX",
          "t2": "PAAA",
          "corr": 0.0179,
          "w1": 3.2,
          "w2": 5.2,
          "combined_weight": 8.4
        },
        {
          "t1": "FLTR",
          "t2": "PLTR",
          "corr": 0.0164,
          "w1": 5.2,
          "w2": 4.6,
          "combined_weight": 9.8
        },
        {
          "t1": "PAAA",
          "t2": "PLTR",
          "corr": 0.0164,
          "w1": 5.2,
          "w2": 4.6,
          "combined_weight": 9.8
        }
      ],
      "high_corr_high_weight": [
        {
          "t1": "FLKR",
          "t2": "XCEM",
          "corr": 0.784,
          "w1": 5.6,
          "w2": 7.0,
          "combined_weight": 12.5
        },
        {
          "t1": "XCEM",
          "t2": "SOXX",
          "corr": 0.7621,
          "w1": 7.0,
          "w2": 6.7,
          "combined_weight": 13.6
        },
        {
          "t1": "FLKR",
          "t2": "SOXX",
          "corr": 0.759,
          "w1": 5.6,
          "w2": 6.7,
          "combined_weight": 12.2
        },
        {
          "t1": "SOXX",
          "t2": "XLK",
          "corr": 0.7298,
          "w1": 6.7,
          "w2": 4.8,
          "combined_weight": 11.4
        },
        {
          "t1": "CDE",
          "t2": "GLD",
          "corr": 0.7245,
          "w1": 3.5,
          "w2": 7.2,
          "combined_weight": 10.7
        }
      ]
    },
    "Mod\u00e9r\u00e9": {
      "n_assets": 15,
      "weighted_avg_correlation": 0.154,
      "most_correlated": [
        {
          "t1": "FNDX",
          "t2": "FNDF",
          "corr": 0.6059,
          "w1": 7.9,
          "w2": 7.7,
          "combined_weight": 15.6
        },
        {
          "t1": "DIVB",
          "t2": "FNDF",
          "corr": 0.5227,
          "w1": 7.8,
          "w2": 7.7,
          "combined_weight": 15.6
        },
        {
          "t1": "FNDX",
          "t2": "DIVB",
          "corr": 0.4902,
          "w1": 7.9,
          "w2": 7.8,
          "combined_weight": 15.8
        },
        {
          "t1": "FNDF",
          "t2": "XLV",
          "corr": 0.4242,
          "w1": 7.7,
          "w2": 3.0,
          "combined_weight": 10.7
        },
        {
          "t1": "FNDX",
          "t2": "XLV",
          "corr": 0.4079,
          "w1": 7.9,
          "w2": 3.0,
          "combined_weight": 10.9
        },
        {
          "t1": "FNDF",
          "t2": "SCHD",
          "corr": 0.3984,
          "w1": 7.7,
          "w2": 7.2,
          "combined_weight": 14.9
        },
        {
          "t1": "FNDX",
          "t2": "SCHD",
          "corr": 0.3886,
          "w1": 7.9,
          "w2": 7.2,
          "combined_weight": 15.2
        },
        {
          "t1": "DIVB",
          "t2": "XLV",
          "corr": 0.3858,
          "w1": 7.8,
          "w2": 3.0,
          "combined_weight": 10.8
        },
        {
          "t1": "DIVB",
          "t2": "SCHD",
          "corr": 0.3735,
          "w1": 7.8,
          "w2": 7.2,
          "combined_weight": 15.1
        },
        {
          "t1": "SCHD",
          "t2": "XLV",
          "corr": 0.3592,
          "w1": 7.2,
          "w2": 3.0,
          "combined_weight": 10.2
        }
      ],
      "least_correlated": [
        {
          "t1": "PAAA",
          "t2": "GLD",
          "corr": 0.0252,
          "w1": 8.0,
          "w2": 5.0,
          "combined_weight": 13.0
        },
        {
          "t1": "TDTT",
          "t2": "ITX",
          "corr": 0.0224,
          "w1": 8.0,
          "w2": 4.7,
          "combined_weight": 12.7
        },
        {
          "t1": "VGSH",
          "t2": "ITX",
          "corr": 0.0224,
          "w1": 8.0,
          "w2": 4.7,
          "combined_weight": 12.7
        },
        {
          "t1": "PAAA",
          "t2": "ITX",
          "corr": 0.0224,
          "w1": 8.0,
          "w2": 4.7,
          "combined_weight": 12.7
        },
        {
          "t1": "ITX",
          "t2": "GLD",
          "corr": 0.0114,
          "w1": 4.7,
          "w2": 5.0,
          "combined_weight": 9.7
        }
      ],
      "high_corr_high_weight": []
    },
    "Stable": {
      "n_assets": 15,
      "weighted_avg_correlation": 0.1342,
      "most_correlated": [
        {
          "t1": "IG",
          "t2": "SUNPHARMA",
          "corr": 0.5646,
          "w1": 6.3,
          "w2": 5.1,
          "combined_weight": 11.4
        },
        {
          "t1": "ACWV",
          "t2": "SPYV",
          "corr": 0.4451,
          "w1": 6.5,
          "w2": 4.6,
          "combined_weight": 11.0
        },
        {
          "t1": "VICI",
          "t2": "IG",
          "corr": 0.4425,
          "w1": 5.4,
          "w2": 6.3,
          "combined_weight": 11.7
        },
        {
          "t1": "VICI",
          "t2": "SUNPHARMA",
          "corr": 0.4312,
          "w1": 5.4,
          "w2": 5.1,
          "combined_weight": 10.5
        },
        {
          "t1": "GD",
          "t2": "SUNPHARMA",
          "corr": 0.4137,
          "w1": 5.0,
          "w2": 5.1,
          "combined_weight": 10.1
        },
        {
          "t1": "GD",
          "t2": "IG",
          "corr": 0.4056,
          "w1": 5.0,
          "w2": 6.3,
          "combined_weight": 11.3
        },
        {
          "t1": "SPYV",
          "t2": "XLV",
          "corr": 0.4026,
          "w1": 4.6,
          "w2": 4.2,
          "combined_weight": 8.7
        },
        {
          "t1": "ACWV",
          "t2": "XLV",
          "corr": 0.3941,
          "w1": 6.5,
          "w2": 4.2,
          "combined_weight": 10.7
        },
        {
          "t1": "IG",
          "t2": "KO",
          "corr": 0.3895,
          "w1": 6.3,
          "w2": 4.8,
          "combined_weight": 11.1
        },
        {
          "t1": "SUNPHARMA",
          "t2": "KO",
          "corr": 0.3726,
          "w1": 5.1,
          "w2": 4.8,
          "combined_weight": 9.9
        }
      ],
      "least_correlated": [
        {
          "t1": "VGSH",
          "t2": "GLD",
          "corr": 0.0252,
          "w1": 11.4,
          "w2": 4.0,
          "combined_weight": 15.5
        },
        {
          "t1": "CLTL",
          "t2": "GLD",
          "corr": 0.0252,
          "w1": 11.2,
          "w2": 4.0,
          "combined_weight": 15.2
        },
        {
          "t1": "BSV",
          "t2": "GLD",
          "corr": 0.0252,
          "w1": 7.6,
          "w2": 4.0,
          "combined_weight": 11.7
        },
        {
          "t1": "GLD",
          "t2": "STIP",
          "corr": 0.0252,
          "w1": 4.0,
          "w2": 13.0,
          "combined_weight": 17.0
        },
        {
          "t1": "KO",
          "t2": "GLD",
          "corr": -0.0327,
          "w1": 4.8,
          "w2": 4.0,
          "combined_weight": 8.9
        }
      ],
      "high_corr_high_weight": []
    }
  },
  "all_pairs_top_30": [
    {
      "t1": "FLKR",
      "t2": "XCEM",
      "corr_hybrid": 0.784,
      "corr_structured": 0.9,
      "cat1": "ETF",
      "cat2": "ETF",
      "exp1": "south_korea",
      "exp2": "emerging_markets",
      "fam1": "em_equity",
      "fam2": "em_equity"
    },
    {
      "t1": "SOXX",
      "t2": "XCEM",
      "corr_hybrid": 0.7621,
      "corr_structured": 0.2,
      "cat1": "ETF",
      "cat2": "ETF",
      "exp1": "semiconductor",
      "exp2": "emerging_markets",
      "fam1": "sector_tech",
      "fam2": "em_equity"
    },
    {
      "t1": "FLKR",
      "t2": "SOXX",
      "corr_hybrid": 0.759,
      "corr_structured": 0.2,
      "cat1": "ETF",
      "cat2": "ETF",
      "exp1": "south_korea",
      "exp2": "semiconductor",
      "fam1": "em_equity",
      "fam2": "sector_tech"
    },
    {
      "t1": "FNDF",
      "t2": "XCEM",
      "corr_hybrid": 0.7382,
      "corr_structured": 0.62,
      "cat1": "ETF",
      "cat2": "ETF",
      "exp1": "international",
      "exp2": "emerging_markets",
      "fam1": "intl_equity",
      "fam2": "em_equity"
    },
    {
      "t1": "SOXX",
      "t2": "XLK",
      "corr_hybrid": 0.7298,
      "corr_structured": 0.9,
      "cat1": "ETF",
      "cat2": "ETF",
      "exp1": "semiconductor",
      "exp2": "tech",
      "fam1": "sector_tech",
      "fam2": "sector_tech"
    },
    {
      "t1": "CDE",
      "t2": "GLD",
      "corr_hybrid": 0.7245,
      "corr_structured": null,
      "cat1": "Act",
      "cat2": "ETF",
      "exp1": null,
      "exp2": "gold_physical",
      "fam1": null,
      "fam2": "gold"
    },
    {
      "t1": "PICK",
      "t2": "XCEM",
      "corr_hybrid": 0.7166,
      "corr_structured": 0.2,
      "cat1": "ETF",
      "cat2": "ETF",
      "exp1": "metals_mining",
      "exp2": "emerging_markets",
      "fam1": null,
      "fam2": "em_equity"
    },
    {
      "t1": "XCEM",
      "t2": "XLK",
      "corr_hybrid": 0.6996,
      "corr_structured": 0.2,
      "cat1": "ETF",
      "cat2": "ETF",
      "exp1": "emerging_markets",
      "exp2": "tech",
      "fam1": "em_equity",
      "fam2": "sector_tech"
    },
    {
      "t1": "FLKR",
      "t2": "XLK",
      "corr_hybrid": 0.6938,
      "corr_structured": 0.2,
      "cat1": "ETF",
      "cat2": "ETF",
      "exp1": "south_korea",
      "exp2": "tech",
      "fam1": "em_equity",
      "fam2": "sector_tech"
    },
    {
      "t1": "FLKR",
      "t2": "FNDF",
      "corr_hybrid": 0.6915,
      "corr_structured": 0.62,
      "cat1": "ETF",
      "cat2": "ETF",
      "exp1": "south_korea",
      "exp2": "international",
      "fam1": "em_equity",
      "fam2": "intl_equity"
    },
    {
      "t1": "FNDF",
      "t2": "PICK",
      "corr_hybrid": 0.6695,
      "corr_structured": 0.2,
      "cat1": "ETF",
      "cat2": "ETF",
      "exp1": "international",
      "exp2": "metals_mining",
      "fam1": "intl_equity",
      "fam2": null
    },
    {
      "t1": "FLKR",
      "t2": "PICK",
      "corr_hybrid": 0.6669,
      "corr_structured": 0.2,
      "cat1": "ETF",
      "cat2": "ETF",
      "exp1": "south_korea",
      "exp2": "metals_mining",
      "fam1": "em_equity",
      "fam2": null
    },
    {
      "t1": "FNDF",
      "t2": "SOXX",
      "corr_hybrid": 0.6533,
      "corr_structured": 0.2,
      "cat1": "ETF",
      "cat2": "ETF",
      "exp1": "international",
      "exp2": "semiconductor",
      "fam1": "intl_equity",
      "fam2": "sector_tech"
    },
    {
      "t1": "CDE",
      "t2": "PICK",
      "corr_hybrid": 0.6497,
      "corr_structured": null,
      "cat1": "Act",
      "cat2": "ETF",
      "exp1": null,
      "exp2": "metals_mining",
      "fam1": null,
      "fam2": null
    },
    {
      "t1": "PICK",
      "t2": "SOXX",
      "corr_hybrid": 0.6449,
      "corr_structured": 0.2,
      "cat1": "ETF",
      "cat2": "ETF",
      "exp1": "metals_mining",
      "exp2": "semiconductor",
      "fam1": null,
      "fam2": "sector_tech"
    },
    {
      "t1": "ICLN",
      "t2": "SOXX",
      "corr_hybrid": 0.6411,
      "corr_structured": 0.2,
      "cat1": "ETF",
      "cat2": "ETF",
      "exp1": "clean_energy",
      "exp2": "semiconductor",
      "fam1": null,
      "fam2": "sector_tech"
    },
    {
      "t1": "ICLN",
      "t2": "XCEM",
      "corr_hybrid": 0.6387,
      "corr_structured": 0.2,
      "cat1": "ETF",
      "cat2": "ETF",
      "exp1": "clean_energy",
      "exp2": "emerging_markets",
      "fam1": null,
      "fam2": "em_equity"
    },
    {
      "t1": "FNDX",
      "t2": "XCEM",
      "corr_hybrid": 0.6221,
      "corr_structured": 0.2,
      "cat1": "ETF",
      "cat2": "ETF",
      "exp1": "value",
      "exp2": "emerging_markets",
      "fam1": "factor_value",
      "fam2": "em_equity"
    },
    {
      "t1": "FIX",
      "t2": "SOXX",
      "corr_hybrid": 0.6205,
      "corr_structured": null,
      "cat1": "Act",
      "cat2": "ETF",
      "exp1": null,
      "exp2": "semiconductor",
      "fam1": null,
      "fam2": "sector_tech"
    },
    {
      "t1": "FLKR",
      "t2": "ICLN",
      "corr_hybrid": 0.6173,
      "corr_structured": 0.2,
      "cat1": "ETF",
      "cat2": "ETF",
      "exp1": "south_korea",
      "exp2": "clean_energy",
      "fam1": "em_equity",
      "fam2": null
    },
    {
      "t1": "FSLR",
      "t2": "ICLN",
      "corr_hybrid": 0.6116,
      "corr_structured": null,
      "cat1": "Act",
      "cat2": "ETF",
      "exp1": null,
      "exp2": "clean_energy",
      "fam1": null,
      "fam2": null
    },
    {
      "t1": "FNDF",
      "t2": "FNDX",
      "corr_hybrid": 0.6059,
      "corr_structured": 0.2,
      "cat1": "ETF",
      "cat2": "ETF",
      "exp1": "international",
      "exp2": "value",
      "fam1": "intl_equity",
      "fam2": "factor_value"
    },
    {
      "t1": "FNDF",
      "t2": "XLK",
      "corr_hybrid": 0.5985,
      "corr_structured": 0.2,
      "cat1": "ETF",
      "cat2": "ETF",
      "exp1": "international",
      "exp2": "tech",
      "fam1": "intl_equity",
      "fam2": "sector_tech"
    },
    {
      "t1": "PICK",
      "t2": "XLK",
      "corr_hybrid": 0.5919,
      "corr_structured": 0.2,
      "cat1": "ETF",
      "cat2": "ETF",
      "exp1": "metals_mining",
      "exp2": "tech",
      "fam1": null,
      "fam2": "sector_tech"
    },
    {
      "t1": "FIX",
      "t2": "XLK",
      "corr_hybrid": 0.5882,
      "corr_structured": null,
      "cat1": "Act",
      "cat2": "ETF",
      "exp1": null,
      "exp2": "tech",
      "fam1": null,
      "fam2": "sector_tech"
    },
    {
      "t1": "ICLN",
      "t2": "XLK",
      "corr_hybrid": 0.5848,
      "corr_structured": 0.2,
      "cat1": "ETF",
      "cat2": "ETF",
      "exp1": "clean_energy",
      "exp2": "tech",
      "fam1": null,
      "fam2": "sector_tech"
    },
    {
      "t1": "ICLN",
      "t2": "PICK",
      "corr_hybrid": 0.5735,
      "corr_structured": 0.2,
      "cat1": "ETF",
      "cat2": "ETF",
      "exp1": "clean_energy",
      "exp2": "metals_mining",
      "fam1": null,
      "fam2": null
    },
    {
      "t1": "FLKR",
      "t2": "FNDX",
      "corr_hybrid": 0.5731,
      "corr_structured": 0.2,
      "cat1": "ETF",
      "cat2": "ETF",
      "exp1": "south_korea",
      "exp2": "value",
      "fam1": "em_equity",
      "fam2": "factor_value"
    },
    {
      "t1": "000660",
      "t2": "2059",
      "corr_hybrid": 0.5727,
      "corr_structured": null,
      "cat1": "Act",
      "cat2": "Act",
      "exp1": null,
      "exp2": null,
      "fam1": null,
      "fam2": null
    },
    {
      "t1": "000660",
      "t2": "SUNPHARMA",
      "corr_hybrid": 0.5727,
      "corr_structured": null,
      "cat1": "Act",
      "cat2": "Act",
      "exp1": null,
      "exp2": null,
      "fam1": null,
      "fam2": null
    }
  ],
  "all_pairs_bottom_10": [
    {
      "t1": "ICLN",
      "t2": "KO",
      "corr_hybrid": -0.0117,
      "corr_structured": null,
      "cat1": "ETF",
      "cat2": "Act",
      "exp1": "clean_energy",
      "exp2": null,
      "fam1": null,
      "fam2": null
    },
    {
      "t1": "GLD",
      "t2": "ITX",
      "corr_hybrid": 0.0114,
      "corr_structured": null,
      "cat1": "ETF",
      "cat2": "Act",
      "exp1": "gold_physical",
      "exp2": null,
      "fam1": "gold",
      "fam2": null
    },
    {
      "t1": "PLTR",
      "t2": "XLV",
      "corr_hybrid": -0.0092,
      "corr_structured": null,
      "cat1": "Act",
      "cat2": "ETF",
      "exp1": null,
      "exp2": "healthcare",
      "fam1": null,
      "fam2": "sector_healthcare"
    },
    {
      "t1": "FIX",
      "t2": "NOVN",
      "corr_hybrid": -0.0061,
      "corr_structured": null,
      "cat1": "Act",
      "cat2": "Act",
      "exp1": null,
      "exp2": null,
      "fam1": null,
      "fam2": null
    },
    {
      "t1": "KO",
      "t2": "PICK",
      "corr_hybrid": 0.0041,
      "corr_structured": null,
      "cat1": "Act",
      "cat2": "ETF",
      "exp1": null,
      "exp2": "metals_mining",
      "fam1": null,
      "fam2": null
    },
    {
      "t1": "BZU",
      "t2": "FIX",
      "corr_hybrid": 0.0034,
      "corr_structured": null,
      "cat1": "Act",
      "cat2": "Act",
      "exp1": null,
      "exp2": null,
      "fam1": null,
      "fam2": null
    },
    {
      "t1": "NVDA",
      "t2": "SPLV",
      "corr_hybrid": 0.0018,
      "corr_structured": null,
      "cat1": "Act",
      "cat2": "ETF",
      "exp1": null,
      "exp2": "sp500",
      "fam1": null,
      "fam2": "us_equity_large"
    },
    {
      "t1": "FLKR",
      "t2": "SCHN",
      "corr_hybrid": 0.0011,
      "corr_structured": null,
      "cat1": "ETF",
      "cat2": "Act",
      "exp1": "south_korea",
      "exp2": null,
      "fam1": "em_equity",
      "fam2": null
    },
    {
      "t1": "NOVN",
      "t2": "PICK",
      "corr_hybrid": 0.0008,
      "corr_structured": null,
      "cat1": "Act",
      "cat2": "ETF",
      "exp1": null,
      "exp2": "metals_mining",
      "fam1": null,
      "fam2": null
    },
    {
      "t1": "ICLN",
      "t2": "NOVN",
      "corr_hybrid": -0.0003,
      "corr_structured": null,
      "cat1": "ETF",
      "cat2": "Act",
      "exp1": "clean_energy",
      "exp2": null,
      "fam1": null,
      "fam2": null
    }
  ],
  "correlation_matrix": {
    "tickers": [
      "000660",
      "2059",
      "ACWV",
      "BSV",
      "BZU",
      "CDE",
      "CLTL",
      "DIVB",
      "FIX",
      "FLKR",
      "FLTR",
      "FNDF",
      "FNDX",
      "FSLR",
      "GD",
      "GLD",
      "ICLN",
      "IG",
      "INCY",
      "ITX",
      "KO",
      "LI",
      "NOVN",
      "NVDA",
      "PAAA",
      "PEG",
      "PICK",
      "PLTR",
      "SCHD",
      "SCHN",
      "SOXX",
      "SPLV",
      "SPYV",
      "STIP",
      "SUNPHARMA",
      "TDTT",
      "VGSH",
      "VICI",
      "XBI",
      "XCEM",
      "XLK",
      "XLM/USD",
      "XLV"
    ],
    "matrix": [
      [
        1.0,
        0.5727,
        0.3469,
        0.0752,
        0.2678,
        0.1396,
        0.0752,
        0.3129,
        0.1885,
        0.0825,
        0.0752,
        0.2408,
        0.3178,
        0.1778,
        0.4137,
        0.0875,
        0.1776,
        0.5646,
        0.2978,
        0.327,
        0.3726,
        0.2425,
        0.3197,
        0.215,
        0.0752,
        0.3786,
        0.1616,
        0.2002,
        0.292,
        0.322,
        0.1153,
        0.3187,
        0.3283,
        0.0752,
        0.5727,
        0.0752,
        0.0752,
        0.4312,
        0.1905,
        0.1728,
        0.1802,
        0.5727,
        0.2795
      ],
      [
        0.5727,
        1.0,
        0.3469,
        0.0752,
        0.2678,
        0.1396,
        0.0752,
        0.3129,
        0.1885,
        0.0825,
        0.0752,
        0.2408,
        0.3178,
        0.1778,
        0.4137,
        0.0875,
        0.1776,
        0.5646,
        0.2978,
        0.327,
        0.3726,
        0.2425,
        0.3197,
        0.215,
        0.0752,
        0.3786,
        0.1616,
        0.2002,
        0.292,
        0.322,
        0.1153,
        0.3187,
        0.3283,
        0.0752,
        0.5727,
        0.0752,
        0.0752,
        0.4312,
        0.1905,
        0.1728,
        0.1802,
        0.5727,
        0.2795
      ],
      [
        0.3469,
        0.3469,
        1.0,
        0.1038,
        0.2422,
        0.2088,
        0.1038,
        0.4255,
        0.0736,
        0.3629,
        0.1038,
        0.469,
        0.4507,
        0.1293,
        0.2792,
        0.1882,
        0.2943,
        0.3665,
        0.3799,
        0.1382,
        0.2667,
        0.1919,
        0.1553,
        0.1771,
        0.1038,
        0.2479,
        0.3905,
        0.0463,
        0.3884,
        0.1658,
        0.31,
        0.3584,
        0.4451,
        0.1038,
        0.3469,
        0.1038,
        0.1038,
        0.3385,
        0.3517,
        0.4291,
        0.2978,
        0.3469,
        0.3941
      ],
      [
        0.0752,
        0.0752,
        0.1038,
        1.0,
        0.0581,
        0.0223,
        0.0261,
        0.1031,
        0.0179,
        0.0954,
        0.0261,
        0.1139,
        0.1109,
        0.0265,
        0.0623,
        0.0252,
        0.0695,
        0.0806,
        0.0972,
        0.0224,
        0.0584,
        0.0371,
        0.0292,
        0.0483,
        0.0261,
        0.0496,
        0.0866,
        0.0164,
        0.0936,
        0.0321,
        0.0811,
        0.0818,
        0.1091,
        0.0261,
        0.0752,
        0.0261,
        0.0261,
        0.0724,
        0.0872,
        0.1072,
        0.0791,
        0.0752,
        0.0966
      ],
      [
        0.2678,
        0.2678,
        0.2422,
        0.0581,
        1.0,
        0.0586,
        0.0581,
        0.2159,
        0.0034,
        0.1138,
        0.0581,
        0.2029,
        0.2228,
        -0.0475,
        0.2129,
        0.052,
        0.0574,
        0.2735,
        0.2309,
        0.1443,
        0.1892,
        0.0714,
        0.1392,
        0.1159,
        0.0581,
        0.17,
        0.1382,
        0.1196,
        0.2066,
        0.1323,
        0.0939,
        0.2107,
        0.2286,
        0.0581,
        0.2678,
        0.0581,
        0.0581,
        0.2324,
        0.1714,
        0.158,
        0.1348,
        0.2678,
        0.2081
      ],
      [
        0.1396,
        0.1396,
        0.2088,
        0.0223,
        0.0586,
        1.0,
        0.0223,
        0.239,
        0.2774,
        0.3574,
        0.0223,
        0.4188,
        0.2874,
        0.1858,
        0.1555,
        0.7245,
        0.4185,
        0.1185,
        0.0633,
        0.0378,
        -0.0655,
        0.3203,
        0.0596,
        0.216,
        0.0223,
        0.1966,
        0.6497,
        0.2593,
        0.116,
        0.1315,
        0.3815,
        0.082,
        0.2566,
        0.0223,
        0.1396,
        0.0223,
        0.0223,
        0.1152,
        0.3321,
        0.4369,
        0.3743,
        0.1396,
        0.1123
      ],
      [
        0.0752,
        0.0752,
        0.1038,
        0.0261,
        0.0581,
        0.0223,
        1.0,
        0.1031,
        0.0179,
        0.0954,
        0.0261,
        0.1139,
        0.1109,
        0.0265,
        0.0623,
        0.0252,
        0.0695,
        0.0806,
        0.0972,
        0.0224,
        0.0584,
        0.0371,
        0.0292,
        0.0483,
        0.0261,
        0.0496,
        0.0866,
        0.0164,
        0.0936,
        0.0321,
        0.0811,
        0.0818,
        0.1091,
        0.0261,
        0.0752,
        0.0261,
        0.0261,
        0.0724,
        0.0872,
        0.1072,
        0.0791,
        0.0752,
        0.0966
      ],
      [
        0.3129,
        0.3129,
        0.4255,
        0.1031,
        0.2159,
        0.239,
        0.1031,
        1.0,
        0.1986,
        0.4638,
        0.1031,
        0.5227,
        0.4902,
        0.2073,
        0.2606,
        0.2045,
        0.3959,
        0.3282,
        0.3786,
        0.0798,
        0.201,
        0.2286,
        0.1121,
        0.259,
        0.1031,
        0.2258,
        0.4535,
        0.1082,
        0.3735,
        0.1455,
        0.4264,
        0.308,
        0.4727,
        0.1031,
        0.3129,
        0.1031,
        0.1031,
        0.2784,
        0.3958,
        0.5169,
        0.4065,
        0.3129,
        0.3858
      ],
      [
        0.1885,
        0.1885,
        0.0736,
        0.0179,
        0.0034,
        0.2774,
        0.0179,
        0.1986,
        1.0,
        0.4755,
        0.0179,
        0.355,
        0.3107,
        0.3064,
        0.1208,
        0.1418,
        0.5177,
        0.1583,
        0.0841,
        0.087,
        -0.082,
        0.3869,
        -0.0061,
        0.5675,
        0.0179,
        0.1863,
        0.371,
        0.2779,
        0.0211,
        0.094,
        0.6205,
        -0.1,
        0.2519,
        0.0179,
        0.1885,
        0.0179,
        0.0179,
        -0.0457,
        0.246,
        0.475,
        0.5882,
        0.1885,
        0.0445
      ],
      [
        0.0825,
        0.0825,
        0.3629,
        0.0954,
        0.1138,
        0.3574,
        0.0954,
        0.4638,
        0.4755,
        1.0,
        0.0954,
        0.6915,
        0.5731,
        0.2549,
        0.1154,
        0.2881,
        0.6173,
        0.0944,
        0.3489,
        -0.1235,
        -0.055,
        0.2726,
        -0.0878,
        0.4464,
        0.0954,
        0.0932,
        0.6669,
        0.1987,
        0.3047,
        0.0011,
        0.759,
        0.1385,
        0.5182,
        0.0954,
        0.0825,
        0.0954,
        0.0954,
        0.0379,
        0.5268,
        0.784,
        0.6938,
        0.0825,
        0.3423
      ],
      [
        0.0752,
        0.0752,
        0.1038,
        0.0261,
        0.0581,
        0.0223,
        0.0261,
        0.1031,
        0.0179,
        0.0954,
        1.0,
        0.1139,
        0.1109,
        0.0265,
        0.0623,
        0.0252,
        0.0695,
        0.0806,
        0.0972,
        0.0224,
        0.0584,
        0.0371,
        0.0292,
        0.0483,
        0.0261,
        0.0496,
        0.0866,
        0.0164,
        0.0936,
        0.0321,
        0.0811,
        0.0818,
        0.1091,
        0.0261,
        0.0752,
        0.0261,
        0.0261,
        0.0724,
        0.0872,
        0.1072,
        0.0791,
        0.0752,
        0.0966
      ],
      [
        0.2408,
        0.2408,
        0.469,
        0.1139,
        0.2029,
        0.4188,
        0.1139,
        0.5227,
        0.355,
        0.6915,
        0.1139,
        1.0,
        0.6059,
        0.192,
        0.2222,
        0.3419,
        0.5457,
        0.2584,
        0.4138,
        0.0273,
        0.1086,
        0.296,
        0.0329,
        0.3788,
        0.1139,
        0.2118,
        0.6695,
        0.1298,
        0.3984,
        0.0937,
        0.6533,
        0.2855,
        0.5664,
        0.1139,
        0.2408,
        0.1139,
        0.1139,
        0.215,
        0.5285,
        0.7382,
        0.5985,
        0.2408,
        0.4242
      ],
      [
        0.3178,
        0.3178,
        0.4507,
        0.1109,
        0.2228,
        0.2874,
        0.1109,
        0.4902,
        0.3107,
        0.5731,
        0.1109,
        0.6059,
        1.0,
        0.233,
        0.2724,
        0.2361,
        0.4823,
        0.3305,
        0.4118,
        0.0591,
        0.1674,
        0.2695,
        0.0915,
        0.353,
        0.1109,
        0.2327,
        0.5377,
        0.1778,
        0.3886,
        0.1426,
        0.5461,
        0.2941,
        0.5304,
        0.1109,
        0.3178,
        0.1109,
        0.1109,
        0.2581,
        0.4638,
        0.6221,
        0.5254,
        0.3178,
        0.4079
      ],
      [
        0.1778,
        0.1778,
        0.1293,
        0.0265,
        -0.0475,
        0.1858,
        0.0265,
        0.2073,
        0.3064,
        0.2549,
        0.0265,
        0.192,
        0.233,
        1.0,
        0.1405,
        0.1351,
        0.6116,
        0.1623,
        0.0604,
        -0.1929,
        0.0389,
        0.2863,
        0.0643,
        0.1128,
        0.0265,
        0.089,
        0.2291,
        0.1401,
        0.14,
        0.1519,
        0.2915,
        0.0486,
        0.2165,
        0.0265,
        0.1778,
        0.0265,
        0.0265,
        0.0734,
        0.1407,
        0.2684,
        0.2509,
        0.1778,
        0.1266
      ],
      [
        0.4137,
        0.4137,
        0.2792,
        0.0623,
        0.2129,
        0.1555,
        0.0623,
        0.2606,
        0.1208,
        0.1154,
        0.0623,
        0.2222,
        0.2724,
        0.1405,
        1.0,
        0.1067,
        0.1665,
        0.4056,
        0.2506,
        0.1847,
        0.2381,
        0.1677,
        0.2221,
        0.1909,
        0.0623,
        0.2596,
        0.1748,
        0.2558,
        0.2303,
        0.2346,
        0.1302,
        0.2311,
        0.2782,
        0.0623,
        0.4137,
        0.0623,
        0.0623,
        0.3059,
        0.1973,
        0.1798,
        0.1999,
        0.4137,
        0.2246
      ],
      [
        0.0875,
        0.0875,
        0.1882,
        0.0252,
        0.052,
        0.7245,
        0.0252,
        0.2045,
        0.1418,
        0.2881,
        0.0252,
        0.3419,
        0.2361,
        0.1351,
        0.1067,
        1.0,
        0.3138,
        0.079,
        0.0728,
        0.0114,
        -0.0327,
        0.2228,
        0.036,
        0.1241,
        0.0252,
        0.1358,
        0.5047,
        0.1399,
        0.1224,
        0.0839,
        0.2834,
        0.0974,
        0.2148,
        0.0252,
        0.0875,
        0.0252,
        0.0252,
        0.1011,
        0.2658,
        0.3484,
        0.2649,
        0.0875,
        0.1201
      ],
      [
        0.1776,
        0.1776,
        0.2943,
        0.0695,
        0.0574,
        0.4185,
        0.0695,
        0.3959,
        0.5177,
        0.6173,
        0.0695,
        0.5457,
        0.4823,
        0.6116,
        0.1665,
        0.3138,
        1.0,
        0.1719,
        0.2384,
        -0.1175,
        -0.0117,
        0.3558,
        -0.0003,
        0.3759,
        0.0695,
        0.1463,
        0.5735,
        0.2221,
        0.2498,
        0.1024,
        0.6411,
        0.108,
        0.4366,
        0.0695,
        0.1776,
        0.0695,
        0.0695,
        0.0784,
        0.4105,
        0.6387,
        0.5848,
        0.1776,
        0.2655
      ],
      [
        0.5646,
        0.5646,
        0.3665,
        0.0806,
        0.2735,
        0.1185,
        0.0806,
        0.3282,
        0.1583,
        0.0944,
        0.0806,
        0.2584,
        0.3305,
        0.1623,
        0.4056,
        0.079,
        0.1719,
        1.0,
        0.3142,
        0.3297,
        0.3895,
        0.2345,
        0.3151,
        0.1944,
        0.0806,
        0.3764,
        0.1675,
        0.1485,
        0.3145,
        0.3118,
        0.1148,
        0.3433,
        0.3417,
        0.0806,
        0.5646,
        0.0806,
        0.0806,
        0.4425,
        0.1969,
        0.1851,
        0.1675,
        0.5646,
        0.3026
      ],
      [
        0.2978,
        0.2978,
        0.3799,
        0.0972,
        0.2309,
        0.0633,
        0.0972,
        0.3786,
        0.0841,
        0.3489,
        0.0972,
        0.4138,
        0.4118,
        0.0604,
        0.2506,
        0.0728,
        0.2384,
        0.3142,
        1.0,
        0.0886,
        0.2088,
        0.127,
        0.1153,
        0.2162,
        0.0972,
        0.1865,
        0.3055,
        0.1351,
        0.3373,
        0.1277,
        0.3037,
        0.2897,
        0.4055,
        0.0972,
        0.2978,
        0.0972,
        0.0972,
        0.2653,
        0.3298,
        0.3905,
        0.3188,
        0.2978,
        0.3503
      ],
      [
        0.327,
        0.327,
        0.1382,
        0.0224,
        0.1443,
        0.0378,
        0.0224,
        0.0798,
        0.087,
        -0.1235,
        0.0224,
        0.0273,
        0.0591,
        -0.1929,
        0.1847,
        0.0114,
        -0.1175,
        0.3297,
        0.0886,
        1.0,
        0.2946,
        0.1256,
        0.2156,
        0.0325,
        0.0224,
        0.2739,
        -0.024,
        -0.1601,
        0.1105,
        0.1717,
        -0.0906,
        0.1995,
        0.0718,
        0.0224,
        0.327,
        0.0224,
        0.0224,
        0.2839,
        -0.0277,
        -0.0561,
        -0.094,
        0.327,
        0.0971
      ],
      [
        0.3726,
        0.3726,
        0.2667,
        0.0584,
        0.1892,
        -0.0655,
        0.0584,
        0.201,
        -0.082,
        -0.055,
        0.0584,
        0.1086,
        0.1674,
        0.0389,
        0.2381,
        -0.0327,
        -0.0117,
        0.3895,
        0.2088,
        0.2946,
        1.0,
        0.1037,
        0.2385,
        -0.0427,
        0.0584,
        0.2609,
        0.0041,
        -0.1805,
        0.255,
        0.1948,
        -0.0798,
        0.3237,
        0.1897,
        0.0584,
        0.3726,
        0.0584,
        0.0584,
        0.3691,
        0.0446,
        0.015,
        -0.0891,
        0.3726,
        0.2388
      ],
      [
        0.2425,
        0.2425,
        0.1919,
        0.0371,
        0.0714,
        0.3203,
        0.0371,
        0.2286,
        0.3869,
        0.2726,
        0.0371,
        0.296,
        0.2695,
        0.2863,
        0.1677,
        0.2228,
        0.3558,
        0.2345,
        0.127,
        0.1256,
        0.1037,
        1.0,
        0.0981,
        0.2348,
        0.0371,
        0.2152,
        0.3189,
        0.0581,
        0.1519,
        0.1426,
        0.3201,
        0.116,
        0.2467,
        0.0371,
        0.2425,
        0.0371,
        0.0371,
        0.1534,
        0.1959,
        0.3176,
        0.2832,
        0.2425,
        0.152
      ],
      [
        0.3197,
        0.3197,
        0.1553,
        0.0292,
        0.1392,
        0.0596,
        0.0292,
        0.1121,
        -0.0061,
        -0.0878,
        0.0292,
        0.0329,
        0.0915,
        0.0643,
        0.2221,
        0.036,
        -0.0003,
        0.3151,
        0.1153,
        0.2156,
        0.2385,
        0.0981,
        1.0,
        0.0214,
        0.0292,
        0.2111,
        0.0008,
        0.053,
        0.1324,
        0.1904,
        -0.074,
        0.1829,
        0.1085,
        0.0292,
        0.3197,
        0.0292,
        0.0292,
        0.2619,
        0.0255,
        -0.0299,
        -0.0318,
        0.3197,
        0.1165
      ],
      [
        0.215,
        0.215,
        0.1771,
        0.0483,
        0.1159,
        0.216,
        0.0483,
        0.259,
        0.5675,
        0.4464,
        0.0483,
        0.3788,
        0.353,
        0.1128,
        0.1909,
        0.1241,
        0.3759,
        0.1944,
        0.2162,
        0.0325,
        -0.0427,
        0.2348,
        0.0214,
        1.0,
        0.0483,
        0.1479,
        0.3559,
        0.4368,
        0.114,
        0.0978,
        0.5196,
        0.0018,
        0.3137,
        0.0483,
        0.215,
        0.0483,
        0.0483,
        0.031,
        0.3233,
        0.4526,
        0.5636,
        0.215,
        0.1403
      ],
      [
        0.0752,
        0.0752,
        0.1038,
        0.0261,
        0.0581,
        0.0223,
        0.0261,
        0.1031,
        0.0179,
        0.0954,
        0.0261,
        0.1139,
        0.1109,
        0.0265,
        0.0623,
        0.0252,
        0.0695,
        0.0806,
        0.0972,
        0.0224,
        0.0584,
        0.0371,
        0.0292,
        0.0483,
        1.0,
        0.0496,
        0.0866,
        0.0164,
        0.0936,
        0.0321,
        0.0811,
        0.0818,
        0.1091,
        0.0261,
        0.0752,
        0.0261,
        0.0261,
        0.0724,
        0.0872,
        0.1072,
        0.0791,
        0.0752,
        0.0966
      ],
      [
        0.3786,
        0.3786,
        0.2479,
        0.0496,
        0.17,
        0.1966,
        0.0496,
        0.2258,
        0.1863,
        0.0932,
        0.0496,
        0.2118,
        0.2327,
        0.089,
        0.2596,
        0.1358,
        0.1463,
        0.3764,
        0.1865,
        0.2739,
        0.2609,
        0.2152,
        0.2111,
        0.1479,
        0.0496,
        1.0,
        0.1806,
        0.0303,
        0.2048,
        0.2113,
        0.1196,
        0.2313,
        0.2336,
        0.0496,
        0.3786,
        0.0496,
        0.0496,
        0.3016,
        0.1398,
        0.1642,
        0.1267,
        0.3786,
        0.1961
      ],
      [
        0.1616,
        0.1616,
        0.3905,
        0.0866,
        0.1382,
        0.6497,
        0.0866,
        0.4535,
        0.371,
        0.6669,
        0.0866,
        0.6695,
        0.5377,
        0.2291,
        0.1748,
        0.5047,
        0.5735,
        0.1675,
        0.3055,
        -0.024,
        0.0041,
        0.3189,
        0.0008,
        0.3559,
        0.0866,
        0.1806,
        1.0,
        0.1843,
        0.3111,
        0.0783,
        0.6449,
        0.2004,
        0.4933,
        0.0866,
        0.1616,
        0.0866,
        0.0866,
        0.143,
        0.5083,
        0.7166,
        0.5919,
        0.1616,
        0.332
      ],
      [
        0.2002,
        0.2002,
        0.0463,
        0.0164,
        0.1196,
        0.2593,
        0.0164,
        0.1082,
        0.2779,
        0.1987,
        0.0164,
        0.1298,
        0.1778,
        0.1401,
        0.2558,
        0.1399,
        0.2221,
        0.1485,
        0.1351,
        -0.1601,
        -0.1805,
        0.0581,
        0.053,
        0.4368,
        0.0164,
        0.0303,
        0.1843,
        1.0,
        -0.0247,
        0.1428,
        0.2728,
        -0.1321,
        0.1639,
        0.0164,
        0.2002,
        0.0164,
        0.0164,
        -0.0378,
        0.2578,
        0.1949,
        0.4922,
        0.2002,
        -0.0092
      ],
      [
        0.292,
        0.292,
        0.3884,
        0.0936,
        0.2066,
