{
  "_meta": {
    "generated": "2026-06-25T10:40:12",
    "portfolio_generated": "2026-06-25T10:37:32.263230",
    "n_assets": 16,
    "n_with_returns": 11,
    "covariance_method": "hybrid_shrunk",
    "condition_number": 80.72,
    "pca_factors": 3
  },
  "profiles": {
    "Agressif": {
      "n_assets": 9,
      "weighted_avg_correlation": 0.2004,
      "most_correlated": [
        {
          "t1": "EXPD",
          "t2": "NTAP",
          "corr": 0.5067,
          "w1": 5.0,
          "w2": 5.0,
          "combined_weight": 10.0
        },
        {
          "t1": "VWCE.DE",
          "t2": "SGLN.AS",
          "corr": 0.4283,
          "w1": 50.0,
          "w2": 5.0,
          "combined_weight": 55.0
        },
        {
          "t1": "IEMG",
          "t2": "NTAP",
          "corr": 0.3674,
          "w1": 15.0,
          "w2": 5.0,
          "combined_weight": 20.0
        },
        {
          "t1": "VWCE.DE",
          "t2": "CBOE",
          "corr": 0.3133,
          "w1": 50.0,
          "w2": 5.0,
          "combined_weight": 55.0
        },
        {
          "t1": "CBOE",
          "t2": "SGLN.AS",
          "corr": 0.3133,
          "w1": 5.0,
          "w2": 5.0,
          "combined_weight": 10.0
        },
        {
          "t1": "VWCE.DE",
          "t2": "EXPD",
          "corr": 0.2382,
          "w1": 50.0,
          "w2": 5.0,
          "combined_weight": 55.0
        },
        {
          "t1": "EXPD",
          "t2": "SGLN.AS",
          "corr": 0.2382,
          "w1": 5.0,
          "w2": 5.0,
          "combined_weight": 10.0
        },
        {
          "t1": "IEMG",
          "t2": "EXPD",
          "corr": 0.2375,
          "w1": 15.0,
          "w2": 5.0,
          "combined_weight": 20.0
        },
        {
          "t1": "VWCE.DE",
          "t2": "IEMG",
          "corr": 0.2157,
          "w1": 50.0,
          "w2": 15.0,
          "combined_weight": 65.0
        },
        {
          "t1": "IEMG",
          "t2": "SGLN.AS",
          "corr": 0.2157,
          "w1": 15.0,
          "w2": 5.0,
          "combined_weight": 20.0
        }
      ],
      "least_correlated": [
        {
          "t1": "ITX",
          "t2": "IBGS.AS",
          "corr": 0.0405,
          "w1": 5.0,
          "w2": 5.0,
          "combined_weight": 10.0
        },
        {
          "t1": "LOGN",
          "t2": "IBGS.AS",
          "corr": 0.0387,
          "w1": 5.0,
          "w2": 5.0,
          "combined_weight": 10.0
        },
        {
          "t1": "ITX",
          "t2": "CBOE",
          "corr": -0.025,
          "w1": 5.0,
          "w2": 5.0,
          "combined_weight": 10.0
        },
        {
          "t1": "CBOE",
          "t2": "NTAP",
          "corr": -0.1223,
          "w1": 5.0,
          "w2": 5.0,
          "combined_weight": 10.0
        },
        {
          "t1": "EXPD",
          "t2": "ITX",
          "corr": -0.1773,
          "w1": 5.0,
          "w2": 5.0,
          "combined_weight": 10.0
        }
      ],
      "high_corr_high_weight": []
    },
    "Mod\u00e9r\u00e9": {
      "n_assets": 9,
      "weighted_avg_correlation": 0.1395,
      "most_correlated": [
        {
          "t1": "VWCE.DE",
          "t2": "SGLN.AS",
          "corr": 0.4283,
          "w1": 50.0,
          "w2": 5.0,
          "combined_weight": 55.0
        },
        {
          "t1": "VWCE.DE",
          "t2": "EXPD",
          "corr": 0.2382,
          "w1": 50.0,
          "w2": 5.0,
          "combined_weight": 55.0
        },
        {
          "t1": "EXPD",
          "t2": "SGLN.AS",
          "corr": 0.2382,
          "w1": 5.0,
          "w2": 5.0,
          "combined_weight": 10.0
        },
        {
          "t1": "VWCE.DE",
          "t2": "NOVN",
          "corr": 0.231,
          "w1": 50.0,
          "w2": 5.0,
          "combined_weight": 55.0
        },
        {
          "t1": "NOVN",
          "t2": "SGLN.AS",
          "corr": 0.231,
          "w1": 5.0,
          "w2": 5.0,
          "combined_weight": 10.0
        },
        {
          "t1": "VWCE.DE",
          "t2": "ITX",
          "corr": 0.1796,
          "w1": 50.0,
          "w2": 5.0,
          "combined_weight": 55.0
        },
        {
          "t1": "ITX",
          "t2": "SGLN.AS",
          "corr": 0.1796,
          "w1": 5.0,
          "w2": 5.0,
          "combined_weight": 10.0
        },
        {
          "t1": "VWCE.DE",
          "t2": "LOGN",
          "corr": 0.1761,
          "w1": 50.0,
          "w2": 5.0,
          "combined_weight": 55.0
        },
        {
          "t1": "LOGN",
          "t2": "SGLN.AS",
          "corr": 0.1761,
          "w1": 5.0,
          "w2": 5.0,
          "combined_weight": 10.0
        },
        {
          "t1": "EXPD",
          "t2": "NOVN",
          "corr": 0.1509,
          "w1": 5.0,
          "w2": 5.0,
          "combined_weight": 10.0
        }
      ],
      "least_correlated": [
        {
          "t1": "AGGH.AS",
          "t2": "IBCI.AS",
          "corr": 0.0207,
          "w1": 15.0,
          "w2": 5.0,
          "combined_weight": 20.0
        },
        {
          "t1": "AGGH.AS",
          "t2": "IBGS.AS",
          "corr": 0.0207,
          "w1": 15.0,
          "w2": 5.0,
          "combined_weight": 20.0
        },
        {
          "t1": "IBCI.AS",
          "t2": "IBGS.AS",
          "corr": 0.0207,
          "w1": 5.0,
          "w2": 5.0,
          "combined_weight": 10.0
        },
        {
          "t1": "ITX",
          "t2": "NOVN",
          "corr": -0.0108,
          "w1": 5.0,
          "w2": 5.0,
          "combined_weight": 10.0
        },
        {
          "t1": "EXPD",
          "t2": "ITX",
          "corr": -0.1773,
          "w1": 5.0,
          "w2": 5.0,
          "combined_weight": 10.0
        }
      ],
      "high_corr_high_weight": []
    },
    "Stable": {
      "n_assets": 9,
      "weighted_avg_correlation": 0.098,
      "most_correlated": [
        {
          "t1": "VWCE.DE",
          "t2": "SGLN.AS",
          "corr": 0.4283,
          "w1": 20.0,
          "w2": 10.0,
          "combined_weight": 30.0
        },
        {
          "t1": "VWCE.DE",
          "t2": "PUB",
          "corr": 0.3565,
          "w1": 20.0,
          "w2": 2.5,
          "combined_weight": 22.5
        },
        {
          "t1": "SGLN.AS",
          "t2": "PUB",
          "corr": 0.3565,
          "w1": 10.0,
          "w2": 2.5,
          "combined_weight": 12.5
        },
        {
          "t1": "BVI",
          "t2": "PUB",
          "corr": 0.328,
          "w1": 2.5,
          "w2": 2.5,
          "combined_weight": 5.0
        },
        {
          "t1": "VWCE.DE",
          "t2": "BVI",
          "corr": 0.2961,
          "w1": 20.0,
          "w2": 2.5,
          "combined_weight": 22.5
        },
        {
          "t1": "SGLN.AS",
          "t2": "BVI",
          "corr": 0.2961,
          "w1": 10.0,
          "w2": 2.5,
          "combined_weight": 12.5
        },
        {
          "t1": "VWCE.DE",
          "t2": "HEN",
          "corr": 0.2645,
          "w1": 20.0,
          "w2": 2.5,
          "combined_weight": 22.5
        },
        {
          "t1": "SGLN.AS",
          "t2": "HEN",
          "corr": 0.2645,
          "w1": 10.0,
          "w2": 2.5,
          "combined_weight": 12.5
        },
        {
          "t1": "HEN",
          "t2": "PUB",
          "corr": 0.2489,
          "w1": 2.5,
          "w2": 2.5,
          "combined_weight": 5.0
        },
        {
          "t1": "BVI",
          "t2": "HEN",
          "corr": 0.2184,
          "w1": 2.5,
          "w2": 2.5,
          "combined_weight": 5.0
        }
      ],
      "least_correlated": [
        {
          "t1": "IBCI.AS",
          "t2": "SREN",
          "corr": 0.0353,
          "w1": 20.0,
          "w2": 2.5,
          "combined_weight": 22.5
        },
        {
          "t1": "IBGS.AS",
          "t2": "SREN",
          "corr": 0.0353,
          "w1": 15.0,
          "w2": 2.5,
          "combined_weight": 17.5
        },
        {
          "t1": "AGGH.AS",
          "t2": "IBCI.AS",
          "corr": 0.0207,
          "w1": 25.0,
          "w2": 20.0,
          "combined_weight": 45.0
        },
        {
          "t1": "AGGH.AS",
          "t2": "IBGS.AS",
          "corr": 0.0207,
          "w1": 25.0,
          "w2": 15.0,
          "combined_weight": 40.0
        },
        {
          "t1": "IBCI.AS",
          "t2": "IBGS.AS",
          "corr": 0.0207,
          "w1": 20.0,
          "w2": 15.0,
          "combined_weight": 35.0
        }
      ],
      "high_corr_high_weight": []
    }
  },
  "all_pairs_top_30": [
    {
      "t1": "EXPD",
      "t2": "NTAP",
      "corr_hybrid": 0.5067,
      "corr_structured": null,
      "cat1": "Act",
      "cat2": "Act",
      "exp1": null,
      "exp2": null,
      "fam1": null,
      "fam2": null
    },
    {
      "t1": "SGLN.AS",
      "t2": "VWCE.DE",
      "corr_hybrid": 0.4283,
      "corr_structured": null,
      "cat1": "ETF",
      "cat2": "ETF",
      "exp1": null,
      "exp2": null,
      "fam1": null,
      "fam2": null
    },
    {
      "t1": "IEMG",
      "t2": "NTAP",
      "corr_hybrid": 0.3674,
      "corr_structured": null,
      "cat1": "ETF",
      "cat2": "Act",
      "exp1": "emerging_markets",
      "exp2": null,
      "fam1": "em_equity",
      "fam2": null
    },
    {
      "t1": "PUB",
      "t2": "SGLN.AS",
      "corr_hybrid": 0.3565,
      "corr_structured": null,
      "cat1": "Act",
      "cat2": "ETF",
      "exp1": null,
      "exp2": null,
      "fam1": null,
      "fam2": null
    },
    {
      "t1": "PUB",
      "t2": "VWCE.DE",
      "corr_hybrid": 0.3565,
      "corr_structured": null,
      "cat1": "Act",
      "cat2": "ETF",
      "exp1": null,
      "exp2": null,
      "fam1": null,
      "fam2": null
    },
    {
      "t1": "CBOE",
      "t2": "PUB",
      "corr_hybrid": 0.3516,
      "corr_structured": null,
      "cat1": "Act",
      "cat2": "Act",
      "exp1": null,
      "exp2": null,
      "fam1": null,
      "fam2": null
    },
    {
      "t1": "BVI",
      "t2": "CBOE",
      "corr_hybrid": 0.328,
      "corr_structured": null,
      "cat1": "Act",
      "cat2": "Act",
      "exp1": null,
      "exp2": null,
      "fam1": null,
      "fam2": null
    },
    {
      "t1": "BVI",
      "t2": "PUB",
      "corr_hybrid": 0.328,
      "corr_structured": null,
      "cat1": "Act",
      "cat2": "Act",
      "exp1": null,
      "exp2": null,
      "fam1": null,
      "fam2": null
    },
    {
      "t1": "CBOE",
      "t2": "SGLN.AS",
      "corr_hybrid": 0.3133,
      "corr_structured": null,
      "cat1": "Act",
      "cat2": "ETF",
      "exp1": null,
      "exp2": null,
      "fam1": null,
      "fam2": null
    },
    {
      "t1": "CBOE",
      "t2": "VWCE.DE",
      "corr_hybrid": 0.3133,
      "corr_structured": null,
      "cat1": "Act",
      "cat2": "ETF",
      "exp1": null,
      "exp2": null,
      "fam1": null,
      "fam2": null
    },
    {
      "t1": "BVI",
      "t2": "SGLN.AS",
      "corr_hybrid": 0.2961,
      "corr_structured": null,
      "cat1": "Act",
      "cat2": "ETF",
      "exp1": null,
      "exp2": null,
      "fam1": null,
      "fam2": null
    },
    {
      "t1": "BVI",
      "t2": "VWCE.DE",
      "corr_hybrid": 0.2961,
      "corr_structured": null,
      "cat1": "Act",
      "cat2": "ETF",
      "exp1": null,
      "exp2": null,
      "fam1": null,
      "fam2": null
    },
    {
      "t1": "HEN",
      "t2": "SGLN.AS",
      "corr_hybrid": 0.2645,
      "corr_structured": null,
      "cat1": "Act",
      "cat2": "ETF",
      "exp1": null,
      "exp2": null,
      "fam1": null,
      "fam2": null
    },
    {
      "t1": "HEN",
      "t2": "VWCE.DE",
      "corr_hybrid": 0.2645,
      "corr_structured": null,
      "cat1": "Act",
      "cat2": "ETF",
      "exp1": null,
      "exp2": null,
      "fam1": null,
      "fam2": null
    },
    {
      "t1": "HEN",
      "t2": "PUB",
      "corr_hybrid": 0.2489,
      "corr_structured": null,
      "cat1": "Act",
      "cat2": "Act",
      "exp1": null,
      "exp2": null,
      "fam1": null,
      "fam2": null
    },
    {
      "t1": "EXPD",
      "t2": "SGLN.AS",
      "corr_hybrid": 0.2382,
      "corr_structured": null,
      "cat1": "Act",
      "cat2": "ETF",
      "exp1": null,
      "exp2": null,
      "fam1": null,
      "fam2": null
    },
    {
      "t1": "EXPD",
      "t2": "VWCE.DE",
      "corr_hybrid": 0.2382,
      "corr_structured": null,
      "cat1": "Act",
      "cat2": "ETF",
      "exp1": null,
      "exp2": null,
      "fam1": null,
      "fam2": null
    },
    {
      "t1": "EXPD",
      "t2": "IEMG",
      "corr_hybrid": 0.2375,
      "corr_structured": null,
      "cat1": "Act",
      "cat2": "ETF",
      "exp1": null,
      "exp2": "emerging_markets",
      "fam1": null,
      "fam2": "em_equity"
    },
    {
      "t1": "CBOE",
      "t2": "HEN",
      "corr_hybrid": 0.2316,
      "corr_structured": null,
      "cat1": "Act",
      "cat2": "Act",
      "exp1": null,
      "exp2": null,
      "fam1": null,
      "fam2": null
    },
    {
      "t1": "NOVN",
      "t2": "SGLN.AS",
      "corr_hybrid": 0.231,
      "corr_structured": null,
      "cat1": "Act",
      "cat2": "ETF",
      "exp1": null,
      "exp2": null,
      "fam1": null,
      "fam2": null
    },
    {
      "t1": "NOVN",
      "t2": "VWCE.DE",
      "corr_hybrid": 0.231,
      "corr_structured": null,
      "cat1": "Act",
      "cat2": "ETF",
      "exp1": null,
      "exp2": null,
      "fam1": null,
      "fam2": null
    },
    {
      "t1": "BVI",
      "t2": "HEN",
      "corr_hybrid": 0.2184,
      "corr_structured": null,
      "cat1": "Act",
      "cat2": "Act",
      "exp1": null,
      "exp2": null,
      "fam1": null,
      "fam2": null
    },
    {
      "t1": "IEMG",
      "t2": "SGLN.AS",
      "corr_hybrid": 0.2157,
      "corr_structured": null,
      "cat1": "ETF",
      "cat2": "ETF",
      "exp1": "emerging_markets",
      "exp2": null,
      "fam1": "em_equity",
      "fam2": null
    },
    {
      "t1": "IEMG",
      "t2": "VWCE.DE",
      "corr_hybrid": 0.2157,
      "corr_structured": null,
      "cat1": "ETF",
      "cat2": "ETF",
      "exp1": "emerging_markets",
      "exp2": null,
      "fam1": "em_equity",
      "fam2": null
    },
    {
      "t1": "NOVN",
      "t2": "PUB",
      "corr_hybrid": 0.2093,
      "corr_structured": null,
      "cat1": "Act",
      "cat2": "Act",
      "exp1": null,
      "exp2": null,
      "fam1": null,
      "fam2": null
    },
    {
      "t1": "NTAP",
      "t2": "SGLN.AS",
      "corr_hybrid": 0.209,
      "corr_structured": null,
      "cat1": "Act",
      "cat2": "ETF",
      "exp1": null,
      "exp2": null,
      "fam1": null,
      "fam2": null
    },
    {
      "t1": "NTAP",
      "t2": "VWCE.DE",
      "corr_hybrid": 0.209,
      "corr_structured": null,
      "cat1": "Act",
      "cat2": "ETF",
      "exp1": null,
      "exp2": null,
      "fam1": null,
      "fam2": null
    },
    {
      "t1": "CBOE",
      "t2": "NOVN",
      "corr_hybrid": 0.1953,
      "corr_structured": null,
      "cat1": "Act",
      "cat2": "Act",
      "exp1": null,
      "exp2": null,
      "fam1": null,
      "fam2": null
    },
    {
      "t1": "BVI",
      "t2": "NOVN",
      "corr_hybrid": 0.1798,
      "corr_structured": null,
      "cat1": "Act",
      "cat2": "Act",
      "exp1": null,
      "exp2": null,
      "fam1": null,
      "fam2": null
    },
    {
      "t1": "ITX",
      "t2": "SGLN.AS",
      "corr_hybrid": 0.1796,
      "corr_structured": null,
      "cat1": "Act",
      "cat2": "ETF",
      "exp1": null,
      "exp2": null,
      "fam1": null,
      "fam2": null
    }
  ],
  "all_pairs_bottom_10": [
    {
      "t1": "IBCI.AS",
      "t2": "SREN",
      "corr_hybrid": 0.0353,
      "corr_structured": null,
      "cat1": "Obl",
      "cat2": "Act",
      "exp1": null,
      "exp2": null,
      "fam1": null,
      "fam2": null
    },
    {
      "t1": "IBGS.AS",
      "t2": "SREN",
      "corr_hybrid": 0.0353,
      "corr_structured": null,
      "cat1": "Obl",
      "cat2": "Act",
      "exp1": null,
      "exp2": null,
      "fam1": null,
      "fam2": null
    },
    {
      "t1": "NTAP",
      "t2": "PUB",
      "corr_hybrid": -0.0352,
      "corr_structured": null,
      "cat1": "Act",
      "cat2": "Act",
      "exp1": null,
      "exp2": null,
      "fam1": null,
      "fam2": null
    },
    {
      "t1": "HEN",
      "t2": "NTAP",
      "corr_hybrid": 0.0251,
      "corr_structured": null,
      "cat1": "Act",
      "cat2": "Act",
      "exp1": null,
      "exp2": null,
      "fam1": null,
      "fam2": null
    },
    {
      "t1": "CBOE",
      "t2": "ITX",
      "corr_hybrid": -0.025,
      "corr_structured": null,
      "cat1": "Act",
      "cat2": "Act",
      "exp1": null,
      "exp2": null,
      "fam1": null,
      "fam2": null
    },
    {
      "t1": "AGGH.AS",
      "t2": "IBCI.AS",
      "corr_hybrid": 0.0207,
      "corr_structured": null,
      "cat1": "Obl",
      "cat2": "Obl",
      "exp1": null,
      "exp2": null,
      "fam1": null,
      "fam2": null
    },
    {
      "t1": "AGGH.AS",
      "t2": "IBGS.AS",
      "corr_hybrid": 0.0207,
      "corr_structured": null,
      "cat1": "Obl",
      "cat2": "Obl",
      "exp1": null,
      "exp2": null,
      "fam1": null,
      "fam2": null
    },
    {
      "t1": "IBCI.AS",
      "t2": "IBGS.AS",
      "corr_hybrid": 0.0207,
      "corr_structured": null,
      "cat1": "Obl",
      "cat2": "Obl",
      "exp1": null,
      "exp2": null,
      "fam1": null,
      "fam2": null
    },
    {
      "t1": "BVI",
      "t2": "ITX",
      "corr_hybrid": 0.0159,
      "corr_structured": null,
      "cat1": "Act",
      "cat2": "Act",
      "exp1": null,
      "exp2": null,
      "fam1": null,
      "fam2": null
    },
    {
      "t1": "ITX",
      "t2": "NOVN",
      "corr_hybrid": -0.0108,
      "corr_structured": null,
      "cat1": "Act",
      "cat2": "Act",
      "exp1": null,
      "exp2": null,
      "fam1": null,
      "fam2": null
    }
  ],
  "correlation_matrix": {
    "tickers": [
      "AGGH.AS",
      "BVI",
      "CBOE",
      "EXPD",
      "HEN",
      "IBCI.AS",
      "IBGS.AS",
      "IEMG",
      "ITX",
      "LOGN",
      "NOVN",
      "NTAP",
      "PUB",
      "SGLN.AS",
      "SREN",
      "VWCE.DE"
    ],
    "matrix": [
      [
        1.0,
        0.0644,
        0.0681,
        0.0527,
        0.0579,
        0.0207,
        0.0207,
        0.0479,
        0.0405,
        0.0387,
        0.0506,
        0.0473,
        0.0778,
        0.0941,
        0.0353,
        0.0941
      ],
      [
        0.0644,
        1.0,
        0.328,
        0.0701,
        0.2184,
        0.0644,
        0.0644,
        0.0575,
        0.0159,
        0.1224,
        0.1798,
        -0.1156,
        0.328,
        0.2961,
        0.1406,
        0.2961
      ],
      [
        0.0681,
        0.328,
        1.0,
        0.0865,
        0.2316,
        0.0681,
        0.0681,
        0.0589,
        -0.025,
        0.1305,
        0.1953,
        -0.1223,
        0.3516,
        0.3133,
        0.1545,
        0.3133
      ],
      [
        0.0527,
        0.0701,
        0.0865,
        1.0,
        0.0989,
        0.0527,
        0.0527,
        0.2375,
        -0.1773,
        0.1076,
        0.1509,
        0.5067,
        0.1242,
        0.2382,
        0.1064,
        0.2382
      ],
      [
        0.0579,
        0.2184,
        0.2316,
        0.0989,
        1.0,
        0.0579,
        0.0579,
        0.0981,
        0.1027,
        0.1082,
        0.1465,
        0.0251,
        0.2489,
        0.2645,
        0.1066,
        0.2645
      ],
      [
        0.0207,
        0.0644,
        0.0681,
        0.0527,
        0.0579,
        1.0,
        0.0207,
        0.0479,
        0.0405,
        0.0387,
        0.0506,
        0.0473,
        0.0778,
        0.0941,
        0.0353,
        0.0941
      ],
      [
        0.0207,
        0.0644,
        0.0681,
        0.0527,
        0.0579,
        0.0207,
        1.0,
        0.0479,
        0.0405,
        0.0387,
        0.0506,
        0.0473,
        0.0778,
        0.0941,
        0.0353,
        0.0941
      ],
      [
        0.0479,
        0.0575,
        0.0589,
        0.2375,
        0.0981,
        0.0479,
        0.0479,
        1.0,
        0.1247,
        0.0898,
        0.1049,
        0.3674,
        0.1056,
        0.2157,
        0.0625,
        0.2157
      ],
      [
        0.0405,
        0.0159,
        -0.025,
        -0.1773,
        0.1027,
        0.0405,
        0.0405,
        0.1247,
        1.0,
        0.0519,
        -0.0108,
        0.0678,
        0.0558,
        0.1796,
        -0.0538,
        0.1796
      ],
      [
        0.0387,
        0.1224,
        0.1305,
        0.1076,
        0.1082,
        0.0387,
        0.0387,
        0.0898,
        0.0519,
        1.0,
        0.0974,
        0.0923,
        0.1473,
        0.1761,
        0.0691,
        0.1761
      ],
      [
        0.0506,
        0.1798,
        0.1953,
        0.1509,
        0.1465,
        0.0506,
        0.0506,
        0.1049,
        -0.0108,
        0.0974,
        1.0,
        0.0933,
        0.2093,
        0.231,
        0.1029,
        0.231
      ],
      [
        0.0473,
        -0.1156,
        -0.1223,
        0.5067,
        0.0251,
        0.0473,
        0.0473,
        0.3674,
        0.0678,
        0.0923,
        0.0933,
        1.0,
        -0.0352,
        0.209,
        0.0387,
        0.209
      ],
      [
        0.0778,
        0.328,
        0.3516,
        0.1242,
        0.2489,
        0.0778,
        0.0778,
        0.1056,
        0.0558,
        0.1473,
        0.2093,
        -0.0352,
        1.0,
        0.3565,
        0.1587,
        0.3565
      ],
      [
        0.0941,
        0.2961,
        0.3133,
        0.2382,
        0.2645,
        0.0941,
        0.0941,
        0.2157,
        0.1796,
        0.1761,
        0.231,
        0.209,
        0.3565,
        1.0,
        0.1617,
        0.4283
      ],
      [
        0.0353,
        0.1406,
        0.1545,
        0.1064,
        0.1066,
        0.0353,
        0.0353,
        0.0625,
        -0.0538,
        0.0691,
        0.1029,
        0.0387,
        0.1587,
        0.1617,
        1.0,
        0.1617
      ],
      [
        0.0941,
        0.2961,
        0.3133,
        0.2382,
        0.2645,
        0.0941,
        0.0941,
        0.2157,
        0.1796,
        0.1761,
        0.231,
        0.209,
        0.3565,
        0.4283,
        0.1617,
        1.0
      ]
    ]
  }
}