{
  "_meta": {
    "generated": "2026-05-28T11:33:43",
    "portfolio_generated": "2026-05-28T11:29:43.807400",
    "n_assets": 42,
    "n_with_returns": 33,
    "covariance_method": "hybrid_shrunk",
    "condition_number": 436.68,
    "pca_factors": 6
  },
  "profiles": {
    "Agressif": {
      "n_assets": 18,
      "weighted_avg_correlation": 0.2922,
      "most_correlated": [
        {
          "t1": "PICK",
          "t2": "COPX",
          "corr": 0.7977,
          "w1": 6.6,
          "w2": 6.3,
          "combined_weight": 12.9
        },
        {
          "t1": "XLK",
          "t2": "SOXX",
          "corr": 0.72,
          "w1": 4.4,
          "w2": 4.5,
          "combined_weight": 8.9
        },
        {
          "t1": "CDE",
          "t2": "GLD",
          "corr": 0.7182,
          "w1": 8.2,
          "w2": 6.1,
          "combined_weight": 14.3
        },
        {
          "t1": "FIX",
          "t2": "SOXX",
          "corr": 0.6966,
          "w1": 3.1,
          "w2": 4.5,
          "combined_weight": 7.6
        },
        {
          "t1": "COPX",
          "t2": "CDE",
          "corr": 0.6934,
          "w1": 6.3,
          "w2": 8.2,
          "combined_weight": 14.5
        },
        {
          "t1": "XCEM",
          "t2": "SOXX",
          "corr": 0.6927,
          "w1": 7.2,
          "w2": 4.5,
          "combined_weight": 11.7
        },
        {
          "t1": "FIX",
          "t2": "XLK",
          "corr": 0.6831,
          "w1": 3.1,
          "w2": 4.4,
          "combined_weight": 7.4
        },
        {
          "t1": "FLKR",
          "t2": "SOXX",
          "corr": 0.6829,
          "w1": 3.7,
          "w2": 4.5,
          "combined_weight": 8.2
        },
        {
          "t1": "XCEM",
          "t2": "PICK",
          "corr": 0.674,
          "w1": 7.2,
          "w2": 6.6,
          "combined_weight": 13.9
        },
        {
          "t1": "XCEM",
          "t2": "COPX",
          "corr": 0.6705,
          "w1": 7.2,
          "w2": 6.3,
          "combined_weight": 13.6
        }
      ],
      "least_correlated": [
        {
          "t1": "FLTR",
          "t2": "GLD",
          "corr": 0.0231,
          "w1": 5.4,
          "w2": 6.1,
          "combined_weight": 11.6
        },
        {
          "t1": "MTBA",
          "t2": "GLD",
          "corr": 0.0231,
          "w1": 5.4,
          "w2": 6.1,
          "combined_weight": 11.6
        },
        {
          "t1": "FLTR",
          "t2": "MTBA",
          "corr": 0.0163,
          "w1": 5.4,
          "w2": 5.4,
          "combined_weight": 10.9
        },
        {
          "t1": "FLTR",
          "t2": "FRES",
          "corr": 0.0071,
          "w1": 5.4,
          "w2": 4.1,
          "combined_weight": 9.5
        },
        {
          "t1": "MTBA",
          "t2": "FRES",
          "corr": 0.0071,
          "w1": 5.4,
          "w2": 4.1,
          "combined_weight": 9.5
        }
      ],
      "high_corr_high_weight": [
        {
          "t1": "PICK",
          "t2": "COPX",
          "corr": 0.7977,
          "w1": 6.6,
          "w2": 6.3,
          "combined_weight": 12.9
        },
        {
          "t1": "CDE",
          "t2": "GLD",
          "corr": 0.7182,
          "w1": 8.2,
          "w2": 6.1,
          "combined_weight": 14.3
        }
      ]
    },
    "Mod\u00e9r\u00e9": {
      "n_assets": 14,
      "weighted_avg_correlation": 0.1511,
      "most_correlated": [
        {
          "t1": "FNDF",
          "t2": "FNDX",
          "corr": 0.5111,
          "w1": 8.5,
          "w2": 8.1,
          "combined_weight": 16.6
        },
        {
          "t1": "DIVB",
          "t2": "FNDF",
          "corr": 0.4463,
          "w1": 8.7,
          "w2": 8.5,
          "combined_weight": 17.2
        },
        {
          "t1": "DIVB",
          "t2": "FNDX",
          "corr": 0.4057,
          "w1": 8.7,
          "w2": 8.1,
          "combined_weight": 16.8
        },
        {
          "t1": "FNDF",
          "t2": "GLD",
          "corr": 0.3593,
          "w1": 8.5,
          "w2": 5.1,
          "combined_weight": 13.6
        },
        {
          "t1": "FNDF",
          "t2": "LI",
          "corr": 0.3426,
          "w1": 8.5,
          "w2": 3.7,
          "combined_weight": 12.2
        },
        {
          "t1": "FNDF",
          "t2": "XLV",
          "corr": 0.3253,
          "w1": 8.5,
          "w2": 3.0,
          "combined_weight": 11.5
        },
        {
          "t1": "FNDX",
          "t2": "LI",
          "corr": 0.3181,
          "w1": 8.1,
          "w2": 3.7,
          "combined_weight": 11.8
        },
        {
          "t1": "FNDF",
          "t2": "SCHD",
          "corr": 0.3092,
          "w1": 8.5,
          "w2": 8.1,
          "combined_weight": 16.6
        },
        {
          "t1": "VICI",
          "t2": "PEG",
          "corr": 0.3076,
          "w1": 8.3,
          "w2": 7.1,
          "combined_weight": 15.4
        },
        {
          "t1": "FNDX",
          "t2": "XLV",
          "corr": 0.3034,
          "w1": 8.1,
          "w2": 3.0,
          "combined_weight": 11.1
        }
      ],
      "least_correlated": [
        {
          "t1": "VGSH",
          "t2": "GLD",
          "corr": 0.0231,
          "w1": 8.3,
          "w2": 5.1,
          "combined_weight": 13.4
        },
        {
          "t1": "GBIL",
          "t2": "GLD",
          "corr": 0.0231,
          "w1": 8.3,
          "w2": 5.1,
          "combined_weight": 13.4
        },
        {
          "t1": "STIP",
          "t2": "VGSH",
          "corr": 0.0163,
          "w1": 9.0,
          "w2": 8.3,
          "combined_weight": 17.3
        },
        {
          "t1": "STIP",
          "t2": "GBIL",
          "corr": 0.0163,
          "w1": 9.0,
          "w2": 8.3,
          "combined_weight": 17.3
        },
        {
          "t1": "VGSH",
          "t2": "GBIL",
          "corr": 0.0163,
          "w1": 8.3,
          "w2": 8.3,
          "combined_weight": 16.6
        }
      ],
      "high_corr_high_weight": []
    },
    "Stable": {
      "n_assets": 15,
      "weighted_avg_correlation": 0.1472,
      "most_correlated": [
        {
          "t1": "SCHP",
          "t2": "SUNPHARMA",
          "corr": 0.5945,
          "w1": 4.7,
          "w2": 4.0,
          "combined_weight": 8.7
        },
        {
          "t1": "IG",
          "t2": "SUNPHARMA",
          "corr": 0.5858,
          "w1": 4.1,
          "w2": 4.0,
          "combined_weight": 8.1
        },
        {
          "t1": "SCHP",
          "t2": "IG",
          "corr": 0.5559,
          "w1": 4.7,
          "w2": 4.1,
          "combined_weight": 8.8
        },
        {
          "t1": "VICI",
          "t2": "SUNPHARMA",
          "corr": 0.4551,
          "w1": 7.0,
          "w2": 4.0,
          "combined_weight": 11.0
        },
        {
          "t1": "VICI",
          "t2": "SCHP",
          "corr": 0.4418,
          "w1": 7.0,
          "w2": 4.7,
          "combined_weight": 11.6
        },
        {
          "t1": "KO",
          "t2": "SUNPHARMA",
          "corr": 0.4254,
          "w1": 4.5,
          "w2": 4.0,
          "combined_weight": 8.5
        },
        {
          "t1": "VICI",
          "t2": "IG",
          "corr": 0.4243,
          "w1": 7.0,
          "w2": 4.1,
          "combined_weight": 11.1
        },
        {
          "t1": "SCHP",
          "t2": "KO",
          "corr": 0.4239,
          "w1": 4.7,
          "w2": 4.5,
          "combined_weight": 9.1
        },
        {
          "t1": "SUNPHARMA",
          "t2": "PG",
          "corr": 0.4105,
          "w1": 4.0,
          "w2": 4.3,
          "combined_weight": 8.3
        },
        {
          "t1": "SCHP",
          "t2": "PG",
          "corr": 0.4059,
          "w1": 4.7,
          "w2": 4.3,
          "combined_weight": 8.9
        }
      ],
      "least_correlated": [
        {
          "t1": "GLD",
          "t2": "STIP",
          "corr": 0.0231,
          "w1": 3.5,
          "w2": 13.0,
          "combined_weight": 16.5
        },
        {
          "t1": "VGSH",
          "t2": "BSV",
          "corr": 0.0163,
          "w1": 13.0,
          "w2": 13.0,
          "combined_weight": 26.0
        },
        {
          "t1": "VGSH",
          "t2": "STIP",
          "corr": 0.0163,
          "w1": 13.0,
          "w2": 13.0,
          "combined_weight": 26.0
        },
        {
          "t1": "BSV",
          "t2": "STIP",
          "corr": 0.0163,
          "w1": 13.0,
          "w2": 13.0,
          "combined_weight": 26.0
        },
        {
          "t1": "KO",
          "t2": "GLD",
          "corr": -0.0262,
          "w1": 4.5,
          "w2": 3.5,
          "combined_weight": 8.0
        }
      ],
      "high_corr_high_weight": []
    }
  },
  "all_pairs_top_30": [
    {
      "t1": "COPX",
      "t2": "PICK",
      "corr_hybrid": 0.7977,
      "corr_structured": 0.2,
      "cat1": "ETF",
      "cat2": "ETF",
      "exp1": "copper",
      "exp2": "metals_mining",
      "fam1": "commodities",
      "fam2": null
    },
    {
      "t1": "SOXX",
      "t2": "XLK",
      "corr_hybrid": 0.72,
      "corr_structured": 0.9,
      "cat1": "ETF",
      "cat2": "ETF",
      "exp1": "semiconductor",
      "exp2": "tech",
      "fam1": "sector_tech",
      "fam2": "sector_tech"
    },
    {
      "t1": "CDE",
      "t2": "GLD",
      "corr_hybrid": 0.7182,
      "corr_structured": null,
      "cat1": "Act",
      "cat2": "ETF",
      "exp1": null,
      "exp2": "gold_physical",
      "fam1": null,
      "fam2": "gold"
    },
    {
      "t1": "FIX",
      "t2": "SOXX",
      "corr_hybrid": 0.6966,
      "corr_structured": null,
      "cat1": "Act",
      "cat2": "ETF",
      "exp1": null,
      "exp2": "semiconductor",
      "fam1": null,
      "fam2": "sector_tech"
    },
    {
      "t1": "CDE",
      "t2": "COPX",
      "corr_hybrid": 0.6934,
      "corr_structured": null,
      "cat1": "Act",
      "cat2": "ETF",
      "exp1": null,
      "exp2": "copper",
      "fam1": null,
      "fam2": "commodities"
    },
    {
      "t1": "SOXX",
      "t2": "XCEM",
      "corr_hybrid": 0.6927,
      "corr_structured": 0.2,
      "cat1": "ETF",
      "cat2": "ETF",
      "exp1": "semiconductor",
      "exp2": "emerging_markets",
      "fam1": "sector_tech",
      "fam2": "em_equity"
    },
    {
      "t1": "FIX",
      "t2": "XLK",
      "corr_hybrid": 0.6831,
      "corr_structured": null,
      "cat1": "Act",
      "cat2": "ETF",
      "exp1": null,
      "exp2": "tech",
      "fam1": null,
      "fam2": "sector_tech"
    },
    {
      "t1": "FLKR",
      "t2": "SOXX",
      "corr_hybrid": 0.6829,
      "corr_structured": 0.2,
      "cat1": "ETF",
      "cat2": "ETF",
      "exp1": "south_korea",
      "exp2": "semiconductor",
      "fam1": "em_equity",
      "fam2": "sector_tech"
    },
    {
      "t1": "PICK",
      "t2": "XCEM",
      "corr_hybrid": 0.674,
      "corr_structured": 0.2,
      "cat1": "ETF",
      "cat2": "ETF",
      "exp1": "metals_mining",
      "exp2": "emerging_markets",
      "fam1": null,
      "fam2": "em_equity"
    },
    {
      "t1": "COPX",
      "t2": "CS",
      "corr_hybrid": 0.6707,
      "corr_structured": null,
      "cat1": "ETF",
      "cat2": "Act",
      "exp1": "copper",
      "exp2": null,
      "fam1": "commodities",
      "fam2": null
    },
    {
      "t1": "COPX",
      "t2": "XCEM",
      "corr_hybrid": 0.6705,
      "corr_structured": 0.2,
      "cat1": "ETF",
      "cat2": "ETF",
      "exp1": "copper",
      "exp2": "emerging_markets",
      "fam1": "commodities",
      "fam2": "em_equity"
    },
    {
      "t1": "CDE",
      "t2": "PICK",
      "corr_hybrid": 0.6586,
      "corr_structured": null,
      "cat1": "Act",
      "cat2": "ETF",
      "exp1": null,
      "exp2": "metals_mining",
      "fam1": null,
      "fam2": null
    },
    {
      "t1": "XCEM",
      "t2": "XLK",
      "corr_hybrid": 0.6582,
      "corr_structured": 0.2,
      "cat1": "ETF",
      "cat2": "ETF",
      "exp1": "emerging_markets",
      "exp2": "tech",
      "fam1": "em_equity",
      "fam2": "sector_tech"
    },
    {
      "t1": "FLKR",
      "t2": "XCEM",
      "corr_hybrid": 0.6567,
      "corr_structured": 0.9,
      "cat1": "ETF",
      "cat2": "ETF",
      "exp1": "south_korea",
      "exp2": "emerging_markets",
      "fam1": "em_equity",
      "fam2": "em_equity"
    },
    {
      "t1": "FNDF",
      "t2": "PICK",
      "corr_hybrid": 0.6552,
      "corr_structured": 0.2,
      "cat1": "ETF",
      "cat2": "ETF",
      "exp1": "international",
      "exp2": "metals_mining",
      "fam1": "intl_equity",
      "fam2": null
    },
    {
      "t1": "CS",
      "t2": "PICK",
      "corr_hybrid": 0.6543,
      "corr_structured": null,
      "cat1": "Act",
      "cat2": "ETF",
      "exp1": null,
      "exp2": "metals_mining",
      "fam1": null,
      "fam2": null
    },
    {
      "t1": "COPX",
      "t2": "FNDF",
      "corr_hybrid": 0.65,
      "corr_structured": 0.2,
      "cat1": "ETF",
      "cat2": "ETF",
      "exp1": "copper",
      "exp2": "international",
      "fam1": "commodities",
      "fam2": "intl_equity"
    },
    {
      "t1": "FLKR",
      "t2": "XLK",
      "corr_hybrid": 0.6451,
      "corr_structured": 0.2,
      "cat1": "ETF",
      "cat2": "ETF",
      "exp1": "south_korea",
      "exp2": "tech",
      "fam1": "em_equity",
      "fam2": "sector_tech"
    },
    {
      "t1": "000660",
      "t2": "2059",
      "corr_hybrid": 0.633,
      "corr_structured": null,
      "cat1": "Act",
      "cat2": "Act",
      "exp1": null,
      "exp2": null,
      "fam1": null,
      "fam2": null
    },
    {
      "t1": "000660",
      "t2": "SUNPHARMA",
      "corr_hybrid": 0.633,
      "corr_structured": null,
      "cat1": "Act",
      "cat2": "Act",
      "exp1": null,
      "exp2": null,
      "fam1": null,
      "fam2": null
    },
    {
      "t1": "2059",
      "t2": "SUNPHARMA",
      "corr_hybrid": 0.633,
      "corr_structured": null,
      "cat1": "Act",
      "cat2": "Act",
      "exp1": null,
      "exp2": null,
      "fam1": null,
      "fam2": null
    },
    {
      "t1": "FNDF",
      "t2": "XCEM",
      "corr_hybrid": 0.6308,
      "corr_structured": 0.62,
      "cat1": "ETF",
      "cat2": "ETF",
      "exp1": "international",
      "exp2": "emerging_markets",
      "fam1": "intl_equity",
      "fam2": "em_equity"
    },
    {
      "t1": "FSLR",
      "t2": "ICLN",
      "corr_hybrid": 0.6275,
      "corr_structured": null,
      "cat1": "Act",
      "cat2": "ETF",
      "exp1": null,
      "exp2": "clean_energy",
      "fam1": null,
      "fam2": null
    },
    {
      "t1": "ICLN",
      "t2": "SOXX",
      "corr_hybrid": 0.6138,
      "corr_structured": 0.2,
      "cat1": "ETF",
      "cat2": "ETF",
      "exp1": "clean_energy",
      "exp2": "semiconductor",
      "fam1": null,
      "fam2": "sector_tech"
    },
    {
      "t1": "FLKR",
      "t2": "PICK",
      "corr_hybrid": 0.6099,
      "corr_structured": 0.2,
      "cat1": "ETF",
      "cat2": "ETF",
      "exp1": "south_korea",
      "exp2": "metals_mining",
      "fam1": "em_equity",
      "fam2": null
    },
    {
      "t1": "PICK",
      "t2": "SOXX",
      "corr_hybrid": 0.6099,
      "corr_structured": 0.2,
      "cat1": "ETF",
      "cat2": "ETF",
      "exp1": "metals_mining",
      "exp2": "semiconductor",
      "fam1": null,
      "fam2": "sector_tech"
    },
    {
      "t1": "COPX",
      "t2": "FLKR",
      "corr_hybrid": 0.6086,
      "corr_structured": 0.2,
      "cat1": "ETF",
      "cat2": "ETF",
      "exp1": "copper",
      "exp2": "south_korea",
      "fam1": "commodities",
      "fam2": "em_equity"
    },
    {
      "t1": "COPX",
      "t2": "SOXX",
      "corr_hybrid": 0.6053,
      "corr_structured": 0.2,
      "cat1": "ETF",
      "cat2": "ETF",
      "exp1": "copper",
      "exp2": "semiconductor",
      "fam1": "commodities",
      "fam2": "sector_tech"
    },
    {
      "t1": "000660",
      "t2": "SCHP",
      "corr_hybrid": 0.5945,
      "corr_structured": null,
      "cat1": "Act",
      "cat2": "Act",
      "exp1": null,
      "exp2": "bonds_tips",
      "fam1": null,
      "fam2": "bonds_gov"
    },
    {
      "t1": "2059",
      "t2": "SCHP",
      "corr_hybrid": 0.5945,
      "corr_structured": null,
      "cat1": "Act",
      "cat2": "Act",
      "exp1": null,
      "exp2": "bonds_tips",
      "fam1": null,
      "fam2": "bonds_gov"
    }
  ],
  "all_pairs_bottom_10": [
    {
      "t1": "FRES",
      "t2": "GBIL",
      "corr_hybrid": 0.0071,
      "corr_structured": null,
      "cat1": "Act",
      "cat2": "Obl",
      "exp1": null,
      "exp2": "bonds_tbill",
      "fam1": null,
      "fam2": "bonds_short"
    },
    {
      "t1": "FRES",
      "t2": "MTBA",
      "corr_hybrid": 0.0071,
      "corr_structured": null,
      "cat1": "Act",
      "cat2": "Obl",
      "exp1": null,
      "exp2": null,
      "fam1": null,
      "fam2": null
    },
    {
      "t1": "FRES",
      "t2": "STIP",
      "corr_hybrid": 0.0071,
      "corr_structured": null,
      "cat1": "Act",
      "cat2": "Obl",
      "exp1": null,
      "exp2": "bonds_tips",
      "fam1": null,
      "fam2": "bonds_gov"
    },
    {
      "t1": "FRES",
      "t2": "VGSH",
      "corr_hybrid": 0.0071,
      "corr_structured": null,
      "cat1": "Act",
      "cat2": "Obl",
      "exp1": null,
      "exp2": "bonds_short_treasury",
      "fam1": null,
      "fam2": "bonds_short"
    },
    {
      "t1": "KO",
      "t2": "XCEM",
      "corr_hybrid": -0.0067,
      "corr_structured": null,
      "cat1": "Act",
      "cat2": "ETF",
      "exp1": null,
      "exp2": "emerging_markets",
      "fam1": null,
      "fam2": "em_equity"
    },
    {
      "t1": "NOVN",
      "t2": "XCEM",
      "corr_hybrid": -0.0062,
      "corr_structured": null,
      "cat1": "Act",
      "cat2": "ETF",
      "exp1": null,
      "exp2": "emerging_markets",
      "fam1": null,
      "fam2": "em_equity"
    },
    {
      "t1": "FLKR",
      "t2": "VICI",
      "corr_hybrid": 0.0052,
      "corr_structured": null,
      "cat1": "ETF",
      "cat2": "Act",
      "exp1": "south_korea",
      "exp2": null,
      "fam1": "em_equity",
      "fam2": null
    },
    {
      "t1": "FIX",
      "t2": "NOVN",
      "corr_hybrid": -0.0031,
      "corr_structured": null,
      "cat1": "Act",
      "cat2": "Act",
      "exp1": null,
      "exp2": null,
      "fam1": null,
      "fam2": null
    },
    {
      "t1": "NOVN",
      "t2": "PICK",
      "corr_hybrid": -0.0016,
      "corr_structured": null,
      "cat1": "Act",
      "cat2": "ETF",
      "exp1": null,
      "exp2": "metals_mining",
      "fam1": null,
      "fam2": null
    },
    {
      "t1": "ICLN",
      "t2": "NOVN",
      "corr_hybrid": -0.0006,
      "corr_structured": null,
      "cat1": "ETF",
      "cat2": "Act",
      "exp1": "clean_energy",
      "exp2": null,
      "fam1": null,
      "fam2": null
    }
  ],
  "correlation_matrix": {
    "tickers": [
      "000660",
      "2059",
      "ACWV",
      "BSV",
      "BZU",
      "CDE",
      "COPX",
      "CS",
      "DIVB",
      "FIX",
      "FLKR",
      "FLTR",
      "FNDF",
      "FNDX",
      "FRES",
      "FSLR",
      "GBIL",
      "GD",
      "GLD",
      "ICLN",
      "IG",
      "KO",
      "LI",
      "MTBA",
      "NOVN",
      "NVDA",
      "PEG",
      "PG",
      "PICK",
      "SCHD",
      "SCHP",
      "SOXX",
      "SPLV",
      "SPYV",
      "STIP",
      "SUNPHARMA",
      "VGSH",
      "VICI",
      "XBI",
      "XCEM",
      "XLK",
      "XLV"
    ],
    "matrix": [
      [
        1.0,
        0.633,
        0.3726,
        0.0872,
        0.3403,
        0.132,
        0.1224,
        0.1562,
        0.3346,
        0.1828,
        0.0981,
        0.0872,
        0.2628,
        0.3456,
        0.19,
        0.173,
        0.0872,
        0.399,
        0.0773,
        0.1641,
        0.5858,
        0.4254,
        0.2627,
        0.0872,
        0.3223,
        0.1928,
        0.4223,
        0.4105,
        0.1626,
        0.3333,
        0.5945,
        0.1167,
        0.3703,
        0.3492,
        0.0872,
        0.633,
        0.0872,
        0.4551,
        0.1919,
        0.1834,
        0.1606,
        0.3005
      ],
      [
        0.633,
        1.0,
        0.3726,
        0.0872,
        0.3403,
        0.132,
        0.1224,
        0.1562,
        0.3346,
        0.1828,
        0.0981,
        0.0872,
        0.2628,
        0.3456,
        0.19,
        0.173,
        0.0872,
        0.399,
        0.0773,
        0.1641,
        0.5858,
        0.4254,
        0.2627,
        0.0872,
        0.3223,
        0.1928,
        0.4223,
        0.4105,
        0.1626,
        0.3333,
        0.5945,
        0.1167,
        0.3703,
        0.3492,
        0.0872,
        0.633,
        0.0872,
        0.4551,
        0.1919,
        0.1834,
        0.1606,
        0.3005
      ],
      [
        0.3726,
        0.3726,
        1.0,
        0.0717,
        0.2013,
        0.21,
        0.3371,
        0.3836,
        0.3464,
        0.165,
        0.254,
        0.0717,
        0.3818,
        0.3573,
        0.066,
        0.134,
        0.0717,
        0.2783,
        0.1947,
        0.2389,
        0.3619,
        0.2719,
        0.2471,
        0.0717,
        0.1561,
        0.1901,
        0.2758,
        0.3056,
        0.3557,
        0.3054,
        0.3442,
        0.2366,
        0.2966,
        0.3491,
        0.0717,
        0.3726,
        0.0717,
        0.2957,
        0.2672,
        0.325,
        0.2394,
        0.2979
      ],
      [
        0.0872,
        0.0872,
        0.0717,
        1.0,
        0.0529,
        0.027,
        0.0565,
        0.0609,
        0.0728,
        0.0547,
        0.0574,
        0.0163,
        0.0775,
        0.0783,
        0.0071,
        0.0276,
        0.0163,
        0.0629,
        0.0231,
        0.0521,
        0.0848,
        0.0563,
        0.0521,
        0.0163,
        0.0366,
        0.0563,
        0.0626,
        0.0575,
        0.0628,
        0.0616,
        0.0803,
        0.0591,
        0.0574,
        0.0758,
        0.0163,
        0.0872,
        0.0163,
        0.0614,
        0.0557,
        0.0701,
        0.0618,
        0.0607
      ],
      [
        0.3403,
        0.3403,
        0.2013,
        0.0529,
        1.0,
        0.1137,
        0.0448,
        -0.0708,
        0.1689,
        0.1165,
        0.0723,
        0.0529,
        0.1449,
        0.1842,
        -0.1603,
        -0.0991,
        0.0529,
        0.2533,
        0.0594,
        0.0228,
        0.3439,
        0.1866,
        0.1161,
        0.0529,
        0.196,
        0.1827,
        0.2594,
        0.1927,
        0.0784,
        0.1442,
        0.3444,
        0.0975,
        0.1755,
        0.1886,
        0.0529,
        0.3403,
        0.0529,
        0.2393,
        0.1299,
        0.124,
        0.1391,
        0.1473
      ],
      [
        0.132,
        0.132,
        0.21,
        0.027,
        0.1137,
        1.0,
        0.6934,
        0.3104,
        0.2351,
        0.2576,
        0.3671,
        0.027,
        0.4231,
        0.2952,
        0.303,
        0.1838,
        0.027,
        0.1493,
        0.7182,
        0.4207,
        0.1128,
        -0.0712,
        0.2936,
        0.027,
        0.0645,
        0.2115,
        0.1827,
        0.106,
        0.6586,
        0.1168,
        0.0744,
        0.3921,
        0.0885,
        0.2641,
        0.027,
        0.132,
        0.027,
        0.1191,
        0.3359,
        0.4473,
        0.3757,
        0.1216
      ],
      [
        0.1224,
        0.1224,
        0.3371,
        0.0565,
        0.0448,
        0.6934,
        1.0,
        0.6707,
        0.4097,
        0.411,
        0.6086,
        0.0565,
        0.65,
        0.478,
        0.2332,
        0.2283,
        0.0565,
        0.1618,
        0.571,
        0.5519,
        0.1243,
        -0.0097,
        0.3504,
        0.0565,
        -0.0224,
        0.3569,
        0.1628,
        0.1237,
        0.7977,
        0.2561,
        0.0557,
        0.6053,
        0.1552,
        0.4307,
        0.0565,
        0.1224,
        0.0565,
        0.0995,
        0.4682,
        0.6705,
        0.5592,
        0.2751
      ],
      [
        0.1562,
        0.1562,
        0.3836,
        0.0609,
        -0.0708,
        0.3104,
        0.6707,
        1.0,
        0.4201,
        0.1799,
        0.4574,
        0.0609,
        0.5909,
        0.4375,
        0.3583,
        0.1085,
        0.0609,
        0.1414,
        0.3445,
        0.3466,
        0.1482,
        0.1865,
        0.2683,
        0.0609,
        -0.0258,
        0.1848,
        0.1383,
        0.2561,
        0.6543,
        0.3548,
        0.1101,
        0.3857,
        0.2835,
        0.4057,
        0.0609,
        0.1562,
        0.0609,
        0.1731,
        0.3808,
        0.5135,
        0.3366,
        0.3522
      ],
      [
        0.3346,
        0.3346,
        0.3464,
        0.0728,
        0.1689,
        0.2351,
        0.4097,
        0.4201,
        1.0,
        0.2953,
        0.3648,
        0.0728,
        0.4463,
        0.4057,
        0.0823,
        0.2137,
        0.0728,
        0.2591,
        0.2082,
        0.3496,
        0.3259,
        0.2076,
        0.2815,
        0.0728,
        0.1141,
        0.2771,
        0.253,
        0.2417,
        0.4262,
        0.2966,
        0.2903,
        0.3645,
        0.2506,
        0.3853,
        0.0728,
        0.3346,
        0.0728,
        0.241,
        0.3154,
        0.4238,
        0.3563,
        0.2966
      ],
      [
        0.1828,
        0.1828,
        0.165,
        0.0547,
        0.1165,
        0.2576,
        0.411,
        0.1799,
        0.2953,
        1.0,
        0.5885,
        0.0547,
        0.4508,
        0.4184,
        0.1607,
        0.3257,
        0.0547,
        0.1441,
        0.1348,
        0.5658,
        0.1713,
        -0.1005,
        0.2921,
        0.0547,
        -0.0031,
        0.5796,
        0.1508,
        -0.1019,
        0.4263,
        0.1135,
        0.0931,
        0.6966,
        -0.0366,
        0.36,
        0.0547,
        0.1828,
        0.0547,
        -0.0103,
        0.3488,
        0.58,
        0.6831,
        0.1377
      ],
      [
        0.0981,
        0.0981,
        0.254,
        0.0574,
        0.0723,
        0.3671,
        0.6086,
        0.4574,
        0.3648,
        0.5885,
        1.0,
        0.0574,
        0.5735,
        0.4575,
        0.0602,
        0.2511,
        0.0574,
        0.1345,
        0.2915,
        0.5582,
        0.1117,
        -0.0723,
        0.3041,
        0.0574,
        -0.054,
        0.4883,
        0.1213,
        -0.016,
        0.6099,
        0.1882,
        0.0297,
        0.6829,
        0.0472,
        0.4039,
        0.0574,
        0.0981,
        0.0574,
        0.0052,
        0.421,
        0.6567,
        0.6451,
        0.2207
      ],
      [
        0.0872,
        0.0872,
        0.0717,
        0.0163,
        0.0529,
        0.027,
        0.0565,
        0.0609,
        0.0728,
        0.0547,
        0.0574,
        1.0,
        0.0775,
        0.0783,
        0.0071,
        0.0276,
        0.0163,
        0.0629,
        0.0231,
        0.0521,
        0.0848,
        0.0563,
        0.0521,
        0.0163,
        0.0366,
        0.0563,
        0.0626,
        0.0575,
        0.0628,
        0.0616,
        0.0803,
        0.0591,
        0.0574,
        0.0758,
        0.0163,
        0.0872,
        0.0163,
        0.0614,
        0.0557,
        0.0701,
        0.0618,
        0.0607
      ],
      [
        0.2628,
        0.2628,
        0.3818,
        0.0775,
        0.1449,
        0.4231,
        0.65,
        0.5909,
        0.4463,
        0.4508,
        0.5735,
        0.0775,
        1.0,
        0.5111,
        0.131,
        0.1998,
        0.0775,
        0.2399,
        0.3593,
        0.4929,
        0.2648,
        0.1091,
        0.3426,
        0.0775,
        0.0449,
        0.4121,
        0.2341,
        0.18,
        0.6552,
        0.3092,
        0.2027,
        0.5803,
        0.2149,
        0.4701,
        0.0775,
        0.2628,
        0.0775,
        0.1768,
        0.4455,
        0.6308,
        0.5538,
        0.3253
      ],
      [
        0.3456,
        0.3456,
        0.3573,
        0.0783,
        0.1842,
        0.2952,
        0.478,
        0.4375,
        0.4057,
        0.4184,
        0.4575,
        0.0783,
        0.5111,
        1.0,
        0.1235,
        0.2343,
        0.0783,
        0.2692,
        0.2399,
        0.4275,
        0.3353,
        0.171,
        0.3181,
        0.0783,
        0.1058,
        0.3732,
        0.2675,
        0.2071,
        0.4949,
        0.2983,
        0.2877,
        0.4771,
        0.2279,
        0.4301,
        0.0783,
        0.3456,
        0.0783,
        0.224,
        0.3679,
        0.5126,
        0.4677,
        0.3034
      ],
      [
        0.19,
        0.19,
        0.066,
        0.0071,
        -0.1603,
        0.303,
        0.2332,
        0.3583,
        0.0823,
        0.1607,
        0.0602,
        0.0071,
        0.131,
        0.1235,
        1.0,
        0.0486,
        0.0071,
        0.0179,
        0.1889,
        0.0962,
        0.098,
        0.0966,
        0.1105,
        0.0071,
        0.0562,
        0.054,
        0.1004,
        0.0931,
        0.2049,
        0.0969,
        0.1166,
        0.0762,
        0.0828,
        0.0967,
        0.0071,
        0.19,
        0.0071,
        0.115,
        0.0704,
        0.0728,
        0.0802,
        0.048
      ],
      [
        0.173,
        0.173,
        0.134,
        0.0276,
        -0.0991,
        0.1838,
        0.2283,
        0.1085,
        0.2137,
        0.3257,
        0.2511,
        0.0276,
        0.1998,
        0.2343,
        0.0486,
        1.0,
        0.0276,
        0.1229,
        0.1327,
        0.6275,
        0.1366,
        0.0433,
        0.3083,
        0.0276,
        0.0455,
        0.1001,
        0.0883,
        0.0716,
        0.2279,
        0.1379,
        0.0842,
        0.2938,
        0.0608,
        0.2203,
        0.0276,
        0.173,
        0.0276,
        0.0793,
        0.1382,
        0.2745,
        0.2466,
        0.1211
      ],
      [
        0.0872,
        0.0872,
        0.0717,
        0.0163,
        0.0529,
        0.027,
        0.0565,
        0.0609,
        0.0728,
        0.0547,
        0.0574,
        0.0163,
        0.0775,
        0.0783,
        0.0071,
        0.0276,
        1.0,
        0.0629,
        0.0231,
        0.0521,
        0.0848,
        0.0563,
        0.0521,
        0.0163,
        0.0366,
        0.0563,
        0.0626,
        0.0575,
        0.0628,
        0.0616,
        0.0803,
        0.0591,
        0.0574,
        0.0758,
        0.0163,
        0.0872,
        0.0163,
        0.0614,
        0.0557,
        0.0701,
        0.0618,
        0.0607
      ],
      [
        0.399,
        0.399,
        0.2783,
        0.0629,
        0.2533,
        0.1493,
        0.1618,
        0.1414,
        0.2591,
        0.1441,
        0.1345,
        0.0629,
        0.2399,
        0.2692,
        0.0179,
        0.1229,
        0.0629,
        1.0,
        0.1105,
        0.1608,
        0.3821,
        0.2601,
        0.2004,
        0.0629,
        0.1993,
        0.1627,
        0.2829,
        0.2719,
        0.1883,
        0.236,
        0.3767,
        0.1428,
        0.2506,
        0.2692,
        0.0629,
        0.399,
        0.0629,
        0.2939,
        0.1785,
        0.1978,
        0.1652,
        0.2244
      ],
      [
        0.0773,
        0.0773,
        0.1947,
        0.0231,
        0.0594,
        0.7182,
        0.571,
        0.3445,
        0.2082,
        0.1348,
        0.2915,
        0.0231,
        0.3593,
        0.2399,
        0.1889,
        0.1327,
        0.0231,
        0.1105,
        1.0,
        0.315,
        0.071,
        -0.0262,
        0.2246,
        0.0231,
        0.0298,
        0.1233,
        0.1255,
        0.1171,
        0.5423,
        0.1253,
        0.0409,
        0.2848,
        0.1048,
        0.2189,
        0.0231,
        0.0773,
        0.0231,
        0.0993,
        0.2725,
        0.3582,
        0.2626,
        0.1304
      ],
      [
        0.1641,
        0.1641,
        0.2389,
        0.0521,
        0.0228,
        0.4207,
        0.5519,
        0.3466,
        0.3496,
        0.5658,
        0.5582,
        0.0521,
        0.4929,
        0.4275,
        0.0962,
        0.6275,
        0.0521,
        0.1608,
        0.315,
        1.0,
        0.1526,
        -0.0374,
        0.3654,
        0.0521,
        -0.0006,
        0.3896,
        0.142,
        0.027,
        0.5501,
        0.1884,
        0.0726,
        0.6138,
        0.0603,
        0.3832,
        0.0521,
        0.1641,
        0.0521,
        0.0522,
        0.3631,
        0.5869,
        0.5692,
        0.2018
      ],
      [
        0.5858,
        0.5858,
        0.3619,
        0.0848,
        0.3439,
        0.1128,
        0.1243,
        0.1482,
        0.3259,
        0.1713,
        0.1117,
        0.0848,
        0.2648,
        0.3353,
        0.098,
        0.1366,
        0.0848,
        0.3821,
        0.071,
        0.1526,
        1.0,
        0.3962,
        0.246,
        0.0848,
        0.2977,
        0.1958,
        0.3973,
        0.3855,
        0.1649,
        0.3183,
        0.5559,
        0.1261,
        0.3513,
        0.3392,
        0.0848,
        0.5858,
        0.0848,
        0.4243,
        0.195,
        0.1931,
        0.1668,
        0.2933
      ],
      [
        0.4254,
        0.4254,
        0.2719,
        0.0563,
        0.1866,
        -0.0712,
        -0.0097,
        0.1865,
        0.2076,
        -0.1005,
        -0.0723,
        0.0563,
        0.1091,
        0.171,
        0.0966,
        0.0433,
        0.0563,
        0.2601,
        -0.0262,
        -0.0374,
        0.3962,
        1.0,
        0.1178,
        0.0563,
        0.2262,
        -0.033,
        0.267,
        0.3726,
        0.0181,
        0.2667,
        0.4239,
        -0.1098,
        0.3301,
        0.1907,
        0.0563,
        0.4254,
        0.0563,
        0.3582,
        0.0596,
        -0.0067,
        -0.0813,
        0.234
      ],
      [
        0.2627,
        0.2627,
        0.2471,
        0.0521,
        0.1161,
        0.2936,
        0.3504,
        0.2683,
        0.2815,
        0.2921,
        0.3041,
        0.0521,
        0.3426,
        0.3181,
        0.1105,
        0.3083,
        0.0521,
        0.2004,
        0.2246,
        0.3654,
        0.246,
        0.1178,
        1.0,
        0.0521,
        0.0947,
        0.2306,
        0.1994,
        0.1592,
        0.358,
        0.2054,
        0.2116,
        0.3246,
        0.1609,
        0.2985,
        0.0521,
        0.2627,
        0.0521,
        0.1736,
        0.2499,
        0.3512,
        0.3147,
        0.2027
      ],
      [
        0.0872,
        0.0872,
        0.0717,
        0.0163,
        0.0529,
        0.027,
        0.0565,
        0.0609,
        0.0728,
        0.0547,
        0.0574,
        0.0163,
        0.0775,
        0.0783,
        0.0071,
        0.0276,
        0.0163,
        0.0629,
        0.0231,
        0.0521,
        0.0848,
        0.0563,
        0.0521,
        1.0,
        0.0366,
        0.0563,
        0.0626,
        0.0575,
        0.0628,
        0.0616,
        0.0803,
        0.0591,
        0.0574,
        0.0758,
        0.0163,
        0.0872,
        0.0163,
        0.0614,
        0.0557,
        0.0701,
        0.0618,
        0.0607
      ],
      [
        0.3223,
        0.3223,
        0.1561,
        0.0366,
        0.196,
        0.0645,
        -0.0224,
        -0.0258,
        0.1141,
        -0.0031,
        -0.054,
        0.0366,
        0.0449,
        0.1058,
        0.0562,
        0.0455,
        0.0366,
        0.1993,
        0.0298,
        -0.0006,
        0.2977,
        0.2262,
        0.0947,
        0.0366,
        1.0,
        0.0247,
        0.2139,
        0.221,
        -0.0016,
        0.1376,
        0.3152,
        -0.0478,
        0.1855,
        0.1175,
        0.0366,
        0.3223,
        0.0366,
        0.245,
        0.0383,
        -0.0062,
        -0.0159,
        0.117
      ],
      [
        0.1928,
        0.1928,
        0.1901,
        0.0563,
        0.1827,
        0.2115,
        0.3569,
        0.1848,
        0.2771,
        0.5796,
        0.4883,
        0.0563,
        0.4121,
        0.3732,
        0.054,
        0.1001,
        0.0563,
        0.1627,
        0.1233,
        0.3896,
        0.1958,
        -0.033,
        0.2306,
        0.0563,
        0.0247,
        1.0,
        0.1678,
        -0.029,
        0.3763,
        0.1316,
        0.1364,
        0.5632,
        0.0243,
        0.3286,
        0.0563,
        0.1928,
        0.0563,
        0.0409,
        0.3188,
        0.4942,
        0.5624,
        0.1571
      ],
      [
        0.4223,
        0.4223,
        0.2758,
        0.0626,
        0.2594,
        0.1827,
        0.1628,
        0.1383,
        0.253,
        0.1508,
        0.1213,
        0.0626,
        0.2341,
        0.2675,
        0.1004,
        0.0883,
        0.0626,
        0.2829,
        0.1255,
        0.142,
        0.3973,
        0.267,
        0.1994,
        0.0626,
        0.2139,
        0.1678,
        1.0,
        0.2778,
        0.1879,
        0.2338,
        0.3966,
        0.1344,
        0.2536,
        0.2663,
        0.0626,
        0.4223,
        0.0626,
        0.3076,
        0.1755,
        0.1862,
        0.1624,
        0.2181
      ],
      [
        0.4105,
        0.4105,
        0.3056,
        0.0575,
        0.1927,
        0.106,
        0.1237,
        0.2561,
        0.2417,
        -0.1019,
        -0.016,
        0.0575,
        0.18,
        0.2071,
        0.0931,
        0.0716,
        0.0575,
        0.2719,
        0.1171,
        0.027,
        0.3855,
        0.3726,
        0.1592,
        0.0575,
        0.221,
        -0.029,
        0.2778,
        1.0,
        0.1426,
        0.2828,
        0.4059,
        -0.0606,
        0.3447,
        0.2241,
        0.0575,
        0.4105,
        0.0575,
        0.3659,
        0.1147,
        0.0654,
        -0.0402,
        0.2539
      ],
      [
        0.1626,
        0.1626,
        0.3557,
        0.0628,
        0.0784,
        0.6586,
        0.7977,
        0.6543,
        0.4262,
        0.4263,
        0.6099,
        0.0628,
        0.6552,
        0.4949,
        0.2049,
        0.2279,
        0.0628,
        0.1883,
        0.5423,
        0.5501,
        0.1649,
        0.0181,
        0.358,
        0.0628,
        -0.0016,
        0.3763,
        0.1879,
        0.1426,
        1.0,
        0.2728,
        0.0967,
        0.6099,
        0.1737,
        0.4487,
        0.0628,
        0.1626,
        0.0628,
        0.1241,
        0.473,
        0.674,
        0.5684,
        0.2916
      ],
      [
        0.3333,
        0.3333,
        0.3054,
        0.0616,
        0.1442,
        0.1168,
        0.2561,
        0.3548,
        0.2966,
        0.1135,
        0.1882,
        0.0616,
        0.3092,
        0.2983,
        0.0969,
        0.1379,
        0.0616,
        0.236,
        0.1253,
        0.1884,
        0.3183,
        0.2667,
        0.2054,
        0.0616,
        0.1376,
        0.1316,
        0.2338,
        0.2828,
