{
  "_meta": {
    "generated": "2026-04-20T09:36:38",
    "portfolio_generated": "2026-04-20T09:32:47.073018",
    "n_assets": 45,
    "n_with_returns": 30,
    "covariance_method": "hybrid_shrunk",
    "condition_number": 422.53,
    "pca_factors": 4
  },
  "profiles": {
    "Agressif": {
      "n_assets": 17,
      "weighted_avg_correlation": 0.2461,
      "most_correlated": [
        {
          "t1": "COPX",
          "t2": "PICK",
          "corr": 0.8159,
          "w1": 6.6,
          "w2": 5.8,
          "combined_weight": 12.5
        },
        {
          "t1": "PICK",
          "t2": "FCX",
          "corr": 0.689,
          "w1": 5.8,
          "w2": 3.3,
          "combined_weight": 9.1
        },
        {
          "t1": "GDE",
          "t2": "COPX",
          "corr": 0.6836,
          "w1": 8.9,
          "w2": 6.6,
          "combined_weight": 15.6
        },
        {
          "t1": "GDE",
          "t2": "PICK",
          "corr": 0.6736,
          "w1": 8.9,
          "w2": 5.8,
          "combined_weight": 14.7
        },
        {
          "t1": "URA",
          "t2": "COPX",
          "corr": 0.6734,
          "w1": 2.7,
          "w2": 6.6,
          "combined_weight": 9.3
        },
        {
          "t1": "URA",
          "t2": "PICK",
          "corr": 0.6719,
          "w1": 2.7,
          "w2": 5.8,
          "combined_weight": 8.5
        },
        {
          "t1": "COPX",
          "t2": "FCX",
          "corr": 0.6694,
          "w1": 6.6,
          "w2": 3.3,
          "combined_weight": 10.0
        },
        {
          "t1": "SOXX",
          "t2": "PICK",
          "corr": 0.6638,
          "w1": 5.8,
          "w2": 5.8,
          "combined_weight": 11.6
        },
        {
          "t1": "CDE",
          "t2": "GLD",
          "corr": 0.6609,
          "w1": 6.7,
          "w2": 7.4,
          "combined_weight": 14.1
        },
        {
          "t1": "FLKR",
          "t2": "PICK",
          "corr": 0.6558,
          "w1": 7.8,
          "w2": 5.8,
          "combined_weight": 13.6
        }
      ],
      "least_correlated": [
        {
          "t1": "GALP",
          "t2": "FLKR",
          "corr": -0.0248,
          "w1": 6.8,
          "w2": 7.8,
          "combined_weight": 14.7
        },
        {
          "t1": "GALP",
          "t2": "PICK",
          "corr": -0.0318,
          "w1": 6.8,
          "w2": 5.8,
          "combined_weight": 12.6
        },
        {
          "t1": "GALP",
          "t2": "GLD",
          "corr": -0.0318,
          "w1": 6.8,
          "w2": 7.4,
          "combined_weight": 14.2
        },
        {
          "t1": "URA",
          "t2": "GALP",
          "corr": -0.071,
          "w1": 2.7,
          "w2": 6.8,
          "combined_weight": 9.5
        },
        {
          "t1": "GALP",
          "t2": "COPX",
          "corr": -0.0732,
          "w1": 6.8,
          "w2": 6.6,
          "combined_weight": 13.5
        }
      ],
      "high_corr_high_weight": [
        {
          "t1": "COPX",
          "t2": "PICK",
          "corr": 0.8159,
          "w1": 6.6,
          "w2": 5.8,
          "combined_weight": 12.5
        }
      ]
    },
    "Mod\u00e9r\u00e9": {
      "n_assets": 19,
      "weighted_avg_correlation": 0.1847,
      "most_correlated": [
        {
          "t1": "FNDF",
          "t2": "VSS",
          "corr": 0.6319,
          "w1": 7.2,
          "w2": 6.0,
          "combined_weight": 13.2
        },
        {
          "t1": "RIO",
          "t2": "VSS",
          "corr": 0.5889,
          "w1": 5.0,
          "w2": 6.0,
          "combined_weight": 11.0
        },
        {
          "t1": "FNDF",
          "t2": "RIO",
          "corr": 0.5616,
          "w1": 7.2,
          "w2": 5.0,
          "combined_weight": 12.2
        },
        {
          "t1": "FDVV",
          "t2": "VSS",
          "corr": 0.5402,
          "w1": 7.2,
          "w2": 6.0,
          "combined_weight": 13.2
        },
        {
          "t1": "FNDF",
          "t2": "FDVV",
          "corr": 0.5303,
          "w1": 7.2,
          "w2": 7.2,
          "combined_weight": 14.3
        },
        {
          "t1": "CUMMINSIND",
          "t2": "EICHERMOT",
          "corr": 0.5166,
          "w1": 5.0,
          "w2": 5.0,
          "combined_weight": 10.0
        },
        {
          "t1": "FDVV",
          "t2": "RIO",
          "corr": 0.4801,
          "w1": 7.2,
          "w2": 5.0,
          "combined_weight": 12.2
        },
        {
          "t1": "KO",
          "t2": "CUMMINSIND",
          "corr": 0.4217,
          "w1": 8.0,
          "w2": 5.0,
          "combined_weight": 13.0
        },
        {
          "t1": "KO",
          "t2": "EICHERMOT",
          "corr": 0.4217,
          "w1": 8.0,
          "w2": 5.0,
          "combined_weight": 13.0
        },
        {
          "t1": "SCHD",
          "t2": "FNDF",
          "corr": 0.3775,
          "w1": 8.2,
          "w2": 7.2,
          "combined_weight": 15.3
        }
      ],
      "least_correlated": [
        {
          "t1": "GTIP",
          "t2": "USFR",
          "corr": 0.0185,
          "w1": 8.2,
          "w2": 8.2,
          "combined_weight": 16.3
        },
        {
          "t1": "ITX",
          "t2": "GLD",
          "corr": 0.0146,
          "w1": 3.0,
          "w2": 3.0,
          "combined_weight": 6.0
        },
        {
          "t1": "NOVN",
          "t2": "GLD",
          "corr": 0.0062,
          "w1": 3.0,
          "w2": 3.0,
          "combined_weight": 6.0
        },
        {
          "t1": "CABK",
          "t2": "GLD",
          "corr": -0.0165,
          "w1": 4.0,
          "w2": 3.0,
          "combined_weight": 7.0
        },
        {
          "t1": "KO",
          "t2": "GLD",
          "corr": -0.0546,
          "w1": 8.0,
          "w2": 3.0,
          "combined_weight": 11.0
        }
      ],
      "high_corr_high_weight": []
    },
    "Stable": {
      "n_assets": 13,
      "weighted_avg_correlation": 0.1,
      "most_correlated": [
        {
          "t1": "ACWV",
          "t2": "SPYV",
          "corr": 0.3454,
          "w1": 9.2,
          "w2": 7.9,
          "combined_weight": 17.1
        },
        {
          "t1": "HEN",
          "t2": "CIPLA",
          "corr": 0.3049,
          "w1": 7.3,
          "w2": 7.3,
          "combined_weight": 14.6
        },
        {
          "t1": "SPYV",
          "t2": "XLV",
          "corr": 0.2978,
          "w1": 7.9,
          "w2": 3.2,
          "combined_weight": 11.1
        },
        {
          "t1": "SPYV",
          "t2": "CS",
          "corr": 0.2863,
          "w1": 7.9,
          "w2": 7.3,
          "combined_weight": 15.2
        },
        {
          "t1": "SHEL",
          "t2": "HEN",
          "corr": 0.2808,
          "w1": 7.5,
          "w2": 7.3,
          "combined_weight": 14.8
        },
        {
          "t1": "CS",
          "t2": "GLD",
          "corr": 0.2625,
          "w1": 7.3,
          "w2": 3.1,
          "combined_weight": 10.5
        },
        {
          "t1": "SHEL",
          "t2": "SPYV",
          "corr": 0.2543,
          "w1": 7.5,
          "w2": 7.9,
          "combined_weight": 15.4
        },
        {
          "t1": "ACWV",
          "t2": "CS",
          "corr": 0.2534,
          "w1": 9.2,
          "w2": 7.3,
          "combined_weight": 16.5
        },
        {
          "t1": "ACWV",
          "t2": "SHEL",
          "corr": 0.2496,
          "w1": 9.2,
          "w2": 7.5,
          "combined_weight": 16.7
        },
        {
          "t1": "ACWV",
          "t2": "XLV",
          "corr": 0.2478,
          "w1": 9.2,
          "w2": 3.2,
          "combined_weight": 12.4
        }
      ],
      "least_correlated": [
        {
          "t1": "CLTL",
          "t2": "VGSH",
          "corr": 0.0185,
          "w1": 10.6,
          "w2": 3.7,
          "combined_weight": 14.3
        },
        {
          "t1": "CLTL",
          "t2": "VCIT",
          "corr": 0.0185,
          "w1": 10.6,
          "w2": 13.0,
          "combined_weight": 23.6
        },
        {
          "t1": "VGSH",
          "t2": "VCIT",
          "corr": 0.0185,
          "w1": 3.7,
          "w2": 13.0,
          "combined_weight": 16.7
        },
        {
          "t1": "CS",
          "t2": "CIPLA",
          "corr": 0.0111,
          "w1": 7.3,
          "w2": 7.3,
          "combined_weight": 14.6
        },
        {
          "t1": "CIPLA",
          "t2": "GLD",
          "corr": -0.0364,
          "w1": 7.3,
          "w2": 3.1,
          "combined_weight": 10.5
        }
      ],
      "high_corr_high_weight": []
    }
  },
  "all_pairs_top_30": [
    {
      "t1": "COPX",
      "t2": "PICK",
      "corr_hybrid": 0.8159,
      "corr_structured": 0.2,
      "cat1": "ETF",
      "cat2": "ETF",
      "exp1": "copper",
      "exp2": "metals_mining",
      "fam1": "commodities",
      "fam2": null
    },
    {
      "t1": "PICK",
      "t2": "VSS",
      "corr_hybrid": 0.7187,
      "corr_structured": 0.2,
      "cat1": "ETF",
      "cat2": "ETF",
      "exp1": "metals_mining",
      "exp2": "intl_small_cap",
      "fam1": null,
      "fam2": null
    },
    {
      "t1": "COPX",
      "t2": "VSS",
      "corr_hybrid": 0.6943,
      "corr_structured": 0.2,
      "cat1": "ETF",
      "cat2": "ETF",
      "exp1": "copper",
      "exp2": "intl_small_cap",
      "fam1": "commodities",
      "fam2": null
    },
    {
      "t1": "FCX",
      "t2": "PICK",
      "corr_hybrid": 0.689,
      "corr_structured": null,
      "cat1": "Act",
      "cat2": "ETF",
      "exp1": null,
      "exp2": "metals_mining",
      "fam1": null,
      "fam2": null
    },
    {
      "t1": "COPX",
      "t2": "GDE",
      "corr_hybrid": 0.6836,
      "corr_structured": 0.2,
      "cat1": "ETF",
      "cat2": "ETF",
      "exp1": "copper",
      "exp2": "gold_leveraged",
      "fam1": "commodities",
      "fam2": null
    },
    {
      "t1": "FNDF",
      "t2": "PICK",
      "corr_hybrid": 0.6757,
      "corr_structured": 0.2,
      "cat1": "ETF",
      "cat2": "ETF",
      "exp1": "international",
      "exp2": "metals_mining",
      "fam1": "intl_equity",
      "fam2": null
    },
    {
      "t1": "GDE",
      "t2": "PICK",
      "corr_hybrid": 0.6736,
      "corr_structured": 0.2,
      "cat1": "ETF",
      "cat2": "ETF",
      "exp1": "gold_leveraged",
      "exp2": "metals_mining",
      "fam1": null,
      "fam2": null
    },
    {
      "t1": "COPX",
      "t2": "URA",
      "corr_hybrid": 0.6734,
      "corr_structured": 0.9,
      "cat1": "ETF",
      "cat2": "ETF",
      "exp1": "copper",
      "exp2": "uranium",
      "fam1": "commodities",
      "fam2": "commodities"
    },
    {
      "t1": "PICK",
      "t2": "URA",
      "corr_hybrid": 0.6719,
      "corr_structured": 0.2,
      "cat1": "ETF",
      "cat2": "ETF",
      "exp1": "metals_mining",
      "exp2": "uranium",
      "fam1": null,
      "fam2": "commodities"
    },
    {
      "t1": "COPX",
      "t2": "FCX",
      "corr_hybrid": 0.6694,
      "corr_structured": null,
      "cat1": "ETF",
      "cat2": "Act",
      "exp1": "copper",
      "exp2": null,
      "fam1": "commodities",
      "fam2": null
    },
    {
      "t1": "PICK",
      "t2": "SOXX",
      "corr_hybrid": 0.6638,
      "corr_structured": 0.2,
      "cat1": "ETF",
      "cat2": "ETF",
      "exp1": "metals_mining",
      "exp2": "semiconductor",
      "fam1": null,
      "fam2": "sector_tech"
    },
    {
      "t1": "CDE",
      "t2": "GLD",
      "corr_hybrid": 0.6609,
      "corr_structured": null,
      "cat1": "Act",
      "cat2": "ETF",
      "exp1": null,
      "exp2": "gold_physical",
      "fam1": null,
      "fam2": "gold"
    },
    {
      "t1": "FLKR",
      "t2": "PICK",
      "corr_hybrid": 0.6558,
      "corr_structured": 0.2,
      "cat1": "ETF",
      "cat2": "ETF",
      "exp1": "south_korea",
      "exp2": "metals_mining",
      "fam1": "em_equity",
      "fam2": null
    },
    {
      "t1": "CDE",
      "t2": "GDE",
      "corr_hybrid": 0.6484,
      "corr_structured": null,
      "cat1": "Act",
      "cat2": "ETF",
      "exp1": null,
      "exp2": "gold_leveraged",
      "fam1": null,
      "fam2": null
    },
    {
      "t1": "COPX",
      "t2": "FNDF",
      "corr_hybrid": 0.6476,
      "corr_structured": 0.2,
      "cat1": "ETF",
      "cat2": "ETF",
      "exp1": "copper",
      "exp2": "international",
      "fam1": "commodities",
      "fam2": "intl_equity"
    },
    {
      "t1": "PICK",
      "t2": "RIO",
      "corr_hybrid": 0.6417,
      "corr_structured": null,
      "cat1": "ETF",
      "cat2": "Act",
      "exp1": "metals_mining",
      "exp2": null,
      "fam1": null,
      "fam2": null
    },
    {
      "t1": "COPX",
      "t2": "SOXX",
      "corr_hybrid": 0.6337,
      "corr_structured": 0.2,
      "cat1": "ETF",
      "cat2": "ETF",
      "exp1": "copper",
      "exp2": "semiconductor",
      "fam1": "commodities",
      "fam2": "sector_tech"
    },
    {
      "t1": "FNDF",
      "t2": "VSS",
      "corr_hybrid": 0.6319,
      "corr_structured": 0.2,
      "cat1": "ETF",
      "cat2": "ETF",
      "exp1": "international",
      "exp2": "intl_small_cap",
      "fam1": "intl_equity",
      "fam2": null
    },
    {
      "t1": "FCX",
      "t2": "VSS",
      "corr_hybrid": 0.6315,
      "corr_structured": null,
      "cat1": "Act",
      "cat2": "ETF",
      "exp1": null,
      "exp2": "intl_small_cap",
      "fam1": null,
      "fam2": null
    },
    {
      "t1": "COPX",
      "t2": "RIO",
      "corr_hybrid": 0.6288,
      "corr_structured": null,
      "cat1": "ETF",
      "cat2": "Act",
      "exp1": "copper",
      "exp2": null,
      "fam1": "commodities",
      "fam2": null
    },
    {
      "t1": "COPX",
      "t2": "FLKR",
      "corr_hybrid": 0.6286,
      "corr_structured": 0.2,
      "cat1": "ETF",
      "cat2": "ETF",
      "exp1": "copper",
      "exp2": "south_korea",
      "fam1": "commodities",
      "fam2": "em_equity"
    },
    {
      "t1": "SOXX",
      "t2": "VSS",
      "corr_hybrid": 0.6143,
      "corr_structured": 0.2,
      "cat1": "ETF",
      "cat2": "ETF",
      "exp1": "semiconductor",
      "exp2": "intl_small_cap",
      "fam1": "sector_tech",
      "fam2": null
    },
    {
      "t1": "FLKR",
      "t2": "SOXX",
      "corr_hybrid": 0.6109,
      "corr_structured": 0.2,
      "cat1": "ETF",
      "cat2": "ETF",
      "exp1": "south_korea",
      "exp2": "semiconductor",
      "fam1": "em_equity",
      "fam2": "sector_tech"
    },
    {
      "t1": "FLKR",
      "t2": "VSS",
      "corr_hybrid": 0.6032,
      "corr_structured": 0.2,
      "cat1": "ETF",
      "cat2": "ETF",
      "exp1": "south_korea",
      "exp2": "intl_small_cap",
      "fam1": "em_equity",
      "fam2": null
    },
    {
      "t1": "COPX",
      "t2": "CS",
      "corr_hybrid": 0.6022,
      "corr_structured": null,
      "cat1": "ETF",
      "cat2": "Act",
      "exp1": "copper",
      "exp2": null,
      "fam1": "commodities",
      "fam2": null
    },
    {
      "t1": "GDE",
      "t2": "URA",
      "corr_hybrid": 0.5988,
      "corr_structured": 0.2,
      "cat1": "ETF",
      "cat2": "ETF",
      "exp1": "gold_leveraged",
      "exp2": "uranium",
      "fam1": null,
      "fam2": "commodities"
    },
    {
      "t1": "FCX",
      "t2": "GDE",
      "corr_hybrid": 0.5952,
      "corr_structured": null,
      "cat1": "Act",
      "cat2": "ETF",
      "exp1": null,
      "exp2": "gold_leveraged",
      "fam1": null,
      "fam2": null
    },
    {
      "t1": "RIO",
      "t2": "VSS",
      "corr_hybrid": 0.5889,
      "corr_structured": null,
      "cat1": "Act",
      "cat2": "ETF",
      "exp1": null,
      "exp2": "intl_small_cap",
      "fam1": null,
      "fam2": null
    },
    {
      "t1": "FCX",
      "t2": "SOXX",
      "corr_hybrid": 0.5866,
      "corr_structured": null,
      "cat1": "Act",
      "cat2": "ETF",
      "exp1": null,
      "exp2": "semiconductor",
      "fam1": null,
      "fam2": "sector_tech"
    },
    {
      "t1": "FCX",
      "t2": "URA",
      "corr_hybrid": 0.5854,
      "corr_structured": null,
      "cat1": "Act",
      "cat2": "ETF",
      "exp1": null,
      "exp2": "uranium",
      "fam1": null,
      "fam2": "commodities"
    }
  ],
  "all_pairs_bottom_10": [
    {
      "t1": "CDE",
      "t2": "FLTR",
      "corr_hybrid": 0.0104,
      "corr_structured": null,
      "cat1": "Act",
      "cat2": "Obl",
      "exp1": null,
      "exp2": null,
      "fam1": null,
      "fam2": null
    },
    {
      "t1": "CDE",
      "t2": "GTIP",
      "corr_hybrid": 0.0104,
      "corr_structured": null,
      "cat1": "Act",
      "cat2": "Obl",
      "exp1": null,
      "exp2": null,
      "fam1": null,
      "fam2": null
    },
    {
      "t1": "CDE",
      "t2": "PAAA",
      "corr_hybrid": 0.0104,
      "corr_structured": null,
      "cat1": "Act",
      "cat2": "Obl",
      "exp1": null,
      "exp2": "bonds_clo_aaa",
      "fam1": null,
      "fam2": "bonds_short"
    },
    {
      "t1": "CDE",
      "t2": "STIP",
      "corr_hybrid": 0.0104,
      "corr_structured": null,
      "cat1": "Act",
      "cat2": "Obl",
      "exp1": null,
      "exp2": "bonds_tips",
      "fam1": null,
      "fam2": "bonds_gov"
    },
    {
      "t1": "CDE",
      "t2": "USFR",
      "corr_hybrid": 0.0104,
      "corr_structured": null,
      "cat1": "Act",
      "cat2": "Obl",
      "exp1": null,
      "exp2": "us_equity",
      "fam1": null,
      "fam2": "us_equity_large"
    },
    {
      "t1": "CDE",
      "t2": "VCIT",
      "corr_hybrid": 0.0104,
      "corr_structured": null,
      "cat1": "Act",
      "cat2": "Obl",
      "exp1": null,
      "exp2": "bonds_intermediate_corp",
      "fam1": null,
      "fam2": "bonds_credit"
    },
    {
      "t1": "CDE",
      "t2": "VGSH",
      "corr_hybrid": 0.0104,
      "corr_structured": null,
      "cat1": "Act",
      "cat2": "Obl",
      "exp1": null,
      "exp2": "bonds_short_treasury",
      "fam1": null,
      "fam2": "bonds_short"
    },
    {
      "t1": "GLD",
      "t2": "NOVN",
      "corr_hybrid": 0.0062,
      "corr_structured": null,
      "cat1": "ETF",
      "cat2": "Act",
      "exp1": "gold_physical",
      "exp2": null,
      "fam1": "gold",
      "fam2": null
    },
    {
      "t1": "ITX",
      "t2": "URA",
      "corr_hybrid": 0.0033,
      "corr_structured": null,
      "cat1": "Act",
      "cat2": "ETF",
      "exp1": null,
      "exp2": "uranium",
      "fam1": null,
      "fam2": "commodities"
    },
    {
      "t1": "CABK",
      "t2": "COPX",
      "corr_hybrid": -0.0009,
      "corr_structured": null,
      "cat1": "Act",
      "cat2": "ETF",
      "exp1": null,
      "exp2": "copper",
      "fam1": null,
      "fam2": "commodities"
    }
  ],
  "correlation_matrix": {
    "tickers": [
      "068270",
      "2059",
      "2345",
      "ACWV",
      "AGS",
      "BCH/USD",
      "BSV",
      "CABK",
      "CDE",
      "CIPLA",
      "CLTL",
      "COPX",
      "CS",
      "CUMMINSIND",
      "EICHERMOT",
      "FCX",
      "FDVV",
      "FLKR",
      "FLTR",
      "FNDF",
      "GALP",
      "GDE",
      "GLD",
      "GTIP",
      "HEN",
      "ITX",
      "KO",
      "LI",
      "NOVN",
      "PAAA",
      "PICK",
      "RIO",
      "SCHD",
      "SHEL",
      "SOXX",
      "SPLV",
      "SPYV",
      "STIP",
      "URA",
      "USFR",
      "VCIT",
      "VGSH",
      "VSS",
      "XBI",
      "XLV"
    ],
    "matrix": [
      [
        1.0,
        0.5166,
        0.5166,
        0.305,
        0.3327,
        0.5166,
        0.0683,
        0.323,
        0.1374,
        0.3444,
        0.0683,
        0.1357,
        0.1773,
        0.5166,
        0.5166,
        0.2157,
        0.2881,
        0.1061,
        0.0683,
        0.2537,
        0.3026,
        0.1427,
        0.0936,
        0.0683,
        0.4363,
        0.302,
        0.4217,
        0.2448,
        0.3698,
        0.0683,
        0.1816,
        0.305,
        0.2884,
        0.3438,
        0.1165,
        0.2864,
        0.279,
        0.0683,
        0.0495,
        0.0683,
        0.0683,
        0.0683,
        0.2479,
        0.1583,
        0.2179
      ],
      [
        0.5166,
        1.0,
        0.5166,
        0.305,
        0.3327,
        0.5166,
        0.0683,
        0.323,
        0.1374,
        0.3444,
        0.0683,
        0.1357,
        0.1773,
        0.5166,
        0.5166,
        0.2157,
        0.2881,
        0.1061,
        0.0683,
        0.2537,
        0.3026,
        0.1427,
        0.0936,
        0.0683,
        0.4363,
        0.302,
        0.4217,
        0.2448,
        0.3698,
        0.0683,
        0.1816,
        0.305,
        0.2884,
        0.3438,
        0.1165,
        0.2864,
        0.279,
        0.0683,
        0.0495,
        0.0683,
        0.0683,
        0.0683,
        0.2479,
        0.1583,
        0.2179
      ],
      [
        0.5166,
        0.5166,
        1.0,
        0.305,
        0.3327,
        0.5166,
        0.0683,
        0.323,
        0.1374,
        0.3444,
        0.0683,
        0.1357,
        0.1773,
        0.5166,
        0.5166,
        0.2157,
        0.2881,
        0.1061,
        0.0683,
        0.2537,
        0.3026,
        0.1427,
        0.0936,
        0.0683,
        0.4363,
        0.302,
        0.4217,
        0.2448,
        0.3698,
        0.0683,
        0.1816,
        0.305,
        0.2884,
        0.3438,
        0.1165,
        0.2864,
        0.279,
        0.0683,
        0.0495,
        0.0683,
        0.0683,
        0.0683,
        0.2479,
        0.1583,
        0.2179
      ],
      [
        0.305,
        0.305,
        0.305,
        1.0,
        0.1992,
        0.305,
        0.0705,
        0.1807,
        0.1249,
        0.1514,
        0.0705,
        0.3341,
        0.2534,
        0.305,
        0.305,
        0.3461,
        0.3633,
        0.3202,
        0.0705,
        0.3854,
        0.1396,
        0.2669,
        0.1412,
        0.0705,
        0.2365,
        0.1768,
        0.217,
        0.2353,
        0.2049,
        0.0705,
        0.3717,
        0.3634,
        0.2948,
        0.2496,
        0.327,
        0.2214,
        0.3454,
        0.0705,
        0.2525,
        0.0705,
        0.0705,
        0.0705,
        0.3856,
        0.257,
        0.2478
      ],
      [
        0.3327,
        0.3327,
        0.3327,
        0.1992,
        1.0,
        0.3327,
        0.0404,
        0.1996,
        0.0755,
        0.2185,
        0.0404,
        0.1084,
        0.2187,
        0.3327,
        0.3327,
        0.1272,
        0.1861,
        0.0641,
        0.0404,
        0.1742,
        0.1771,
        0.0819,
        0.0537,
        0.0404,
        0.2788,
        0.1905,
        0.2852,
        0.1566,
        0.2289,
        0.0404,
        0.13,
        0.2102,
        0.189,
        0.229,
        0.0652,
        0.1919,
        0.1781,
        0.0404,
        0.0206,
        0.0404,
        0.0404,
        0.0404,
        0.1611,
        0.1006,
        0.1441
      ],
      [
        0.5166,
        0.5166,
        0.5166,
        0.305,
        0.3327,
        1.0,
        0.0683,
        0.323,
        0.1374,
        0.3444,
        0.0683,
        0.1357,
        0.1773,
        0.5166,
        0.5166,
        0.2157,
        0.2881,
        0.1061,
        0.0683,
        0.2537,
        0.3026,
        0.1427,
        0.0936,
        0.0683,
        0.4363,
        0.302,
        0.4217,
        0.2448,
        0.3698,
        0.0683,
        0.1816,
        0.305,
        0.2884,
        0.3438,
        0.1165,
        0.2864,
        0.279,
        0.0683,
        0.0495,
        0.0683,
        0.0683,
        0.0683,
        0.2479,
        0.1583,
        0.2179
      ],
      [
        0.0683,
        0.0683,
        0.0683,
        0.0705,
        0.0404,
        0.0683,
        1.0,
        0.0452,
        0.0104,
        0.0352,
        0.0185,
        0.0668,
        0.0264,
        0.0683,
        0.0683,
        0.0809,
        0.0872,
        0.0795,
        0.0185,
        0.0885,
        0.0373,
        0.0561,
        0.0217,
        0.0185,
        0.0538,
        0.0422,
        0.0474,
        0.0524,
        0.0501,
        0.0185,
        0.0798,
        0.0771,
        0.0715,
        0.0552,
        0.0823,
        0.0508,
        0.0843,
        0.0185,
        0.0582,
        0.0185,
        0.0185,
        0.0185,
        0.0888,
        0.0625,
        0.0609
      ],
      [
        0.323,
        0.323,
        0.323,
        0.1807,
        0.1996,
        0.323,
        0.0452,
        1.0,
        -0.0215,
        0.2324,
        0.0452,
        -0.0009,
        0.0122,
        0.323,
        0.323,
        0.0868,
        0.1605,
        0.0358,
        0.0452,
        0.1189,
        0.2139,
        0.0171,
        -0.0165,
        0.0452,
        0.2807,
        0.1987,
        0.2774,
        0.1279,
        0.2475,
        0.0452,
        0.041,
        0.1351,
        0.1784,
        0.206,
        0.0436,
        0.1781,
        0.1614,
        0.0452,
        -0.0267,
        0.0452,
        0.0452,
        0.0452,
        0.1081,
        0.0808,
        0.1359
      ],
      [
        0.1374,
        0.1374,
        0.1374,
        0.1249,
        0.0755,
        0.1374,
        0.0104,
        -0.0215,
        1.0,
        -0.0214,
        0.0104,
        0.5816,
        0.2853,
        0.1374,
        0.1374,
        0.4707,
        0.1964,
        0.2506,
        0.0104,
        0.2916,
        -0.0226,
        0.6484,
        0.6609,
        0.0104,
        0.0661,
        0.0201,
        -0.066,
        0.2598,
        0.0153,
        0.0104,
        0.5251,
        0.4301,
        0.0504,
        0.1164,
        0.2713,
        0.0351,
        0.1537,
        0.0104,
        0.5019,
        0.0104,
        0.0104,
        0.0104,
        0.3969,
        0.1663,
        0.0173
      ],
      [
        0.3444,
        0.3444,
        0.3444,
        0.1514,
        0.2185,
        0.3444,
        0.0352,
        0.2324,
        -0.0214,
        1.0,
        0.0352,
        -0.0713,
        0.0111,
        0.3444,
        0.3444,
        0.0172,
        0.1034,
        -0.0529,
        0.0352,
        0.0506,
        0.232,
        -0.0383,
        -0.0364,
        0.0352,
        0.3049,
        0.2092,
        0.3093,
        0.1074,
        0.2626,
        0.0352,
        -0.0358,
        0.0916,
        0.1453,
        0.2066,
        -0.0469,
        0.173,
        0.107,
        0.0352,
        -0.1034,
        0.0352,
        0.0352,
        0.0352,
        0.0362,
        0.0286,
        0.1018
      ],
      [
        0.0683,
        0.0683,
        0.0683,
        0.0705,
        0.0404,
        0.0683,
        0.0185,
        0.0452,
        0.0104,
        0.0352,
        1.0,
        0.0668,
        0.0264,
        0.0683,
        0.0683,
        0.0809,
        0.0872,
        0.0795,
        0.0185,
        0.0885,
        0.0373,
        0.0561,
        0.0217,
        0.0185,
        0.0538,
        0.0422,
        0.0474,
        0.0524,
        0.0501,
        0.0185,
        0.0798,
        0.0771,
        0.0715,
        0.0552,
        0.0823,
        0.0508,
        0.0843,
        0.0185,
        0.0582,
        0.0185,
        0.0185,
        0.0185,
        0.0888,
        0.0625,
        0.0609
      ],
      [
        0.1357,
        0.1357,
        0.1357,
        0.3341,
        0.1084,
        0.1357,
        0.0668,
        -0.0009,
        0.5816,
        -0.0713,
        0.0668,
        1.0,
        0.6022,
        0.1357,
        0.1357,
        0.6694,
        0.5078,
        0.6286,
        0.0668,
        0.6476,
        -0.0732,
        0.6836,
        0.5032,
        0.0668,
        0.0457,
        0.04,
        -0.0215,
        0.3358,
        0.016,
        0.0668,
        0.8159,
        0.6288,
        0.3057,
        0.2032,
        0.6337,
        0.1652,
        0.4578,
        0.0668,
        0.6734,
        0.0668,
        0.0668,
        0.0668,
        0.6943,
        0.4163,
        0.2703
      ],
      [
        0.1773,
        0.1773,
        0.1773,
        0.2534,
        0.2187,
        0.1773,
        0.0264,
        0.0122,
        0.2853,
        0.0111,
        0.0264,
        0.6022,
        1.0,
        0.1773,
        0.1773,
        0.3335,
        0.3285,
        0.3277,
        0.0264,
        0.4585,
        -0.0858,
        0.3436,
        0.2625,
        0.0264,
        0.0996,
        0.0568,
        0.1525,
        0.2243,
        0.0261,
        0.0264,
        0.5538,
        0.4828,
        0.2356,
        0.2225,
        0.2996,
        0.1878,
        0.2863,
        0.0264,
        0.3068,
        0.0264,
        0.0264,
        0.0264,
        0.4296,
        0.2432,
        0.205
      ],
      [
        0.5166,
        0.5166,
        0.5166,
        0.305,
        0.3327,
        0.5166,
        0.0683,
        0.323,
        0.1374,
        0.3444,
        0.0683,
        0.1357,
        0.1773,
        1.0,
        0.5166,
        0.2157,
        0.2881,
        0.1061,
        0.0683,
        0.2537,
        0.3026,
        0.1427,
        0.0936,
        0.0683,
        0.4363,
        0.302,
        0.4217,
        0.2448,
        0.3698,
        0.0683,
        0.1816,
        0.305,
        0.2884,
        0.3438,
        0.1165,
        0.2864,
        0.279,
        0.0683,
        0.0495,
        0.0683,
        0.0683,
        0.0683,
        0.2479,
        0.1583,
        0.2179
      ],
      [
        0.5166,
        0.5166,
        0.5166,
        0.305,
        0.3327,
        0.5166,
        0.0683,
        0.323,
        0.1374,
        0.3444,
        0.0683,
        0.1357,
        0.1773,
        0.5166,
        1.0,
        0.2157,
        0.2881,
        0.1061,
        0.0683,
        0.2537,
        0.3026,
        0.1427,
        0.0936,
        0.0683,
        0.4363,
        0.302,
        0.4217,
        0.2448,
        0.3698,
        0.0683,
        0.1816,
        0.305,
        0.2884,
        0.3438,
        0.1165,
        0.2864,
        0.279,
        0.0683,
        0.0495,
        0.0683,
        0.0683,
        0.0683,
        0.2479,
        0.1583,
        0.2179
      ],
      [
        0.2157,
        0.2157,
        0.2157,
        0.3461,
        0.1272,
        0.2157,
        0.0809,
        0.0868,
        0.4707,
        0.0172,
        0.0809,
        0.6694,
        0.3335,
        0.2157,
        0.2157,
        1.0,
        0.496,
        0.5706,
        0.0809,
        0.5833,
        0.0367,
        0.5952,
        0.4135,
        0.0809,
        0.13,
        0.1057,
        0.0484,
        0.3278,
        0.1096,
        0.0809,
        0.689,
        0.5552,
        0.3243,
        0.2271,
        0.5866,
        0.1901,
        0.4582,
        0.0809,
        0.5854,
        0.0809,
        0.0809,
        0.0809,
        0.6315,
        0.3933,
        0.2802
      ],
      [
        0.2881,
        0.2881,
        0.2881,
        0.3633,
        0.1861,
        0.2881,
        0.0872,
        0.1605,
        0.1964,
        0.1034,
        0.0872,
        0.5078,
        0.3285,
        0.2881,
        0.2881,
        0.496,
        1.0,
        0.4864,
        0.0872,
        0.5303,
        0.1045,
        0.4063,
        0.2234,
        0.0872,
        0.2073,
        0.1639,
        0.172,
        0.2928,
        0.1825,
        0.0872,
        0.5486,
        0.4801,
        0.3597,
        0.2666,
        0.4953,
        0.2405,
        0.4514,
        0.0872,
        0.4141,
        0.0872,
        0.0872,
        0.0872,
        0.5402,
        0.3585,
        0.3109
      ],
      [
        0.1061,
        0.1061,
        0.1061,
        0.3202,
        0.0641,
        0.1061,
        0.0795,
        0.0358,
        0.2506,
        -0.0529,
        0.0795,
        0.6286,
        0.3277,
        0.1061,
        0.1061,
        0.5706,
        0.4864,
        1.0,
        0.0795,
        0.5777,
        -0.0248,
        0.503,
        0.2881,
        0.0795,
        0.0393,
        0.0533,
        -0.0119,
        0.2696,
        0.0417,
        0.0795,
        0.6558,
        0.4913,
        0.3196,
        0.1692,
        0.6109,
        0.161,
        0.4538,
        0.0795,
        0.5555,
        0.0795,
        0.0795,
        0.0795,
        0.6032,
        0.398,
        0.2915
      ],
      [
        0.0683,
        0.0683,
        0.0683,
        0.0705,
        0.0404,
        0.0683,
        0.0185,
        0.0452,
        0.0104,
        0.0352,
        0.0185,
        0.0668,
        0.0264,
        0.0683,
        0.0683,
        0.0809,
        0.0872,
        0.0795,
        1.0,
        0.0885,
        0.0373,
        0.0561,
        0.0217,
        0.0185,
        0.0538,
        0.0422,
        0.0474,
        0.0524,
        0.0501,
        0.0185,
        0.0798,
        0.0771,
        0.0715,
        0.0552,
        0.0823,
        0.0508,
        0.0843,
        0.0185,
        0.0582,
        0.0185,
        0.0185,
        0.0185,
        0.0888,
        0.0625,
        0.0609
      ],
      [
        0.2537,
        0.2537,
        0.2537,
        0.3854,
        0.1742,
        0.2537,
        0.0885,
        0.1189,
        0.2916,
        0.0506,
        0.0885,
        0.6476,
        0.4585,
        0.2537,
        0.2537,
        0.5833,
        0.5303,
        0.5777,
        0.0885,
        1.0,
        0.0494,
        0.5096,
        0.3059,
        0.0885,
        0.1651,
        0.1342,
        0.1249,
        0.3238,
        0.1387,
        0.0885,
        0.6757,
        0.5616,
        0.3775,
        0.2657,
        0.5841,
        0.238,
        0.4946,
        0.0885,
        0.5222,
        0.0885,
        0.0885,
        0.0885,
        0.6319,
        0.4094,
        0.3306
      ],
      [
        0.3026,
        0.3026,
        0.3026,
        0.1396,
        0.1771,
        0.3026,
        0.0373,
        0.2139,
        -0.0226,
        0.232,
        0.0373,
        -0.0732,
        -0.0858,
        0.3026,
        0.3026,
        0.0367,
        0.1045,
        -0.0248,
        0.0373,
        0.0494,
        1.0,
        -0.0211,
        -0.0318,
        0.0373,
        0.2693,
        0.189,
        0.2593,
        0.0991,
        0.2406,
        0.0373,
        -0.0318,
        0.0752,
        0.1358,
        0.1775,
        -0.0143,
        0.1501,
        0.1096,
        0.0373,
        -0.071,
        0.0373,
        0.0373,
        0.0373,
        0.0439,
        0.0379,
        0.097
      ],
      [
        0.1427,
        0.1427,
        0.1427,
        0.2669,
        0.0819,
        0.1427,
        0.0561,
        0.0171,
        0.6484,
        -0.0383,
        0.0561,
        0.6836,
        0.3436,
        0.1427,
        0.1427,
        0.5952,
        0.4063,
        0.503,
        0.0561,
        0.5096,
        -0.0211,
        1.0,
        0.5114,
        0.0561,
        0.0643,
        0.0481,
        -0.0347,
        0.3018,
        0.0399,
        0.0561,
        0.6736,
        0.5253,
        0.2291,
        0.1686,
        0.5194,
        0.1221,
        0.3646,
        0.0561,
        0.5988,
        0.0561,
        0.0561,
        0.0561,
        0.5785,
        0.3341,
        0.1939
      ],
      [
        0.0936,
        0.0936,
        0.0936,
        0.1412,
        0.0537,
        0.0936,
        0.0217,
        -0.0165,
        0.6609,
        -0.0364,
        0.0217,
        0.5032,
        0.2625,
        0.0936,
        0.0936,
        0.4135,
        0.2234,
        0.2881,
        0.0217,
        0.3059,
        -0.0318,
        0.5114,
        1.0,
        0.0217,
        0.0363,
        0.0146,
        -0.0546,
        0.215,
        0.0062,
        0.0217,
        0.4715,
        0.3715,
        0.0952,
        0.1013,
        0.3018,
        0.0506,
        0.1894,
        0.0217,
        0.4347,
        0.0217,
        0.0217,
        0.0217,
        0.376,
        0.1884,
        0.0705
      ],
      [
        0.0683,
        0.0683,
        0.0683,
        0.0705,
        0.0404,
        0.0683,
        0.0185,
        0.0452,
        0.0104,
        0.0352,
        0.0185,
        0.0668,
        0.0264,
        0.0683,
        0.0683,
        0.0809,
        0.0872,
        0.0795,
        0.0185,
        0.0885,
        0.0373,
        0.0561,
        0.0217,
        1.0,
        0.0538,
        0.0422,
        0.0474,
        0.0524,
        0.0501,
        0.0185,
        0.0798,
        0.0771,
        0.0715,
        0.0552,
        0.0823,
        0.0508,
        0.0843,
        0.0185,
        0.0582,
        0.0185,
        0.0185,
        0.0185,
        0.0888,
        0.0625,
        0.0609
      ],
      [
        0.4363,
        0.4363,
        0.4363,
        0.2365,
        0.2788,
        0.4363,
        0.0538,
        0.2807,
        0.0661,
        0.3049,
        0.0538,
        0.0457,
        0.0996,
        0.4363,
        0.4363,
        0.13,
        0.2073,
        0.0393,
        0.0538,
        0.1651,
        0.2693,
        0.0643,
        0.0363,
        0.0538,
        1.0,
        0.2588,
        0.3676,
        0.1835,
        0.3198,
        0.0538,
        0.0873,
        0.2102,
        0.2249,
        0.2808,
        0.0479,
        0.2346,
        0.2038,
        0.0538,
        -0.0148,
        0.0538,
        0.0538,
        0.0538,
        0.1559,
        0.1024,
        0.1668
      ],
      [
        0.302,
        0.302,
        0.302,
        0.1768,
        0.1905,
        0.302,
        0.0422,
        0.1987,
        0.0201,
        0.2092,
        0.0422,
        0.04,
        0.0568,
        0.302,
        0.302,
        0.1057,
        0.1639,
        0.0533,
        0.0422,
        0.1342,
        0.189,
        0.0481,
        0.0146,
        0.0422,
        0.2588,
        1.0,
        0.2538,
        0.1319,
        0.2246,
        0.0422,
        0.0744,
        0.1535,
        0.1719,
        0.1978,
        0.0599,
        0.169,
        0.1618,
        0.0422,
        0.0033,
        0.0422,
        0.0422,
        0.0422,
        0.1264,
        0.0877,
        0.1314
      ],
      [
        0.4217,
        0.4217,
        0.4217,
        0.217,
        0.2852,
        0.4217,
        0.0474,
        0.2774,
        -0.066,
        0.3093,
        0.0474,
        -0.0215,
        0.1525,
        0.4217,
        0.4217,
        0.0484,
        0.172,
        -0.0119,
        0.0474,
        0.1249,
        0.2593,
        -0.0347,
        -0.0546,
        0.0474,
        0.3676,
        0.2538,
        1.0,
        0.146,
        0.3116,
        0.0474,
        0.019,
        0.1599,
        0.2143,
        0.2719,
        -0.0109,
        0.2347,
        0.1725,
        0.0474,
        -0.1005,
        0.0474,
        0.0474,
        0.0474,
        0.0942,
        0.0706,
        0.1608
      ],
      [
        0.2448,
        0.2448,
        0.2448,
        0.2353,
        0.1566,
        0.2448,
        0.0524,
        0.1279,
        0.2598,
        0.1074,
        0.0524,
        0.3358,
        0.2243,
        0.2448,
        0.2448,
        0.3278,
        0.2928,
        0.2696,
        0.0524,
        0.3238,
        0.0991,
        0.3018,
        0.215,
        0.0524,
        0.1835,
        0.1319,
        0.146,
        1.0,
        0.152,
        0.0524,
        0.3534,
        0.3328,
        0.2193,
        0.1996,
        0.2784,
        0.165,
        0.2728,
        0.0524,
        0.2652,
        0.0524,
        0.0524,
