{
  "_meta": {
    "generated": "2026-06-02T10:58:00",
    "portfolio_generated": "2026-06-02T10:53:59.122276",
    "n_assets": 43,
    "n_with_returns": 33,
    "covariance_method": "hybrid_shrunk",
    "condition_number": 296.94,
    "pca_factors": 7
  },
  "profiles": {
    "Agressif": {
      "n_assets": 17,
      "weighted_avg_correlation": 0.2658,
      "most_correlated": [
        {
          "t1": "PICK",
          "t2": "COPX",
          "corr": 0.8687,
          "w1": 7.1,
          "w2": 6.1,
          "combined_weight": 13.1
        },
        {
          "t1": "XCEM",
          "t2": "PICK",
          "corr": 0.7743,
          "w1": 8.1,
          "w2": 7.1,
          "combined_weight": 15.2
        },
        {
          "t1": "XCEM",
          "t2": "COPX",
          "corr": 0.7568,
          "w1": 8.1,
          "w2": 6.1,
          "combined_weight": 14.1
        },
        {
          "t1": "XCEM",
          "t2": "FLKR",
          "corr": 0.745,
          "w1": 8.1,
          "w2": 7.1,
          "combined_weight": 15.2
        },
        {
          "t1": "PICK",
          "t2": "FLKR",
          "corr": 0.7257,
          "w1": 7.1,
          "w2": 7.1,
          "combined_weight": 14.2
        },
        {
          "t1": "COPX",
          "t2": "FLKR",
          "corr": 0.7188,
          "w1": 6.1,
          "w2": 7.1,
          "combined_weight": 13.2
        },
        {
          "t1": "000660",
          "t2": "2059",
          "corr": 0.6668,
          "w1": 8.1,
          "w2": 7.1,
          "combined_weight": 15.2
        },
        {
          "t1": "XCEM",
          "t2": "XLK",
          "corr": 0.6525,
          "w1": 8.1,
          "w2": 3.9,
          "combined_weight": 12.0
        },
        {
          "t1": "XLK",
          "t2": "FLKR",
          "corr": 0.6239,
          "w1": 3.9,
          "w2": 7.1,
          "combined_weight": 11.1
        },
        {
          "t1": "ICLN",
          "t2": "FSLR",
          "corr": 0.622,
          "w1": 4.7,
          "w2": 4.7,
          "combined_weight": 9.4
        }
      ],
      "least_correlated": [
        {
          "t1": "FSLR",
          "t2": "FLRN",
          "corr": 0.0267,
          "w1": 4.7,
          "w2": 5.6,
          "combined_weight": 10.3
        },
        {
          "t1": "LLY",
          "t2": "XLK",
          "corr": 0.0221,
          "w1": 6.1,
          "w2": 3.9,
          "combined_weight": 10.0
        },
        {
          "t1": "FLTR",
          "t2": "FLRN",
          "corr": 0.0218,
          "w1": 5.6,
          "w2": 5.6,
          "combined_weight": 11.1
        },
        {
          "t1": "PLTR",
          "t2": "LLY",
          "corr": -0.0135,
          "w1": 6.1,
          "w2": 6.1,
          "combined_weight": 12.1
        },
        {
          "t1": "NVDA",
          "t2": "LLY",
          "corr": -0.0443,
          "w1": 4.7,
          "w2": 6.1,
          "combined_weight": 10.8
        }
      ],
      "high_corr_high_weight": [
        {
          "t1": "PICK",
          "t2": "COPX",
          "corr": 0.8687,
          "w1": 7.1,
          "w2": 6.1,
          "combined_weight": 13.1
        },
        {
          "t1": "XCEM",
          "t2": "PICK",
          "corr": 0.7743,
          "w1": 8.1,
          "w2": 7.1,
          "combined_weight": 15.2
        },
        {
          "t1": "XCEM",
          "t2": "COPX",
          "corr": 0.7568,
          "w1": 8.1,
          "w2": 6.1,
          "combined_weight": 14.1
        },
        {
          "t1": "XCEM",
          "t2": "FLKR",
          "corr": 0.745,
          "w1": 8.1,
          "w2": 7.1,
          "combined_weight": 15.2
        },
        {
          "t1": "PICK",
          "t2": "FLKR",
          "corr": 0.7257,
          "w1": 7.1,
          "w2": 7.1,
          "combined_weight": 14.2
        }
      ]
    },
    "Mod\u00e9r\u00e9": {
      "n_assets": 14,
      "weighted_avg_correlation": 0.1161,
      "most_correlated": [
        {
          "t1": "EEMV",
          "t2": "FNDF",
          "corr": 0.712,
          "w1": 9.0,
          "w2": 9.0,
          "combined_weight": 18.0
        },
        {
          "t1": "EEMV",
          "t2": "GPIQ",
          "corr": 0.6029,
          "w1": 9.0,
          "w2": 6.6,
          "combined_weight": 15.6
        },
        {
          "t1": "GPIQ",
          "t2": "FNDF",
          "corr": 0.5668,
          "w1": 6.6,
          "w2": 9.0,
          "combined_weight": 15.6
        },
        {
          "t1": "FNDF",
          "t2": "GLD",
          "corr": 0.4787,
          "w1": 9.0,
          "w2": 5.2,
          "combined_weight": 14.2
        },
        {
          "t1": "EEMV",
          "t2": "GLD",
          "corr": 0.4333,
          "w1": 9.0,
          "w2": 5.2,
          "combined_weight": 14.2
        },
        {
          "t1": "FNDF",
          "t2": "XLV",
          "corr": 0.4226,
          "w1": 9.0,
          "w2": 3.1,
          "combined_weight": 12.1
        },
        {
          "t1": "EEMV",
          "t2": "XLV",
          "corr": 0.3833,
          "w1": 9.0,
          "w2": 3.1,
          "combined_weight": 12.1
        },
        {
          "t1": "SCHD",
          "t2": "FNDF",
          "corr": 0.3763,
          "w1": 9.0,
          "w2": 9.0,
          "combined_weight": 18.0
        },
        {
          "t1": "SCHD",
          "t2": "XLV",
          "corr": 0.3642,
          "w1": 9.0,
          "w2": 3.1,
          "combined_weight": 12.1
        },
        {
          "t1": "GPIQ",
          "t2": "GLD",
          "corr": 0.322,
          "w1": 6.6,
          "w2": 5.2,
          "combined_weight": 11.8
        }
      ],
      "least_correlated": [
        {
          "t1": "GALP",
          "t2": "GLD",
          "corr": -0.078,
          "w1": 5.4,
          "w2": 5.2,
          "combined_weight": 10.6
        },
        {
          "t1": "CF",
          "t2": "XLV",
          "corr": -0.1347,
          "w1": 7.6,
          "w2": 3.1,
          "combined_weight": 10.7
        },
        {
          "t1": "CF",
          "t2": "FNDF",
          "corr": -0.2062,
          "w1": 7.6,
          "w2": 9.0,
          "combined_weight": 16.6
        },
        {
          "t1": "CF",
          "t2": "GPIQ",
          "corr": -0.2412,
          "w1": 7.6,
          "w2": 6.6,
          "combined_weight": 14.2
        },
        {
          "t1": "EEMV",
          "t2": "CF",
          "corr": -0.3271,
          "w1": 9.0,
          "w2": 7.6,
          "combined_weight": 16.6
        }
      ],
      "high_corr_high_weight": [
        {
          "t1": "EEMV",
          "t2": "FNDF",
          "corr": 0.712,
          "w1": 9.0,
          "w2": 9.0,
          "combined_weight": 18.0
        }
      ]
    },
    "Stable": {
      "n_assets": 16,
      "weighted_avg_correlation": 0.1069,
      "most_correlated": [
        {
          "t1": "ACWV",
          "t2": "XLV",
          "corr": 0.4201,
          "w1": 4.2,
          "w2": 4.2,
          "combined_weight": 8.4
        },
        {
          "t1": "ACWV",
          "t2": "SPYV",
          "corr": 0.4057,
          "w1": 4.2,
          "w2": 4.8,
          "combined_weight": 9.0
        },
        {
          "t1": "SPYV",
          "t2": "XLV",
          "corr": 0.3856,
          "w1": 4.8,
          "w2": 4.2,
          "combined_weight": 9.0
        },
        {
          "t1": "PG",
          "t2": "XLV",
          "corr": 0.3419,
          "w1": 5.9,
          "w2": 4.2,
          "combined_weight": 10.1
        },
        {
          "t1": "SPLV",
          "t2": "XLV",
          "corr": 0.3305,
          "w1": 4.2,
          "w2": 4.2,
          "combined_weight": 8.4
        },
        {
          "t1": "PG",
          "t2": "KO",
          "corr": 0.3238,
          "w1": 5.9,
          "w2": 4.1,
          "combined_weight": 10.0
        },
        {
          "t1": "SPLV",
          "t2": "PG",
          "corr": 0.3219,
          "w1": 4.2,
          "w2": 5.9,
          "combined_weight": 10.1
        },
        {
          "t1": "ACWV",
          "t2": "PG",
          "corr": 0.3209,
          "w1": 4.2,
          "w2": 5.9,
          "combined_weight": 10.1
        },
        {
          "t1": "SPLV",
          "t2": "ACWV",
          "corr": 0.3188,
          "w1": 4.2,
          "w2": 4.2,
          "combined_weight": 8.5
        },
        {
          "t1": "SPYV",
          "t2": "GLD",
          "corr": 0.3164,
          "w1": 4.8,
          "w2": 4.0,
          "combined_weight": 8.8
        }
      ],
      "least_correlated": [
        {
          "t1": "CLTL",
          "t2": "BSV",
          "corr": 0.0218,
          "w1": 12.0,
          "w2": 11.5,
          "combined_weight": 23.5
        },
        {
          "t1": "CLTL",
          "t2": "STIP",
          "corr": 0.0218,
          "w1": 12.0,
          "w2": 13.0,
          "combined_weight": 25.0
        },
        {
          "t1": "BSV",
          "t2": "STIP",
          "corr": 0.0218,
          "w1": 11.5,
          "w2": 13.0,
          "combined_weight": 24.5
        },
        {
          "t1": "NOVN",
          "t2": "GLD",
          "corr": 0.0202,
          "w1": 5.1,
          "w2": 4.0,
          "combined_weight": 9.1
        },
        {
          "t1": "KO",
          "t2": "GLD",
          "corr": 0.0025,
          "w1": 4.1,
          "w2": 4.0,
          "combined_weight": 8.2
        }
      ],
      "high_corr_high_weight": []
    }
  },
  "all_pairs_top_30": [
    {
      "t1": "COPX",
      "t2": "PICK",
      "corr_hybrid": 0.8687,
      "corr_structured": 0.2,
      "cat1": "ETF",
      "cat2": "ETF",
      "exp1": "copper",
      "exp2": "metals_mining",
      "fam1": "commodities",
      "fam2": null
    },
    {
      "t1": "PICK",
      "t2": "XCEM",
      "corr_hybrid": 0.7743,
      "corr_structured": 0.2,
      "cat1": "ETF",
      "cat2": "ETF",
      "exp1": "metals_mining",
      "exp2": "emerging_markets",
      "fam1": null,
      "fam2": "em_equity"
    },
    {
      "t1": "FNDF",
      "t2": "PICK",
      "corr_hybrid": 0.7722,
      "corr_structured": 0.2,
      "cat1": "ETF",
      "cat2": "ETF",
      "exp1": "international",
      "exp2": "metals_mining",
      "fam1": "intl_equity",
      "fam2": null
    },
    {
      "t1": "COPX",
      "t2": "XCEM",
      "corr_hybrid": 0.7568,
      "corr_structured": 0.2,
      "cat1": "ETF",
      "cat2": "ETF",
      "exp1": "copper",
      "exp2": "emerging_markets",
      "fam1": "commodities",
      "fam2": "em_equity"
    },
    {
      "t1": "EEMV",
      "t2": "XCEM",
      "corr_hybrid": 0.7521,
      "corr_structured": 0.95,
      "cat1": "ETF",
      "cat2": "ETF",
      "exp1": "emerging_markets",
      "exp2": "emerging_markets",
      "fam1": "em_equity",
      "fam2": "em_equity"
    },
    {
      "t1": "FLKR",
      "t2": "XCEM",
      "corr_hybrid": 0.745,
      "corr_structured": 0.9,
      "cat1": "ETF",
      "cat2": "ETF",
      "exp1": "south_korea",
      "exp2": "emerging_markets",
      "fam1": "em_equity",
      "fam2": "em_equity"
    },
    {
      "t1": "COPX",
      "t2": "FNDF",
      "corr_hybrid": 0.7429,
      "corr_structured": 0.2,
      "cat1": "ETF",
      "cat2": "ETF",
      "exp1": "copper",
      "exp2": "international",
      "fam1": "commodities",
      "fam2": "intl_equity"
    },
    {
      "t1": "EEMV",
      "t2": "PICK",
      "corr_hybrid": 0.7423,
      "corr_structured": 0.2,
      "cat1": "ETF",
      "cat2": "ETF",
      "exp1": "emerging_markets",
      "exp2": "metals_mining",
      "fam1": "em_equity",
      "fam2": null
    },
    {
      "t1": "FNDF",
      "t2": "XCEM",
      "corr_hybrid": 0.7266,
      "corr_structured": 0.62,
      "cat1": "ETF",
      "cat2": "ETF",
      "exp1": "international",
      "exp2": "emerging_markets",
      "fam1": "intl_equity",
      "fam2": "em_equity"
    },
    {
      "t1": "FLKR",
      "t2": "PICK",
      "corr_hybrid": 0.7257,
      "corr_structured": 0.2,
      "cat1": "ETF",
      "cat2": "ETF",
      "exp1": "south_korea",
      "exp2": "metals_mining",
      "fam1": "em_equity",
      "fam2": null
    },
    {
      "t1": "COPX",
      "t2": "FLKR",
      "corr_hybrid": 0.7188,
      "corr_structured": 0.2,
      "cat1": "ETF",
      "cat2": "ETF",
      "exp1": "copper",
      "exp2": "south_korea",
      "fam1": "commodities",
      "fam2": "em_equity"
    },
    {
      "t1": "COPX",
      "t2": "EEMV",
      "corr_hybrid": 0.7187,
      "corr_structured": 0.2,
      "cat1": "ETF",
      "cat2": "ETF",
      "exp1": "copper",
      "exp2": "emerging_markets",
      "fam1": "commodities",
      "fam2": "em_equity"
    },
    {
      "t1": "EEMV",
      "t2": "FNDF",
      "corr_hybrid": 0.712,
      "corr_structured": 0.62,
      "cat1": "ETF",
      "cat2": "ETF",
      "exp1": "emerging_markets",
      "exp2": "international",
      "fam1": "em_equity",
      "fam2": "intl_equity"
    },
    {
      "t1": "EEMV",
      "t2": "FLKR",
      "corr_hybrid": 0.6899,
      "corr_structured": 0.9,
      "cat1": "ETF",
      "cat2": "ETF",
      "exp1": "emerging_markets",
      "exp2": "south_korea",
      "fam1": "em_equity",
      "fam2": "em_equity"
    },
    {
      "t1": "000660",
      "t2": "2059",
      "corr_hybrid": 0.6668,
      "corr_structured": null,
      "cat1": "Act",
      "cat2": "Act",
      "exp1": null,
      "exp2": null,
      "fam1": null,
      "fam2": null
    },
    {
      "t1": "FLKR",
      "t2": "FNDF",
      "corr_hybrid": 0.6642,
      "corr_structured": 0.62,
      "cat1": "ETF",
      "cat2": "ETF",
      "exp1": "south_korea",
      "exp2": "international",
      "fam1": "em_equity",
      "fam2": "intl_equity"
    },
    {
      "t1": "XCEM",
      "t2": "XLK",
      "corr_hybrid": 0.6525,
      "corr_structured": 0.2,
      "cat1": "ETF",
      "cat2": "ETF",
      "exp1": "emerging_markets",
      "exp2": "tech",
      "fam1": "em_equity",
      "fam2": "sector_tech"
    },
    {
      "t1": "LLY",
      "t2": "XLV",
      "corr_hybrid": 0.6524,
      "corr_structured": null,
      "cat1": "Act",
      "cat2": "ETF",
      "exp1": null,
      "exp2": "healthcare",
      "fam1": null,
      "fam2": "sector_healthcare"
    },
    {
      "t1": "GPIQ",
      "t2": "XLK",
      "corr_hybrid": 0.6465,
      "corr_structured": 0.9,
      "cat1": "ETF",
      "cat2": "ETF",
      "exp1": "nasdaq100",
      "exp2": "tech",
      "fam1": "sector_tech",
      "fam2": "sector_tech"
    },
    {
      "t1": "GPIQ",
      "t2": "XCEM",
      "corr_hybrid": 0.6419,
      "corr_structured": 0.2,
      "cat1": "ETF",
      "cat2": "ETF",
      "exp1": "nasdaq100",
      "exp2": "emerging_markets",
      "fam1": "sector_tech",
      "fam2": "em_equity"
    },
    {
      "t1": "FLKR",
      "t2": "XLK",
      "corr_hybrid": 0.6239,
      "corr_structured": 0.2,
      "cat1": "ETF",
      "cat2": "ETF",
      "exp1": "south_korea",
      "exp2": "tech",
      "fam1": "em_equity",
      "fam2": "sector_tech"
    },
    {
      "t1": "FSLR",
      "t2": "ICLN",
      "corr_hybrid": 0.622,
      "corr_structured": null,
      "cat1": "Act",
      "cat2": "ETF",
      "exp1": null,
      "exp2": "clean_energy",
      "fam1": null,
      "fam2": null
    },
    {
      "t1": "FLKR",
      "t2": "GPIQ",
      "corr_hybrid": 0.6035,
      "corr_structured": 0.2,
      "cat1": "ETF",
      "cat2": "ETF",
      "exp1": "south_korea",
      "exp2": "nasdaq100",
      "fam1": "em_equity",
      "fam2": "sector_tech"
    },
    {
      "t1": "EEMV",
      "t2": "GPIQ",
      "corr_hybrid": 0.6029,
      "corr_structured": 0.2,
      "cat1": "ETF",
      "cat2": "ETF",
      "exp1": "emerging_markets",
      "exp2": "nasdaq100",
      "fam1": "em_equity",
      "fam2": "sector_tech"
    },
    {
      "t1": "ICLN",
      "t2": "XCEM",
      "corr_hybrid": 0.5989,
      "corr_structured": 0.2,
      "cat1": "ETF",
      "cat2": "ETF",
      "exp1": "clean_energy",
      "exp2": "emerging_markets",
      "fam1": null,
      "fam2": "em_equity"
    },
    {
      "t1": "COPX",
      "t2": "XLK",
      "corr_hybrid": 0.5973,
      "corr_structured": 0.2,
      "cat1": "ETF",
      "cat2": "ETF",
      "exp1": "copper",
      "exp2": "tech",
      "fam1": "commodities",
      "fam2": "sector_tech"
    },
    {
      "t1": "EEMV",
      "t2": "XLK",
      "corr_hybrid": 0.5972,
      "corr_structured": 0.2,
      "cat1": "ETF",
      "cat2": "ETF",
      "exp1": "emerging_markets",
      "exp2": "tech",
      "fam1": "em_equity",
      "fam2": "sector_tech"
    },
    {
      "t1": "ICLN",
      "t2": "PICK",
      "corr_hybrid": 0.5934,
      "corr_structured": 0.2,
      "cat1": "ETF",
      "cat2": "ETF",
      "exp1": "clean_energy",
      "exp2": "metals_mining",
      "fam1": null,
      "fam2": null
    },
    {
      "t1": "GPIQ",
      "t2": "PICK",
      "corr_hybrid": 0.593,
      "corr_structured": 0.2,
      "cat1": "ETF",
      "cat2": "ETF",
      "exp1": "nasdaq100",
      "exp2": "metals_mining",
      "fam1": "sector_tech",
      "fam2": null
    },
    {
      "t1": "GLD",
      "t2": "PICK",
      "corr_hybrid": 0.5918,
      "corr_structured": 0.2,
      "cat1": "ETF",
      "cat2": "ETF",
      "exp1": "gold_physical",
      "exp2": "metals_mining",
      "fam1": "gold",
      "fam2": null
    }
  ],
  "all_pairs_bottom_10": [
    {
      "t1": "CF",
      "t2": "PLTR",
      "corr_hybrid": 0.0049,
      "corr_structured": null,
      "cat1": "Act",
      "cat2": "Act",
      "exp1": null,
      "exp2": null,
      "fam1": null,
      "fam2": null
    },
    {
      "t1": "GLD",
      "t2": "LUPIN",
      "corr_hybrid": -0.0044,
      "corr_structured": null,
      "cat1": "ETF",
      "cat2": "Act",
      "exp1": "gold_physical",
      "exp2": null,
      "fam1": "gold",
      "fam2": null
    },
    {
      "t1": "LUPIN",
      "t2": "XCEM",
      "corr_hybrid": -0.004,
      "corr_structured": null,
      "cat1": "Act",
      "cat2": "ETF",
      "exp1": null,
      "exp2": "emerging_markets",
      "fam1": null,
      "fam2": "em_equity"
    },
    {
      "t1": "NOVN",
      "t2": "XBI",
      "corr_hybrid": -0.0039,
      "corr_structured": null,
      "cat1": "Act",
      "cat2": "ETF",
      "exp1": null,
      "exp2": "biotech",
      "fam1": null,
      "fam2": "sector_healthcare"
    },
    {
      "t1": "GALP",
      "t2": "XLK",
      "corr_hybrid": 0.0037,
      "corr_structured": null,
      "cat1": "Act",
      "cat2": "ETF",
      "exp1": null,
      "exp2": "tech",
      "fam1": null,
      "fam2": "sector_tech"
    },
    {
      "t1": "GLD",
      "t2": "KO",
      "corr_hybrid": 0.0025,
      "corr_structured": null,
      "cat1": "ETF",
      "cat2": "Act",
      "exp1": "gold_physical",
      "exp2": null,
      "fam1": "gold",
      "fam2": null
    },
    {
      "t1": "PLTR",
      "t2": "XLV",
      "corr_hybrid": 0.0011,
      "corr_structured": null,
      "cat1": "Act",
      "cat2": "ETF",
      "exp1": null,
      "exp2": "healthcare",
      "fam1": null,
      "fam2": "sector_healthcare"
    },
    {
      "t1": "FSLR",
      "t2": "SHEL",
      "corr_hybrid": -0.0006,
      "corr_structured": null,
      "cat1": "Act",
      "cat2": "Act",
      "exp1": null,
      "exp2": null,
      "fam1": null,
      "fam2": null
    },
    {
      "t1": "LUPIN",
      "t2": "PLTR",
      "corr_hybrid": 0.0006,
      "corr_structured": null,
      "cat1": "Act",
      "cat2": "Act",
      "exp1": null,
      "exp2": null,
      "fam1": null,
      "fam2": null
    },
    {
      "t1": "NVDA",
      "t2": "VICI",
      "corr_hybrid": 0.0005,
      "corr_structured": null,
      "cat1": "Act",
      "cat2": "Act",
      "exp1": null,
      "exp2": null,
      "fam1": null,
      "fam2": null
    }
  ],
  "correlation_matrix": {
    "tickers": [
      "000660",
      "2059",
      "ACWV",
      "BSV",
      "CF",
      "CLTL",
      "COPX",
      "EEMV",
      "EXPD",
      "FIX",
      "FLKR",
      "FLRN",
      "FLTR",
      "FNDF",
      "FSLR",
      "GALP",
      "GD",
      "GLD",
      "GPIQ",
      "ICLN",
      "ITX",
      "KO",
      "LLY",
      "LUPIN",
      "NOVN",
      "NVDA",
      "PAAA",
      "PG",
      "PICK",
      "PLTR",
      "SCHD",
      "SCHP",
      "SHEL",
      "SPLV",
      "SPYV",
      "STIP",
      "TDTT",
      "VGSH",
      "VICI",
      "XBI",
      "XCEM",
      "XLK",
      "XLV"
    ],
    "matrix": [
      [
        1.0,
        0.6668,
        0.3457,
        0.0914,
        0.2526,
        0.0914,
        0.1139,
        0.2079,
        0.3608,
        0.1998,
        0.0688,
        0.0914,
        0.0914,
        0.2506,
        0.1767,
        0.3308,
        0.4146,
        0.0866,
        0.2207,
        0.2155,
        0.3942,
        0.3076,
        0.3039,
        0.2892,
        0.2362,
        0.1774,
        0.0914,
        0.2955,
        0.1572,
        0.2095,
        0.3438,
        0.4663,
        0.3529,
        0.308,
        0.3436,
        0.0914,
        0.0914,
        0.0914,
        0.3965,
        0.197,
        0.1445,
        0.1807,
        0.3202
      ],
      [
        0.6668,
        1.0,
        0.3457,
        0.0914,
        0.2526,
        0.0914,
        0.1139,
        0.2079,
        0.3608,
        0.1998,
        0.0688,
        0.0914,
        0.0914,
        0.2506,
        0.1767,
        0.3308,
        0.4146,
        0.0866,
        0.2207,
        0.2155,
        0.3942,
        0.3076,
        0.3039,
        0.2892,
        0.2362,
        0.1774,
        0.0914,
        0.2955,
        0.1572,
        0.2095,
        0.3438,
        0.4663,
        0.3529,
        0.308,
        0.3436,
        0.0914,
        0.0914,
        0.0914,
        0.3965,
        0.197,
        0.1445,
        0.1807,
        0.3202
      ],
      [
        0.3457,
        0.3457,
        1.0,
        0.0916,
        -0.1003,
        0.0916,
        0.4025,
        0.4435,
        0.2003,
        0.1168,
        0.3404,
        0.0916,
        0.0916,
        0.4772,
        0.1278,
        0.0975,
        0.2461,
        0.2769,
        0.3143,
        0.2993,
        0.2212,
        0.23,
        0.3359,
        0.156,
        0.0902,
        0.1436,
        0.0916,
        0.3209,
        0.4441,
        0.0665,
        0.3524,
        0.2625,
        0.1928,
        0.3188,
        0.4057,
        0.0916,
        0.0916,
        0.0916,
        0.2992,
        0.3624,
        0.4101,
        0.2643,
        0.4201
      ],
      [
        0.0914,
        0.0914,
        0.0916,
        1.0,
        0.0121,
        0.0218,
        0.0944,
        0.0938,
        0.0552,
        0.029,
        0.0708,
        0.0218,
        0.0218,
        0.105,
        0.0267,
        0.0283,
        0.0671,
        0.0695,
        0.0714,
        0.0684,
        0.0536,
        0.0489,
        0.0629,
        0.0383,
        0.0283,
        0.0372,
        0.0218,
        0.0627,
        0.1025,
        0.0292,
        0.0828,
        0.066,
        0.0659,
        0.071,
        0.0915,
        0.0218,
        0.0218,
        0.0218,
        0.0719,
        0.0734,
        0.0859,
        0.0618,
        0.0839
      ],
      [
        0.2526,
        0.2526,
        -0.1003,
        0.0121,
        1.0,
        0.0121,
        -0.1116,
        -0.3271,
        0.1887,
        -0.0751,
        -0.3405,
        0.0121,
        0.0121,
        -0.2062,
        -0.052,
        0.0651,
        0.2097,
        0.0698,
        -0.2412,
        -0.0991,
        -0.0362,
        -0.011,
        -0.0352,
        0.1161,
        0.1768,
        -0.1592,
        0.0121,
        -0.1727,
        -0.1289,
        0.0049,
        0.1016,
        0.1091,
        0.5157,
        0.0292,
        -0.0993,
        0.0121,
        0.0121,
        0.0121,
        0.1084,
        -0.2438,
        -0.3807,
        -0.2445,
        -0.1347
      ],
      [
        0.0914,
        0.0914,
        0.0916,
        0.0218,
        0.0121,
        1.0,
        0.0944,
        0.0938,
        0.0552,
        0.029,
        0.0708,
        0.0218,
        0.0218,
        0.105,
        0.0267,
        0.0283,
        0.0671,
        0.0695,
        0.0714,
        0.0684,
        0.0536,
        0.0489,
        0.0629,
        0.0383,
        0.0283,
        0.0372,
        0.0218,
        0.0627,
        0.1025,
        0.0292,
        0.0828,
        0.066,
        0.0659,
        0.071,
        0.0915,
        0.0218,
        0.0218,
        0.0218,
        0.0719,
        0.0734,
        0.0859,
        0.0618,
        0.0839
      ],
      [
        0.1139,
        0.1139,
        0.4025,
        0.0944,
        -0.1116,
        0.0944,
        1.0,
        0.7187,
        0.1227,
        0.3513,
        0.7188,
        0.0944,
        0.0944,
        0.7429,
        0.2343,
        -0.1132,
        0.1969,
        0.5899,
        0.5909,
        0.5897,
        -0.0206,
        -0.0134,
        0.0751,
        -0.0207,
        -0.0051,
        0.3614,
        0.0944,
        0.0899,
        0.8687,
        0.2555,
        0.3254,
        0.0705,
        0.2395,
        0.1959,
        0.4945,
        0.0944,
        0.0944,
        0.0944,
        0.1386,
        0.4661,
        0.7568,
        0.5973,
        0.2889
      ],
      [
        0.2079,
        0.2079,
        0.4435,
        0.0938,
        -0.3271,
        0.0938,
        0.7187,
        1.0,
        0.1371,
        0.4116,
        0.6899,
        0.0938,
        0.0938,
        0.712,
        0.2795,
        -0.0183,
        0.2042,
        0.4333,
        0.6029,
        0.5701,
        0.1001,
        0.0896,
        0.2012,
        0.0398,
        0.0053,
        0.3897,
        0.0938,
        0.2177,
        0.7423,
        0.2325,
        0.318,
        0.1582,
        0.1025,
        0.23,
        0.5185,
        0.0938,
        0.0938,
        0.0938,
        0.1827,
        0.5093,
        0.7521,
        0.5972,
        0.3833
      ],
      [
        0.3608,
        0.3608,
        0.2003,
        0.0552,
        0.1887,
        0.0552,
        0.1227,
        0.1371,
        1.0,
        0.1001,
        0.0624,
        0.0552,
        0.0552,
        0.1739,
        0.1286,
        0.185,
        0.222,
        0.1055,
        0.1005,
        0.1532,
        0.2817,
        0.1961,
        0.0451,
        0.1429,
        0.1462,
        0.0633,
        0.0552,
        0.1921,
        0.1512,
        -0.0174,
        0.2158,
        0.2563,
        0.2379,
        0.2032,
        0.1971,
        0.0552,
        0.0552,
        0.0552,
        0.2493,
        0.0409,
        0.1146,
        0.0766,
        0.1206
      ],
      [
        0.1998,
        0.1998,
        0.1168,
        0.029,
        -0.0751,
        0.029,
        0.3513,
        0.4116,
        0.1001,
        1.0,
        0.4853,
        0.029,
        0.029,
        0.3735,
        0.3051,
        -0.0439,
        0.1661,
        0.0949,
        0.5143,
        0.5241,
        -0.0183,
        -0.064,
        0.0951,
        0.0382,
        0.0081,
        0.5342,
        0.029,
        -0.0862,
        0.3493,
        0.243,
        0.0702,
        0.0986,
        0.0435,
        -0.0492,
        0.2911,
        0.029,
        0.029,
        0.029,
        -0.0336,
        0.2883,
        0.4775,
        0.5792,
        0.1152
      ],
      [
        0.0688,
        0.0688,
        0.3404,
        0.0708,
        -0.3405,
        0.0708,
        0.7188,
        0.6899,
        0.0624,
        0.4853,
        1.0,
        0.0708,
        0.0708,
        0.6642,
        0.2615,
        -0.0991,
        0.1275,
        0.4183,
        0.6035,
        0.5676,
        -0.0076,
        -0.0194,
        0.0872,
        -0.034,
        -0.0457,
        0.4236,
        0.0708,
        0.0915,
        0.7257,
        0.2495,
        0.2207,
        0.05,
        0.0431,
        0.1203,
        0.4457,
        0.0708,
        0.0708,
        0.0708,
        0.0651,
        0.4629,
        0.745,
        0.6239,
        0.2685
      ],
      [
        0.0914,
        0.0914,
        0.0916,
        0.0218,
        0.0121,
        0.0218,
        0.0944,
        0.0938,
        0.0552,
        0.029,
        0.0708,
        1.0,
        0.0218,
        0.105,
        0.0267,
        0.0283,
        0.0671,
        0.0695,
        0.0714,
        0.0684,
        0.0536,
        0.0489,
        0.0629,
        0.0383,
        0.0283,
        0.0372,
        0.0218,
        0.0627,
        0.1025,
        0.0292,
        0.0828,
        0.066,
        0.0659,
        0.071,
        0.0915,
        0.0218,
        0.0218,
        0.0218,
        0.0719,
        0.0734,
        0.0859,
        0.0618,
        0.0839
      ],
      [
        0.0914,
        0.0914,
        0.0916,
        0.0218,
        0.0121,
        0.0218,
        0.0944,
        0.0938,
        0.0552,
        0.029,
        0.0708,
        0.0218,
        1.0,
        0.105,
        0.0267,
        0.0283,
        0.0671,
        0.0695,
        0.0714,
        0.0684,
        0.0536,
        0.0489,
        0.0629,
        0.0383,
        0.0283,
        0.0372,
        0.0218,
        0.0627,
        0.1025,
        0.0292,
        0.0828,
        0.066,
        0.0659,
        0.071,
        0.0915,
        0.0218,
        0.0218,
        0.0218,
        0.0719,
        0.0734,
        0.0859,
        0.0618,
        0.0839
      ],
      [
        0.2506,
        0.2506,
        0.4772,
        0.105,
        -0.2062,
        0.105,
        0.7429,
        0.712,
        0.1739,
        0.3735,
        0.6642,
        0.105,
        0.105,
        1.0,
        0.1945,
        -0.0269,
        0.2395,
        0.4787,
        0.5668,
        0.5367,
        0.1285,
        0.1233,
        0.2478,
        0.0742,
        0.0317,
        0.3443,
        0.105,
        0.2423,
        0.7722,
        0.1697,
        0.3763,
        0.1853,
        0.2002,
        0.2845,
        0.5357,
        0.105,
        0.105,
        0.105,
        0.2326,
        0.508,
        0.7266,
        0.5477,
        0.4226
      ],
      [
        0.1767,
        0.1767,
        0.1278,
        0.0267,
        -0.052,
        0.0267,
        0.2343,
        0.2795,
        0.1286,
        0.3051,
        0.2615,
        0.0267,
        0.0267,
        0.1945,
        1.0,
        0.0907,
        0.1368,
        0.1331,
        0.2537,
        0.622,
        -0.1718,
        0.0183,
        0.1013,
        -0.0068,
        0.0456,
        0.1145,
        0.0267,
        0.0615,
        0.2297,
        0.1339,
        0.1334,
        0.0908,
        -0.0006,
        0.0468,
        0.2219,
        0.0267,
        0.0267,
        0.0267,
        0.0666,
        0.147,
        0.2836,
        0.2649,
        0.1239
      ],
      [
        0.3308,
        0.3308,
        0.0975,
        0.0283,
        0.0651,
        0.0283,
        -0.1132,
        -0.0183,
        0.185,
        -0.0439,
        -0.0991,
        0.0283,
        0.0283,
        -0.0269,
        0.0907,
        1.0,
        0.1677,
        -0.078,
        0.0188,
        -0.005,
        0.2968,
        0.1741,
        -0.013,
        0.1278,
        0.1308,
        0.0445,
        0.0283,
        0.1611,
        -0.0923,
        0.1167,
        0.0853,
        0.248,
        0.0893,
        0.1127,
        0.076,
        0.0283,
        0.0283,
        0.0283,
        0.1913,
        -0.0386,
        -0.0466,
        0.0037,
        0.0275
      ],
      [
        0.4146,
        0.4146,
        0.2461,
        0.0671,
        0.2097,
        0.0671,
        0.1969,
        0.2042,
        0.222,
        0.1661,
        0.1275,
        0.0671,
        0.0671,
        0.2395,
        0.1368,
        0.1677,
        1.0,
        0.1516,
        0.2153,
        0.2121,
        0.1788,
        0.1481,
        0.2051,
        0.1681,
        0.1427,
        0.162,
        0.0671,
        0.1406,
        0.216,
        0.2237,
        0.2485,
        0.2781,
        0.2838,
        0.1916,
        0.2656,
        0.0671,
        0.0671,
        0.0671,
        0.2411,
        0.1877,
        0.1674,
        0.1968,
        0.2235
      ],
      [
        0.0866,
        0.0866,
        0.2769,
        0.0695,
        0.0698,
        0.0695,
        0.5899,
        0.4333,
        0.1055,
        0.0949,
        0.4183,
        0.0695,
        0.0695,
        0.4787,
        0.1331,
        -0.078,
        0.1516,
        1.0,
        0.322,
        0.3555,
        -0.0278,
        0.0025,
        0.0508,
        -0.0044,
        0.0202,
        0.1488,
        0.0695,
        0.0631,
        0.5918,
        0.1309,
        0.2597,
        0.0497,
        0.2557,
        0.1694,
        0.3164,
        0.0695,
        0.0695,
        0.0695,
        0.1302,
        0.2736,
        0.4419,
        0.313,
        0.1921
      ],
      [
        0.2207,
        0.2207,
        0.3143,
        0.0714,
        -0.2412,
        0.0714,
        0.5909,
        0.6029,
        0.1005,
        0.5143,
        0.6035,
        0.0714,
        0.0714,
        0.5668,
        0.2537,
        0.0188,
        0.2153,
        0.322,
        1.0,
        0.5181,
        0.048,
        -0.0119,
        0.1045,
        0.0255,
        0.0086,
        0.4977,
        0.0714,
        0.0565,
        0.593,
        0.4665,
        0.1982,
        0.1475,
        0.0878,
        0.0899,
        0.43,
        0.0714,
        0.0714,
        0.0714,
        0.091,
        0.4449,
        0.6419,
        0.6465,
        0.2422
      ],
      [
        0.2155,
        0.2155,
        0.2993,
        0.0684,
        -0.0991,
        0.0684,
        0.5897,
        0.5701,
        0.1532,
        0.5241,
        0.5676,
        0.0684,
        0.0684,
        0.5367,
        0.622,
        -0.005,
        0.2121,
        0.3555,
        0.5181,
        1.0,
        -0.0661,
        0.0127,
        0.1435,
        0.0171,
        0.0305,
        0.3473,
        0.0684,
        0.0793,
        0.5934,
        0.2393,
        0.2507,
        0.1246,
        0.1311,
        0.1256,
        0.4198,
        0.0684,
        0.0684,
        0.0684,
        0.1127,
        0.3724,
        0.5989,
        0.5357,
        0.2533
      ],
      [
        0.3942,
        0.3942,
        0.2212,
        0.0536,
        -0.0362,
        0.0536,
        -0.0206,
        0.1001,
        0.2817,
        -0.0183,
        -0.0076,
        0.0536,
        0.0536,
        0.1285,
        -0.1718,
        0.2968,
        0.1788,
        -0.0278,
        0.048,
        -0.0661,
        1.0,
        0.3175,
        -0.0722,
        0.1747,
        0.1564,
        0.0628,
        0.0536,
        0.3383,
        0.0319,
        -0.1162,
        0.1731,
        0.3286,
        0.1195,
        0.2487,
        0.1642,
        0.0536,
        0.0536,
        0.0536,
        0.3089,
        -0.0304,
        0.0854,
        0.0117,
        0.0803
      ],
      [
        0.3076,
        0.3076,
        0.23,
        0.0489,
        -0.011,
        0.0489,
        -0.0134,
        0.0896,
        0.1961,
        -0.064,
        -0.0194,
        0.0489,
        0.0489,
        0.1233,
        0.0183,
        0.1741,
        0.1481,
        0.0025,
        -0.0119,
        0.0127,
        0.3175,
        1.0,
        0.2178,
        0.1701,
        0.1144,
        -0.0716,
        0.0489,
        0.3238,
        0.0344,
        -0.1929,
        0.2154,
        0.2472,
        0.1035,
        0.2609,
        0.164,
        0.0489,
        0.0489,
        0.0489,
        0.2707,
        0.069,
        0.0438,
        -0.0706,
        0.243
      ],
      [
        0.3039,
        0.3039,
        0.3359,
        0.0629,
        -0.0352,
        0.0629,
        0.0751,
        0.2012,
        0.0451,
        0.0951,
        0.0872,
        0.0629,
        0.0629,
        0.2478,
        0.1013,
        -0.013,
        0.2051,
        0.0508,
        0.1045,
        0.1435,
        -0.0722,
        0.2178,
        1.0,
        0.2389,
        0.0519,
        -0.0443,
        0.0629,
        0.2823,
        0.1173,
        -0.0135,
        0.3197,
        0.2072,
        0.1143,
        0.2825,
        0.2861,
        0.0629,
        0.0629,
        0.0629,
        0.2243,
        0.4459,
        0.1009,
        0.0221,
        0.6524
      ],
      [
        0.2892,
        0.2892,
        0.156,
        0.0383,
        0.1161,
        0.0383,
        -0.0207,
        0.0398,
        0.1429,
        0.0382,
        -0.034,
        0.0383,
        0.0383,
        0.0742,
        -0.0068,
        0.1278,
        0.1681,
        -0.0044,
        0.0255,
        0.0171,
        0.1747,
        0.1701,
        0.2389,
        1.0,
        0.1022,
        0.0077,
        0.0383,
        0.1666,
        0.006,
        0.0006,
        0.1629,
        0.2063,
        0.148,
        0.1633,
        0.1286,
        0.0383,
        0.0383,
        0.0383,
        0.1881,
        0.0898,
        -0.004,
        -0.0084,
        0.1997
      ],
      [
        0.2362,
        0.2362,
        0.0902,
        0.0283,
        0.1768,
        0.0283,
        -0.0051,
        0.0053,
        0.1462,
        0.0081,
        -0.0457,
        0.0283,
        0.0283,
        0.0317,
        0.0456,
        0.1308,
        0.1427,
        0.0202,
        0.0086,
        0.0305,
        0.1564,
        0.1144,
        0.0519,
        0.1022,
        1.0,
        0.0074,
        0.0283,
        0.0944,
        0.0092,
        0.023,
        0.1137,
        0.1634,
        0.1593,
        0.1083,
        0.0793,
        0.0283,
        0.0283,
        0.0283,
        0.1481,
        -0.0039,
        -0.0205,
        -0.0076,
        0.0613
      ],
      [
        0.1774,
        0.1774,
        0.1436,
        0.0372,
        -0.1592,
        0.0372,
        0.3614,
        0.3897,
        0.0633,
        0.5342,
        0.4236,
        0.0372,
        0.0372,
        0.3443,
        0.1145,
        0.0445,
        0.162,
        0.1488,
        0.4977,
        0.3473,
        0.0628,
        -0.0716,
        -0.0443,
        0.0077,
        0.0074,
        1.0,
        0.0372,
        -0.0639,
        0.3515,
        0.4862,
        0.0508,
        0.1107,
        0.0383,
        -0.0366,
        0.2666,
        0.0372,
        0.0372,
        0.0372,
        0.0005,
        0.2771,
        0.4406,
        0.5536,
        0.0557
      ],
      [
        0.0914,
        0.0914,
        0.0916,
        0.0218,
        0.0121,
        0.0218,
        0.0944,
        0.0938,
        0.0552,
        0.029,
        0.0708,
        0.0218,
        0.0218,
        0.105,
        0.0267,
        0.0283,
        0.0671,
        0.0695,
        0.0714,
        0.0684,
        0.0536,
        0.0489,
        0.0629,
        0.0383,
        0.0283,
        0.0372,
        1.0,
        0.0627,
        0.1025,
        0.0292,
        0.0828,
        0.066,
        0.0659,
        0.071,
        0.0915,
        0.0218,
        0.0218,
        0.0218,
        0.0719,
        0.0734,
        0.0859,
        0.0618,
        0.0839
      ],
      [
        0.2955,
        0.2955,
        0.3209,
        0.0627,
        -0.1727,
        0.0627,
        0.0899,
        0.2177,
        0.1921,
        -0.0862,
        0.0915,
        0.0627,
        0.0627,
        0.2423,
        0.0615,
        0.1611,
        0.1406,
        0.0631,
        0.0565,
        0.0793,
        0.3383,
        0.3238,
        0.2823,
        0.1666,
        0.0944,
        -0.0639,
        0.0627,
        1.0,
        0.1477,
