{
  "_meta": {
    "generated": "2026-07-01T11:10:21",
    "portfolio_generated": "2026-07-01T11:07:52.182286",
    "n_assets": 16,
    "n_with_returns": 11,
    "covariance_method": "hybrid_shrunk",
    "condition_number": 91.14,
    "pca_factors": 4
  },
  "profiles": {
    "Agressif": {
      "n_assets": 9,
      "weighted_avg_correlation": 0.1872,
      "most_correlated": [
        {
          "t1": "EXPD",
          "t2": "NTAP",
          "corr": 0.5091,
          "w1": 5.0,
          "w2": 5.0,
          "combined_weight": 10.0
        },
        {
          "t1": "VWCE.DE",
          "t2": "SGLN.AS",
          "corr": 0.4194,
          "w1": 50.0,
          "w2": 5.0,
          "combined_weight": 55.0
        },
        {
          "t1": "IEMG",
          "t2": "NTAP",
          "corr": 0.3811,
          "w1": 15.0,
          "w2": 5.0,
          "combined_weight": 20.0
        },
        {
          "t1": "ITX",
          "t2": "NTAP",
          "corr": 0.2543,
          "w1": 5.0,
          "w2": 5.0,
          "combined_weight": 10.0
        },
        {
          "t1": "VWCE.DE",
          "t2": "IEMG",
          "corr": 0.2518,
          "w1": 50.0,
          "w2": 15.0,
          "combined_weight": 65.0
        },
        {
          "t1": "IEMG",
          "t2": "SGLN.AS",
          "corr": 0.2518,
          "w1": 15.0,
          "w2": 5.0,
          "combined_weight": 20.0
        },
        {
          "t1": "VWCE.DE",
          "t2": "EXPD",
          "corr": 0.2401,
          "w1": 50.0,
          "w2": 5.0,
          "combined_weight": 55.0
        },
        {
          "t1": "EXPD",
          "t2": "SGLN.AS",
          "corr": 0.2401,
          "w1": 5.0,
          "w2": 5.0,
          "combined_weight": 10.0
        },
        {
          "t1": "IEMG",
          "t2": "EXPD",
          "corr": 0.217,
          "w1": 15.0,
          "w2": 5.0,
          "combined_weight": 20.0
        },
        {
          "t1": "CF",
          "t2": "LOGN",
          "corr": 0.2109,
          "w1": 5.0,
          "w2": 5.0,
          "combined_weight": 10.0
        }
      ],
      "least_correlated": [
        {
          "t1": "IEMG",
          "t2": "LOGN",
          "corr": 0.0294,
          "w1": 15.0,
          "w2": 5.0,
          "combined_weight": 20.0
        },
        {
          "t1": "ITX",
          "t2": "CF",
          "corr": 0.0288,
          "w1": 5.0,
          "w2": 5.0,
          "combined_weight": 10.0
        },
        {
          "t1": "IEMG",
          "t2": "ITX",
          "corr": -0.0083,
          "w1": 15.0,
          "w2": 5.0,
          "combined_weight": 20.0
        },
        {
          "t1": "CF",
          "t2": "NTAP",
          "corr": -0.0209,
          "w1": 5.0,
          "w2": 5.0,
          "combined_weight": 10.0
        },
        {
          "t1": "IEMG",
          "t2": "CF",
          "corr": -0.2543,
          "w1": 15.0,
          "w2": 5.0,
          "combined_weight": 20.0
        }
      ],
      "high_corr_high_weight": []
    },
    "Mod\u00e9r\u00e9": {
      "n_assets": 9,
      "weighted_avg_correlation": 0.1387,
      "most_correlated": [
        {
          "t1": "VWCE.DE",
          "t2": "SGLN.AS",
          "corr": 0.4194,
          "w1": 50.0,
          "w2": 5.0,
          "combined_weight": 55.0
        },
        {
          "t1": "VWCE.DE",
          "t2": "EXPD",
          "corr": 0.2401,
          "w1": 50.0,
          "w2": 5.0,
          "combined_weight": 55.0
        },
        {
          "t1": "EXPD",
          "t2": "SGLN.AS",
          "corr": 0.2401,
          "w1": 5.0,
          "w2": 5.0,
          "combined_weight": 10.0
        },
        {
          "t1": "VWCE.DE",
          "t2": "NOVN",
          "corr": 0.2269,
          "w1": 50.0,
          "w2": 5.0,
          "combined_weight": 55.0
        },
        {
          "t1": "NOVN",
          "t2": "SGLN.AS",
          "corr": 0.2269,
          "w1": 5.0,
          "w2": 5.0,
          "combined_weight": 10.0
        },
        {
          "t1": "ITX",
          "t2": "NOVN",
          "corr": 0.2071,
          "w1": 5.0,
          "w2": 5.0,
          "combined_weight": 10.0
        },
        {
          "t1": "EXPD",
          "t2": "ITX",
          "corr": 0.1926,
          "w1": 5.0,
          "w2": 5.0,
          "combined_weight": 10.0
        },
        {
          "t1": "ITX",
          "t2": "LOGN",
          "corr": 0.1672,
          "w1": 5.0,
          "w2": 5.0,
          "combined_weight": 10.0
        },
        {
          "t1": "VWCE.DE",
          "t2": "LOGN",
          "corr": 0.1667,
          "w1": 50.0,
          "w2": 5.0,
          "combined_weight": 55.0
        },
        {
          "t1": "LOGN",
          "t2": "SGLN.AS",
          "corr": 0.1667,
          "w1": 5.0,
          "w2": 5.0,
          "combined_weight": 10.0
        }
      ],
      "least_correlated": [
        {
          "t1": "ITX",
          "t2": "IBCI.AS",
          "corr": 0.0371,
          "w1": 5.0,
          "w2": 5.0,
          "combined_weight": 10.0
        },
        {
          "t1": "ITX",
          "t2": "IBGS.AS",
          "corr": 0.0371,
          "w1": 5.0,
          "w2": 5.0,
          "combined_weight": 10.0
        },
        {
          "t1": "AGGH.AS",
          "t2": "IBCI.AS",
          "corr": 0.0197,
          "w1": 15.0,
          "w2": 5.0,
          "combined_weight": 20.0
        },
        {
          "t1": "AGGH.AS",
          "t2": "IBGS.AS",
          "corr": 0.0197,
          "w1": 15.0,
          "w2": 5.0,
          "combined_weight": 20.0
        },
        {
          "t1": "IBCI.AS",
          "t2": "IBGS.AS",
          "corr": 0.0197,
          "w1": 5.0,
          "w2": 5.0,
          "combined_weight": 10.0
        }
      ],
      "high_corr_high_weight": []
    },
    "Stable": {
      "n_assets": 9,
      "weighted_avg_correlation": 0.0979,
      "most_correlated": [
        {
          "t1": "BVI",
          "t2": "PUB",
          "corr": 0.5106,
          "w1": 2.5,
          "w2": 2.5,
          "combined_weight": 5.0
        },
        {
          "t1": "VWCE.DE",
          "t2": "PUB",
          "corr": 0.4302,
          "w1": 20.0,
          "w2": 2.5,
          "combined_weight": 22.5
        },
        {
          "t1": "SGLN.AS",
          "t2": "PUB",
          "corr": 0.4302,
          "w1": 10.0,
          "w2": 2.5,
          "combined_weight": 12.5
        },
        {
          "t1": "VWCE.DE",
          "t2": "SGLN.AS",
          "corr": 0.4194,
          "w1": 20.0,
          "w2": 10.0,
          "combined_weight": 30.0
        },
        {
          "t1": "VWCE.DE",
          "t2": "BVI",
          "corr": 0.3464,
          "w1": 20.0,
          "w2": 2.5,
          "combined_weight": 22.5
        },
        {
          "t1": "SGLN.AS",
          "t2": "BVI",
          "corr": 0.3464,
          "w1": 10.0,
          "w2": 2.5,
          "combined_weight": 12.5
        },
        {
          "t1": "VWCE.DE",
          "t2": "SHEL",
          "corr": 0.2308,
          "w1": 20.0,
          "w2": 2.5,
          "combined_weight": 22.5
        },
        {
          "t1": "SGLN.AS",
          "t2": "SHEL",
          "corr": 0.2308,
          "w1": 10.0,
          "w2": 2.5,
          "combined_weight": 12.5
        },
        {
          "t1": "SREN",
          "t2": "PUB",
          "corr": 0.1872,
          "w1": 2.5,
          "w2": 2.5,
          "combined_weight": 5.0
        },
        {
          "t1": "VWCE.DE",
          "t2": "SREN",
          "corr": 0.165,
          "w1": 20.0,
          "w2": 2.5,
          "combined_weight": 22.5
        }
      ],
      "least_correlated": [
        {
          "t1": "IBCI.AS",
          "t2": "SREN",
          "corr": 0.0359,
          "w1": 20.0,
          "w2": 2.5,
          "combined_weight": 22.5
        },
        {
          "t1": "IBGS.AS",
          "t2": "SREN",
          "corr": 0.0359,
          "w1": 15.0,
          "w2": 2.5,
          "combined_weight": 17.5
        },
        {
          "t1": "AGGH.AS",
          "t2": "IBCI.AS",
          "corr": 0.0197,
          "w1": 25.0,
          "w2": 20.0,
          "combined_weight": 45.0
        },
        {
          "t1": "AGGH.AS",
          "t2": "IBGS.AS",
          "corr": 0.0197,
          "w1": 25.0,
          "w2": 15.0,
          "combined_weight": 40.0
        },
        {
          "t1": "IBCI.AS",
          "t2": "IBGS.AS",
          "corr": 0.0197,
          "w1": 20.0,
          "w2": 15.0,
          "combined_weight": 35.0
        }
      ],
      "high_corr_high_weight": []
    }
  },
  "all_pairs_top_30": [
    {
      "t1": "BVI",
      "t2": "PUB",
      "corr_hybrid": 0.5106,
      "corr_structured": null,
      "cat1": "Act",
      "cat2": "Act",
      "exp1": null,
      "exp2": null,
      "fam1": null,
      "fam2": null
    },
    {
      "t1": "CF",
      "t2": "SHEL",
      "corr_hybrid": 0.5096,
      "corr_structured": null,
      "cat1": "Act",
      "cat2": "Act",
      "exp1": null,
      "exp2": null,
      "fam1": null,
      "fam2": null
    },
    {
      "t1": "EXPD",
      "t2": "NTAP",
      "corr_hybrid": 0.5091,
      "corr_structured": null,
      "cat1": "Act",
      "cat2": "Act",
      "exp1": null,
      "exp2": null,
      "fam1": null,
      "fam2": null
    },
    {
      "t1": "PUB",
      "t2": "SGLN.AS",
      "corr_hybrid": 0.4302,
      "corr_structured": null,
      "cat1": "Act",
      "cat2": "ETF",
      "exp1": null,
      "exp2": null,
      "fam1": null,
      "fam2": null
    },
    {
      "t1": "PUB",
      "t2": "VWCE.DE",
      "corr_hybrid": 0.4302,
      "corr_structured": null,
      "cat1": "Act",
      "cat2": "ETF",
      "exp1": null,
      "exp2": null,
      "fam1": null,
      "fam2": null
    },
    {
      "t1": "SGLN.AS",
      "t2": "VWCE.DE",
      "corr_hybrid": 0.4194,
      "corr_structured": null,
      "cat1": "ETF",
      "cat2": "ETF",
      "exp1": null,
      "exp2": null,
      "fam1": null,
      "fam2": null
    },
    {
      "t1": "IEMG",
      "t2": "NTAP",
      "corr_hybrid": 0.3811,
      "corr_structured": null,
      "cat1": "ETF",
      "cat2": "Act",
      "exp1": "emerging_markets",
      "exp2": null,
      "fam1": "em_equity",
      "fam2": null
    },
    {
      "t1": "BVI",
      "t2": "SGLN.AS",
      "corr_hybrid": 0.3464,
      "corr_structured": null,
      "cat1": "Act",
      "cat2": "ETF",
      "exp1": null,
      "exp2": null,
      "fam1": null,
      "fam2": null
    },
    {
      "t1": "BVI",
      "t2": "VWCE.DE",
      "corr_hybrid": 0.3464,
      "corr_structured": null,
      "cat1": "Act",
      "cat2": "ETF",
      "exp1": null,
      "exp2": null,
      "fam1": null,
      "fam2": null
    },
    {
      "t1": "IEMG",
      "t2": "PUB",
      "corr_hybrid": 0.257,
      "corr_structured": null,
      "cat1": "ETF",
      "cat2": "Act",
      "exp1": "emerging_markets",
      "exp2": null,
      "fam1": "em_equity",
      "fam2": null
    },
    {
      "t1": "CF",
      "t2": "IEMG",
      "corr_hybrid": -0.2543,
      "corr_structured": null,
      "cat1": "Act",
      "cat2": "ETF",
      "exp1": null,
      "exp2": "emerging_markets",
      "fam1": null,
      "fam2": "em_equity"
    },
    {
      "t1": "ITX",
      "t2": "NTAP",
      "corr_hybrid": 0.2543,
      "corr_structured": null,
      "cat1": "Act",
      "cat2": "Act",
      "exp1": null,
      "exp2": null,
      "fam1": null,
      "fam2": null
    },
    {
      "t1": "IEMG",
      "t2": "SGLN.AS",
      "corr_hybrid": 0.2518,
      "corr_structured": null,
      "cat1": "ETF",
      "cat2": "ETF",
      "exp1": "emerging_markets",
      "exp2": null,
      "fam1": "em_equity",
      "fam2": null
    },
    {
      "t1": "IEMG",
      "t2": "VWCE.DE",
      "corr_hybrid": 0.2518,
      "corr_structured": null,
      "cat1": "ETF",
      "cat2": "ETF",
      "exp1": "emerging_markets",
      "exp2": null,
      "fam1": "em_equity",
      "fam2": null
    },
    {
      "t1": "EXPD",
      "t2": "SHEL",
      "corr_hybrid": 0.2441,
      "corr_structured": null,
      "cat1": "Act",
      "cat2": "Act",
      "exp1": null,
      "exp2": null,
      "fam1": null,
      "fam2": null
    },
    {
      "t1": "EXPD",
      "t2": "SGLN.AS",
      "corr_hybrid": 0.2401,
      "corr_structured": null,
      "cat1": "Act",
      "cat2": "ETF",
      "exp1": null,
      "exp2": null,
      "fam1": null,
      "fam2": null
    },
    {
      "t1": "EXPD",
      "t2": "VWCE.DE",
      "corr_hybrid": 0.2401,
      "corr_structured": null,
      "cat1": "Act",
      "cat2": "ETF",
      "exp1": null,
      "exp2": null,
      "fam1": null,
      "fam2": null
    },
    {
      "t1": "NOVN",
      "t2": "PUB",
      "corr_hybrid": 0.2388,
      "corr_structured": null,
      "cat1": "Act",
      "cat2": "Act",
      "exp1": null,
      "exp2": null,
      "fam1": null,
      "fam2": null
    },
    {
      "t1": "SGLN.AS",
      "t2": "SHEL",
      "corr_hybrid": 0.2308,
      "corr_structured": null,
      "cat1": "ETF",
      "cat2": "Act",
      "exp1": null,
      "exp2": null,
      "fam1": null,
      "fam2": null
    },
    {
      "t1": "SHEL",
      "t2": "VWCE.DE",
      "corr_hybrid": 0.2308,
      "corr_structured": null,
      "cat1": "Act",
      "cat2": "ETF",
      "exp1": null,
      "exp2": null,
      "fam1": null,
      "fam2": null
    },
    {
      "t1": "NOVN",
      "t2": "SGLN.AS",
      "corr_hybrid": 0.2269,
      "corr_structured": null,
      "cat1": "Act",
      "cat2": "ETF",
      "exp1": null,
      "exp2": null,
      "fam1": null,
      "fam2": null
    },
    {
      "t1": "NOVN",
      "t2": "VWCE.DE",
      "corr_hybrid": 0.2269,
      "corr_structured": null,
      "cat1": "Act",
      "cat2": "ETF",
      "exp1": null,
      "exp2": null,
      "fam1": null,
      "fam2": null
    },
    {
      "t1": "EXPD",
      "t2": "IEMG",
      "corr_hybrid": 0.217,
      "corr_structured": null,
      "cat1": "Act",
      "cat2": "ETF",
      "exp1": null,
      "exp2": "emerging_markets",
      "fam1": null,
      "fam2": "em_equity"
    },
    {
      "t1": "CF",
      "t2": "LOGN",
      "corr_hybrid": 0.2109,
      "corr_structured": null,
      "cat1": "Act",
      "cat2": "Act",
      "exp1": null,
      "exp2": null,
      "fam1": null,
      "fam2": null
    },
    {
      "t1": "ITX",
      "t2": "NOVN",
      "corr_hybrid": 0.2071,
      "corr_structured": null,
      "cat1": "Act",
      "cat2": "Act",
      "exp1": null,
      "exp2": null,
      "fam1": null,
      "fam2": null
    },
    {
      "t1": "NTAP",
      "t2": "SGLN.AS",
      "corr_hybrid": 0.2064,
      "corr_structured": null,
      "cat1": "Act",
      "cat2": "ETF",
      "exp1": null,
      "exp2": null,
      "fam1": null,
      "fam2": null
    },
    {
      "t1": "NTAP",
      "t2": "VWCE.DE",
      "corr_hybrid": 0.2064,
      "corr_structured": null,
      "cat1": "Act",
      "cat2": "ETF",
      "exp1": null,
      "exp2": null,
      "fam1": null,
      "fam2": null
    },
    {
      "t1": "EXPD",
      "t2": "ITX",
      "corr_hybrid": 0.1926,
      "corr_structured": null,
      "cat1": "Act",
      "cat2": "Act",
      "exp1": null,
      "exp2": null,
      "fam1": null,
      "fam2": null
    },
    {
      "t1": "BVI",
      "t2": "NOVN",
      "corr_hybrid": 0.1923,
      "corr_structured": null,
      "cat1": "Act",
      "cat2": "Act",
      "exp1": null,
      "exp2": null,
      "fam1": null,
      "fam2": null
    },
    {
      "t1": "NTAP",
      "t2": "SHEL",
      "corr_hybrid": 0.1921,
      "corr_structured": null,
      "cat1": "Act",
      "cat2": "Act",
      "exp1": null,
      "exp2": null,
      "fam1": null,
      "fam2": null
    }
  ],
  "all_pairs_bottom_10": [
    {
      "t1": "BVI",
      "t2": "CF",
      "corr_hybrid": -0.0293,
      "corr_structured": null,
      "cat1": "Act",
      "cat2": "Act",
      "exp1": null,
      "exp2": null,
      "fam1": null,
      "fam2": null
    },
    {
      "t1": "CF",
      "t2": "ITX",
      "corr_hybrid": 0.0288,
      "corr_structured": null,
      "cat1": "Act",
      "cat2": "Act",
      "exp1": null,
      "exp2": null,
      "fam1": null,
      "fam2": null
    },
    {
      "t1": "IEMG",
      "t2": "SHEL",
      "corr_hybrid": 0.0212,
      "corr_structured": null,
      "cat1": "ETF",
      "cat2": "Act",
      "exp1": "emerging_markets",
      "exp2": null,
      "fam1": "em_equity",
      "fam2": null
    },
    {
      "t1": "BVI",
      "t2": "EXPD",
      "corr_hybrid": 0.0211,
      "corr_structured": null,
      "cat1": "Act",
      "cat2": "Act",
      "exp1": null,
      "exp2": null,
      "fam1": null,
      "fam2": null
    },
    {
      "t1": "CF",
      "t2": "NTAP",
      "corr_hybrid": -0.0209,
      "corr_structured": null,
      "cat1": "Act",
      "cat2": "Act",
      "exp1": null,
      "exp2": null,
      "fam1": null,
      "fam2": null
    },
    {
      "t1": "AGGH.AS",
      "t2": "IBCI.AS",
      "corr_hybrid": 0.0197,
      "corr_structured": null,
      "cat1": "Obl",
      "cat2": "Obl",
      "exp1": null,
      "exp2": null,
      "fam1": null,
      "fam2": null
    },
    {
      "t1": "AGGH.AS",
      "t2": "IBGS.AS",
      "corr_hybrid": 0.0197,
      "corr_structured": null,
      "cat1": "Obl",
      "cat2": "Obl",
      "exp1": null,
      "exp2": null,
      "fam1": null,
      "fam2": null
    },
    {
      "t1": "IBCI.AS",
      "t2": "IBGS.AS",
      "corr_hybrid": 0.0197,
      "corr_structured": null,
      "cat1": "Obl",
      "cat2": "Obl",
      "exp1": null,
      "exp2": null,
      "fam1": null,
      "fam2": null
    },
    {
      "t1": "BVI",
      "t2": "ITX",
      "corr_hybrid": -0.0096,
      "corr_structured": null,
      "cat1": "Act",
      "cat2": "Act",
      "exp1": null,
      "exp2": null,
      "fam1": null,
      "fam2": null
    },
    {
      "t1": "IEMG",
      "t2": "ITX",
      "corr_hybrid": -0.0083,
      "corr_structured": null,
      "cat1": "ETF",
      "cat2": "Act",
      "exp1": "emerging_markets",
      "exp2": null,
      "fam1": "em_equity",
      "fam2": null
    }
  ],
  "correlation_matrix": {
    "tickers": [
      "AGGH.AS",
      "BVI",
      "CF",
      "EXPD",
      "IBCI.AS",
      "IBGS.AS",
      "IEMG",
      "ITX",
      "LOGN",
      "NOVN",
      "NTAP",
      "PUB",
      "SGLN.AS",
      "SHEL",
      "SREN",
      "VWCE.DE"
    ],
    "matrix": [
      [
        1.0,
        0.0728,
        0.0343,
        0.0539,
        0.0197,
        0.0197,
        0.0528,
        0.0371,
        0.0374,
        0.0497,
        0.047,
        0.0907,
        0.0907,
        0.0521,
        0.0359,
        0.0907
      ],
      [
        0.0728,
        1.0,
        -0.0293,
        0.0211,
        0.0728,
        0.0728,
        0.1822,
        -0.0096,
        0.0991,
        0.1923,
        -0.1246,
        0.5106,
        0.3464,
        0.078,
        0.1527,
        0.3464
      ],
      [
        0.0343,
        -0.0293,
        1.0,
        0.1876,
        0.0343,
        0.0343,
        -0.2543,
        0.0288,
        0.2109,
        0.0809,
        -0.0209,
        -0.0678,
        0.1387,
        0.5096,
        0.0421,
        0.1387
      ],
      [
        0.0539,
        0.0211,
        0.1876,
        1.0,
        0.0539,
        0.0539,
        0.217,
        0.1926,
        0.1249,
        0.1136,
        0.5091,
        0.0659,
        0.2401,
        0.2441,
        0.0685,
        0.2401
      ],
      [
        0.0197,
        0.0728,
        0.0343,
        0.0539,
        1.0,
        0.0197,
        0.0528,
        0.0371,
        0.0374,
        0.0497,
        0.047,
        0.0907,
        0.0907,
        0.0521,
        0.0359,
        0.0907
      ],
      [
        0.0197,
        0.0728,
        0.0343,
        0.0539,
        0.0197,
        1.0,
        0.0528,
        0.0371,
        0.0374,
        0.0497,
        0.047,
        0.0907,
        0.0907,
        0.0521,
        0.0359,
        0.0907
      ],
      [
        0.0528,
        0.1822,
        -0.2543,
        0.217,
        0.0528,
        0.0528,
        1.0,
        -0.0083,
        0.0294,
        0.0992,
        0.3811,
        0.257,
        0.2518,
        0.0212,
        0.0747,
        0.2518
      ],
      [
        0.0371,
        -0.0096,
        0.0288,
        0.1926,
        0.0371,
        0.0371,
        -0.0083,
        1.0,
        0.1672,
        0.2071,
        0.2543,
        0.0352,
        0.1459,
        0.063,
        0.128,
        0.1459
      ],
      [
        0.0374,
        0.0991,
        0.2109,
        0.1249,
        0.0374,
        0.0374,
        0.0294,
        0.1672,
        1.0,
        0.107,
        0.0844,
        0.123,
        0.1667,
        0.1631,
        0.0723,
        0.1667
      ],
      [
        0.0497,
        0.1923,
        0.0809,
        0.1136,
        0.0497,
        0.0497,
        0.0992,
        0.2071,
        0.107,
        1.0,
        0.0726,
        0.2388,
        0.2269,
        0.1162,
        0.1043,
        0.2269
      ],
      [
        0.047,
        -0.1246,
        -0.0209,
        0.5091,
        0.047,
        0.047,
        0.3811,
        0.2543,
        0.0844,
        0.0726,
        1.0,
        -0.0686,
        0.2064,
        0.1921,
        0.0315,
        0.2064
      ],
      [
        0.0907,
        0.5106,
        -0.0678,
        0.0659,
        0.0907,
        0.0907,
        0.257,
        0.0352,
        0.123,
        0.2388,
        -0.0686,
        1.0,
        0.4302,
        0.0939,
        0.1872,
        0.4302
      ],
      [
        0.0907,
        0.3464,
        0.1387,
        0.2401,
        0.0907,
        0.0907,
        0.2518,
        0.1459,
        0.1667,
        0.2269,
        0.2064,
        0.4302,
        1.0,
        0.2308,
        0.165,
        0.4194
      ],
      [
        0.0521,
        0.078,
        0.5096,
        0.2441,
        0.0521,
        0.0521,
        0.0212,
        0.063,
        0.1631,
        0.1162,
        0.1921,
        0.0939,
        0.2308,
        1.0,
        0.0738,
        0.2308
      ],
      [
        0.0359,
        0.1527,
        0.0421,
        0.0685,
        0.0359,
        0.0359,
        0.0747,
        0.128,
        0.0723,
        0.1043,
        0.0315,
        0.1872,
        0.165,
        0.0738,
        1.0,
        0.165
      ],
      [
        0.0907,
        0.3464,
        0.1387,
        0.2401,
        0.0907,
        0.0907,
        0.2518,
        0.1459,
        0.1667,
        0.2269,
        0.2064,
        0.4302,
        0.4194,
        0.2308,
        0.165,
        1.0
      ]
    ]
  }
}