{
  "_meta": {
    "generated": "2026-06-01T13:33:41",
    "portfolio_generated": "2026-06-01T13:28:48.786881",
    "n_assets": 45,
    "n_with_returns": 34,
    "covariance_method": "hybrid_shrunk",
    "condition_number": 350.43,
    "pca_factors": 6
  },
  "profiles": {
    "Agressif": {
      "n_assets": 17,
      "weighted_avg_correlation": 0.2361,
      "most_correlated": [
        {
          "t1": "XCEM",
          "t2": "FLKR",
          "corr": 0.7619,
          "w1": 7.0,
          "w2": 5.2,
          "combined_weight": 12.1
        },
        {
          "t1": "SOXX",
          "t2": "XCEM",
          "corr": 0.7242,
          "w1": 7.9,
          "w2": 7.0,
          "combined_weight": 14.9
        },
        {
          "t1": "SOXX",
          "t2": "FLKR",
          "corr": 0.6993,
          "w1": 7.9,
          "w2": 5.2,
          "combined_weight": 13.1
        },
        {
          "t1": "XLK",
          "t2": "XCEM",
          "corr": 0.6988,
          "w1": 6.0,
          "w2": 7.0,
          "combined_weight": 13.0
        },
        {
          "t1": "SOXX",
          "t2": "XLK",
          "corr": 0.6912,
          "w1": 7.9,
          "w2": 6.0,
          "combined_weight": 14.0
        },
        {
          "t1": "XLK",
          "t2": "FLKR",
          "corr": 0.6824,
          "w1": 6.0,
          "w2": 5.2,
          "combined_weight": 11.2
        },
        {
          "t1": "XCEM",
          "t2": "PICK",
          "corr": 0.6779,
          "w1": 7.0,
          "w2": 7.0,
          "combined_weight": 13.9
        },
        {
          "t1": "FSLR",
          "t2": "ICLN",
          "corr": 0.6374,
          "w1": 6.8,
          "w2": 3.9,
          "combined_weight": 10.7
        },
        {
          "t1": "PICK",
          "t2": "CDE",
          "corr": 0.6286,
          "w1": 7.0,
          "w2": 7.0,
          "combined_weight": 13.9
        },
        {
          "t1": "PICK",
          "t2": "FLKR",
          "corr": 0.6135,
          "w1": 7.0,
          "w2": 5.2,
          "combined_weight": 12.1
        }
      ],
      "least_correlated": [
        {
          "t1": "SOXX",
          "t2": "XBI",
          "corr": -0.0321,
          "w1": 7.9,
          "w2": 3.2,
          "combined_weight": 11.1
        },
        {
          "t1": "FSLR",
          "t2": "XBI",
          "corr": -0.0329,
          "w1": 6.8,
          "w2": 3.2,
          "combined_weight": 10.0
        },
        {
          "t1": "NVDA",
          "t2": "GLD",
          "corr": -0.035,
          "w1": 6.9,
          "w2": 6.4,
          "combined_weight": 13.2
        },
        {
          "t1": "PLTR",
          "t2": "XBI",
          "corr": -0.0375,
          "w1": 4.6,
          "w2": 3.2,
          "combined_weight": 7.8
        },
        {
          "t1": "PLTR",
          "t2": "GLD",
          "corr": -0.0901,
          "w1": 4.6,
          "w2": 6.4,
          "combined_weight": 11.0
        }
      ],
      "high_corr_high_weight": [
        {
          "t1": "XCEM",
          "t2": "FLKR",
          "corr": 0.7619,
          "w1": 7.0,
          "w2": 5.2,
          "combined_weight": 12.1
        },
        {
          "t1": "SOXX",
          "t2": "XCEM",
          "corr": 0.7242,
          "w1": 7.9,
          "w2": 7.0,
          "combined_weight": 14.9
        }
      ]
    },
    "Mod\u00e9r\u00e9": {
      "n_assets": 18,
      "weighted_avg_correlation": 0.1245,
      "most_correlated": [
        {
          "t1": "VPL",
          "t2": "FNDF",
          "corr": 0.6909,
          "w1": 5.4,
          "w2": 5.0,
          "combined_weight": 10.4
        },
        {
          "t1": "BMED",
          "t2": "FNDF",
          "corr": 0.4725,
          "w1": 5.0,
          "w2": 5.0,
          "combined_weight": 10.0
        },
        {
          "t1": "DIVB",
          "t2": "FNDF",
          "corr": 0.4711,
          "w1": 8.4,
          "w2": 5.0,
          "combined_weight": 13.4
        },
        {
          "t1": "DIVB",
          "t2": "VPL",
          "corr": 0.4695,
          "w1": 8.4,
          "w2": 5.4,
          "combined_weight": 13.7
        },
        {
          "t1": "VPL",
          "t2": "BMED",
          "corr": 0.464,
          "w1": 5.4,
          "w2": 5.0,
          "combined_weight": 10.4
        },
        {
          "t1": "CF",
          "t2": "EOG",
          "corr": 0.4485,
          "w1": 4.9,
          "w2": 4.6,
          "combined_weight": 9.5
        },
        {
          "t1": "DIVB",
          "t2": "BMED",
          "corr": 0.4133,
          "w1": 8.4,
          "w2": 5.0,
          "combined_weight": 13.4
        },
        {
          "t1": "VICI",
          "t2": "BMED",
          "corr": 0.339,
          "w1": 6.5,
          "w2": 5.0,
          "combined_weight": 11.5
        },
        {
          "t1": "SCHD",
          "t2": "BMED",
          "corr": 0.335,
          "w1": 7.3,
          "w2": 5.0,
          "combined_weight": 12.3
        },
        {
          "t1": "SCHD",
          "t2": "FNDF",
          "corr": 0.3187,
          "w1": 7.3,
          "w2": 5.0,
          "combined_weight": 12.3
        }
      ],
      "least_correlated": [
        {
          "t1": "DIVB",
          "t2": "CF",
          "corr": -0.083,
          "w1": 8.4,
          "w2": 4.9,
          "combined_weight": 13.3
        },
        {
          "t1": "EOG",
          "t2": "FNDF",
          "corr": -0.1095,
          "w1": 4.6,
          "w2": 5.0,
          "combined_weight": 9.6
        },
        {
          "t1": "VPL",
          "t2": "EOG",
          "corr": -0.1703,
          "w1": 5.4,
          "w2": 4.6,
          "combined_weight": 10.0
        },
        {
          "t1": "CF",
          "t2": "FNDF",
          "corr": -0.2949,
          "w1": 4.9,
          "w2": 5.0,
          "combined_weight": 9.9
        },
        {
          "t1": "VPL",
          "t2": "CF",
          "corr": -0.3762,
          "w1": 5.4,
          "w2": 4.9,
          "combined_weight": 10.3
        }
      ],
      "high_corr_high_weight": []
    },
    "Stable": {
      "n_assets": 16,
      "weighted_avg_correlation": 0.1282,
      "most_correlated": [
        {
          "t1": "SUNPHARMA",
          "t2": "IG",
          "corr": 0.5545,
          "w1": 3.7,
          "w2": 4.9,
          "combined_weight": 8.6
        },
        {
          "t1": "SUNPHARMA",
          "t2": "VICI",
          "corr": 0.4422,
          "w1": 3.7,
          "w2": 5.9,
          "combined_weight": 9.6
        },
        {
          "t1": "IG",
          "t2": "VICI",
          "corr": 0.4401,
          "w1": 4.9,
          "w2": 5.9,
          "combined_weight": 10.8
        },
        {
          "t1": "SUNPHARMA",
          "t2": "GD",
          "corr": 0.425,
          "w1": 3.7,
          "w2": 4.3,
          "combined_weight": 8.0
        },
        {
          "t1": "KO",
          "t2": "PG",
          "corr": 0.4009,
          "w1": 3.7,
          "w2": 4.9,
          "combined_weight": 8.6
        },
        {
          "t1": "IG",
          "t2": "ACWV",
          "corr": 0.3983,
          "w1": 4.9,
          "w2": 6.3,
          "combined_weight": 11.2
        },
        {
          "t1": "IG",
          "t2": "KO",
          "corr": 0.3927,
          "w1": 4.9,
          "w2": 3.7,
          "combined_weight": 8.6
        },
        {
          "t1": "IG",
          "t2": "PG",
          "corr": 0.3914,
          "w1": 4.9,
          "w2": 4.9,
          "combined_weight": 9.8
        },
        {
          "t1": "SPYV",
          "t2": "IG",
          "corr": 0.3868,
          "w1": 4.8,
          "w2": 4.9,
          "combined_weight": 9.7
        },
        {
          "t1": "SPYV",
          "t2": "ACWV",
          "corr": 0.3848,
          "w1": 4.8,
          "w2": 6.3,
          "combined_weight": 11.0
        }
      ],
      "least_correlated": [
        {
          "t1": "CLTL",
          "t2": "GLD",
          "corr": 0.014,
          "w1": 13.2,
          "w2": 4.0,
          "combined_weight": 17.2
        },
        {
          "t1": "VGSH",
          "t2": "GLD",
          "corr": 0.014,
          "w1": 10.6,
          "w2": 4.0,
          "combined_weight": 14.7
        },
        {
          "t1": "CS",
          "t2": "GLD",
          "corr": 0.0044,
          "w1": 5.8,
          "w2": 4.0,
          "combined_weight": 9.9
        },
        {
          "t1": "CS",
          "t2": "XLV",
          "corr": -0.0273,
          "w1": 5.8,
          "w2": 4.3,
          "combined_weight": 10.1
        },
        {
          "t1": "NOVN",
          "t2": "CS",
          "corr": -0.0279,
          "w1": 4.1,
          "w2": 5.8,
          "combined_weight": 10.0
        }
      ],
      "high_corr_high_weight": []
    }
  },
  "all_pairs_top_30": [
    {
      "t1": "VPL",
      "t2": "XCEM",
      "corr_hybrid": 0.7657,
      "corr_structured": 0.2,
      "cat1": "ETF",
      "cat2": "ETF",
      "exp1": "pacific_asia",
      "exp2": "emerging_markets",
      "fam1": null,
      "fam2": "em_equity"
    },
    {
      "t1": "FLKR",
      "t2": "XCEM",
      "corr_hybrid": 0.7619,
      "corr_structured": 0.9,
      "cat1": "ETF",
      "cat2": "ETF",
      "exp1": "south_korea",
      "exp2": "emerging_markets",
      "fam1": "em_equity",
      "fam2": "em_equity"
    },
    {
      "t1": "SOXX",
      "t2": "XCEM",
      "corr_hybrid": 0.7242,
      "corr_structured": 0.2,
      "cat1": "ETF",
      "cat2": "ETF",
      "exp1": "semiconductor",
      "exp2": "emerging_markets",
      "fam1": "sector_tech",
      "fam2": "em_equity"
    },
    {
      "t1": "FLKR",
      "t2": "VPL",
      "corr_hybrid": 0.71,
      "corr_structured": 0.2,
      "cat1": "ETF",
      "cat2": "ETF",
      "exp1": "south_korea",
      "exp2": "pacific_asia",
      "fam1": "em_equity",
      "fam2": null
    },
    {
      "t1": "FNDF",
      "t2": "XCEM",
      "corr_hybrid": 0.7073,
      "corr_structured": 0.62,
      "cat1": "ETF",
      "cat2": "ETF",
      "exp1": "international",
      "exp2": "emerging_markets",
      "fam1": "intl_equity",
      "fam2": "em_equity"
    },
    {
      "t1": "FLKR",
      "t2": "SOXX",
      "corr_hybrid": 0.6993,
      "corr_structured": 0.2,
      "cat1": "ETF",
      "cat2": "ETF",
      "exp1": "south_korea",
      "exp2": "semiconductor",
      "fam1": "em_equity",
      "fam2": "sector_tech"
    },
    {
      "t1": "XCEM",
      "t2": "XLK",
      "corr_hybrid": 0.6988,
      "corr_structured": 0.2,
      "cat1": "ETF",
      "cat2": "ETF",
      "exp1": "emerging_markets",
      "exp2": "tech",
      "fam1": "em_equity",
      "fam2": "sector_tech"
    },
    {
      "t1": "SOXX",
      "t2": "XLK",
      "corr_hybrid": 0.6912,
      "corr_structured": 0.9,
      "cat1": "ETF",
      "cat2": "ETF",
      "exp1": "semiconductor",
      "exp2": "tech",
      "fam1": "sector_tech",
      "fam2": "sector_tech"
    },
    {
      "t1": "FNDF",
      "t2": "VPL",
      "corr_hybrid": 0.6909,
      "corr_structured": 0.2,
      "cat1": "ETF",
      "cat2": "ETF",
      "exp1": "international",
      "exp2": "pacific_asia",
      "fam1": "intl_equity",
      "fam2": null
    },
    {
      "t1": "FLKR",
      "t2": "XLK",
      "corr_hybrid": 0.6824,
      "corr_structured": 0.2,
      "cat1": "ETF",
      "cat2": "ETF",
      "exp1": "south_korea",
      "exp2": "tech",
      "fam1": "em_equity",
      "fam2": "sector_tech"
    },
    {
      "t1": "PICK",
      "t2": "XCEM",
      "corr_hybrid": 0.6779,
      "corr_structured": 0.2,
      "cat1": "ETF",
      "cat2": "ETF",
      "exp1": "metals_mining",
      "exp2": "emerging_markets",
      "fam1": null,
      "fam2": "em_equity"
    },
    {
      "t1": "SOXX",
      "t2": "VPL",
      "corr_hybrid": 0.6737,
      "corr_structured": 0.2,
      "cat1": "ETF",
      "cat2": "ETF",
      "exp1": "semiconductor",
      "exp2": "pacific_asia",
      "fam1": "sector_tech",
      "fam2": null
    },
    {
      "t1": "PICK",
      "t2": "VPL",
      "corr_hybrid": 0.6644,
      "corr_structured": 0.2,
      "cat1": "ETF",
      "cat2": "ETF",
      "exp1": "metals_mining",
      "exp2": "pacific_asia",
      "fam1": null,
      "fam2": null
    },
    {
      "t1": "VPL",
      "t2": "XLK",
      "corr_hybrid": 0.6481,
      "corr_structured": 0.2,
      "cat1": "ETF",
      "cat2": "ETF",
      "exp1": "pacific_asia",
      "exp2": "tech",
      "fam1": null,
      "fam2": "sector_tech"
    },
    {
      "t1": "FLKR",
      "t2": "FNDF",
      "corr_hybrid": 0.6428,
      "corr_structured": 0.62,
      "cat1": "ETF",
      "cat2": "ETF",
      "exp1": "south_korea",
      "exp2": "international",
      "fam1": "em_equity",
      "fam2": "intl_equity"
    },
    {
      "t1": "FNDF",
      "t2": "PICK",
      "corr_hybrid": 0.6378,
      "corr_structured": 0.2,
      "cat1": "ETF",
      "cat2": "ETF",
      "exp1": "international",
      "exp2": "metals_mining",
      "fam1": "intl_equity",
      "fam2": null
    },
    {
      "t1": "FSLR",
      "t2": "ICLN",
      "corr_hybrid": 0.6374,
      "corr_structured": null,
      "cat1": "Act",
      "cat2": "ETF",
      "exp1": null,
      "exp2": "clean_energy",
      "fam1": null,
      "fam2": null
    },
    {
      "t1": "CDE",
      "t2": "PICK",
      "corr_hybrid": 0.6286,
      "corr_structured": null,
      "cat1": "Act",
      "cat2": "ETF",
      "exp1": null,
      "exp2": "metals_mining",
      "fam1": null,
      "fam2": null
    },
    {
      "t1": "CS",
      "t2": "PICK",
      "corr_hybrid": 0.6201,
      "corr_structured": null,
      "cat1": "Act",
      "cat2": "ETF",
      "exp1": null,
      "exp2": "metals_mining",
      "fam1": null,
      "fam2": null
    },
    {
      "t1": "FLKR",
      "t2": "PICK",
      "corr_hybrid": 0.6135,
      "corr_structured": 0.2,
      "cat1": "ETF",
      "cat2": "ETF",
      "exp1": "south_korea",
      "exp2": "metals_mining",
      "fam1": "em_equity",
      "fam2": null
    },
    {
      "t1": "FNDF",
      "t2": "SOXX",
      "corr_hybrid": 0.6088,
      "corr_structured": 0.2,
      "cat1": "ETF",
      "cat2": "ETF",
      "exp1": "international",
      "exp2": "semiconductor",
      "fam1": "intl_equity",
      "fam2": "sector_tech"
    },
    {
      "t1": "PICK",
      "t2": "SOXX",
      "corr_hybrid": 0.6059,
      "corr_structured": 0.2,
      "cat1": "ETF",
      "cat2": "ETF",
      "exp1": "metals_mining",
      "exp2": "semiconductor",
      "fam1": null,
      "fam2": "sector_tech"
    },
    {
      "t1": "000660",
      "t2": "2059",
      "corr_hybrid": 0.5994,
      "corr_structured": null,
      "cat1": "Act",
      "cat2": "Act",
      "exp1": null,
      "exp2": null,
      "fam1": null,
      "fam2": null
    },
    {
      "t1": "000660",
      "t2": "BNB/USD",
      "corr_hybrid": 0.5994,
      "corr_structured": null,
      "cat1": "Act",
      "cat2": "Act",
      "exp1": null,
      "exp2": null,
      "fam1": null,
      "fam2": null
    },
    {
      "t1": "000660",
      "t2": "SUNPHARMA",
      "corr_hybrid": 0.5994,
      "corr_structured": null,
      "cat1": "Act",
      "cat2": "Act",
      "exp1": null,
      "exp2": null,
      "fam1": null,
      "fam2": null
    },
    {
      "t1": "2059",
      "t2": "BNB/USD",
      "corr_hybrid": 0.5994,
      "corr_structured": null,
      "cat1": "Act",
      "cat2": "Act",
      "exp1": null,
      "exp2": null,
      "fam1": null,
      "fam2": null
    },
    {
      "t1": "2059",
      "t2": "SUNPHARMA",
      "corr_hybrid": 0.5994,
      "corr_structured": null,
      "cat1": "Act",
      "cat2": "Act",
      "exp1": null,
      "exp2": null,
      "fam1": null,
      "fam2": null
    },
    {
      "t1": "BNB/USD",
      "t2": "SUNPHARMA",
      "corr_hybrid": 0.5994,
      "corr_structured": null,
      "cat1": "Act",
      "cat2": "Act",
      "exp1": null,
      "exp2": null,
      "fam1": null,
      "fam2": null
    },
    {
      "t1": "ICLN",
      "t2": "XCEM",
      "corr_hybrid": 0.593,
      "corr_structured": 0.2,
      "cat1": "ETF",
      "cat2": "ETF",
      "exp1": "clean_energy",
      "exp2": "emerging_markets",
      "fam1": null,
      "fam2": "em_equity"
    },
    {
      "t1": "FNDF",
      "t2": "XLK",
      "corr_hybrid": 0.5822,
      "corr_structured": 0.2,
      "cat1": "ETF",
      "cat2": "ETF",
      "exp1": "international",
      "exp2": "tech",
      "fam1": "intl_equity",
      "fam2": "sector_tech"
    }
  ],
  "all_pairs_bottom_10": [
    {
      "t1": "ICLN",
      "t2": "KO",
      "corr_hybrid": 0.0044,
      "corr_structured": null,
      "cat1": "ETF",
      "cat2": "Act",
      "exp1": "clean_energy",
      "exp2": null,
      "fam1": null,
      "fam2": null
    },
    {
      "t1": "XBI",
      "t2": "XCEM",
      "corr_hybrid": -0.0042,
      "corr_structured": 0.2,
      "cat1": "ETF",
      "cat2": "ETF",
      "exp1": "biotech",
      "exp2": "emerging_markets",
      "fam1": "sector_healthcare",
      "fam2": "em_equity"
    },
    {
      "t1": "CDE",
      "t2": "XBI",
      "corr_hybrid": 0.0033,
      "corr_structured": null,
      "cat1": "Act",
      "cat2": "ETF",
      "exp1": null,
      "exp2": "biotech",
      "fam1": null,
      "fam2": "sector_healthcare"
    },
    {
      "t1": "FLKR",
      "t2": "GLD",
      "corr_hybrid": 0.0021,
      "corr_structured": 0.2,
      "cat1": "ETF",
      "cat2": "ETF",
      "exp1": "south_korea",
      "exp2": "gold_physical",
      "fam1": "em_equity",
      "fam2": "gold"
    },
    {
      "t1": "XLK",
      "t2": "XLV",
      "corr_hybrid": 0.0021,
      "corr_structured": 0.45,
      "cat1": "ETF",
      "cat2": "ETF",
      "exp1": "tech",
      "exp2": "healthcare",
      "fam1": "sector_tech",
      "fam2": "sector_healthcare"
    },
    {
      "t1": "PLTR",
      "t2": "SCHD",
      "corr_hybrid": -0.002,
      "corr_structured": null,
      "cat1": "Act",
      "cat2": "ETF",
      "exp1": null,
      "exp2": "dividend",
      "fam1": null,
      "fam2": "factor_dividend"
    },
    {
      "t1": "CF",
      "t2": "GLD",
      "corr_hybrid": -0.0019,
      "corr_structured": null,
      "cat1": "Act",
      "cat2": "ETF",
      "exp1": null,
      "exp2": "gold_physical",
      "fam1": null,
      "fam2": "gold"
    },
    {
      "t1": "SOXX",
      "t2": "XLV",
      "corr_hybrid": 0.0017,
      "corr_structured": 0.45,
      "cat1": "ETF",
      "cat2": "ETF",
      "exp1": "semiconductor",
      "exp2": "healthcare",
      "fam1": "sector_tech",
      "fam2": "sector_healthcare"
    },
    {
      "t1": "FLKR",
      "t2": "ITX",
      "corr_hybrid": -0.0016,
      "corr_structured": null,
      "cat1": "ETF",
      "cat2": "Act",
      "exp1": "south_korea",
      "exp2": null,
      "fam1": "em_equity",
      "fam2": null
    },
    {
      "t1": "NOVN",
      "t2": "XCEM",
      "corr_hybrid": -0.0015,
      "corr_structured": null,
      "cat1": "Act",
      "cat2": "ETF",
      "exp1": null,
      "exp2": "emerging_markets",
      "fam1": null,
      "fam2": "em_equity"
    }
  ],
  "correlation_matrix": {
    "tickers": [
      "000660",
      "2059",
      "ACWV",
      "BMED",
      "BNB/USD",
      "CDE",
      "CF",
      "CLTL",
      "CS",
      "DIVB",
      "EOG",
      "FLKR",
      "FLTR",
      "FNDF",
      "FSLR",
      "GD",
      "GGG",
      "GLD",
      "GTIP",
      "ICLN",
      "IG",
      "ITX",
      "KO",
      "NOVN",
      "NVDA",
      "PAAA",
      "PEG",
      "PG",
      "PICK",
      "PLTR",
      "SCHD",
      "SCHN",
      "SOXX",
      "SPLV",
      "SPYV",
      "STIP",
      "SUNPHARMA",
      "TDTT",
      "VGSH",
      "VICI",
      "VPL",
      "XBI",
      "XCEM",
      "XLK",
      "XLV"
    ],
    "matrix": [
      [
        1.0,
        0.5994,
        0.3697,
        0.4341,
        0.5994,
        0.1381,
        0.2555,
        0.0934,
        0.1536,
        0.3571,
        0.3377,
        0.1169,
        0.0934,
        0.2776,
        0.1662,
        0.425,
        0.4037,
        0.0896,
        0.0934,
        0.1958,
        0.5545,
        0.313,
        0.3798,
        0.3155,
        0.1962,
        0.0934,
        0.3792,
        0.35,
        0.192,
        0.1783,
        0.3616,
        0.3267,
        0.1331,
        0.3455,
        0.3594,
        0.0934,
        0.5994,
        0.0934,
        0.0934,
        0.4422,
        0.2253,
        0.1214,
        0.1921,
        0.182,
        0.1941
      ],
      [
        0.5994,
        1.0,
        0.3697,
        0.4341,
        0.5994,
        0.1381,
        0.2555,
        0.0934,
        0.1536,
        0.3571,
        0.3377,
        0.1169,
        0.0934,
        0.2776,
        0.1662,
        0.425,
        0.4037,
        0.0896,
        0.0934,
        0.1958,
        0.5545,
        0.313,
        0.3798,
        0.3155,
        0.1962,
        0.0934,
        0.3792,
        0.35,
        0.192,
        0.1783,
        0.3616,
        0.3267,
        0.1331,
        0.3455,
        0.3594,
        0.0934,
        0.5994,
        0.0934,
        0.0934,
        0.4422,
        0.2253,
        0.1214,
        0.1921,
        0.182,
        0.1941
      ],
      [
        0.3697,
        0.3697,
        1.0,
        0.4043,
        0.3697,
        0.2144,
        -0.0919,
        0.0809,
        0.2931,
        0.3694,
        0.0629,
        0.3385,
        0.0809,
        0.428,
        0.1319,
        0.256,
        0.3782,
        0.0759,
        0.0809,
        0.2765,
        0.3983,
        0.2436,
        0.2879,
        0.1594,
        0.2304,
        0.0809,
        0.284,
        0.3353,
        0.3571,
        0.0334,
        0.3117,
        0.1962,
        0.3093,
        0.299,
        0.3848,
        0.0809,
        0.3697,
        0.0809,
        0.0809,
        0.318,
        0.4154,
        0.0743,
        0.4085,
        0.2927,
        0.1279
      ],
      [
        0.4341,
        0.4341,
        0.4043,
        1.0,
        0.4341,
        0.2682,
        -0.0647,
        0.0914,
        0.2919,
        0.4133,
        0.0944,
        0.3912,
        0.0914,
        0.4725,
        0.193,
        0.316,
        0.4087,
        0.0726,
        0.0914,
        0.3481,
        0.452,
        0.2364,
        0.2784,
        0.1874,
        0.3123,
        0.0914,
        0.3139,
        0.3196,
        0.4041,
        0.1662,
        0.335,
        0.2373,
        0.3765,
        0.2986,
        0.4374,
        0.0914,
        0.4341,
        0.0914,
        0.0914,
        0.339,
        0.464,
        0.076,
        0.4626,
        0.3861,
        0.1388
      ],
      [
        0.5994,
        0.5994,
        0.3697,
        0.4341,
        1.0,
        0.1381,
        0.2555,
        0.0934,
        0.1536,
        0.3571,
        0.3377,
        0.1169,
        0.0934,
        0.2776,
        0.1662,
        0.425,
        0.4037,
        0.0896,
        0.0934,
        0.1958,
        0.5545,
        0.313,
        0.3798,
        0.3155,
        0.1962,
        0.0934,
        0.3792,
        0.35,
        0.192,
        0.1783,
        0.3616,
        0.3267,
        0.1331,
        0.3455,
        0.3594,
        0.0934,
        0.5994,
        0.0934,
        0.0934,
        0.4422,
        0.2253,
        0.1214,
        0.1921,
        0.182,
        0.1941
      ],
      [
        0.1381,
        0.1381,
        0.2144,
        0.2682,
        0.1381,
        1.0,
        -0.1044,
        0.0218,
        0.3488,
        0.2436,
        -0.1288,
        0.3443,
        0.0218,
        0.4086,
        0.1906,
        0.1623,
        0.1661,
        0.0805,
        0.0218,
        0.4143,
        0.123,
        0.0257,
        -0.0633,
        0.0622,
        0.2047,
        0.0218,
        0.198,
        0.1125,
        0.6286,
        0.257,
        0.1163,
        0.1218,
        0.3805,
        0.0903,
        0.265,
        0.0218,
        0.1381,
        0.0218,
        0.0218,
        0.1187,
        0.4146,
        0.0033,
        0.4309,
        0.3773,
        0.0608
      ],
      [
        0.2555,
        0.2555,
        -0.0919,
        -0.0647,
        0.2555,
        -0.1044,
        1.0,
        -0.0112,
        0.0428,
        -0.083,
        0.4485,
        -0.4487,
        -0.0112,
        -0.2949,
        0.0113,
        0.1979,
        -0.0421,
        -0.0019,
        -0.0112,
        -0.1841,
        0.0859,
        0.0376,
        0.0807,
        0.1763,
        -0.1623,
        -0.0112,
        0.0733,
        -0.0535,
        -0.2354,
        0.1291,
        0.0509,
        0.1497,
        -0.3641,
        0.0287,
        -0.136,
        -0.0112,
        0.2555,
        -0.0112,
        -0.0112,
        0.1052,
        -0.3762,
        0.0405,
        -0.4521,
        -0.2934,
        0.0391
      ],
      [
        0.0934,
        0.0934,
        0.0809,
        0.0914,
        0.0934,
        0.0218,
        -0.0112,
        1.0,
        0.0381,
        0.0803,
        0.0272,
        0.0697,
        0.0197,
        0.085,
        0.0332,
        0.0653,
        0.0836,
        0.014,
        0.0197,
        0.058,
        0.0988,
        0.0539,
        0.0653,
        0.0422,
        0.0604,
        0.0197,
        0.0639,
        0.0678,
        0.0601,
        0.0292,
        0.0682,
        0.0494,
        0.0652,
        0.0629,
        0.0854,
        0.0197,
        0.0934,
        0.0197,
        0.0197,
        0.073,
        0.0828,
        0.0182,
        0.0826,
        0.0691,
        0.0308
      ],
      [
        0.1536,
        0.1536,
        0.2931,
        0.2919,
        0.1536,
        0.3488,
        0.0428,
        0.0381,
        1.0,
        0.3634,
        -0.0134,
        0.4184,
        0.0381,
        0.532,
        0.1026,
        0.1399,
        0.2805,
        0.0044,
        0.0381,
        0.3485,
        0.1027,
        0.0631,
        0.1026,
        -0.0279,
        0.232,
        0.0381,
        0.1339,
        0.152,
        0.6201,
        0.0139,
        0.2934,
        0.0851,
        0.4081,
        0.1957,
        0.3406,
        0.0381,
        0.1536,
        0.0381,
        0.0381,
        0.1087,
        0.5157,
        -0.0177,
        0.4625,
        0.3392,
        -0.0273
      ],
      [
        0.3571,
        0.3571,
        0.3694,
        0.4133,
        0.3571,
        0.2436,
        -0.083,
        0.0803,
        0.3634,
        1.0,
        0.0521,
        0.4085,
        0.0803,
        0.4711,
        0.2238,
        0.263,
        0.3741,
        0.057,
        0.0803,
        0.3665,
        0.3727,
        0.1774,
        0.2308,
        0.1341,
        0.2982,
        0.0803,
        0.2608,
        0.2728,
        0.4197,
        0.1318,
        0.3106,
        0.1957,
        0.3925,
        0.2608,
        0.4119,
        0.0803,
        0.3571,
        0.0803,
        0.0803,
        0.2759,
        0.4695,
        0.0522,
        0.4684,
        0.3839,
        0.1033
      ],
      [
        0.3377,
        0.3377,
        0.0629,
        0.0944,
        0.3377,
        -0.1288,
        0.4485,
        0.0272,
        -0.0134,
        0.0521,
        1.0,
        -0.2371,
        0.0272,
        -0.1095,
        0.0216,
        0.2378,
        0.105,
        0.0256,
        0.0272,
        -0.0907,
        0.2438,
        0.1449,
        0.195,
        0.2062,
        -0.0385,
        0.0272,
        0.158,
        0.0962,
        -0.1462,
        0.0998,
        0.1382,
        0.1828,
        -0.1949,
        0.1328,
        0.0263,
        0.0272,
        0.3377,
        0.0272,
        0.0272,
        0.2099,
        -0.1703,
        0.0705,
        -0.2202,
        -0.136,
        0.0917
      ],
      [
        0.1169,
        0.1169,
        0.3385,
        0.3912,
        0.1169,
        0.3443,
        -0.4487,
        0.0697,
        0.4184,
        0.4085,
        -0.2371,
        1.0,
        0.0697,
        0.6428,
        0.2931,
        0.1197,
        0.3079,
        0.0021,
        0.0697,
        0.5607,
        0.1981,
        -0.0016,
        0.0096,
        -0.0444,
        0.4947,
        0.0697,
        0.1225,
        0.1099,
        0.6135,
        0.2788,
        0.2115,
        0.0713,
        0.6993,
        0.1077,
        0.4654,
        0.0697,
        0.1169,
        0.0697,
        0.0697,
        0.0726,
        0.71,
        -0.0254,
        0.7619,
        0.6824,
        0.0071
      ],
      [
        0.0934,
        0.0934,
        0.0809,
        0.0914,
        0.0934,
        0.0218,
        -0.0112,
        0.0197,
        0.0381,
        0.0803,
        0.0272,
        0.0697,
        1.0,
        0.085,
        0.0332,
        0.0653,
        0.0836,
        0.014,
        0.0197,
        0.058,
        0.0988,
        0.0539,
        0.0653,
        0.0422,
        0.0604,
        0.0197,
        0.0639,
        0.0678,
        0.0601,
        0.0292,
        0.0682,
        0.0494,
        0.0652,
        0.0629,
        0.0854,
        0.0197,
        0.0934,
        0.0197,
        0.0197,
        0.073,
        0.0828,
        0.0182,
        0.0826,
        0.0691,
        0.0308
      ],
      [
        0.2776,
        0.2776,
        0.428,
        0.4725,
        0.2776,
        0.4086,
        -0.2949,
        0.085,
        0.532,
        0.4711,
        -0.1095,
        0.6428,
        0.085,
        1.0,
        0.218,
        0.2212,
        0.4054,
        0.0452,
        0.085,
        0.4998,
        0.33,
        0.144,
        0.1643,
        0.0561,
        0.4267,
        0.085,
        0.2424,
        0.2621,
        0.6378,
        0.1798,
        0.3187,
        0.1545,
        0.6088,
        0.2454,
        0.5077,
        0.085,
        0.2776,
        0.085,
        0.085,
        0.2248,
        0.6909,
        0.0237,
        0.7073,
        0.5822,
        0.0687
      ],
      [
        0.1662,
        0.1662,
        0.1319,
        0.193,
        0.1662,
        0.1906,
        0.0113,
        0.0332,
        0.1026,
        0.2238,
        0.0216,
        0.2931,
        0.0332,
        0.218,
        1.0,
        0.137,
        0.2013,
        0.0518,
        0.0332,
        0.6374,
        0.1412,
        -0.2132,
        0.0075,
        0.0537,
        0.1329,
        0.0332,
        0.0818,
        0.0323,
        0.2522,
        0.1048,
        0.1529,
        0.1309,
        0.3392,
        0.0448,
        0.2346,
        0.0332,
        0.1662,
        0.0332,
        0.0332,
        0.0616,
        0.2495,
        -0.0329,
        0.3027,
        0.2827,
        0.0468
      ],
      [
        0.425,
        0.425,
        0.256,
        0.316,
        0.425,
        0.1623,
        0.1979,
        0.0653,
        0.1399,
        0.263,
        0.2378,
        0.1197,
        0.0653,
        0.2212,
        0.137,
        1.0,
        0.275,
        0.0509,
        0.0653,
        0.1822,
        0.3813,
        0.1884,
        0.2209,
        0.2158,
        0.1943,
        0.0653,
        0.2614,
        0.1995,
        0.184,
        0.2312,
        0.2476,
        0.2376,
        0.1444,
        0.2142,
        0.2695,
        0.0653,
        0.425,
        0.0653,
        0.0653,
        0.2891,
        0.1898,
        0.0746,
        0.1692,
        0.1969,
        0.1246
      ],
      [
        0.4037,
        0.4037,
        0.3782,
        0.4087,
        0.4037,
        0.1661,
        -0.0421,
        0.0836,
        0.2805,
        0.3741,
        0.105,
        0.3079,
        0.0836,
        0.4054,
        0.2013,
        0.275,
        1.0,
        0.0827,
        0.0836,
        0.2885,
        0.423,
        0.2434,
        0.3179,
        0.1807,
        0.2063,
        0.0836,
        0.2961,
        0.3514,
        0.3239,
        0.0082,
        0.3308,
        0.2151,
        0.2826,
        0.3162,
        0.3846,
        0.0836,
        0.4037,
        0.0836,
        0.0836,
        0.3402,
        0.3871,
        0.0799,
        0.3776,
        0.261,
        0.1395
      ],
      [
        0.0896,
        0.0896,
        0.0759,
        0.0726,
        0.0896,
        0.0805,
        -0.0019,
        0.014,
        0.0044,
        0.057,
        0.0256,
        0.0021,
        0.014,
        0.0452,
        0.0518,
        0.0509,
        0.0827,
        1.0,
        0.014,
        0.0325,
        0.0972,
        0.077,
        0.0984,
        0.0603,
        -0.035,
        0.014,
        0.0828,
        0.122,
        0.039,
        -0.0901,
        0.0666,
        0.0495,
        -0.006,
        0.0921,
        0.0534,
        0.014,
        0.0896,
        0.014,
        0.014,
        0.1017,
        0.0322,
        0.03,
        0.0289,
        -0.0271,
        0.0523
      ],
      [
        0.0934,
        0.0934,
        0.0809,
        0.0914,
        0.0934,
        0.0218,
        -0.0112,
        0.0197,
        0.0381,
        0.0803,
        0.0272,
        0.0697,
        0.0197,
        0.085,
        0.0332,
        0.0653,
        0.0836,
        0.014,
        1.0,
        0.058,
        0.0988,
        0.0539,
        0.0653,
        0.0422,
        0.0604,
        0.0197,
        0.0639,
        0.0678,
        0.0601,
        0.0292,
        0.0682,
        0.0494,
        0.0652,
        0.0629,
        0.0854,
        0.0197,
        0.0934,
        0.0197,
        0.0197,
        0.073,
        0.0828,
        0.0182,
        0.0826,
        0.0691,
        0.0308
      ],
      [
        0.1958,
        0.1958,
        0.2765,
        0.3481,
        0.1958,
        0.4143,
        -0.1841,
        0.058,
        0.3485,
        0.3665,
        -0.0907,
        0.5607,
        0.058,
        0.4998,
        0.6374,
        0.1822,
        0.2885,
        0.0325,
        0.058,
        1.0,
        0.2078,
        -0.0924,
        0.0044,
        0.0276,
        0.3699,
        0.058,
        0.144,
        0.0805,
        0.5362,
        0.2804,
        0.2149,
        0.1374,
        0.5793,
        0.0952,
        0.4022,
        0.058,
        0.1958,
        0.058,
        0.058,
        0.0967,
        0.5453,
        -0.0256,
        0.593,
        0.5559,
        0.0365
      ],
      [
        0.5545,
        0.5545,
        0.3983,
        0.452,
        0.5545,
        0.123,
        0.0859,
        0.0988,
        0.1027,
        0.3727,
        0.2438,
        0.1981,
        0.0988,
        0.33,
        0.1412,
        0.3813,
        0.423,
        0.0972,
        0.0988,
        0.2078,
        1.0,
        0.3324,
        0.3927,
        0.2888,
        0.2131,
        0.0988,
        0.3739,
        0.3914,
        0.2113,
        0.1105,
        0.3559,
        0.2963,
        0.1882,
        0.3581,
        0.3868,
        0.0988,
        0.5545,
        0.0988,
        0.0988,
        0.4401,
        0.2931,
        0.1224,
        0.2767,
        0.2183,
        0.1978
      ],
      [
        0.313,
        0.313,
        0.2436,
        0.2364,
        0.313,
        0.0257,
        0.0376,
        0.0539,
        0.0631,
        0.1774,
        0.1449,
        -0.0016,
        0.0539,
        0.144,
        -0.2132,
        0.1884,
        0.2434,
        0.077,
        0.0539,
        -0.0924,
        0.3324,
        1.0,
        0.3249,
        0.1838,
        0.0052,
        0.0539,
        0.2447,
        0.3353,
        0.053,
        -0.1351,
        0.2127,
        0.1499,
        -0.0389,
        0.2802,
        0.1718,
        0.0539,
        0.313,
        0.0539,
        0.0539,
        0.3133,
        0.0977,
        0.1056,
        0.0622,
        -0.0407,
        0.1358
      ],
      [
        0.3798,
        0.3798,
        0.2879,
        0.2784,
        0.3798,
        -0.0633,
        0.0807,
        0.0653,
        0.1026,
        0.2308,
        0.195,
        0.0096,
        0.0653,
        0.1643,
        0.0075,
        0.2209,
        0.3179,
        0.0984,
        0.0653,
        0.0044,
        0.3927,
        0.3249,
        1.0,
        0.2141,
        -0.028,
        0.0653,
        0.2769,
        0.4009,
        0.0451,
        -0.2342,
        0.2825,
        0.1867,
        -0.0292,
        0.3397,
        0.216,
        0.0653,
        0.3798,
        0.0653,
        0.0653,
        0.367,
        0.1123,
        0.1126,
        0.0766,
        -0.0649,
        0.1599
      ],
      [
        0.3155,
        0.3155,
        0.1594,
        0.1874,
        0.3155,
        0.0622,
        0.1763,
        0.0422,
        -0.0279,
        0.1341,
        0.2062,
        -0.0444,
        0.0422,
        0.0561,
        0.0537,
        0.2158,
        0.1807,
        0.0603,
        0.0422,
        0.0276,
        0.2888,
        0.1838,
        0.2141,
        1.0,
        0.025,
        0.0422,
        0.2028,
        0.1959,
        0.0137,
        0.0438,
        0.163,
        0.1723,
        -0.033,
        0.1813,
        0.1303,
        0.0422,
        0.3155,
        0.0422,
        0.0422,
        0.2459,
        0.0187,
        0.0764,
        -0.0015,
        -0.0054,
        0.1186
      ],
      [
        0.1962,
        0.1962,
        0.2304,
        0.3123,
        0.1962,
        0.2047,
        -0.1623,
        0.0604,
        0.232,
        0.2982,
        -0.0385,
        0.4947,
        0.0604,
        0.4267,
        0.1329,
        0.1943,
        0.2063,
        -0.035,
        0.0604,
        0.3699,
        0.2131,
        0.0052,
        -0.028,
        0.025,
        1.0,
        0.0604,
        0.1094,
        -0.0152,
        0.3924,
        0.506,
        0.1498,
        0.1154,
        0.5061,
        0.0358,
        0.3499,
        0.0604,
        0.1962,
        0.0604,
        0.0604,
        0.0637,
        0.4713,
        -0.0103,
        0.5018,
        0.5821,
        0.0081
      ],
      [
        0.0934,
        0.0934,
        0.0809,
        0.0914,
        0.0934,
        0.0218,
        -0.0112,
        0.0197,
        0.0381,
        0.0803,
        0.0272,
        0.0697,
        0.0197,
        0.085,
        0.0332,
        0.0653,
        0.0836,
        0.014,
        0.0197,
        0.058,
        0.0988,
        0.0539,
        0.0653,
        0.0422,
        0.0604,
        1.0,
        0.0639,
        0.0678,
        0.0601,
        0.0292,
        0.0682,
        0.0494,
        0.0652,
        0.0629,
        0.0854,
        0.0197,
        0.0934,
        0.0197,
        0.0197,
        0.073,
        0.0828,
        0.0182,
        0.0826,
        0.0691,
        0.0308
      ],
      [
        0.3792,
        0.3792,
        0.284,
        0.3139,
        0.3792,
        0.198,
        0.0733,
        0.0639,
        0.1339,
        0.2608,
        0.158,
        0.1225,
        0.0639,
        0.2424,
        0.0818,
        0.2614,
        0.2961,
        0.0828,
        0.0639,
        0.144,
        0.3739,
        0.2447,
        0.2769,
        0.2028,
        0.1094,
        0.0639,
        1.0,
        0.299,
        0.1972,
        0.0287,
        0.2536,
        0.2062,
        0.1165,
        0.2669,
        0.2638,
        0.0639,
        0.3792,
        0.0639,
        0.0639,
        0.3179,
        0.2086,
        0.0876,
        0.19,
        0.1226,
        0.142
      ],
      [
        0.35,
        0.35,
        0.3353,
        0.3196,
        0.35,
        0.1125,
        -0.0535,
        0.0678,
        0.152,
        0.2728,
        0.0962,
        0.1099,
        0.0678,
        0.2621,
        0.0323,
        0.1995,
        0.3514,
        0.122,
        0.0678,
        0.0805,
        0.3914,
        0.3353,
        0.4009,
