{
  "_meta": {
    "generated": "2026-04-25T08:47:58",
    "portfolio_generated": "2026-04-25T08:44:07.086893",
    "n_assets": 43,
    "n_with_returns": 31,
    "covariance_method": "hybrid_shrunk",
    "condition_number": 361.62,
    "pca_factors": 6
  },
  "profiles": {
    "Agressif": {
      "n_assets": 17,
      "weighted_avg_correlation": 0.259,
      "most_correlated": [
        {
          "t1": "COPX",
          "t2": "PICK",
          "corr": 0.8251,
          "w1": 6.6,
          "w2": 6.6,
          "combined_weight": 13.2
        },
        {
          "t1": "COPX",
          "t2": "GDE",
          "corr": 0.7642,
          "w1": 6.6,
          "w2": 8.3,
          "combined_weight": 14.9
        },
        {
          "t1": "PICK",
          "t2": "GDE",
          "corr": 0.7553,
          "w1": 6.6,
          "w2": 8.3,
          "combined_weight": 14.9
        },
        {
          "t1": "SOXX",
          "t2": "MU",
          "corr": 0.7549,
          "w1": 8.6,
          "w2": 5.7,
          "combined_weight": 14.3
        },
        {
          "t1": "SOXX",
          "t2": "VRT",
          "corr": 0.6818,
          "w1": 8.6,
          "w2": 2.7,
          "combined_weight": 11.3
        },
        {
          "t1": "VRT",
          "t2": "NVDA",
          "corr": 0.6693,
          "w1": 2.7,
          "w2": 5.4,
          "combined_weight": 8.1
        },
        {
          "t1": "FLKR",
          "t2": "SOXX",
          "corr": 0.6689,
          "w1": 4.9,
          "w2": 8.6,
          "combined_weight": 13.5
        },
        {
          "t1": "FLKR",
          "t2": "PICK",
          "corr": 0.6592,
          "w1": 4.9,
          "w2": 6.6,
          "combined_weight": 11.5
        },
        {
          "t1": "FLKR",
          "t2": "COPX",
          "corr": 0.6446,
          "w1": 4.9,
          "w2": 6.6,
          "combined_weight": 11.5
        },
        {
          "t1": "COPX",
          "t2": "GLD",
          "corr": 0.6109,
          "w1": 6.6,
          "w2": 9.5,
          "combined_weight": 16.1
        }
      ],
      "least_correlated": [
        {
          "t1": "MU",
          "t2": "CF",
          "corr": -0.1416,
          "w1": 5.7,
          "w2": 2.6,
          "combined_weight": 8.3
        },
        {
          "t1": "CF",
          "t2": "INCY",
          "corr": -0.1927,
          "w1": 2.6,
          "w2": 4.6,
          "combined_weight": 7.2
        },
        {
          "t1": "SOXX",
          "t2": "CF",
          "corr": -0.1959,
          "w1": 8.6,
          "w2": 2.6,
          "combined_weight": 11.2
        },
        {
          "t1": "FLKR",
          "t2": "CF",
          "corr": -0.2614,
          "w1": 4.9,
          "w2": 2.6,
          "combined_weight": 7.5
        },
        {
          "t1": "CF",
          "t2": "XBI",
          "corr": -0.2818,
          "w1": 2.6,
          "w2": 3.2,
          "combined_weight": 5.8
        }
      ],
      "high_corr_high_weight": [
        {
          "t1": "COPX",
          "t2": "PICK",
          "corr": 0.8251,
          "w1": 6.6,
          "w2": 6.6,
          "combined_weight": 13.2
        },
        {
          "t1": "COPX",
          "t2": "GDE",
          "corr": 0.7642,
          "w1": 6.6,
          "w2": 8.3,
          "combined_weight": 14.9
        },
        {
          "t1": "PICK",
          "t2": "GDE",
          "corr": 0.7553,
          "w1": 6.6,
          "w2": 8.3,
          "combined_weight": 14.9
        },
        {
          "t1": "SOXX",
          "t2": "MU",
          "corr": 0.7549,
          "w1": 8.6,
          "w2": 5.7,
          "combined_weight": 14.3
        }
      ]
    },
    "Mod\u00e9r\u00e9": {
      "n_assets": 16,
      "weighted_avg_correlation": 0.143,
      "most_correlated": [
        {
          "t1": "FNDF",
          "t2": "VSS",
          "corr": 0.6872,
          "w1": 6.3,
          "w2": 9.0,
          "combined_weight": 15.3
        },
        {
          "t1": "ELE",
          "t2": "GLD",
          "corr": 0.5877,
          "w1": 3.0,
          "w2": 5.0,
          "combined_weight": 8.0
        },
        {
          "t1": "FNDF",
          "t2": "FDVV",
          "corr": 0.5794,
          "w1": 6.3,
          "w2": 5.3,
          "combined_weight": 11.6
        },
        {
          "t1": "FDVV",
          "t2": "VSS",
          "corr": 0.5743,
          "w1": 5.3,
          "w2": 9.0,
          "combined_weight": 14.3
        },
        {
          "t1": "BMED",
          "t2": "XLV",
          "corr": 0.5384,
          "w1": 7.0,
          "w2": 3.0,
          "combined_weight": 10.0
        },
        {
          "t1": "BMED",
          "t2": "FNDF",
          "corr": 0.5267,
          "w1": 7.0,
          "w2": 6.3,
          "combined_weight": 13.3
        },
        {
          "t1": "BMED",
          "t2": "FDVV",
          "corr": 0.5121,
          "w1": 7.0,
          "w2": 5.3,
          "combined_weight": 12.3
        },
        {
          "t1": "BMED",
          "t2": "VSS",
          "corr": 0.5055,
          "w1": 7.0,
          "w2": 9.0,
          "combined_weight": 16.0
        },
        {
          "t1": "VSS",
          "t2": "GLD",
          "corr": 0.4664,
          "w1": 9.0,
          "w2": 5.0,
          "combined_weight": 14.0
        },
        {
          "t1": "FNDF",
          "t2": "XLV",
          "corr": 0.4561,
          "w1": 6.3,
          "w2": 3.0,
          "combined_weight": 9.3
        }
      ],
      "least_correlated": [
        {
          "t1": "CF",
          "t2": "FDVV",
          "corr": -0.1056,
          "w1": 9.0,
          "w2": 5.3,
          "combined_weight": 14.3
        },
        {
          "t1": "CF",
          "t2": "FNDF",
          "corr": -0.1378,
          "w1": 9.0,
          "w2": 6.3,
          "combined_weight": 15.3
        },
        {
          "t1": "BMED",
          "t2": "CF",
          "corr": -0.1549,
          "w1": 7.0,
          "w2": 9.0,
          "combined_weight": 16.0
        },
        {
          "t1": "CF",
          "t2": "VSS",
          "corr": -0.1824,
          "w1": 9.0,
          "w2": 9.0,
          "combined_weight": 18.0
        },
        {
          "t1": "CF",
          "t2": "XLV",
          "corr": -0.2032,
          "w1": 9.0,
          "w2": 3.0,
          "combined_weight": 12.0
        }
      ],
      "high_corr_high_weight": []
    },
    "Stable": {
      "n_assets": 15,
      "weighted_avg_correlation": 0.1379,
      "most_correlated": [
        {
          "t1": "IG",
          "t2": "SUNPHARMA",
          "corr": 0.4838,
          "w1": 5.3,
          "w2": 5.4,
          "combined_weight": 10.7
        },
        {
          "t1": "ACWV",
          "t2": "XLV",
          "corr": 0.482,
          "w1": 4.8,
          "w2": 4.4,
          "combined_weight": 9.2
        },
        {
          "t1": "SPYV",
          "t2": "XLV",
          "corr": 0.4719,
          "w1": 4.4,
          "w2": 4.4,
          "combined_weight": 8.8
        },
        {
          "t1": "ACWV",
          "t2": "SPYV",
          "corr": 0.4695,
          "w1": 4.8,
          "w2": 4.4,
          "combined_weight": 9.2
        },
        {
          "t1": "GD",
          "t2": "SUNPHARMA",
          "corr": 0.4224,
          "w1": 5.3,
          "w2": 5.4,
          "combined_weight": 10.7
        },
        {
          "t1": "ACWV",
          "t2": "SPLV",
          "corr": 0.4204,
          "w1": 4.8,
          "w2": 5.9,
          "combined_weight": 10.7
        },
        {
          "t1": "VICI",
          "t2": "SUNPHARMA",
          "corr": 0.4199,
          "w1": 5.3,
          "w2": 5.4,
          "combined_weight": 10.7
        },
        {
          "t1": "SPLV",
          "t2": "XLV",
          "corr": 0.4062,
          "w1": 5.9,
          "w2": 4.4,
          "combined_weight": 10.2
        },
        {
          "t1": "SUNPHARMA",
          "t2": "SHEL",
          "corr": 0.3955,
          "w1": 5.4,
          "w2": 4.4,
          "combined_weight": 9.9
        },
        {
          "t1": "ACWV",
          "t2": "JNJ",
          "corr": 0.3923,
          "w1": 4.8,
          "w2": 5.3,
          "combined_weight": 10.1
        }
      ],
      "least_correlated": [
        {
          "t1": "BSV",
          "t2": "VGSH",
          "corr": 0.0232,
          "w1": 11.8,
          "w2": 13.0,
          "combined_weight": 24.8
        },
        {
          "t1": "BSV",
          "t2": "STIP",
          "corr": 0.0232,
          "w1": 11.8,
          "w2": 13.0,
          "combined_weight": 24.8
        },
        {
          "t1": "CLTL",
          "t2": "VGSH",
          "corr": 0.0232,
          "w1": 7.6,
          "w2": 13.0,
          "combined_weight": 20.6
        },
        {
          "t1": "CLTL",
          "t2": "STIP",
          "corr": 0.0232,
          "w1": 7.6,
          "w2": 13.0,
          "combined_weight": 20.6
        },
        {
          "t1": "VGSH",
          "t2": "STIP",
          "corr": 0.0232,
          "w1": 13.0,
          "w2": 13.0,
          "combined_weight": 26.0
        }
      ],
      "high_corr_high_weight": []
    }
  },
  "all_pairs_top_30": [
    {
      "t1": "COPX",
      "t2": "PICK",
      "corr_hybrid": 0.8251,
      "corr_structured": 0.2,
      "cat1": "ETF",
      "cat2": "ETF",
      "exp1": "copper",
      "exp2": "metals_mining",
      "fam1": "commodities",
      "fam2": null
    },
    {
      "t1": "COPX",
      "t2": "GDE",
      "corr_hybrid": 0.7642,
      "corr_structured": 0.2,
      "cat1": "ETF",
      "cat2": "ETF",
      "exp1": "copper",
      "exp2": "gold_leveraged",
      "fam1": "commodities",
      "fam2": null
    },
    {
      "t1": "GDE",
      "t2": "PICK",
      "corr_hybrid": 0.7553,
      "corr_structured": 0.2,
      "cat1": "ETF",
      "cat2": "ETF",
      "exp1": "gold_leveraged",
      "exp2": "metals_mining",
      "fam1": null,
      "fam2": null
    },
    {
      "t1": "MU",
      "t2": "SOXX",
      "corr_hybrid": 0.7549,
      "corr_structured": null,
      "cat1": "Act",
      "cat2": "ETF",
      "exp1": null,
      "exp2": "semiconductor",
      "fam1": null,
      "fam2": "sector_tech"
    },
    {
      "t1": "PICK",
      "t2": "VSS",
      "corr_hybrid": 0.7392,
      "corr_structured": 0.2,
      "cat1": "ETF",
      "cat2": "ETF",
      "exp1": "metals_mining",
      "exp2": "intl_small_cap",
      "fam1": null,
      "fam2": null
    },
    {
      "t1": "COPX",
      "t2": "VSS",
      "corr_hybrid": 0.718,
      "corr_structured": 0.2,
      "cat1": "ETF",
      "cat2": "ETF",
      "exp1": "copper",
      "exp2": "intl_small_cap",
      "fam1": "commodities",
      "fam2": null
    },
    {
      "t1": "FNDF",
      "t2": "PICK",
      "corr_hybrid": 0.7107,
      "corr_structured": 0.2,
      "cat1": "ETF",
      "cat2": "ETF",
      "exp1": "international",
      "exp2": "metals_mining",
      "fam1": "intl_equity",
      "fam2": null
    },
    {
      "t1": "FNDF",
      "t2": "VSS",
      "corr_hybrid": 0.6872,
      "corr_structured": 0.2,
      "cat1": "ETF",
      "cat2": "ETF",
      "exp1": "international",
      "exp2": "intl_small_cap",
      "fam1": "intl_equity",
      "fam2": null
    },
    {
      "t1": "SOXX",
      "t2": "VRT",
      "corr_hybrid": 0.6818,
      "corr_structured": null,
      "cat1": "ETF",
      "cat2": "Act",
      "exp1": "semiconductor",
      "exp2": null,
      "fam1": "sector_tech",
      "fam2": null
    },
    {
      "t1": "COPX",
      "t2": "FNDF",
      "corr_hybrid": 0.6808,
      "corr_structured": 0.2,
      "cat1": "ETF",
      "cat2": "ETF",
      "exp1": "copper",
      "exp2": "international",
      "fam1": "commodities",
      "fam2": "intl_equity"
    },
    {
      "t1": "NVDA",
      "t2": "VRT",
      "corr_hybrid": 0.6693,
      "corr_structured": null,
      "cat1": "Act",
      "cat2": "Act",
      "exp1": null,
      "exp2": null,
      "fam1": null,
      "fam2": null
    },
    {
      "t1": "FLKR",
      "t2": "SOXX",
      "corr_hybrid": 0.6689,
      "corr_structured": 0.2,
      "cat1": "ETF",
      "cat2": "ETF",
      "exp1": "south_korea",
      "exp2": "semiconductor",
      "fam1": "em_equity",
      "fam2": "sector_tech"
    },
    {
      "t1": "FLKR",
      "t2": "PICK",
      "corr_hybrid": 0.6592,
      "corr_structured": 0.2,
      "cat1": "ETF",
      "cat2": "ETF",
      "exp1": "south_korea",
      "exp2": "metals_mining",
      "fam1": "em_equity",
      "fam2": null
    },
    {
      "t1": "GDE",
      "t2": "VSS",
      "corr_hybrid": 0.6545,
      "corr_structured": 0.2,
      "cat1": "ETF",
      "cat2": "ETF",
      "exp1": "gold_leveraged",
      "exp2": "intl_small_cap",
      "fam1": null,
      "fam2": null
    },
    {
      "t1": "COPX",
      "t2": "FLKR",
      "corr_hybrid": 0.6446,
      "corr_structured": 0.2,
      "cat1": "ETF",
      "cat2": "ETF",
      "exp1": "copper",
      "exp2": "south_korea",
      "fam1": "commodities",
      "fam2": "em_equity"
    },
    {
      "t1": "FLKR",
      "t2": "VSS",
      "corr_hybrid": 0.631,
      "corr_structured": 0.2,
      "cat1": "ETF",
      "cat2": "ETF",
      "exp1": "south_korea",
      "exp2": "intl_small_cap",
      "fam1": "em_equity",
      "fam2": null
    },
    {
      "t1": "FNDF",
      "t2": "GDE",
      "corr_hybrid": 0.6203,
      "corr_structured": 0.2,
      "cat1": "ETF",
      "cat2": "ETF",
      "exp1": "international",
      "exp2": "gold_leveraged",
      "fam1": "intl_equity",
      "fam2": null
    },
    {
      "t1": "FLKR",
      "t2": "FNDF",
      "corr_hybrid": 0.6116,
      "corr_structured": 0.62,
      "cat1": "ETF",
      "cat2": "ETF",
      "exp1": "south_korea",
      "exp2": "international",
      "fam1": "em_equity",
      "fam2": "intl_equity"
    },
    {
      "t1": "COPX",
      "t2": "GLD",
      "corr_hybrid": 0.6109,
      "corr_structured": 0.45,
      "cat1": "ETF",
      "cat2": "ETF",
      "exp1": "copper",
      "exp2": "gold_physical",
      "fam1": "commodities",
      "fam2": "gold"
    },
    {
      "t1": "MU",
      "t2": "VRT",
      "corr_hybrid": 0.5983,
      "corr_structured": null,
      "cat1": "Act",
      "cat2": "Act",
      "exp1": null,
      "exp2": null,
      "fam1": null,
      "fam2": null
    },
    {
      "t1": "GDE",
      "t2": "GLD",
      "corr_hybrid": 0.5916,
      "corr_structured": 0.2,
      "cat1": "ETF",
      "cat2": "ETF",
      "exp1": "gold_leveraged",
      "exp2": "gold_physical",
      "fam1": null,
      "fam2": "gold"
    },
    {
      "t1": "FLKR",
      "t2": "MU",
      "corr_hybrid": 0.5894,
      "corr_structured": null,
      "cat1": "ETF",
      "cat2": "Act",
      "exp1": "south_korea",
      "exp2": null,
      "fam1": "em_equity",
      "fam2": null
    },
    {
      "t1": "ELE",
      "t2": "GLD",
      "corr_hybrid": 0.5877,
      "corr_structured": null,
      "cat1": "Act",
      "cat2": "ETF",
      "exp1": null,
      "exp2": "gold_physical",
      "fam1": null,
      "fam2": "gold"
    },
    {
      "t1": "GLD",
      "t2": "PICK",
      "corr_hybrid": 0.5858,
      "corr_structured": 0.2,
      "cat1": "ETF",
      "cat2": "ETF",
      "exp1": "gold_physical",
      "exp2": "metals_mining",
      "fam1": "gold",
      "fam2": null
    },
    {
      "t1": "2059",
      "t2": "2345",
      "corr_hybrid": 0.5831,
      "corr_structured": null,
      "cat1": "Act",
      "cat2": "Act",
      "exp1": null,
      "exp2": null,
      "fam1": null,
      "fam2": null
    },
    {
      "t1": "2059",
      "t2": "SUNPHARMA",
      "corr_hybrid": 0.5831,
      "corr_structured": null,
      "cat1": "Act",
      "cat2": "Act",
      "exp1": null,
      "exp2": null,
      "fam1": null,
      "fam2": null
    },
    {
      "t1": "2345",
      "t2": "SUNPHARMA",
      "corr_hybrid": 0.5831,
      "corr_structured": null,
      "cat1": "Act",
      "cat2": "Act",
      "exp1": null,
      "exp2": null,
      "fam1": null,
      "fam2": null
    },
    {
      "t1": "FDVV",
      "t2": "FNDF",
      "corr_hybrid": 0.5794,
      "corr_structured": 0.2,
      "cat1": "ETF",
      "cat2": "ETF",
      "exp1": "dividend",
      "exp2": "international",
      "fam1": "factor_dividend",
      "fam2": "intl_equity"
    },
    {
      "t1": "FDVV",
      "t2": "VSS",
      "corr_hybrid": 0.5743,
      "corr_structured": 0.2,
      "cat1": "ETF",
      "cat2": "ETF",
      "exp1": "dividend",
      "exp2": "intl_small_cap",
      "fam1": "factor_dividend",
      "fam2": null
    },
    {
      "t1": "PICK",
      "t2": "SOXX",
      "corr_hybrid": 0.5725,
      "corr_structured": 0.2,
      "cat1": "ETF",
      "cat2": "ETF",
      "exp1": "metals_mining",
      "exp2": "semiconductor",
      "fam1": null,
      "fam2": "sector_tech"
    }
  ],
  "all_pairs_bottom_10": [
    {
      "t1": "CF",
      "t2": "PAAA",
      "corr_hybrid": 0.0122,
      "corr_structured": null,
      "cat1": "Act",
      "cat2": "Obl",
      "exp1": null,
      "exp2": "bonds_clo_aaa",
      "fam1": null,
      "fam2": "bonds_short"
    },
    {
      "t1": "CF",
      "t2": "STIP",
      "corr_hybrid": 0.0122,
      "corr_structured": null,
      "cat1": "Act",
      "cat2": "Obl",
      "exp1": null,
      "exp2": "bonds_tips",
      "fam1": null,
      "fam2": "bonds_gov"
    },
    {
      "t1": "CF",
      "t2": "VGSH",
      "corr_hybrid": 0.0122,
      "corr_structured": null,
      "cat1": "Act",
      "cat2": "Obl",
      "exp1": null,
      "exp2": "bonds_short_treasury",
      "fam1": null,
      "fam2": "bonds_short"
    },
    {
      "t1": "CF",
      "t2": "LI",
      "corr_hybrid": 0.0115,
      "corr_structured": null,
      "cat1": "Act",
      "cat2": "Act",
      "exp1": null,
      "exp2": null,
      "fam1": null,
      "fam2": null
    },
    {
      "t1": "COPX",
      "t2": "NOVN",
      "corr_hybrid": -0.0111,
      "corr_structured": null,
      "cat1": "ETF",
      "cat2": "Act",
      "exp1": "copper",
      "exp2": null,
      "fam1": "commodities",
      "fam2": null
    },
    {
      "t1": "GDE",
      "t2": "NOVN",
      "corr_hybrid": 0.0085,
      "corr_structured": null,
      "cat1": "ETF",
      "cat2": "Act",
      "exp1": "gold_leveraged",
      "exp2": null,
      "fam1": null,
      "fam2": null
    },
    {
      "t1": "BKR",
      "t2": "ELE",
      "corr_hybrid": 0.0076,
      "corr_structured": null,
      "cat1": "Act",
      "cat2": "Act",
      "exp1": null,
      "exp2": null,
      "fam1": null,
      "fam2": null
    },
    {
      "t1": "ELE",
      "t2": "INCY",
      "corr_hybrid": -0.0015,
      "corr_structured": null,
      "cat1": "Act",
      "cat2": "Act",
      "exp1": null,
      "exp2": null,
      "fam1": null,
      "fam2": null
    },
    {
      "t1": "JNJ",
      "t2": "NVDA",
      "corr_hybrid": -0.0008,
      "corr_structured": null,
      "cat1": "Act",
      "cat2": "Act",
      "exp1": null,
      "exp2": null,
      "fam1": null,
      "fam2": null
    },
    {
      "t1": "ELE",
      "t2": "SCHD",
      "corr_hybrid": -0.0006,
      "corr_structured": null,
      "cat1": "Act",
      "cat2": "ETF",
      "exp1": null,
      "exp2": "dividend",
      "fam1": null,
      "fam2": "factor_dividend"
    }
  ],
  "correlation_matrix": {
    "tickers": [
      "2059",
      "2345",
      "ACWV",
      "BKR",
      "BMED",
      "BSV",
      "CF",
      "CLTL",
      "COPX",
      "ELE",
      "FDVV",
      "FLKR",
      "FLTR",
      "FNDF",
      "GBIL",
      "GD",
      "GDE",
      "GLD",
      "GTIP",
      "IG",
      "INCY",
      "ITX",
      "JAAA",
      "JNJ",
      "LI",
      "MU",
      "NOVN",
      "NVDA",
      "PAAA",
      "PICK",
      "SCHD",
      "SHEL",
      "SOXX",
      "SPLV",
      "SPYV",
      "STIP",
      "SUNPHARMA",
      "VGSH",
      "VICI",
      "VRT",
      "VSS",
      "XBI",
      "XLV"
    ],
    "matrix": [
      [
        1.0,
        0.5831,
        0.328,
        0.3151,
        0.4346,
        0.0769,
        0.2944,
        0.0769,
        0.1187,
        0.1573,
        0.3193,
        0.1077,
        0.0769,
        0.2776,
        0.0769,
        0.4224,
        0.134,
        0.0545,
        0.0769,
        0.4838,
        0.3276,
        0.3525,
        0.0769,
        0.3678,
        0.1895,
        0.1665,
        0.3534,
        0.2246,
        0.0769,
        0.1749,
        0.345,
        0.3955,
        0.1675,
        0.3025,
        0.3388,
        0.0769,
        0.5831,
        0.0769,
        0.4199,
        0.1892,
        0.2388,
        0.2212,
        0.3026
      ],
      [
        0.5831,
        1.0,
        0.328,
        0.3151,
        0.4346,
        0.0769,
        0.2944,
        0.0769,
        0.1187,
        0.1573,
        0.3193,
        0.1077,
        0.0769,
        0.2776,
        0.0769,
        0.4224,
        0.134,
        0.0545,
        0.0769,
        0.4838,
        0.3276,
        0.3525,
        0.0769,
        0.3678,
        0.1895,
        0.1665,
        0.3534,
        0.2246,
        0.0769,
        0.1749,
        0.345,
        0.3955,
        0.1675,
        0.3025,
        0.3388,
        0.0769,
        0.5831,
        0.0769,
        0.4199,
        0.1892,
        0.2388,
        0.2212,
        0.3026
      ],
      [
        0.328,
        0.328,
        1.0,
        0.2393,
        0.5137,
        0.102,
        -0.1022,
        0.102,
        0.383,
        0.1404,
        0.448,
        0.3383,
        0.102,
        0.4878,
        0.102,
        0.3632,
        0.3609,
        0.2351,
        0.102,
        0.3303,
        0.3961,
        0.2018,
        0.102,
        0.3923,
        0.2319,
        0.1048,
        0.1779,
        0.0891,
        0.102,
        0.4336,
        0.4346,
        0.1779,
        0.2302,
        0.4204,
        0.4695,
        0.102,
        0.328,
        0.102,
        0.3391,
        0.0324,
        0.4718,
        0.4336,
        0.482
      ],
      [
        0.3151,
        0.3151,
        0.2393,
        1.0,
        0.2741,
        0.0731,
        0.3096,
        0.0731,
        0.2961,
        0.0076,
        0.3281,
        0.2849,
        0.0731,
        0.3399,
        0.0731,
        0.2805,
        0.2634,
        0.1563,
        0.0731,
        0.2227,
        0.1801,
        -0.0526,
        0.0731,
        0.1335,
        0.2224,
        0.2779,
        0.1057,
        0.211,
        0.0731,
        0.3332,
        0.3445,
        0.3841,
        0.3198,
        0.1717,
        0.3378,
        0.0731,
        0.3151,
        0.0731,
        0.1611,
        0.2387,
        0.3095,
        0.1931,
        0.2085
      ],
      [
        0.4346,
        0.4346,
        0.5137,
        0.2741,
        1.0,
        0.1036,
        -0.1549,
        0.1036,
        0.3598,
        0.1313,
        0.5121,
        0.4133,
        0.1036,
        0.5267,
        0.1036,
        0.4042,
        0.3353,
        0.1604,
        0.1036,
        0.4252,
        0.51,
        0.2598,
        0.1036,
        0.4287,
        0.2232,
        0.3178,
        0.2789,
        0.2398,
        0.1036,
        0.423,
        0.4489,
        0.1914,
        0.3782,
        0.4118,
        0.5341,
        0.1036,
        0.4346,
        0.1036,
        0.3668,
        0.1914,
        0.5055,
        0.4917,
        0.5384
      ],
      [
        0.0769,
        0.0769,
        0.102,
        0.0731,
        0.1036,
        1.0,
        0.0122,
        0.0232,
        0.0864,
        0.0179,
        0.0989,
        0.0742,
        0.0232,
        0.1063,
        0.0232,
        0.0825,
        0.0799,
        0.0521,
        0.0232,
        0.0699,
        0.076,
        0.0285,
        0.0232,
        0.0758,
        0.0596,
        0.027,
        0.034,
        0.024,
        0.0232,
        0.0979,
        0.1018,
        0.0607,
        0.0559,
        0.0859,
        0.1038,
        0.0232,
        0.0769,
        0.0232,
        0.0691,
        0.0172,
        0.1009,
        0.0854,
        0.0957
      ],
      [
        0.2944,
        0.2944,
        -0.1022,
        0.3096,
        -0.1549,
        0.0122,
        1.0,
        0.0122,
        -0.1116,
        0.0538,
        -0.1056,
        -0.2614,
        0.0122,
        -0.1378,
        0.0122,
        0.1799,
        -0.069,
        0.0353,
        0.0122,
        0.1348,
        -0.1927,
        -0.0461,
        0.0122,
        -0.026,
        0.0115,
        -0.1416,
        0.0677,
        -0.057,
        0.0122,
        -0.1043,
        0.0969,
        0.5298,
        -0.1959,
        -0.0158,
        -0.0878,
        0.0122,
        0.2944,
        0.0122,
        0.1474,
        -0.0708,
        -0.1824,
        -0.2818,
        -0.2032
      ],
      [
        0.0769,
        0.0769,
        0.102,
        0.0731,
        0.1036,
        0.0232,
        0.0122,
        1.0,
        0.0864,
        0.0179,
        0.0989,
        0.0742,
        0.0232,
        0.1063,
        0.0232,
        0.0825,
        0.0799,
        0.0521,
        0.0232,
        0.0699,
        0.076,
        0.0285,
        0.0232,
        0.0758,
        0.0596,
        0.027,
        0.034,
        0.024,
        0.0232,
        0.0979,
        0.1018,
        0.0607,
        0.0559,
        0.0859,
        0.1038,
        0.0232,
        0.0769,
        0.0232,
        0.0691,
        0.0172,
        0.1009,
        0.0854,
        0.0957
      ],
      [
        0.1187,
        0.1187,
        0.383,
        0.2961,
        0.3598,
        0.0864,
        -0.1116,
        0.0864,
        1.0,
        0.5183,
        0.5207,
        0.6446,
        0.0864,
        0.6808,
        0.0864,
        0.221,
        0.7642,
        0.6109,
        0.0864,
        0.0947,
        0.1721,
        -0.1025,
        0.0864,
        0.1211,
        0.3849,
        0.3635,
        -0.0111,
        0.331,
        0.0864,
        0.8251,
        0.3197,
        0.2252,
        0.5582,
        0.2098,
        0.4554,
        0.0864,
        0.1187,
        0.0864,
        0.1167,
        0.3804,
        0.718,
        0.43,
        0.3006
      ],
      [
        0.1573,
        0.1573,
        0.1404,
        0.0076,
        0.1313,
        0.0179,
        0.0538,
        0.0179,
        0.5183,
        1.0,
        0.1586,
        0.2288,
        0.0179,
        0.3169,
        0.0179,
        0.1501,
        0.5533,
        0.5877,
        0.0179,
        0.1293,
        -0.0015,
        0.1021,
        0.0179,
        0.1038,
        0.0463,
        0.1588,
        0.1039,
        0.1902,
        0.0179,
        0.4717,
        -0.0006,
        0.2158,
        0.16,
        0.0813,
        0.0794,
        0.0179,
        0.1573,
        0.0179,
        0.2226,
        0.1151,
        0.371,
        0.1217,
        0.0321
      ],
      [
        0.3193,
        0.3193,
        0.448,
        0.3281,
        0.5121,
        0.0989,
        -0.1056,
        0.0989,
        0.5207,
        0.1586,
        1.0,
        0.5099,
        0.0989,
        0.5794,
        0.0989,
        0.3272,
        0.4648,
        0.2783,
        0.0989,
        0.2897,
        0.371,
        0.1013,
        0.0989,
        0.2831,
        0.3383,
        0.3551,
        0.1581,
        0.3103,
        0.0989,
        0.562,
        0.415,
        0.2178,
        0.486,
        0.3119,
        0.5195,
        0.0989,
        0.3193,
        0.0989,
        0.2366,
        0.3363,
        0.5743,
        0.4608,
        0.4351
      ],
      [
        0.1077,
        0.1077,
        0.3383,
        0.2849,
        0.4133,
        0.0742,
        -0.2614,
        0.0742,
        0.6446,
        0.2288,
        0.5099,
        1.0,
        0.0742,
        0.6116,
        0.0742,
        0.1755,
        0.5673,
        0.3576,
        0.0742,
        0.1064,
        0.3001,
        -0.1479,
        0.0742,
        0.0993,
        0.2677,
        0.5894,
        0.0294,
        0.3953,
        0.0742,
        0.6592,
        0.3031,
        0.1166,
        0.6689,
        0.1533,
        0.4746,
        0.0742,
        0.1077,
        0.0742,
        0.0348,
        0.4474,
        0.631,
        0.4532,
        0.3497
      ],
      [
        0.0769,
        0.0769,
        0.102,
        0.0731,
        0.1036,
        0.0232,
        0.0122,
        0.0232,
        0.0864,
        0.0179,
        0.0989,
        0.0742,
        1.0,
        0.1063,
        0.0232,
        0.0825,
        0.0799,
        0.0521,
        0.0232,
        0.0699,
        0.076,
        0.0285,
        0.0232,
        0.0758,
        0.0596,
        0.027,
        0.034,
        0.024,
        0.0232,
        0.0979,
        0.1018,
        0.0607,
        0.0559,
        0.0859,
        0.1038,
        0.0232,
        0.0769,
        0.0232,
        0.0691,
        0.0172,
        0.1009,
        0.0854,
        0.0957
      ],
      [
        0.2776,
        0.2776,
        0.4878,
        0.3399,
        0.5267,
        0.1063,
        -0.1378,
        0.1063,
        0.6808,
        0.3169,
        0.5794,
        0.6116,
        0.1063,
        1.0,
        0.1063,
        0.3317,
        0.6203,
        0.4306,
        0.1063,
        0.2573,
        0.3622,
        0.0327,
        0.1063,
        0.2745,
        0.3504,
        0.3955,
        0.117,
        0.319,
        0.1063,
        0.7107,
        0.4344,
        0.2351,
        0.5453,
        0.3289,
        0.5555,
        0.1063,
        0.2776,
        0.1063,
        0.2328,
        0.3325,
        0.6872,
        0.5091,
        0.4561
      ],
      [
        0.0769,
        0.0769,
        0.102,
        0.0731,
        0.1036,
        0.0232,
        0.0122,
        0.0232,
        0.0864,
        0.0179,
        0.0989,
        0.0742,
        0.0232,
        0.1063,
        1.0,
        0.0825,
        0.0799,
        0.0521,
        0.0232,
        0.0699,
        0.076,
        0.0285,
        0.0232,
        0.0758,
        0.0596,
        0.027,
        0.034,
        0.024,
        0.0232,
        0.0979,
        0.1018,
        0.0607,
        0.0559,
        0.0859,
        0.1038,
        0.0232,
        0.0769,
        0.0232,
        0.0691,
        0.0172,
        0.1009,
        0.0854,
        0.0957
      ],
      [
        0.4224,
        0.4224,
        0.3632,
        0.2805,
        0.4042,
        0.0825,
        0.1799,
        0.0825,
        0.221,
        0.1501,
        0.3272,
        0.1755,
        0.0825,
        0.3317,
        0.0825,
        1.0,
        0.2256,
        0.1511,
        0.0825,
        0.3682,
        0.3045,
        0.214,
        0.0825,
        0.3383,
        0.1623,
        0.1007,
        0.2306,
        0.1029,
        0.0825,
        0.2692,
        0.3674,
        0.3151,
        0.1428,
        0.3315,
        0.3518,
        0.0825,
        0.4224,
        0.0825,
        0.355,
        0.0445,
        0.3019,
        0.2637,
        0.3366
      ],
      [
        0.134,
        0.134,
        0.3609,
        0.2634,
        0.3353,
        0.0799,
        -0.069,
        0.0799,
        0.7642,
        0.5533,
        0.4648,
        0.5673,
        0.0799,
        0.6203,
        0.0799,
        0.2256,
        1.0,
        0.5916,
        0.0799,
        0.1113,
        0.1615,
        -0.0751,
        0.0799,
        0.1366,
        0.3169,
        0.313,
        0.0085,
        0.2767,
        0.0799,
        0.7553,
        0.2947,
        0.2336,
        0.4729,
        0.213,
        0.4069,
        0.0799,
        0.134,
        0.0799,
        0.147,
        0.2945,
        0.6545,
        0.3851,
        0.2786
      ],
      [
        0.0545,
        0.0545,
        0.2351,
        0.1563,
        0.1604,
        0.0521,
        0.0353,
        0.0521,
        0.6109,
        0.5877,
        0.2783,
        0.3576,
        0.0521,
        0.4306,
        0.0521,
        0.1511,
        0.5916,
        1.0,
        0.0521,
        0.0367,
        0.02,
        -0.0824,
        0.0521,
        0.0763,
        0.1976,
        0.1108,
        -0.0377,
        0.1185,
        0.0521,
        0.5858,
        0.1744,
        0.2082,
        0.2384,
        0.1491,
        0.2247,
        0.0521,
        0.0545,
        0.0521,
        0.123,
        0.1019,
        0.4664,
        0.2181,
        0.1341
      ],
      [
        0.0769,
        0.0769,
        0.102,
        0.0731,
        0.1036,
        0.0232,
        0.0122,
        0.0232,
        0.0864,
        0.0179,
        0.0989,
        0.0742,
        0.0232,
        0.1063,
        0.0232,
        0.0825,
        0.0799,
        0.0521,
        1.0,
        0.0699,
        0.076,
        0.0285,
        0.0232,
        0.0758,
        0.0596,
        0.027,
        0.034,
        0.024,
        0.0232,
        0.0979,
        0.1018,
        0.0607,
        0.0559,
        0.0859,
        0.1038,
        0.0232,
        0.0769,
        0.0232,
        0.0691,
        0.0172,
        0.1009,
        0.0854,
        0.0957
      ],
      [
        0.4838,
        0.4838,
        0.3303,
        0.2227,
        0.4252,
        0.0699,
        0.1348,
        0.0699,
        0.0947,
        0.1293,
        0.2897,
        0.1064,
        0.0699,
        0.2573,
        0.0699,
        0.3682,
        0.1113,
        0.0367,
        0.0699,
        1.0,
        0.3434,
        0.3343,
        0.0699,
        0.3668,
        0.1278,
        0.1275,
        0.3129,
        0.1515,
        0.0699,
        0.1481,
        0.3117,
        0.2715,
        0.1251,
        0.3086,
        0.3156,
        0.0699,
        0.4838,
        0.0699,
        0.3835,
        0.0933,
        0.225,
        0.243,
        0.327
      ],
      [
        0.3276,
        0.3276,
        0.3961,
        0.1801,
        0.51,
        0.076,
        -0.1927,
        0.076,
        0.1721,
        -0.0015,
        0.371,
        0.3001,
        0.076,
        0.3622,
        0.076,
        0.3045,
        0.1615,
        0.02,
        0.076,
        0.3434,
        1.0,
        0.1927,
        0.076,
        0.3546,
        0.0702,
        0.2923,
        0.2363,
        0.1457,
        0.076,
        0.2326,
        0.3476,
        0.0906,
        0.2752,
        0.3282,
        0.4108,
        0.076,
        0.3276,
        0.076,
        0.2786,
        0.0747,
        0.336,
        0.3895,
        0.4587
      ],
      [
        0.3525,
        0.3525,
        0.2018,
        -0.0526,
        0.2598,
        0.0285,
        -0.0461,
        0.0285,
        -0.1025,
        0.1021,
        0.1013,
        -0.1479,
        0.0285,
        0.0327,
        0.0285,
        0.214,
        -0.0751,
        -0.0824,
        0.0285,
        0.3343,
        0.1927,
        1.0,
        0.0285,
        0.3265,
        0.1598,
        -0.2151,
        0.2876,
        0.0567,
        0.0285,
        -0.0724,
        0.0896,
        0.0227,
        -0.1318,
        0.2269,
        0.103,
        0.0285,
        0.3525,
        0.0285,
        0.3354,
        0.0399,
        0.0237,
        0.1216,
        0.1804
      ],
      [
        0.0769,
        0.0769,
        0.102,
        0.0731,
        0.1036,
        0.0232,
        0.0122,
        0.0232,
        0.0864,
        0.0179,
        0.0989,
        0.0742,
        0.0232,
        0.1063,
        0.0232,
        0.0825,
        0.0799,
        0.0521,
        0.0232,
        0.0699,
        0.076,
        0.0285,
        1.0,
        0.0758,
        0.0596,
        0.027,
        0.034,
        0.024,
        0.0232,
        0.0979,
        0.1018,
        0.0607,
        0.0559,
        0.0859,
        0.1038,
        0.0232,
        0.0769,
        0.0232,
        0.0691,
        0.0172,
        0.1009,
        0.0854,
        0.0957
      ],
      [
        0.3678,
        0.3678,
        0.3923,
        0.1335,
        0.4287,
        0.0758,
        -0.026,
        0.0758,
        0.1211,
        0.1038,
        0.2831,
        0.0993,
        0.0758,
        0.2745,
        0.0758,
        0.3383,
        0.1366,
        0.0763,
        0.0758,
        0.3668,
        0.3546,
        0.3265,
        0.0758,
        1.0,
        0.1066,
        -0.0333,
        0.2424,
        -0.0008,
        0.0758,
        0.1729,
        0.329,
        0.1485,
        0.0204,
        0.3819,
        0.3197,
        0.0758,
        0.3678,
        0.0758,
        0.3792,
        -0.0927,
        0.2488,
        0.2945,
        0.3912
      ],
      [
        0.1895,
        0.1895,
        0.2319,
        0.2224,
        0.2232,
        0.0596,
        0.0115,
        0.0596,
        0.3849,
        0.0463,
        0.3383,
        0.2677,
        0.0596,
        0.3504,
        0.0596,
        0.1623,
        0.3169,
        0.1976,
        0.0596,
        0.1278,
        0.0702,
        0.1598,
        0.0596,
        0.1066,
        1.0,
        0.0371,
        0.0557,
        0.2787,
        0.0596,
        0.3958,
        0.215,
        0.146,
        0.2944,
        0.1352,
        0.291,
        0.0596,
        0.1895,
        0.0596,
        0.1018,
        0.4227,
        0.3605,
        0.2368,
        0.1554
      ],
      [
        0.1665,
        0.1665,
        0.1048,
        0.2779,
        0.3178,
        0.027,
        -0.1416,
        0.027,
        0.3635,
        0.1588,
        0.3551,
        0.5894,
        0.027,
        0.3955,
        0.027,
        0.1007,
        0.313,
        0.1108,
        0.027,
        0.1275,
        0.2923,
        -0.2151,
        0.027,
        -0.0333,
        0.0371,
        1.0,
        0.1227,
        0.5495,
        0.027,
        0.3789,
        0.1364,
        0.1512,
        0.7549,
        -0.0656,
        0.3282,
        0.027,
        0.1665,
        0.027,
        -0.0583,
        0.5983,
        0.4005,
        0.2795,
        0.1869
      ],
      [
        0.3534,
        0.3534,
        0.1779,
        0.1057,
        0.2789,
        0.034,
        0.0677,
        0.034,
        -0.0111,
        0.1039,
        0.1581,
        0.0294,
        0.034,
        0.117,
        0.034,
        0.2306,
        0.0085,
        -0.0377,
        0.034,
        0.3129,
        0.2363,
        0.2876,
        0.034,
        0.2424,
        0.0557,
        0.1227,
        1.0,
        0.1486,
        0.034,
        0.0234,
        0.1504,
        0.1555,
        0.0833,
        0.1677,
        0.171,
        0.034,
        0.3534,
        0.034,
        0.2609,
        0.1131,
        0.097,
        0.1344,
        0.1885
      ],
      [
        0.2246,
        0.2246,
        0.0891,
        0.211,
        0.2398,
        0.024,
        -0.057,
        0.024,
        0.331,
        0.1902,
        0.3103,
        0.3953,
        0.024,
        0.319,
        0.024,
        0.1029,
        0.2767,
        0.1185,
        0.024,
        0.1515,
        0.1457,
        0.0567,
        0.024,
        -0.0008,
        0.2787,
        0.5495,
        0.1486,
        1.0,
        0.024,
        0.3341,
        0.0773,
        0.1453,
        0.5676,
        -0.0515,
        0.2496,
        0.024,
        0.2246,
        0.024,
        0.0134,
        0.6693,
        0.3359,
        0.2071,
        0.0886
      ],
      [
        0.0769,
        0.0769,
        0.102,
        0.0731,
        0.1036,
        0.0232,
        0.0122,
        0.0232,
        0.0864,
        0.0179,
        0.0989,
        0.0742,
        0.0232,
        0.1063,
        0.0232,
        0.0825,
        0.0799,
        0.0521,
        0.0232,
        0.0699,
        0.076,
        0.0285,
        0.0232,
        0.0758,
        0.0596,
        0.027,
        0.034,
