{
  "_meta": {
    "generated": "2026-05-27T11:32:50",
    "portfolio_generated": "2026-05-27T11:28:59.752025",
    "n_assets": 38,
    "n_with_returns": 29,
    "covariance_method": "hybrid_shrunk",
    "condition_number": 371.17,
    "pca_factors": 5
  },
  "profiles": {
    "Agressif": {
      "n_assets": 16,
      "weighted_avg_correlation": 0.3209,
      "most_correlated": [
        {
          "t1": "COPX",
          "t2": "PICK",
          "corr": 0.8134,
          "w1": 7.6,
          "w2": 6.4,
          "combined_weight": 14.0
        },
        {
          "t1": "XCEM",
          "t2": "FLKR",
          "corr": 0.782,
          "w1": 7.6,
          "w2": 3.3,
          "combined_weight": 10.9
        },
        {
          "t1": "XCEM",
          "t2": "PICK",
          "corr": 0.7673,
          "w1": 7.6,
          "w2": 6.4,
          "combined_weight": 14.0
        },
        {
          "t1": "SOXX",
          "t2": "XCEM",
          "corr": 0.751,
          "w1": 6.7,
          "w2": 7.6,
          "combined_weight": 14.3
        },
        {
          "t1": "SOXX",
          "t2": "FLKR",
          "corr": 0.7393,
          "w1": 6.7,
          "w2": 3.3,
          "combined_weight": 10.0
        },
        {
          "t1": "SOXX",
          "t2": "XLK",
          "corr": 0.7332,
          "w1": 6.7,
          "w2": 5.0,
          "combined_weight": 11.6
        },
        {
          "t1": "COPX",
          "t2": "XCEM",
          "corr": 0.7329,
          "w1": 7.6,
          "w2": 7.6,
          "combined_weight": 15.3
        },
        {
          "t1": "CDE",
          "t2": "GLD",
          "corr": 0.7162,
          "w1": 8.0,
          "w2": 7.6,
          "combined_weight": 15.6
        },
        {
          "t1": "XLK",
          "t2": "XCEM",
          "corr": 0.7122,
          "w1": 5.0,
          "w2": 7.6,
          "combined_weight": 12.6
        },
        {
          "t1": "PICK",
          "t2": "FLKR",
          "corr": 0.7102,
          "w1": 6.4,
          "w2": 3.3,
          "combined_weight": 9.7
        }
      ],
      "least_correlated": [
        {
          "t1": "MTBA",
          "t2": "GLD",
          "corr": 0.0284,
          "w1": 5.5,
          "w2": 7.6,
          "combined_weight": 13.2
        },
        {
          "t1": "CDE",
          "t2": "FLTR",
          "corr": 0.0138,
          "w1": 8.0,
          "w2": 5.5,
          "combined_weight": 13.5
        },
        {
          "t1": "CDE",
          "t2": "MTBA",
          "corr": 0.0138,
          "w1": 8.0,
          "w2": 5.5,
          "combined_weight": 13.5
        },
        {
          "t1": "FLTR",
          "t2": "FIX",
          "corr": 0.0121,
          "w1": 5.5,
          "w2": 2.7,
          "combined_weight": 8.3
        },
        {
          "t1": "MTBA",
          "t2": "FIX",
          "corr": 0.0121,
          "w1": 5.5,
          "w2": 2.7,
          "combined_weight": 8.3
        }
      ],
      "high_corr_high_weight": [
        {
          "t1": "COPX",
          "t2": "PICK",
          "corr": 0.8134,
          "w1": 7.6,
          "w2": 6.4,
          "combined_weight": 14.0
        },
        {
          "t1": "XCEM",
          "t2": "FLKR",
          "corr": 0.782,
          "w1": 7.6,
          "w2": 3.3,
          "combined_weight": 10.9
        },
        {
          "t1": "XCEM",
          "t2": "PICK",
          "corr": 0.7673,
          "w1": 7.6,
          "w2": 6.4,
          "combined_weight": 14.0
        },
        {
          "t1": "SOXX",
          "t2": "XCEM",
          "corr": 0.751,
          "w1": 6.7,
          "w2": 7.6,
          "combined_weight": 14.3
        },
        {
          "t1": "SOXX",
          "t2": "XLK",
          "corr": 0.7332,
          "w1": 6.7,
          "w2": 5.0,
          "combined_weight": 11.6
        }
      ]
    },
    "Mod\u00e9r\u00e9": {
      "n_assets": 14,
      "weighted_avg_correlation": 0.1726,
      "most_correlated": [
        {
          "t1": "FNDX",
          "t2": "FNDF",
          "corr": 0.6253,
          "w1": 8.9,
          "w2": 8.2,
          "combined_weight": 17.1
        },
        {
          "t1": "FNDF",
          "t2": "DIVB",
          "corr": 0.5541,
          "w1": 8.2,
          "w2": 8.1,
          "combined_weight": 16.4
        },
        {
          "t1": "FNDX",
          "t2": "DIVB",
          "corr": 0.5023,
          "w1": 8.9,
          "w2": 8.1,
          "combined_weight": 17.0
        },
        {
          "t1": "FNDF",
          "t2": "SCHD",
          "corr": 0.4183,
          "w1": 8.2,
          "w2": 7.9,
          "combined_weight": 16.1
        },
        {
          "t1": "FNDF",
          "t2": "XLV",
          "corr": 0.4145,
          "w1": 8.2,
          "w2": 3.0,
          "combined_weight": 11.2
        },
        {
          "t1": "FNDX",
          "t2": "SCHD",
          "corr": 0.394,
          "w1": 8.9,
          "w2": 7.9,
          "combined_weight": 16.7
        },
        {
          "t1": "FNDX",
          "t2": "XLV",
          "corr": 0.3869,
          "w1": 8.9,
          "w2": 3.0,
          "combined_weight": 11.9
        },
        {
          "t1": "DIVB",
          "t2": "SCHD",
          "corr": 0.3833,
          "w1": 8.1,
          "w2": 7.9,
          "combined_weight": 16.0
        },
        {
          "t1": "DIVB",
          "t2": "XLV",
          "corr": 0.37,
          "w1": 8.1,
          "w2": 3.0,
          "combined_weight": 11.1
        },
        {
          "t1": "FNDF",
          "t2": "GLD",
          "corr": 0.367,
          "w1": 8.2,
          "w2": 5.0,
          "combined_weight": 13.2
        }
      ],
      "least_correlated": [
        {
          "t1": "STIP",
          "t2": "NOVN",
          "corr": 0.0278,
          "w1": 7.2,
          "w2": 8.2,
          "combined_weight": 15.4
        },
        {
          "t1": "VGSH",
          "t2": "NOVN",
          "corr": 0.0278,
          "w1": 8.0,
          "w2": 8.2,
          "combined_weight": 16.2
        },
        {
          "t1": "GBIL",
          "t2": "NOVN",
          "corr": 0.0278,
          "w1": 8.0,
          "w2": 8.2,
          "combined_weight": 16.2
        },
        {
          "t1": "FNDF",
          "t2": "NOVN",
          "corr": 0.0173,
          "w1": 8.2,
          "w2": 8.2,
          "combined_weight": 16.4
        },
        {
          "t1": "BZU",
          "t2": "LI",
          "corr": -0.25,
          "w1": 8.5,
          "w2": 4.1,
          "combined_weight": 12.6
        }
      ],
      "high_corr_high_weight": []
    },
    "Stable": {
      "n_assets": 14,
      "weighted_avg_correlation": 0.1829,
      "most_correlated": [
        {
          "t1": "SCHP",
          "t2": "SUNPHARMA",
          "corr": 0.6018,
          "w1": 7.4,
          "w2": 5.3,
          "combined_weight": 12.7
        },
        {
          "t1": "IG",
          "t2": "SUNPHARMA",
          "corr": 0.5886,
          "w1": 6.4,
          "w2": 5.3,
          "combined_weight": 11.7
        },
        {
          "t1": "SCHP",
          "t2": "IG",
          "corr": 0.5738,
          "w1": 7.4,
          "w2": 6.4,
          "combined_weight": 13.8
        },
        {
          "t1": "VICI",
          "t2": "SCHP",
          "corr": 0.4456,
          "w1": 7.4,
          "w2": 7.4,
          "combined_weight": 14.8
        },
        {
          "t1": "ACWV",
          "t2": "SPYV",
          "corr": 0.4441,
          "w1": 6.7,
          "w2": 5.1,
          "combined_weight": 11.7
        },
        {
          "t1": "VICI",
          "t2": "SUNPHARMA",
          "corr": 0.4407,
          "w1": 7.4,
          "w2": 5.3,
          "combined_weight": 12.7
        },
        {
          "t1": "VICI",
          "t2": "IG",
          "corr": 0.4308,
          "w1": 7.4,
          "w2": 6.4,
          "combined_weight": 13.8
        },
        {
          "t1": "SCHP",
          "t2": "KO",
          "corr": 0.4227,
          "w1": 7.4,
          "w2": 4.8,
          "combined_weight": 12.2
        },
        {
          "t1": "GD",
          "t2": "SUNPHARMA",
          "corr": 0.4074,
          "w1": 7.4,
          "w2": 5.3,
          "combined_weight": 12.7
        },
        {
          "t1": "SUNPHARMA",
          "t2": "KO",
          "corr": 0.4066,
          "w1": 5.3,
          "w2": 4.8,
          "combined_weight": 10.1
        }
      ],
      "least_correlated": [
        {
          "t1": "BSV",
          "t2": "STIP",
          "corr": 0.0289,
          "w1": 13.0,
          "w2": 13.0,
          "combined_weight": 26.0
        },
        {
          "t1": "VGSH",
          "t2": "GLD",
          "corr": 0.0284,
          "w1": 6.0,
          "w2": 5.1,
          "combined_weight": 11.1
        },
        {
          "t1": "BSV",
          "t2": "GLD",
          "corr": 0.0284,
          "w1": 13.0,
          "w2": 5.1,
          "combined_weight": 18.1
        },
        {
          "t1": "GLD",
          "t2": "STIP",
          "corr": 0.0284,
          "w1": 5.1,
          "w2": 13.0,
          "combined_weight": 18.1
        },
        {
          "t1": "KO",
          "t2": "GLD",
          "corr": -0.021,
          "w1": 4.8,
          "w2": 5.1,
          "combined_weight": 9.9
        }
      ],
      "high_corr_high_weight": []
    }
  },
  "all_pairs_top_30": [
    {
      "t1": "COPX",
      "t2": "PICK",
      "corr_hybrid": 0.8134,
      "corr_structured": 0.2,
      "cat1": "ETF",
      "cat2": "ETF",
      "exp1": "copper",
      "exp2": "metals_mining",
      "fam1": "commodities",
      "fam2": null
    },
    {
      "t1": "FLKR",
      "t2": "XCEM",
      "corr_hybrid": 0.782,
      "corr_structured": 0.9,
      "cat1": "ETF",
      "cat2": "ETF",
      "exp1": "south_korea",
      "exp2": "emerging_markets",
      "fam1": "em_equity",
      "fam2": "em_equity"
    },
    {
      "t1": "PICK",
      "t2": "XCEM",
      "corr_hybrid": 0.7673,
      "corr_structured": 0.2,
      "cat1": "ETF",
      "cat2": "ETF",
      "exp1": "metals_mining",
      "exp2": "emerging_markets",
      "fam1": null,
      "fam2": "em_equity"
    },
    {
      "t1": "FNDF",
      "t2": "XCEM",
      "corr_hybrid": 0.7582,
      "corr_structured": 0.62,
      "cat1": "ETF",
      "cat2": "ETF",
      "exp1": "international",
      "exp2": "emerging_markets",
      "fam1": "intl_equity",
      "fam2": "em_equity"
    },
    {
      "t1": "SOXX",
      "t2": "XCEM",
      "corr_hybrid": 0.751,
      "corr_structured": 0.2,
      "cat1": "ETF",
      "cat2": "ETF",
      "exp1": "semiconductor",
      "exp2": "emerging_markets",
      "fam1": "sector_tech",
      "fam2": "em_equity"
    },
    {
      "t1": "FLKR",
      "t2": "SOXX",
      "corr_hybrid": 0.7393,
      "corr_structured": 0.2,
      "cat1": "ETF",
      "cat2": "ETF",
      "exp1": "south_korea",
      "exp2": "semiconductor",
      "fam1": "em_equity",
      "fam2": "sector_tech"
    },
    {
      "t1": "FNDF",
      "t2": "PICK",
      "corr_hybrid": 0.7363,
      "corr_structured": 0.2,
      "cat1": "ETF",
      "cat2": "ETF",
      "exp1": "international",
      "exp2": "metals_mining",
      "fam1": "intl_equity",
      "fam2": null
    },
    {
      "t1": "SOXX",
      "t2": "XLK",
      "corr_hybrid": 0.7332,
      "corr_structured": 0.9,
      "cat1": "ETF",
      "cat2": "ETF",
      "exp1": "semiconductor",
      "exp2": "tech",
      "fam1": "sector_tech",
      "fam2": "sector_tech"
    },
    {
      "t1": "COPX",
      "t2": "XCEM",
      "corr_hybrid": 0.7329,
      "corr_structured": 0.2,
      "cat1": "ETF",
      "cat2": "ETF",
      "exp1": "copper",
      "exp2": "emerging_markets",
      "fam1": "commodities",
      "fam2": "em_equity"
    },
    {
      "t1": "CDE",
      "t2": "GLD",
      "corr_hybrid": 0.7162,
      "corr_structured": null,
      "cat1": "Act",
      "cat2": "ETF",
      "exp1": null,
      "exp2": "gold_physical",
      "fam1": null,
      "fam2": "gold"
    },
    {
      "t1": "XCEM",
      "t2": "XLK",
      "corr_hybrid": 0.7122,
      "corr_structured": 0.2,
      "cat1": "ETF",
      "cat2": "ETF",
      "exp1": "emerging_markets",
      "exp2": "tech",
      "fam1": "em_equity",
      "fam2": "sector_tech"
    },
    {
      "t1": "FLKR",
      "t2": "PICK",
      "corr_hybrid": 0.7102,
      "corr_structured": 0.2,
      "cat1": "ETF",
      "cat2": "ETF",
      "exp1": "south_korea",
      "exp2": "metals_mining",
      "fam1": "em_equity",
      "fam2": null
    },
    {
      "t1": "FLKR",
      "t2": "FNDF",
      "corr_hybrid": 0.7101,
      "corr_structured": 0.62,
      "cat1": "ETF",
      "cat2": "ETF",
      "exp1": "south_korea",
      "exp2": "international",
      "fam1": "em_equity",
      "fam2": "intl_equity"
    },
    {
      "t1": "COPX",
      "t2": "FNDF",
      "corr_hybrid": 0.6932,
      "corr_structured": 0.2,
      "cat1": "ETF",
      "cat2": "ETF",
      "exp1": "copper",
      "exp2": "international",
      "fam1": "commodities",
      "fam2": "intl_equity"
    },
    {
      "t1": "FLKR",
      "t2": "XLK",
      "corr_hybrid": 0.6931,
      "corr_structured": 0.2,
      "cat1": "ETF",
      "cat2": "ETF",
      "exp1": "south_korea",
      "exp2": "tech",
      "fam1": "em_equity",
      "fam2": "sector_tech"
    },
    {
      "t1": "CDE",
      "t2": "COPX",
      "corr_hybrid": 0.6896,
      "corr_structured": null,
      "cat1": "Act",
      "cat2": "ETF",
      "exp1": null,
      "exp2": "copper",
      "fam1": null,
      "fam2": "commodities"
    },
    {
      "t1": "COPX",
      "t2": "FLKR",
      "corr_hybrid": 0.6773,
      "corr_structured": 0.2,
      "cat1": "ETF",
      "cat2": "ETF",
      "exp1": "copper",
      "exp2": "south_korea",
      "fam1": "commodities",
      "fam2": "em_equity"
    },
    {
      "t1": "PICK",
      "t2": "SOXX",
      "corr_hybrid": 0.6651,
      "corr_structured": 0.2,
      "cat1": "ETF",
      "cat2": "ETF",
      "exp1": "metals_mining",
      "exp2": "semiconductor",
      "fam1": null,
      "fam2": "sector_tech"
    },
    {
      "t1": "FNDF",
      "t2": "SOXX",
      "corr_hybrid": 0.6534,
      "corr_structured": 0.2,
      "cat1": "ETF",
      "cat2": "ETF",
      "exp1": "international",
      "exp2": "semiconductor",
      "fam1": "intl_equity",
      "fam2": "sector_tech"
    },
    {
      "t1": "COPX",
      "t2": "SOXX",
      "corr_hybrid": 0.6468,
      "corr_structured": 0.2,
      "cat1": "ETF",
      "cat2": "ETF",
      "exp1": "copper",
      "exp2": "semiconductor",
      "fam1": "commodities",
      "fam2": "sector_tech"
    },
    {
      "t1": "CDE",
      "t2": "PICK",
      "corr_hybrid": 0.6426,
      "corr_structured": null,
      "cat1": "Act",
      "cat2": "ETF",
      "exp1": null,
      "exp2": "metals_mining",
      "fam1": null,
      "fam2": null
    },
    {
      "t1": "ICLN",
      "t2": "XCEM",
      "corr_hybrid": 0.642,
      "corr_structured": 0.2,
      "cat1": "ETF",
      "cat2": "ETF",
      "exp1": "clean_energy",
      "exp2": "emerging_markets",
      "fam1": null,
      "fam2": "em_equity"
    },
    {
      "t1": "ICLN",
      "t2": "SOXX",
      "corr_hybrid": 0.6385,
      "corr_structured": 0.2,
      "cat1": "ETF",
      "cat2": "ETF",
      "exp1": "clean_energy",
      "exp2": "semiconductor",
      "fam1": null,
      "fam2": "sector_tech"
    },
    {
      "t1": "FIX",
      "t2": "SOXX",
      "corr_hybrid": 0.6352,
      "corr_structured": null,
      "cat1": "Act",
      "cat2": "ETF",
      "exp1": null,
      "exp2": "semiconductor",
      "fam1": null,
      "fam2": "sector_tech"
    },
    {
      "t1": "PICK",
      "t2": "XLK",
      "corr_hybrid": 0.6275,
      "corr_structured": 0.2,
      "cat1": "ETF",
      "cat2": "ETF",
      "exp1": "metals_mining",
      "exp2": "tech",
      "fam1": null,
      "fam2": "sector_tech"
    },
    {
      "t1": "FNDF",
      "t2": "XLK",
      "corr_hybrid": 0.6262,
      "corr_structured": 0.2,
      "cat1": "ETF",
      "cat2": "ETF",
      "exp1": "international",
      "exp2": "tech",
      "fam1": "intl_equity",
      "fam2": "sector_tech"
    },
    {
      "t1": "FNDF",
      "t2": "FNDX",
      "corr_hybrid": 0.6253,
      "corr_structured": 0.2,
      "cat1": "ETF",
      "cat2": "ETF",
      "exp1": "international",
      "exp2": "value",
      "fam1": "intl_equity",
      "fam2": "factor_value"
    },
    {
      "t1": "FNDX",
      "t2": "XCEM",
      "corr_hybrid": 0.6249,
      "corr_structured": 0.2,
      "cat1": "ETF",
      "cat2": "ETF",
      "exp1": "value",
      "exp2": "emerging_markets",
      "fam1": "factor_value",
      "fam2": "em_equity"
    },
    {
      "t1": "FIX",
      "t2": "XLK",
      "corr_hybrid": 0.6217,
      "corr_structured": null,
      "cat1": "Act",
      "cat2": "ETF",
      "exp1": null,
      "exp2": "tech",
      "fam1": null,
      "fam2": "sector_tech"
    },
    {
      "t1": "FLKR",
      "t2": "ICLN",
      "corr_hybrid": 0.6206,
      "corr_structured": 0.2,
      "cat1": "ETF",
      "cat2": "ETF",
      "exp1": "south_korea",
      "exp2": "clean_energy",
      "fam1": "em_equity",
      "fam2": null
    }
  ],
  "all_pairs_bottom_10": [
    {
      "t1": "FIX",
      "t2": "FLTR",
      "corr_hybrid": 0.0121,
      "corr_structured": null,
      "cat1": "Act",
      "cat2": "Obl",
      "exp1": null,
      "exp2": null,
      "fam1": null,
      "fam2": null
    },
    {
      "t1": "FIX",
      "t2": "GBIL",
      "corr_hybrid": 0.0121,
      "corr_structured": null,
      "cat1": "Act",
      "cat2": "Obl",
      "exp1": null,
      "exp2": "bonds_tbill",
      "fam1": null,
      "fam2": "bonds_short"
    },
    {
      "t1": "FIX",
      "t2": "MTBA",
      "corr_hybrid": 0.0121,
      "corr_structured": null,
      "cat1": "Act",
      "cat2": "Obl",
      "exp1": null,
      "exp2": null,
      "fam1": null,
      "fam2": null
    },
    {
      "t1": "FIX",
      "t2": "STIP",
      "corr_hybrid": 0.0121,
      "corr_structured": null,
      "cat1": "Act",
      "cat2": "Obl",
      "exp1": null,
      "exp2": "bonds_tips",
      "fam1": null,
      "fam2": "bonds_gov"
    },
    {
      "t1": "FIX",
      "t2": "VGSH",
      "corr_hybrid": 0.0121,
      "corr_structured": null,
      "cat1": "Act",
      "cat2": "Obl",
      "exp1": null,
      "exp2": "bonds_short_treasury",
      "fam1": null,
      "fam2": "bonds_short"
    },
    {
      "t1": "KO",
      "t2": "XCEM",
      "corr_hybrid": 0.0097,
      "corr_structured": null,
      "cat1": "Act",
      "cat2": "ETF",
      "exp1": null,
      "exp2": "emerging_markets",
      "fam1": null,
      "fam2": "em_equity"
    },
    {
      "t1": "FLKR",
      "t2": "SCHP",
      "corr_hybrid": 0.0095,
      "corr_structured": 0.1,
      "cat1": "ETF",
      "cat2": "Act",
      "exp1": "south_korea",
      "exp2": "bonds_tips",
      "fam1": "em_equity",
      "fam2": "bonds_gov"
    },
    {
      "t1": "KO",
      "t2": "PICK",
      "corr_hybrid": 0.006,
      "corr_structured": null,
      "cat1": "Act",
      "cat2": "ETF",
      "exp1": null,
      "exp2": "metals_mining",
      "fam1": null,
      "fam2": null
    },
    {
      "t1": "FIX",
      "t2": "SCHD",
      "corr_hybrid": 0.0031,
      "corr_structured": null,
      "cat1": "Act",
      "cat2": "ETF",
      "exp1": null,
      "exp2": "dividend",
      "fam1": null,
      "fam2": "factor_dividend"
    },
    {
      "t1": "KO",
      "t2": "NVDA",
      "corr_hybrid": 0.0029,
      "corr_structured": null,
      "cat1": "Act",
      "cat2": "Act",
      "exp1": null,
      "exp2": null,
      "fam1": null,
      "fam2": null
    }
  ],
  "correlation_matrix": {
    "tickers": [
      "000660",
      "2059",
      "ACWV",
      "BSV",
      "BZU",
      "CDE",
      "COPX",
      "DIVB",
      "FIX",
      "FLKR",
      "FLTR",
      "FNDF",
      "FNDX",
      "GBIL",
      "GD",
      "GLD",
      "ICLN",
      "IG",
      "KO",
      "LI",
      "MTBA",
      "NOVN",
      "NVDA",
      "PEG",
      "PICK",
      "SCHD",
      "SCHP",
      "SOXX",
      "SPLV",
      "SPYV",
      "STIP",
      "SUNPHARMA",
      "VGSH",
      "VICI",
      "XBI",
      "XCEM",
      "XLK",
      "XLV"
    ],
    "matrix": [
      [
        1.0,
        0.6172,
        0.3465,
        0.0793,
        0.3464,
        0.1383,
        0.1078,
        0.3077,
        0.2011,
        0.0723,
        0.0793,
        0.2349,
        0.3174,
        0.0793,
        0.4074,
        0.0772,
        0.1474,
        0.5886,
        0.4066,
        0.2934,
        0.0793,
        0.338,
        0.212,
        0.4291,
        0.1441,
        0.3008,
        0.6018,
        0.1105,
        0.3396,
        0.3216,
        0.0793,
        0.6172,
        0.0793,
        0.4407,
        0.1803,
        0.1579,
        0.1592,
        0.2737
      ],
      [
        0.6172,
        1.0,
        0.3465,
        0.0793,
        0.3464,
        0.1383,
        0.1078,
        0.3077,
        0.2011,
        0.0723,
        0.0793,
        0.2349,
        0.3174,
        0.0793,
        0.4074,
        0.0772,
        0.1474,
        0.5886,
        0.4066,
        0.2934,
        0.0793,
        0.338,
        0.212,
        0.4291,
        0.1441,
        0.3008,
        0.6018,
        0.1105,
        0.3396,
        0.3216,
        0.0793,
        0.6172,
        0.0793,
        0.4407,
        0.1803,
        0.1579,
        0.1592,
        0.2737
      ],
      [
        0.3465,
        0.3465,
        1.0,
        0.1091,
        0.2483,
        0.1887,
        0.3811,
        0.4336,
        0.0601,
        0.3725,
        0.1091,
        0.4863,
        0.4532,
        0.1091,
        0.2865,
        0.2038,
        0.2921,
        0.359,
        0.2556,
        0.2259,
        0.1091,
        0.1395,
        0.1905,
        0.2483,
        0.4304,
        0.3899,
        0.3304,
        0.307,
        0.3551,
        0.4441,
        0.1091,
        0.3465,
        0.1091,
        0.3333,
        0.3356,
        0.4342,
        0.3135,
        0.367
      ],
      [
        0.0793,
        0.0793,
        0.1091,
        1.0,
        0.0622,
        0.0138,
        0.0834,
        0.1106,
        0.0121,
        0.0986,
        0.0289,
        0.1222,
        0.1154,
        0.0289,
        0.0675,
        0.0284,
        0.07,
        0.0841,
        0.0622,
        0.045,
        0.0289,
        0.0278,
        0.0488,
        0.0537,
        0.0983,
        0.1002,
        0.0757,
        0.0795,
        0.0882,
        0.1131,
        0.0289,
        0.0793,
        0.0289,
        0.078,
        0.0826,
        0.1105,
        0.0807,
        0.0947
      ],
      [
        0.3464,
        0.3464,
        0.2483,
        0.0622,
        1.0,
        0.0841,
        0.105,
        0.2287,
        0.0902,
        0.0594,
        0.0622,
        0.1813,
        0.2324,
        0.0622,
        0.3271,
        0.0476,
        0.0378,
        0.3391,
        0.1807,
        -0.25,
        0.0622,
        0.1879,
        0.1214,
        0.2413,
        0.128,
        0.2004,
        0.3305,
        0.0942,
        0.2415,
        0.2348,
        0.0622,
        0.3464,
        0.0622,
        0.2731,
        0.1387,
        0.1324,
        0.1376,
        0.206
      ],
      [
        0.1383,
        0.1383,
        0.1887,
        0.0138,
        0.0841,
        1.0,
        0.6896,
        0.2103,
        0.3045,
        0.3232,
        0.0138,
        0.3926,
        0.2667,
        0.0138,
        0.1567,
        0.7162,
        0.4068,
        0.1243,
        -0.0539,
        0.2824,
        0.0138,
        0.0689,
        0.2107,
        0.1981,
        0.6426,
        0.094,
        0.0892,
        0.367,
        0.0746,
        0.2363,
        0.0138,
        0.1383,
        0.0138,
        0.1129,
        0.3169,
        0.4112,
        0.3496,
        0.105
      ],
      [
        0.1078,
        0.1078,
        0.3811,
        0.0834,
        0.105,
        0.6896,
        1.0,
        0.4535,
        0.3487,
        0.6773,
        0.0834,
        0.6932,
        0.5321,
        0.0834,
        0.1722,
        0.5685,
        0.5913,
        0.1291,
        -0.0343,
        0.3003,
        0.0834,
        -0.0318,
        0.3544,
        0.1474,
        0.8134,
        0.2976,
        0.0495,
        0.6468,
        0.1835,
        0.4869,
        0.0834,
        0.1078,
        0.0834,
        0.1247,
        0.5023,
        0.7329,
        0.6077,
        0.3063
      ],
      [
        0.3077,
        0.3077,
        0.4336,
        0.1106,
        0.2287,
        0.2103,
        0.4535,
        1.0,
        0.1891,
        0.4824,
        0.1106,
        0.5541,
        0.5023,
        0.1106,
        0.2703,
        0.2151,
        0.3847,
        0.324,
        0.1946,
        0.2418,
        0.1106,
        0.0937,
        0.2789,
        0.2281,
        0.5011,
        0.3833,
        0.2772,
        0.4323,
        0.3141,
        0.4815,
        0.1106,
        0.3077,
        0.1106,
        0.2794,
        0.3864,
        0.5335,
        0.4285,
        0.37
      ],
      [
        0.2011,
        0.2011,
        0.0601,
        0.0121,
        0.0902,
        0.3045,
        0.3487,
        0.1891,
        1.0,
        0.4528,
        0.0121,
        0.3221,
        0.3091,
        0.0121,
        0.1542,
        0.1234,
        0.5133,
        0.1798,
        -0.1086,
        0.2702,
        0.0121,
        0.0132,
        0.599,
        0.19,
        0.3322,
        0.0031,
        0.1098,
        0.6352,
        -0.1196,
        0.2506,
        0.0121,
        0.2011,
        0.0121,
        -0.0608,
        0.272,
        0.4552,
        0.6217,
        0.0466
      ],
      [
        0.0723,
        0.0723,
        0.3725,
        0.0986,
        0.0594,
        0.3232,
        0.6773,
        0.4824,
        0.4528,
        1.0,
        0.0986,
        0.7101,
        0.5745,
        0.0986,
        0.1326,
        0.3021,
        0.6206,
        0.105,
        -0.0431,
        0.2986,
        0.0986,
        -0.096,
        0.4488,
        0.0896,
        0.7102,
        0.3164,
        0.0095,
        0.7393,
        0.1494,
        0.5222,
        0.0986,
        0.0723,
        0.0986,
        0.0585,
        0.5011,
        0.782,
        0.6931,
        0.3288
      ],
      [
        0.0793,
        0.0793,
        0.1091,
        0.0289,
        0.0622,
        0.0138,
        0.0834,
        0.1106,
        0.0121,
        0.0986,
        1.0,
        0.1222,
        0.1154,
        0.0289,
        0.0675,
        0.0284,
        0.07,
        0.0841,
        0.0622,
        0.045,
        0.0289,
        0.0278,
        0.0488,
        0.0537,
        0.0983,
        0.1002,
        0.0757,
        0.0795,
        0.0882,
        0.1131,
        0.0289,
        0.0793,
        0.0289,
        0.078,
        0.0826,
        0.1105,
        0.0807,
        0.0947
      ],
      [
        0.2349,
        0.2349,
        0.4863,
        0.1222,
        0.1813,
        0.3926,
        0.6932,
        0.5541,
        0.3221,
        0.7101,
        0.1222,
        1.0,
        0.6253,
        0.1222,
        0.2482,
        0.367,
        0.5749,
        0.2621,
        0.1032,
        0.319,
        0.1222,
        0.0173,
        0.3902,
        0.2008,
        0.7363,
        0.4183,
        0.184,
        0.6534,
        0.2949,
        0.5857,
        0.1222,
        0.2349,
        0.1222,
        0.2259,
        0.5219,
        0.7582,
        0.6262,
        0.4145
      ],
      [
        0.3174,
        0.3174,
        0.4532,
        0.1154,
        0.2324,
        0.2667,
        0.5321,
        0.5023,
        0.3091,
        0.5745,
        0.1154,
        0.6253,
        1.0,
        0.1154,
        0.2843,
        0.2503,
        0.4736,
        0.3339,
        0.1692,
        0.2824,
        0.1154,
        0.0812,
        0.3633,
        0.2434,
        0.5785,
        0.394,
        0.2738,
        0.5411,
        0.3014,
        0.5307,
        0.1154,
        0.3174,
        0.1154,
        0.2654,
        0.4414,
        0.6249,
        0.5318,
        0.3869
      ],
      [
        0.0793,
        0.0793,
        0.1091,
        0.0289,
        0.0622,
        0.0138,
        0.0834,
        0.1106,
        0.0121,
        0.0986,
        0.0289,
        0.1222,
        0.1154,
        1.0,
        0.0675,
        0.0284,
        0.07,
        0.0841,
        0.0622,
        0.045,
        0.0289,
        0.0278,
        0.0488,
        0.0537,
        0.0983,
        0.1002,
        0.0757,
        0.0795,
        0.0882,
        0.1131,
        0.0289,
        0.0793,
        0.0289,
        0.078,
        0.0826,
        0.1105,
        0.0807,
        0.0947
      ],
      [
        0.4074,
        0.4074,
        0.2865,
        0.0675,
        0.3271,
        0.1567,
        0.1722,
        0.2703,
        0.1542,
        0.1326,
        0.0675,
        0.2482,
        0.2843,
        0.0675,
        1.0,
        0.1088,
        0.1472,
        0.3951,
        0.2457,
        0.0956,
        0.0675,
        0.2111,
        0.1751,
        0.2902,
        0.1986,
        0.2419,
        0.3894,
        0.1542,
        0.2587,
        0.2821,
        0.0675,
        0.4074,
        0.0675,
        0.3067,
        0.1856,
        0.2006,
        0.1857,
        0.2312
      ],
      [
        0.0772,
        0.0772,
        0.2038,
        0.0284,
        0.0476,
        0.7162,
        0.5685,
        0.2151,
        0.1234,
        0.3021,
        0.0284,
        0.367,
        0.2503,
        0.0284,
        0.1088,
        1.0,
        0.3201,
        0.078,
        -0.021,
        0.2253,
        0.0284,
        0.0291,
        0.1226,
        0.1252,
        0.5451,
        0.1357,
        0.0477,
        0.2882,
        0.1118,
        0.2295,
        0.0284,
        0.0772,
        0.0284,
        0.1093,
        0.2784,
        0.3673,
        0.2685,
        0.1363
      ],
      [
        0.1474,
        0.1474,
        0.2921,
        0.07,
        0.0378,
        0.4068,
        0.5913,
        0.3847,
        0.5133,
        0.6206,
        0.07,
        0.5749,
        0.4736,
        0.07,
        0.1472,
        0.3201,
        1.0,
        0.1589,
        -0.015,
        0.3731,
        0.07,
        -0.0237,
        0.4372,
        0.1506,
        0.6052,
        0.2334,
        0.0845,
        0.6385,
        0.1019,
        0.426,
        0.07,
        0.1474,
        0.07,
        0.0713,
        0.4197,
        0.642,
        0.6049,
        0.2448
      ],
      [
        0.5886,
        0.5886,
        0.359,
        0.0841,
        0.3391,
        0.1243,
        0.1291,
        0.324,
        0.1798,
        0.105,
        0.0841,
        0.2621,
        0.3339,
        0.0841,
        0.3951,
        0.078,
        0.1589,
        1.0,
        0.394,
        0.28,
        0.0841,
        0.3159,
        0.2081,
        0.4078,
        0.1686,
        0.3147,
        0.5738,
        0.1297,
        0.345,
        0.3372,
        0.0841,
        0.5886,
        0.0841,
        0.4308,
        0.196,
        0.1868,
        0.1742,
        0.2876
      ],
      [
        0.4066,
        0.4066,
        0.2556,
        0.0622,
        0.1807,
        -0.0539,
        -0.0343,
        0.1946,
        -0.1086,
        -0.0431,
        0.0622,
        0.1032,
        0.1692,
        0.0622,
        0.2457,
        -0.021,
        -0.015,
        0.394,
        1.0,
        0.2194,
        0.0622,
        0.24,
        0.0029,
        0.261,
        0.006,
        0.2458,
        0.4227,
        -0.0791,
        0.2952,
        0.1882,
        0.0622,
        0.4066,
        0.0622,
        0.347,
        0.066,
        0.0097,
        -0.0432,
        0.208
      ],
      [
        0.2934,
        0.2934,
        0.2259,
        0.045,
        -0.25,
        0.2824,
        0.3003,
        0.2418,
        0.2702,
        0.2986,
        0.045,
        0.319,
        0.2824,
        0.045,
        0.0956,
        0.2253,
        0.3731,
        0.28,
        0.2194,
        1.0,
        0.045,
        0.1191,
        0.2426,
        0.2286,
        0.3179,
        0.2076,
        0.2727,
        0.2813,
        0.1417,
        0.2645,
        0.045,
        0.2934,
        0.045,
        0.1889,
        0.2307,
        0.3157,
        0.2614,
        0.171
      ],
      [
        0.0793,
        0.0793,
        0.1091,
        0.0289,
        0.0622,
        0.0138,
        0.0834,
        0.1106,
        0.0121,
        0.0986,
        0.0289,
        0.1222,
        0.1154,
        0.0289,
        0.0675,
        0.0284,
        0.07,
        0.0841,
        0.0622,
        0.045,
        1.0,
        0.0278,
        0.0488,
        0.0537,
        0.0983,
        0.1002,
        0.0757,
        0.0795,
        0.0882,
        0.1131,
        0.0289,
        0.0793,
        0.0289,
        0.078,
        0.0826,
        0.1105,
        0.0807,
        0.0947
      ],
      [
        0.338,
        0.338,
        0.1395,
        0.0278,
        0.1879,
        0.0689,
        -0.0318,
        0.0937,
        0.0132,
        -0.096,
        0.0278,
        0.0173,
        0.0812,
        0.0278,
        0.2111,
        0.0291,
        -0.0237,
        0.3159,
        0.24,
        0.1191,
        0.0278,
        1.0,
        0.028,
        0.2321,
        -0.0193,
        0.1201,
        0.3412,
        -0.0735,
        0.176,
        0.0935,
        0.0278,
        0.338,
        0.0278,
        0.2496,
        0.021,
        -0.0438,
        -0.038,
        0.1013
      ],
      [
        0.212,
        0.212,
        0.1905,
        0.0488,
        0.1214,
        0.2107,
        0.3544,
        0.2789,
        0.599,
        0.4488,
        0.0488,
        0.3902,
        0.3633,
        0.0488,
        0.1751,
        0.1226,
        0.4372,
        0.2081,
        0.0029,
        0.2426,
        0.0488,
        0.028,
        1.0,
        0.1776,
        0.3653,
        0.1433,
        0.1488,
        0.5309,
        0.0408,
        0.3215,
        0.0488,
        0.212,
        0.0488,
        0.0548,
        0.297,
        0.4626,
        0.5196,
        0.1635
      ],
      [
        0.4291,
        0.4291,
        0.2483,
        0.0537,
        0.2413,
        0.1981,
        0.1474,
        0.2281,
        0.19,
        0.0896,
        0.0537,
        0.2008,
        0.2434,
        0.0537,
        0.2902,
        0.1252,
        0.1506,
        0.4078,
        0.261,
        0.2286,
        0.0537,
        0.2321,
        0.1776,
        1.0,
        0.1661,
        0.207,
        0.4115,
        0.1253,
        0.2281,
        0.2416,
        0.0537,
        0.4291,
        0.0537,
        0.3014,
        0.1567,
        0.1553,
        0.1558,
        0.1914
      ],
      [
        0.1441,
        0.1441,
        0.4304,
        0.0983,
        0.128,
        0.6426,
        0.8134,
        0.5011,
        0.3322,
        0.7102,
        0.0983,
        0.7363,
        0.5785,
        0.0983,
        0.1986,
        0.5451,
        0.6052,
        0.1686,
        0.006,
        0.3179,
        0.0983,
        -0.0193,
        0.3653,
        0.1661,
        1.0,
        0.3479,
        0.0874,
        0.6651,
        0.229,
        0.534,
        0.0983,
        0.1441,
        0.0983,
        0.1628,
        0.5282,
        0.7673,
        0.6275,
        0.352
      ],
      [
        0.3008,
        0.3008,
        0.3899,
        0.1002,
        0.2004,
        0.094,
        0.2976,
        0.3833,
        0.0031,
        0.3164,
        0.1002,
        0.4183,
        0.394,
        0.1002,
        0.2419,
        0.1357,
        0.2334,
        0.3147,
        0.2458,
        0.2076,
        0.1002,
        0.1201,
        0.1433,
        0.207,
        0.3479,
        1.0,
        0.2927,
        0.2427,
        0.3271,
        0.3893,
        0.1002,
        0.3008,
        0.1002,
        0.3007,
        0.2831,
        0.3651,
        0.2485,
        0.3328
      ],
      [
        0.6018,
        0.6018,
        0.3304,
        0.0757,
        0.3305,
        0.0892,
        0.0495,
        0.2772,
        0.1098,
        0.0095,
        0.0757,
        0.184,
        0.2738,
        0.0757,
        0.3894,
        0.0477,
        0.0845,
        0.5738,
        0.4227,
        0.2727,
        0.0757,
        0.3412,
        0.1488,
        0.4115,
        0.0874,
        0.2927,
        1.0,
        0.0325,
        0.3461,
        0.2848,
        0.0757,
        0.6018,
        0.0757,
        0.4456,
        0.14,
        0.0932,
        0.0838,
        0.2606
      ],
      [
        0.1105,
        0.1105,
        0.307,
        0.0795,
        0.0942,
        0.367,
        0.6468,
        0.4323,
        0.6352,
        0.7393,
        0.0795,
        0.6534,
        0.5411,
        0.0795,
        0.1542,
        0.2882,
        0.6385,
        0.1297,
        -0.0791,
        0.2813,
        0.0795,
        -0.0735,
        0.5309,
        0.1253,
        0.6651,
        0.2427,
        0.0325,
        1.0,
        0.0774,
        0.4821,
        0.0795,
        0.1105,
        0.0795,
        0.0234,
        0.476,
        0.751,
        0.7332,
        0.2682
      ],
      [
        0.3396,
        0.3396,
        0.3551,
        0.0882,
        0.2415,
        0.0746,
        0.1835,
        0.3141,
        -0.1196,
        0.1494,
        0.0882,
        0.2949,
        0.3014,
        0.0882,
        0.2587,
        0.1118,
        0.1019,
        0.345,
        0.2952,
        0.1417,
        0.0882,
        0.176,
        0.0408,
        0.2281,
        0.229,
        0.3271,
        0.3461,
        0.0774,
        1.0,
        0.3104,
        0.0882,
        0.3396,
        0.0882,
        0.3433,
        0.1968,
        0.2108,
        0.0987,
        0.2962
      ],
      [
        0.3216,
        0.3216,
        0.4441,
        0.1131,
        0.2348,
        0.2363,
        0.4869,
        0.4815,
        0.2506,
        0.5222,
        0.1131,
        0.5857,
        0.5307,
        0.1131,
        0.2821,
        0.2295,
        0.426,
        0.3372,
        0.1882,
        0.2645,
        0.1131,
        0.0935,
        0.3215,
        0.2416,
        0.534,
        0.3893,
        0.2848,
        0.4821,
        0.3104,
        1.0,
        0.1131,
        0.3216,
        0.1131,
        0.2778,
        0.4115,
        0.5739,
        0.4767,
        0.3787
      ],
      [
        0.0793,
        0.0793,
        0.1091,
        0.0289,
        0.0622,
        0.0138,
        0.0834,
        0.1106,
        0.0121,
        0.0986,
        0.0289,
        0.1222,
        0.1154,
        0.0289,
        0.0675,
        0.0284,
        0.07,
        0.0841,
        0.0622,
        0.045,
        0.0289,
        0.0278,
        0.0488,
        0.0537,
        0.0983,
        0.1002,
        0.0757,
        0.0795,
        0.0882,
        0.1131,
        1.0,
        0.0793,
        0.0289,
        0.078,
        0.0826,
        0.1105,
        0.0807,
        0.0947
      ],
      [
        0.6172,
        0.6172,
        0.3465,
        0.0793,
        0.3464,
        0.1383,
        0.1078,
        0.3077,
        0.2011,
        0.0723,
        0.0793,
        0.2349,
        0.3174,
        0.0793,
        0.4074,
        0.0772,
        0.1474,
        0.5886,
        0.4066,
        0.2934,
        0.0793,
        0.338,
        0.212,
        0.4291,
        0.1441,
        0.3008,
        0.6018,
        0.1105,
        0.3396,
        0.3216,
