{
  "_meta": {
    "generated": "2026-06-15T13:54:54",
    "portfolio_generated": "2026-06-15T13:51:31.122146",
    "n_assets": 16,
    "n_with_returns": 10,
    "covariance_method": "hybrid_shrunk",
    "condition_number": 88.26,
    "pca_factors": 3
  },
  "profiles": {
    "Agressif": {
      "n_assets": 9,
      "weighted_avg_correlation": 0.2374,
      "most_correlated": [
        {
          "t1": "VWCE.DE",
          "t2": "IWDA.AS",
          "corr": 0.3795,
          "w1": 50.0,
          "w2": 15.0,
          "combined_weight": 65.0
        },
        {
          "t1": "VWCE.DE",
          "t2": "SGLN.AS",
          "corr": 0.3795,
          "w1": 50.0,
          "w2": 5.0,
          "combined_weight": 55.0
        },
        {
          "t1": "IWDA.AS",
          "t2": "SGLN.AS",
          "corr": 0.3795,
          "w1": 15.0,
          "w2": 5.0,
          "combined_weight": 20.0
        },
        {
          "t1": "VWCE.DE",
          "t2": "EXPD",
          "corr": 0.3122,
          "w1": 50.0,
          "w2": 5.0,
          "combined_weight": 55.0
        },
        {
          "t1": "IWDA.AS",
          "t2": "EXPD",
          "corr": 0.3122,
          "w1": 15.0,
          "w2": 5.0,
          "combined_weight": 20.0
        },
        {
          "t1": "EXPD",
          "t2": "SGLN.AS",
          "corr": 0.3122,
          "w1": 5.0,
          "w2": 5.0,
          "combined_weight": 10.0
        },
        {
          "t1": "EXPD",
          "t2": "CBOE",
          "corr": 0.2547,
          "w1": 5.0,
          "w2": 5.0,
          "combined_weight": 10.0
        },
        {
          "t1": "VWCE.DE",
          "t2": "CBOE",
          "corr": 0.238,
          "w1": 50.0,
          "w2": 5.0,
          "combined_weight": 55.0
        },
        {
          "t1": "IWDA.AS",
          "t2": "CBOE",
          "corr": 0.238,
          "w1": 15.0,
          "w2": 5.0,
          "combined_weight": 20.0
        },
        {
          "t1": "CBOE",
          "t2": "SGLN.AS",
          "corr": 0.238,
          "w1": 5.0,
          "w2": 5.0,
          "combined_weight": 10.0
        }
      ],
      "least_correlated": [
        {
          "t1": "CF",
          "t2": "IBGS.AS",
          "corr": 0.0347,
          "w1": 5.0,
          "w2": 5.0,
          "combined_weight": 10.0
        },
        {
          "t1": "LOGN",
          "t2": "CF",
          "corr": 0.0262,
          "w1": 5.0,
          "w2": 5.0,
          "combined_weight": 10.0
        },
        {
          "t1": "CF",
          "t2": "ITX",
          "corr": 0.0051,
          "w1": 5.0,
          "w2": 5.0,
          "combined_weight": 10.0
        },
        {
          "t1": "EXPD",
          "t2": "ITX",
          "corr": -0.0474,
          "w1": 5.0,
          "w2": 5.0,
          "combined_weight": 10.0
        },
        {
          "t1": "ITX",
          "t2": "CBOE",
          "corr": -0.1234,
          "w1": 5.0,
          "w2": 5.0,
          "combined_weight": 10.0
        }
      ],
      "high_corr_high_weight": []
    },
    "Mod\u00e9r\u00e9": {
      "n_assets": 9,
      "weighted_avg_correlation": 0.1355,
      "most_correlated": [
        {
          "t1": "VWCE.DE",
          "t2": "SGLN.AS",
          "corr": 0.3795,
          "w1": 50.0,
          "w2": 5.0,
          "combined_weight": 55.0
        },
        {
          "t1": "VWCE.DE",
          "t2": "EXPD",
          "corr": 0.3122,
          "w1": 50.0,
          "w2": 5.0,
          "combined_weight": 55.0
        },
        {
          "t1": "EXPD",
          "t2": "SGLN.AS",
          "corr": 0.3122,
          "w1": 5.0,
          "w2": 5.0,
          "combined_weight": 10.0
        },
        {
          "t1": "VWCE.DE",
          "t2": "LOGN",
          "corr": 0.1976,
          "w1": 50.0,
          "w2": 5.0,
          "combined_weight": 55.0
        },
        {
          "t1": "LOGN",
          "t2": "SGLN.AS",
          "corr": 0.1976,
          "w1": 5.0,
          "w2": 5.0,
          "combined_weight": 10.0
        },
        {
          "t1": "VWCE.DE",
          "t2": "NOVN",
          "corr": 0.1809,
          "w1": 50.0,
          "w2": 5.0,
          "combined_weight": 55.0
        },
        {
          "t1": "NOVN",
          "t2": "SGLN.AS",
          "corr": 0.1809,
          "w1": 5.0,
          "w2": 5.0,
          "combined_weight": 10.0
        },
        {
          "t1": "NOVN",
          "t2": "EXPD",
          "corr": 0.1718,
          "w1": 5.0,
          "w2": 5.0,
          "combined_weight": 10.0
        },
        {
          "t1": "LOGN",
          "t2": "EXPD",
          "corr": 0.1455,
          "w1": 5.0,
          "w2": 5.0,
          "combined_weight": 10.0
        },
        {
          "t1": "VWCE.DE",
          "t2": "CF",
          "corr": 0.1402,
          "w1": 50.0,
          "w2": 5.0,
          "combined_weight": 55.0
        }
      ],
      "least_correlated": [
        {
          "t1": "CF",
          "t2": "IBGS.AS",
          "corr": 0.0347,
          "w1": 5.0,
          "w2": 5.0,
          "combined_weight": 10.0
        },
        {
          "t1": "LOGN",
          "t2": "CF",
          "corr": 0.0262,
          "w1": 5.0,
          "w2": 5.0,
          "combined_weight": 10.0
        },
        {
          "t1": "AGGH.AS",
          "t2": "IBCI.AS",
          "corr": 0.0183,
          "w1": 15.0,
          "w2": 5.0,
          "combined_weight": 20.0
        },
        {
          "t1": "AGGH.AS",
          "t2": "IBGS.AS",
          "corr": 0.0183,
          "w1": 15.0,
          "w2": 5.0,
          "combined_weight": 20.0
        },
        {
          "t1": "IBCI.AS",
          "t2": "IBGS.AS",
          "corr": 0.0183,
          "w1": 5.0,
          "w2": 5.0,
          "combined_weight": 10.0
        }
      ],
      "high_corr_high_weight": []
    },
    "Stable": {
      "n_assets": 9,
      "weighted_avg_correlation": 0.0894,
      "most_correlated": [
        {
          "t1": "BVI",
          "t2": "PUB",
          "corr": 0.3938,
          "w1": 2.5,
          "w2": 2.5,
          "combined_weight": 5.0
        },
        {
          "t1": "VWCE.DE",
          "t2": "SGLN.AS",
          "corr": 0.3795,
          "w1": 20.0,
          "w2": 10.0,
          "combined_weight": 30.0
        },
        {
          "t1": "VWCE.DE",
          "t2": "PUB",
          "corr": 0.3636,
          "w1": 20.0,
          "w2": 2.5,
          "combined_weight": 22.5
        },
        {
          "t1": "SGLN.AS",
          "t2": "PUB",
          "corr": 0.3636,
          "w1": 10.0,
          "w2": 2.5,
          "combined_weight": 12.5
        },
        {
          "t1": "VWCE.DE",
          "t2": "BVI",
          "corr": 0.343,
          "w1": 20.0,
          "w2": 2.5,
          "combined_weight": 22.5
        },
        {
          "t1": "SGLN.AS",
          "t2": "BVI",
          "corr": 0.343,
          "w1": 10.0,
          "w2": 2.5,
          "combined_weight": 12.5
        },
        {
          "t1": "VWCE.DE",
          "t2": "ADM",
          "corr": 0.209,
          "w1": 20.0,
          "w2": 2.5,
          "combined_weight": 22.5
        },
        {
          "t1": "SGLN.AS",
          "t2": "ADM",
          "corr": 0.209,
          "w1": 10.0,
          "w2": 2.5,
          "combined_weight": 12.5
        },
        {
          "t1": "VWCE.DE",
          "t2": "NTGY",
          "corr": 0.1417,
          "w1": 20.0,
          "w2": 2.5,
          "combined_weight": 22.5
        },
        {
          "t1": "SGLN.AS",
          "t2": "NTGY",
          "corr": 0.1417,
          "w1": 10.0,
          "w2": 2.5,
          "combined_weight": 12.5
        }
      ],
      "least_correlated": [
        {
          "t1": "IBCI.AS",
          "t2": "NTGY",
          "corr": 0.0311,
          "w1": 20.0,
          "w2": 2.5,
          "combined_weight": 22.5
        },
        {
          "t1": "IBGS.AS",
          "t2": "NTGY",
          "corr": 0.0311,
          "w1": 15.0,
          "w2": 2.5,
          "combined_weight": 17.5
        },
        {
          "t1": "AGGH.AS",
          "t2": "IBCI.AS",
          "corr": 0.0183,
          "w1": 25.0,
          "w2": 20.0,
          "combined_weight": 45.0
        },
        {
          "t1": "AGGH.AS",
          "t2": "IBGS.AS",
          "corr": 0.0183,
          "w1": 25.0,
          "w2": 15.0,
          "combined_weight": 40.0
        },
        {
          "t1": "IBCI.AS",
          "t2": "IBGS.AS",
          "corr": 0.0183,
          "w1": 20.0,
          "w2": 15.0,
          "combined_weight": 35.0
        }
      ],
      "high_corr_high_weight": []
    }
  },
  "all_pairs_top_30": [
    {
      "t1": "ADM",
      "t2": "CF",
      "corr_hybrid": 0.49,
      "corr_structured": null,
      "cat1": "Act",
      "cat2": "Act",
      "exp1": null,
      "exp2": null,
      "fam1": null,
      "fam2": null
    },
    {
      "t1": "BVI",
      "t2": "PUB",
      "corr_hybrid": 0.3938,
      "corr_structured": null,
      "cat1": "Act",
      "cat2": "Act",
      "exp1": null,
      "exp2": null,
      "fam1": null,
      "fam2": null
    },
    {
      "t1": "IWDA.AS",
      "t2": "SGLN.AS",
      "corr_hybrid": 0.3795,
      "corr_structured": null,
      "cat1": "ETF",
      "cat2": "ETF",
      "exp1": null,
      "exp2": null,
      "fam1": null,
      "fam2": null
    },
    {
      "t1": "IWDA.AS",
      "t2": "VWCE.DE",
      "corr_hybrid": 0.3795,
      "corr_structured": null,
      "cat1": "ETF",
      "cat2": "ETF",
      "exp1": null,
      "exp2": null,
      "fam1": null,
      "fam2": null
    },
    {
      "t1": "SGLN.AS",
      "t2": "VWCE.DE",
      "corr_hybrid": 0.3795,
      "corr_structured": null,
      "cat1": "ETF",
      "cat2": "ETF",
      "exp1": null,
      "exp2": null,
      "fam1": null,
      "fam2": null
    },
    {
      "t1": "IWDA.AS",
      "t2": "PUB",
      "corr_hybrid": 0.3636,
      "corr_structured": null,
      "cat1": "ETF",
      "cat2": "Act",
      "exp1": null,
      "exp2": null,
      "fam1": null,
      "fam2": null
    },
    {
      "t1": "PUB",
      "t2": "SGLN.AS",
      "corr_hybrid": 0.3636,
      "corr_structured": null,
      "cat1": "Act",
      "cat2": "ETF",
      "exp1": null,
      "exp2": null,
      "fam1": null,
      "fam2": null
    },
    {
      "t1": "PUB",
      "t2": "VWCE.DE",
      "corr_hybrid": 0.3636,
      "corr_structured": null,
      "cat1": "Act",
      "cat2": "ETF",
      "exp1": null,
      "exp2": null,
      "fam1": null,
      "fam2": null
    },
    {
      "t1": "BVI",
      "t2": "IWDA.AS",
      "corr_hybrid": 0.343,
      "corr_structured": null,
      "cat1": "Act",
      "cat2": "ETF",
      "exp1": null,
      "exp2": null,
      "fam1": null,
      "fam2": null
    },
    {
      "t1": "BVI",
      "t2": "SGLN.AS",
      "corr_hybrid": 0.343,
      "corr_structured": null,
      "cat1": "Act",
      "cat2": "ETF",
      "exp1": null,
      "exp2": null,
      "fam1": null,
      "fam2": null
    },
    {
      "t1": "BVI",
      "t2": "VWCE.DE",
      "corr_hybrid": 0.343,
      "corr_structured": null,
      "cat1": "Act",
      "cat2": "ETF",
      "exp1": null,
      "exp2": null,
      "fam1": null,
      "fam2": null
    },
    {
      "t1": "EXPD",
      "t2": "PUB",
      "corr_hybrid": 0.3404,
      "corr_structured": null,
      "cat1": "Act",
      "cat2": "Act",
      "exp1": null,
      "exp2": null,
      "fam1": null,
      "fam2": null
    },
    {
      "t1": "BVI",
      "t2": "EXPD",
      "corr_hybrid": 0.3383,
      "corr_structured": null,
      "cat1": "Act",
      "cat2": "Act",
      "exp1": null,
      "exp2": null,
      "fam1": null,
      "fam2": null
    },
    {
      "t1": "EXPD",
      "t2": "IWDA.AS",
      "corr_hybrid": 0.3122,
      "corr_structured": null,
      "cat1": "Act",
      "cat2": "ETF",
      "exp1": null,
      "exp2": null,
      "fam1": null,
      "fam2": null
    },
    {
      "t1": "EXPD",
      "t2": "SGLN.AS",
      "corr_hybrid": 0.3122,
      "corr_structured": null,
      "cat1": "Act",
      "cat2": "ETF",
      "exp1": null,
      "exp2": null,
      "fam1": null,
      "fam2": null
    },
    {
      "t1": "EXPD",
      "t2": "VWCE.DE",
      "corr_hybrid": 0.3122,
      "corr_structured": null,
      "cat1": "Act",
      "cat2": "ETF",
      "exp1": null,
      "exp2": null,
      "fam1": null,
      "fam2": null
    },
    {
      "t1": "BVI",
      "t2": "CBOE",
      "corr_hybrid": 0.2768,
      "corr_structured": null,
      "cat1": "Act",
      "cat2": "Act",
      "exp1": null,
      "exp2": null,
      "fam1": null,
      "fam2": null
    },
    {
      "t1": "CBOE",
      "t2": "PUB",
      "corr_hybrid": 0.27,
      "corr_structured": null,
      "cat1": "Act",
      "cat2": "Act",
      "exp1": null,
      "exp2": null,
      "fam1": null,
      "fam2": null
    },
    {
      "t1": "CBOE",
      "t2": "EXPD",
      "corr_hybrid": 0.2547,
      "corr_structured": null,
      "cat1": "Act",
      "cat2": "Act",
      "exp1": null,
      "exp2": null,
      "fam1": null,
      "fam2": null
    },
    {
      "t1": "CBOE",
      "t2": "IWDA.AS",
      "corr_hybrid": 0.238,
      "corr_structured": null,
      "cat1": "Act",
      "cat2": "ETF",
      "exp1": null,
      "exp2": null,
      "fam1": null,
      "fam2": null
    },
    {
      "t1": "CBOE",
      "t2": "SGLN.AS",
      "corr_hybrid": 0.238,
      "corr_structured": null,
      "cat1": "Act",
      "cat2": "ETF",
      "exp1": null,
      "exp2": null,
      "fam1": null,
      "fam2": null
    },
    {
      "t1": "CBOE",
      "t2": "VWCE.DE",
      "corr_hybrid": 0.238,
      "corr_structured": null,
      "cat1": "Act",
      "cat2": "ETF",
      "exp1": null,
      "exp2": null,
      "fam1": null,
      "fam2": null
    },
    {
      "t1": "ADM",
      "t2": "IWDA.AS",
      "corr_hybrid": 0.209,
      "corr_structured": null,
      "cat1": "Act",
      "cat2": "ETF",
      "exp1": null,
      "exp2": null,
      "fam1": null,
      "fam2": null
    },
    {
      "t1": "ADM",
      "t2": "SGLN.AS",
      "corr_hybrid": 0.209,
      "corr_structured": null,
      "cat1": "Act",
      "cat2": "ETF",
      "exp1": null,
      "exp2": null,
      "fam1": null,
      "fam2": null
    },
    {
      "t1": "ADM",
      "t2": "VWCE.DE",
      "corr_hybrid": 0.209,
      "corr_structured": null,
      "cat1": "Act",
      "cat2": "ETF",
      "exp1": null,
      "exp2": null,
      "fam1": null,
      "fam2": null
    },
    {
      "t1": "IWDA.AS",
      "t2": "LOGN",
      "corr_hybrid": 0.1976,
      "corr_structured": null,
      "cat1": "ETF",
      "cat2": "Act",
      "exp1": null,
      "exp2": null,
      "fam1": null,
      "fam2": null
    },
    {
      "t1": "LOGN",
      "t2": "SGLN.AS",
      "corr_hybrid": 0.1976,
      "corr_structured": null,
      "cat1": "Act",
      "cat2": "ETF",
      "exp1": null,
      "exp2": null,
      "fam1": null,
      "fam2": null
    },
    {
      "t1": "LOGN",
      "t2": "VWCE.DE",
      "corr_hybrid": 0.1976,
      "corr_structured": null,
      "cat1": "Act",
      "cat2": "ETF",
      "exp1": null,
      "exp2": null,
      "fam1": null,
      "fam2": null
    },
    {
      "t1": "ITX",
      "t2": "IWDA.AS",
      "corr_hybrid": 0.1958,
      "corr_structured": null,
      "cat1": "Act",
      "cat2": "ETF",
      "exp1": null,
      "exp2": null,
      "fam1": null,
      "fam2": null
    },
    {
      "t1": "ITX",
      "t2": "SGLN.AS",
      "corr_hybrid": 0.1958,
      "corr_structured": null,
      "cat1": "Act",
      "cat2": "ETF",
      "exp1": null,
      "exp2": null,
      "fam1": null,
      "fam2": null
    }
  ],
  "all_pairs_bottom_10": [
    {
      "t1": "IBGS.AS",
      "t2": "NTGY",
      "corr_hybrid": 0.0311,
      "corr_structured": null,
      "cat1": "Obl",
      "cat2": "Act",
      "exp1": null,
      "exp2": null,
      "fam1": null,
      "fam2": null
    },
    {
      "t1": "CF",
      "t2": "LOGN",
      "corr_hybrid": 0.0262,
      "corr_structured": null,
      "cat1": "Act",
      "cat2": "Act",
      "exp1": null,
      "exp2": null,
      "fam1": null,
      "fam2": null
    },
    {
      "t1": "CF",
      "t2": "NTGY",
      "corr_hybrid": 0.0184,
      "corr_structured": null,
      "cat1": "Act",
      "cat2": "Act",
      "exp1": null,
      "exp2": null,
      "fam1": null,
      "fam2": null
    },
    {
      "t1": "AGGH.AS",
      "t2": "IBCI.AS",
      "corr_hybrid": 0.0183,
      "corr_structured": null,
      "cat1": "Obl",
      "cat2": "Obl",
      "exp1": null,
      "exp2": null,
      "fam1": null,
      "fam2": null
    },
    {
      "t1": "AGGH.AS",
      "t2": "IBGS.AS",
      "corr_hybrid": 0.0183,
      "corr_structured": null,
      "cat1": "Obl",
      "cat2": "Obl",
      "exp1": null,
      "exp2": null,
      "fam1": null,
      "fam2": null
    },
    {
      "t1": "IBCI.AS",
      "t2": "IBGS.AS",
      "corr_hybrid": 0.0183,
      "corr_structured": null,
      "cat1": "Obl",
      "cat2": "Obl",
      "exp1": null,
      "exp2": null,
      "fam1": null,
      "fam2": null
    },
    {
      "t1": "ITX",
      "t2": "PUB",
      "corr_hybrid": 0.0149,
      "corr_structured": null,
      "cat1": "Act",
      "cat2": "Act",
      "exp1": null,
      "exp2": null,
      "fam1": null,
      "fam2": null
    },
    {
      "t1": "CF",
      "t2": "PUB",
      "corr_hybrid": -0.0103,
      "corr_structured": null,
      "cat1": "Act",
      "cat2": "Act",
      "exp1": null,
      "exp2": null,
      "fam1": null,
      "fam2": null
    },
    {
      "t1": "CF",
      "t2": "ITX",
      "corr_hybrid": 0.0051,
      "corr_structured": null,
      "cat1": "Act",
      "cat2": "Act",
      "exp1": null,
      "exp2": null,
      "fam1": null,
      "fam2": null
    },
    {
      "t1": "ITX",
      "t2": "NOVN",
      "corr_hybrid": -0.0028,
      "corr_structured": null,
      "cat1": "Act",
      "cat2": "Act",
      "exp1": null,
      "exp2": null,
      "fam1": null,
      "fam2": null
    }
  ],
  "correlation_matrix": {
    "tickers": [
      "ADM",
      "AGGH.AS",
      "BVI",
      "CBOE",
      "CF",
      "EXPD",
      "IBCI.AS",
      "IBGS.AS",
      "ITX",
      "IWDA.AS",
      "LOGN",
      "NOVN",
      "NTGY",
      "PUB",
      "SGLN.AS",
      "VWCE.DE"
    ],
    "matrix": [
      [
        1.0,
        0.0478,
        0.1231,
        0.1317,
        0.49,
        0.1573,
        0.0478,
        0.0478,
        0.1694,
        0.209,
        0.0948,
        0.105,
        0.0677,
        0.1152,
        0.209,
        0.209
      ],
      [
        0.0478,
        1.0,
        0.0746,
        0.0521,
        0.0347,
        0.0683,
        0.0183,
        0.0183,
        0.0442,
        0.0834,
        0.0433,
        0.0397,
        0.0311,
        0.079,
        0.0834,
        0.0834
      ],
      [
        0.1231,
        0.0746,
        1.0,
        0.2768,
        0.038,
        0.3383,
        0.0746,
        0.0746,
        -0.058,
        0.343,
        0.1642,
        0.1863,
        0.1182,
        0.3938,
        0.343,
        0.343
      ],
      [
        0.1317,
        0.0521,
        0.2768,
        1.0,
        0.146,
        0.2547,
        0.0521,
        0.0521,
        -0.1234,
        0.238,
        0.102,
        0.1417,
        0.0735,
        0.27,
        0.238,
        0.238
      ],
      [
        0.49,
        0.0347,
        0.038,
        0.146,
        1.0,
        0.1316,
        0.0347,
        0.0347,
        0.0051,
        0.1402,
        0.0262,
        0.1007,
        0.0184,
        -0.0103,
        0.1402,
        0.1402
      ],
      [
        0.1573,
        0.0683,
        0.3383,
        0.2547,
        0.1316,
        1.0,
        0.0683,
        0.0683,
        -0.0474,
        0.3122,
        0.1455,
        0.1718,
        0.1047,
        0.3404,
        0.3122,
        0.3122
      ],
      [
        0.0478,
        0.0183,
        0.0746,
        0.0521,
        0.0347,
        0.0683,
        1.0,
        0.0183,
        0.0442,
        0.0834,
        0.0433,
        0.0397,
        0.0311,
        0.079,
        0.0834,
        0.0834
      ],
      [
        0.0478,
        0.0183,
        0.0746,
        0.0521,
        0.0347,
        0.0683,
        0.0183,
        1.0,
        0.0442,
        0.0834,
        0.0433,
        0.0397,
        0.0311,
        0.079,
        0.0834,
        0.0834
      ],
      [
        0.1694,
        0.0442,
        -0.058,
        -0.1234,
        0.0051,
        -0.0474,
        0.0442,
        0.0442,
        1.0,
        0.1958,
        0.1734,
        -0.0028,
        0.1229,
        0.0149,
        0.1958,
        0.1958
      ],
      [
        0.209,
        0.0834,
        0.343,
        0.238,
        0.1402,
        0.3122,
        0.0834,
        0.0834,
        0.1958,
        1.0,
        0.1976,
        0.1809,
        0.1417,
        0.3636,
        0.3795,
        0.3795
      ],
      [
        0.0948,
        0.0433,
        0.1642,
        0.102,
        0.0262,
        0.1455,
        0.0433,
        0.0433,
        0.1734,
        0.1976,
        1.0,
        0.0851,
        0.0792,
        0.1824,
        0.1976,
        0.1976
      ],
      [
        0.105,
        0.0397,
        0.1863,
        0.1417,
        0.1007,
        0.1718,
        0.0397,
        0.0397,
        -0.0028,
        0.1809,
        0.0851,
        1.0,
        0.0612,
        0.1878,
        0.1809,
        0.1809
      ],
      [
        0.0677,
        0.0311,
        0.1182,
        0.0735,
        0.0184,
        0.1047,
        0.0311,
        0.0311,
        0.1229,
        0.1417,
        0.0792,
        0.0612,
        1.0,
        0.1312,
        0.1417,
        0.1417
      ],
      [
        0.1152,
        0.079,
        0.3938,
        0.27,
        -0.0103,
        0.3404,
        0.079,
        0.079,
        0.0149,
        0.3636,
        0.1824,
        0.1878,
        0.1312,
        1.0,
        0.3636,
        0.3636
      ],
      [
        0.209,
        0.0834,
        0.343,
        0.238,
        0.1402,
        0.3122,
        0.0834,
        0.0834,
        0.1958,
        0.3795,
        0.1976,
        0.1809,
        0.1417,
        0.3636,
        1.0,
        0.3795
      ],
      [
        0.209,
        0.0834,
        0.343,
        0.238,
        0.1402,
        0.3122,
        0.0834,
        0.0834,
        0.1958,
        0.3795,
        0.1976,
        0.1809,
        0.1417,
        0.3636,
        0.3795,
        1.0
      ]
    ]
  }
}