{
  "_meta": {
    "generated": "2026-05-06T16:30:34",
    "portfolio_generated": "2026-05-06T16:26:27.763620",
    "n_assets": 42,
    "n_with_returns": 30,
    "covariance_method": "hybrid_shrunk",
    "condition_number": 345.25,
    "pca_factors": 6
  },
  "profiles": {
    "Agressif": {
      "n_assets": 17,
      "weighted_avg_correlation": 0.2259,
      "most_correlated": [
        {
          "t1": "SOXX",
          "t2": "XLK",
          "corr": 0.7265,
          "w1": 6.4,
          "w2": 3.8,
          "combined_weight": 10.2
        },
        {
          "t1": "SOXX",
          "t2": "VRT",
          "corr": 0.7208,
          "w1": 6.4,
          "w2": 3.1,
          "combined_weight": 9.5
        },
        {
          "t1": "XCEM",
          "t2": "FLKR",
          "corr": 0.7078,
          "w1": 7.1,
          "w2": 3.1,
          "combined_weight": 10.3
        },
        {
          "t1": "XLK",
          "t2": "VRT",
          "corr": 0.6951,
          "w1": 3.8,
          "w2": 3.1,
          "combined_weight": 6.8
        },
        {
          "t1": "NVDA",
          "t2": "VRT",
          "corr": 0.6919,
          "w1": 6.2,
          "w2": 3.1,
          "combined_weight": 9.2
        },
        {
          "t1": "SOXX",
          "t2": "XCEM",
          "corr": 0.6918,
          "w1": 6.4,
          "w2": 7.1,
          "combined_weight": 13.6
        },
        {
          "t1": "SOXX",
          "t2": "FLKR",
          "corr": 0.6643,
          "w1": 6.4,
          "w2": 3.1,
          "combined_weight": 9.6
        },
        {
          "t1": "XLK",
          "t2": "XCEM",
          "corr": 0.661,
          "w1": 3.8,
          "w2": 7.1,
          "combined_weight": 10.9
        },
        {
          "t1": "CDE",
          "t2": "GLD",
          "corr": 0.6602,
          "w1": 4.2,
          "w2": 8.5,
          "combined_weight": 12.7
        },
        {
          "t1": "XLK",
          "t2": "FLKR",
          "corr": 0.6276,
          "w1": 3.8,
          "w2": 3.1,
          "combined_weight": 6.9
        }
      ],
      "least_correlated": [
        {
          "t1": "XLK",
          "t2": "CF",
          "corr": -0.2031,
          "w1": 3.8,
          "w2": 2.8,
          "combined_weight": 6.6
        },
        {
          "t1": "SOXX",
          "t2": "CF",
          "corr": -0.2033,
          "w1": 6.4,
          "w2": 2.8,
          "combined_weight": 9.2
        },
        {
          "t1": "CF",
          "t2": "XBI",
          "corr": -0.2411,
          "w1": 2.8,
          "w2": 3.2,
          "combined_weight": 6.0
        },
        {
          "t1": "FLKR",
          "t2": "CF",
          "corr": -0.3274,
          "w1": 3.1,
          "w2": 2.8,
          "combined_weight": 5.9
        },
        {
          "t1": "XCEM",
          "t2": "CF",
          "corr": -0.339,
          "w1": 7.1,
          "w2": 2.8,
          "combined_weight": 9.9
        }
      ],
      "high_corr_high_weight": [
        {
          "t1": "SOXX",
          "t2": "XLK",
          "corr": 0.7265,
          "w1": 6.4,
          "w2": 3.8,
          "combined_weight": 10.2
        },
        {
          "t1": "XCEM",
          "t2": "FLKR",
          "corr": 0.7078,
          "w1": 7.1,
          "w2": 3.1,
          "combined_weight": 10.3
        }
      ]
    },
    "Mod\u00e9r\u00e9": {
      "n_assets": 16,
      "weighted_avg_correlation": 0.1602,
      "most_correlated": [
        {
          "t1": "FNDF",
          "t2": "VSS",
          "corr": 0.663,
          "w1": 6.9,
          "w2": 9.0,
          "combined_weight": 15.9
        },
        {
          "t1": "CF",
          "t2": "EOG",
          "corr": 0.658,
          "w1": 7.3,
          "w2": 6.3,
          "combined_weight": 13.6
        },
        {
          "t1": "FNDF",
          "t2": "VIG",
          "corr": 0.5913,
          "w1": 6.9,
          "w2": 5.8,
          "combined_weight": 12.7
        },
        {
          "t1": "VIG",
          "t2": "VSS",
          "corr": 0.5817,
          "w1": 5.8,
          "w2": 9.0,
          "combined_weight": 14.8
        },
        {
          "t1": "5274",
          "t2": "EICHERMOT",
          "corr": 0.5319,
          "w1": 5.2,
          "w2": 2.4,
          "combined_weight": 7.7
        },
        {
          "t1": "SCHD",
          "t2": "FNDF",
          "corr": 0.453,
          "w1": 8.2,
          "w2": 6.9,
          "combined_weight": 15.1
        },
        {
          "t1": "FNDF",
          "t2": "XLV",
          "corr": 0.4415,
          "w1": 6.9,
          "w2": 3.1,
          "combined_weight": 10.0
        },
        {
          "t1": "SCHD",
          "t2": "VIG",
          "corr": 0.4409,
          "w1": 8.2,
          "w2": 5.8,
          "combined_weight": 14.0
        },
        {
          "t1": "SNA",
          "t2": "VIG",
          "corr": 0.4402,
          "w1": 7.4,
          "w2": 5.8,
          "combined_weight": 13.2
        },
        {
          "t1": "VIG",
          "t2": "XLV",
          "corr": 0.4319,
          "w1": 5.8,
          "w2": 3.1,
          "combined_weight": 8.8
        }
      ],
      "least_correlated": [
        {
          "t1": "CF",
          "t2": "GLD",
          "corr": -0.0421,
          "w1": 7.3,
          "w2": 7.1,
          "combined_weight": 14.5
        },
        {
          "t1": "CF",
          "t2": "VIG",
          "corr": -0.1499,
          "w1": 7.3,
          "w2": 5.8,
          "combined_weight": 13.1
        },
        {
          "t1": "CF",
          "t2": "XLV",
          "corr": -0.1652,
          "w1": 7.3,
          "w2": 3.1,
          "combined_weight": 10.4
        },
        {
          "t1": "CF",
          "t2": "FNDF",
          "corr": -0.2023,
          "w1": 7.3,
          "w2": 6.9,
          "combined_weight": 14.2
        },
        {
          "t1": "CF",
          "t2": "VSS",
          "corr": -0.2649,
          "w1": 7.3,
          "w2": 9.0,
          "combined_weight": 16.3
        }
      ],
      "high_corr_high_weight": []
    },
    "Stable": {
      "n_assets": 15,
      "weighted_avg_correlation": 0.1359,
      "most_correlated": [
        {
          "t1": "SUNPHARMA",
          "t2": "IG",
          "corr": 0.5644,
          "w1": 5.5,
          "w2": 4.5,
          "combined_weight": 9.9
        },
        {
          "t1": "ACWV",
          "t2": "SPYV",
          "corr": 0.4756,
          "w1": 4.8,
          "w2": 4.4,
          "combined_weight": 9.3
        },
        {
          "t1": "VICI",
          "t2": "IG",
          "corr": 0.4718,
          "w1": 5.3,
          "w2": 4.5,
          "combined_weight": 9.8
        },
        {
          "t1": "PG",
          "t2": "IG",
          "corr": 0.4644,
          "w1": 5.3,
          "w2": 4.5,
          "combined_weight": 9.8
        },
        {
          "t1": "VICI",
          "t2": "PG",
          "corr": 0.4572,
          "w1": 5.3,
          "w2": 5.3,
          "combined_weight": 10.7
        },
        {
          "t1": "SPYV",
          "t2": "XLV",
          "corr": 0.4458,
          "w1": 4.4,
          "w2": 5.0,
          "combined_weight": 9.4
        },
        {
          "t1": "ACWV",
          "t2": "XLV",
          "corr": 0.437,
          "w1": 4.8,
          "w2": 5.0,
          "combined_weight": 9.8
        },
        {
          "t1": "SPLV",
          "t2": "PG",
          "corr": 0.4361,
          "w1": 5.9,
          "w2": 5.3,
          "combined_weight": 11.2
        },
        {
          "t1": "VICI",
          "t2": "SUNPHARMA",
          "corr": 0.4242,
          "w1": 5.3,
          "w2": 5.5,
          "combined_weight": 10.8
        },
        {
          "t1": "ACWV",
          "t2": "PG",
          "corr": 0.4217,
          "w1": 4.8,
          "w2": 5.3,
          "combined_weight": 10.2
        }
      ],
      "least_correlated": [
        {
          "t1": "VGSH",
          "t2": "BSV",
          "corr": 0.0249,
          "w1": 10.6,
          "w2": 13.0,
          "combined_weight": 23.6
        },
        {
          "t1": "VGSH",
          "t2": "STIP",
          "corr": 0.0249,
          "w1": 10.6,
          "w2": 13.0,
          "combined_weight": 23.6
        },
        {
          "t1": "CLTL",
          "t2": "BSV",
          "corr": 0.0249,
          "w1": 7.9,
          "w2": 13.0,
          "combined_weight": 20.9
        },
        {
          "t1": "CLTL",
          "t2": "STIP",
          "corr": 0.0249,
          "w1": 7.9,
          "w2": 13.0,
          "combined_weight": 20.9
        },
        {
          "t1": "BSV",
          "t2": "STIP",
          "corr": 0.0249,
          "w1": 13.0,
          "w2": 13.0,
          "combined_weight": 26.0
        }
      ],
      "high_corr_high_weight": []
    }
  },
  "all_pairs_top_30": [
    {
      "t1": "SOXX",
      "t2": "XLK",
      "corr_hybrid": 0.7265,
      "corr_structured": 0.9,
      "cat1": "ETF",
      "cat2": "ETF",
      "exp1": "semiconductor",
      "exp2": "tech",
      "fam1": "sector_tech",
      "fam2": "sector_tech"
    },
    {
      "t1": "SOXX",
      "t2": "VRT",
      "corr_hybrid": 0.7208,
      "corr_structured": null,
      "cat1": "ETF",
      "cat2": "Act",
      "exp1": "semiconductor",
      "exp2": null,
      "fam1": "sector_tech",
      "fam2": null
    },
    {
      "t1": "FLKR",
      "t2": "XCEM",
      "corr_hybrid": 0.7078,
      "corr_structured": 0.9,
      "cat1": "ETF",
      "cat2": "ETF",
      "exp1": "south_korea",
      "exp2": "emerging_markets",
      "fam1": "em_equity",
      "fam2": "em_equity"
    },
    {
      "t1": "VSS",
      "t2": "XCEM",
      "corr_hybrid": 0.7055,
      "corr_structured": 0.2,
      "cat1": "ETF",
      "cat2": "ETF",
      "exp1": "intl_small_cap",
      "exp2": "emerging_markets",
      "fam1": null,
      "fam2": "em_equity"
    },
    {
      "t1": "VRT",
      "t2": "XLK",
      "corr_hybrid": 0.6951,
      "corr_structured": null,
      "cat1": "Act",
      "cat2": "ETF",
      "exp1": null,
      "exp2": "tech",
      "fam1": null,
      "fam2": "sector_tech"
    },
    {
      "t1": "NVDA",
      "t2": "VRT",
      "corr_hybrid": 0.6919,
      "corr_structured": null,
      "cat1": "Act",
      "cat2": "Act",
      "exp1": null,
      "exp2": null,
      "fam1": null,
      "fam2": null
    },
    {
      "t1": "SOXX",
      "t2": "XCEM",
      "corr_hybrid": 0.6918,
      "corr_structured": 0.2,
      "cat1": "ETF",
      "cat2": "ETF",
      "exp1": "semiconductor",
      "exp2": "emerging_markets",
      "fam1": "sector_tech",
      "fam2": "em_equity"
    },
    {
      "t1": "FNDF",
      "t2": "XCEM",
      "corr_hybrid": 0.6833,
      "corr_structured": 0.62,
      "cat1": "ETF",
      "cat2": "ETF",
      "exp1": "international",
      "exp2": "emerging_markets",
      "fam1": "intl_equity",
      "fam2": "em_equity"
    },
    {
      "t1": "FLKR",
      "t2": "SOXX",
      "corr_hybrid": 0.6643,
      "corr_structured": 0.2,
      "cat1": "ETF",
      "cat2": "ETF",
      "exp1": "south_korea",
      "exp2": "semiconductor",
      "fam1": "em_equity",
      "fam2": "sector_tech"
    },
    {
      "t1": "FNDF",
      "t2": "VSS",
      "corr_hybrid": 0.663,
      "corr_structured": 0.2,
      "cat1": "ETF",
      "cat2": "ETF",
      "exp1": "international",
      "exp2": "intl_small_cap",
      "fam1": "intl_equity",
      "fam2": null
    },
    {
      "t1": "XCEM",
      "t2": "XLK",
      "corr_hybrid": 0.661,
      "corr_structured": 0.2,
      "cat1": "ETF",
      "cat2": "ETF",
      "exp1": "emerging_markets",
      "exp2": "tech",
      "fam1": "em_equity",
      "fam2": "sector_tech"
    },
    {
      "t1": "CDE",
      "t2": "GLD",
      "corr_hybrid": 0.6602,
      "corr_structured": null,
      "cat1": "Act",
      "cat2": "ETF",
      "exp1": null,
      "exp2": "gold_physical",
      "fam1": null,
      "fam2": "gold"
    },
    {
      "t1": "CF",
      "t2": "EOG",
      "corr_hybrid": 0.658,
      "corr_structured": null,
      "cat1": "Act",
      "cat2": "Act",
      "exp1": null,
      "exp2": null,
      "fam1": null,
      "fam2": null
    },
    {
      "t1": "FLKR",
      "t2": "VSS",
      "corr_hybrid": 0.6371,
      "corr_structured": 0.2,
      "cat1": "ETF",
      "cat2": "ETF",
      "exp1": "south_korea",
      "exp2": "intl_small_cap",
      "fam1": "em_equity",
      "fam2": null
    },
    {
      "t1": "FLKR",
      "t2": "XLK",
      "corr_hybrid": 0.6276,
      "corr_structured": 0.2,
      "cat1": "ETF",
      "cat2": "ETF",
      "exp1": "south_korea",
      "exp2": "tech",
      "fam1": "em_equity",
      "fam2": "sector_tech"
    },
    {
      "t1": "FLKR",
      "t2": "FNDF",
      "corr_hybrid": 0.6212,
      "corr_structured": 0.62,
      "cat1": "ETF",
      "cat2": "ETF",
      "exp1": "south_korea",
      "exp2": "international",
      "fam1": "em_equity",
      "fam2": "intl_equity"
    },
    {
      "t1": "VIG",
      "t2": "XCEM",
      "corr_hybrid": 0.6005,
      "corr_structured": 0.2,
      "cat1": "ETF",
      "cat2": "ETF",
      "exp1": "dividend",
      "exp2": "emerging_markets",
      "fam1": "factor_dividend",
      "fam2": "em_equity"
    },
    {
      "t1": "SOXX",
      "t2": "VSS",
      "corr_hybrid": 0.5943,
      "corr_structured": 0.2,
      "cat1": "ETF",
      "cat2": "ETF",
      "exp1": "semiconductor",
      "exp2": "intl_small_cap",
      "fam1": "sector_tech",
      "fam2": null
    },
    {
      "t1": "FNDF",
      "t2": "VIG",
      "corr_hybrid": 0.5913,
      "corr_structured": 0.2,
      "cat1": "ETF",
      "cat2": "ETF",
      "exp1": "international",
      "exp2": "dividend",
      "fam1": "intl_equity",
      "fam2": "factor_dividend"
    },
    {
      "t1": "EOG",
      "t2": "SHEL",
      "corr_hybrid": 0.5835,
      "corr_structured": null,
      "cat1": "Act",
      "cat2": "Act",
      "exp1": null,
      "exp2": null,
      "fam1": null,
      "fam2": null
    },
    {
      "t1": "VIG",
      "t2": "VSS",
      "corr_hybrid": 0.5817,
      "corr_structured": 0.2,
      "cat1": "ETF",
      "cat2": "ETF",
      "exp1": "dividend",
      "exp2": "intl_small_cap",
      "fam1": "factor_dividend",
      "fam2": null
    },
    {
      "t1": "FNDF",
      "t2": "SPYV",
      "corr_hybrid": 0.579,
      "corr_structured": 0.2,
      "cat1": "ETF",
      "cat2": "ETF",
      "exp1": "international",
      "exp2": "sp500_value",
      "fam1": "intl_equity",
      "fam2": "factor_value"
    },
    {
      "t1": "FNDF",
      "t2": "SOXX",
      "corr_hybrid": 0.5768,
      "corr_structured": 0.2,
      "cat1": "ETF",
      "cat2": "ETF",
      "exp1": "international",
      "exp2": "semiconductor",
      "fam1": "intl_equity",
      "fam2": "sector_tech"
    },
    {
      "t1": "REMX",
      "t2": "XCEM",
      "corr_hybrid": 0.5749,
      "corr_structured": 0.2,
      "cat1": "ETF",
      "cat2": "ETF",
      "exp1": "rare_earth",
      "exp2": "emerging_markets",
      "fam1": null,
      "fam2": "em_equity"
    },
    {
      "t1": "VSS",
      "t2": "XLK",
      "corr_hybrid": 0.5735,
      "corr_structured": 0.2,
      "cat1": "ETF",
      "cat2": "ETF",
      "exp1": "intl_small_cap",
      "exp2": "tech",
      "fam1": null,
      "fam2": "sector_tech"
    },
    {
      "t1": "NVDA",
      "t2": "SOXX",
      "corr_hybrid": 0.5733,
      "corr_structured": null,
      "cat1": "Act",
      "cat2": "ETF",
      "exp1": null,
      "exp2": "semiconductor",
      "fam1": null,
      "fam2": "sector_tech"
    },
    {
      "t1": "REMX",
      "t2": "VSS",
      "corr_hybrid": 0.5731,
      "corr_structured": 0.2,
      "cat1": "ETF",
      "cat2": "ETF",
      "exp1": "rare_earth",
      "exp2": "intl_small_cap",
      "fam1": null,
      "fam2": null
    },
    {
      "t1": "NVDA",
      "t2": "XLK",
      "corr_hybrid": 0.568,
      "corr_structured": null,
      "cat1": "Act",
      "cat2": "ETF",
      "exp1": null,
      "exp2": "tech",
      "fam1": null,
      "fam2": "sector_tech"
    },
    {
      "t1": "000660",
      "t2": "IG",
      "corr_hybrid": 0.5644,
      "corr_structured": null,
      "cat1": "Act",
      "cat2": "Act",
      "exp1": null,
      "exp2": null,
      "fam1": null,
      "fam2": null
    },
    {
      "t1": "2059",
      "t2": "IG",
      "corr_hybrid": 0.5644,
      "corr_structured": null,
      "cat1": "Act",
      "cat2": "Act",
      "exp1": null,
      "exp2": null,
      "fam1": null,
      "fam2": null
    }
  ],
  "all_pairs_bottom_10": [
    {
      "t1": "SOXX",
      "t2": "VICI",
      "corr_hybrid": -0.0035,
      "corr_structured": null,
      "cat1": "ETF",
      "cat2": "Act",
      "exp1": "semiconductor",
      "exp2": null,
      "fam1": "sector_tech",
      "fam2": null
    },
    {
      "t1": "BSV",
      "t2": "CF",
      "corr_hybrid": -0.0029,
      "corr_structured": null,
      "cat1": "Obl",
      "cat2": "Act",
      "exp1": "bonds_short",
      "exp2": null,
      "fam1": "bonds_short",
      "fam2": null
    },
    {
      "t1": "CF",
      "t2": "CLTL",
      "corr_hybrid": -0.0029,
      "corr_structured": null,
      "cat1": "Act",
      "cat2": "Obl",
      "exp1": null,
      "exp2": "bonds_tbill",
      "fam1": null,
      "fam2": "bonds_short"
    },
    {
      "t1": "CF",
      "t2": "FLRN",
      "corr_hybrid": -0.0029,
      "corr_structured": null,
      "cat1": "Act",
      "cat2": "Obl",
      "exp1": null,
      "exp2": null,
      "fam1": null,
      "fam2": null
    },
    {
      "t1": "CF",
      "t2": "FLTR",
      "corr_hybrid": -0.0029,
      "corr_structured": null,
      "cat1": "Act",
      "cat2": "Obl",
      "exp1": null,
      "exp2": null,
      "fam1": null,
      "fam2": null
    },
    {
      "t1": "CF",
      "t2": "GBIL",
      "corr_hybrid": -0.0029,
      "corr_structured": null,
      "cat1": "Act",
      "cat2": "Obl",
      "exp1": null,
      "exp2": "bonds_tbill",
      "fam1": null,
      "fam2": "bonds_short"
    },
    {
      "t1": "CF",
      "t2": "STIP",
      "corr_hybrid": -0.0029,
      "corr_structured": null,
      "cat1": "Act",
      "cat2": "Obl",
      "exp1": null,
      "exp2": "bonds_tips",
      "fam1": null,
      "fam2": "bonds_gov"
    },
    {
      "t1": "CF",
      "t2": "VGSH",
      "corr_hybrid": -0.0029,
      "corr_structured": null,
      "cat1": "Act",
      "cat2": "Obl",
      "exp1": null,
      "exp2": "bonds_short_treasury",
      "fam1": null,
      "fam2": "bonds_short"
    },
    {
      "t1": "ITX",
      "t2": "VRT",
      "corr_hybrid": 0.0019,
      "corr_structured": null,
      "cat1": "Act",
      "cat2": "Act",
      "exp1": null,
      "exp2": null,
      "fam1": null,
      "fam2": null
    },
    {
      "t1": "EOG",
      "t2": "SOXX",
      "corr_hybrid": -0.0018,
      "corr_structured": null,
      "cat1": "Act",
      "cat2": "ETF",
      "exp1": null,
      "exp2": "semiconductor",
      "fam1": null,
      "fam2": "sector_tech"
    }
  ],
  "correlation_matrix": {
    "tickers": [
      "000660",
      "2059",
      "5274",
      "ACWV",
      "BKR",
      "BSV",
      "CDE",
      "CF",
      "CLTL",
      "EICHERMOT",
      "EOG",
      "FLKR",
      "FLRN",
      "FLTR",
      "FNDF",
      "GBIL",
      "GD",
      "GLD",
      "IG",
      "ITX",
      "LI",
      "NVDA",
      "OIH",
      "PG",
      "REMX",
      "SCHD",
      "SHEL",
      "SNA",
      "SOXX",
      "SPLV",
      "SPYV",
      "STIP",
      "SUNPHARMA",
      "VGSH",
      "VICI",
      "VIG",
      "VRT",
      "VSS",
      "XBI",
      "XCEM",
      "XLK",
      "XLV"
    ],
    "matrix": [
      [
        1.0,
        0.5319,
        0.5319,
        0.323,
        0.3008,
        0.0701,
        0.1391,
        0.2393,
        0.0701,
        0.5319,
        0.3248,
        0.1109,
        0.0701,
        0.0701,
        0.2497,
        0.0701,
        0.3901,
        0.1039,
        0.5644,
        0.2858,
        0.2848,
        0.2263,
        0.1982,
        0.3826,
        0.0611,
        0.3207,
        0.3576,
        0.3909,
        0.1278,
        0.3056,
        0.3143,
        0.0701,
        0.5319,
        0.0701,
        0.4242,
        0.3063,
        0.1763,
        0.2393,
        0.17,
        0.1807,
        0.1703,
        0.2439
      ],
      [
        0.5319,
        1.0,
        0.5319,
        0.323,
        0.3008,
        0.0701,
        0.1391,
        0.2393,
        0.0701,
        0.5319,
        0.3248,
        0.1109,
        0.0701,
        0.0701,
        0.2497,
        0.0701,
        0.3901,
        0.1039,
        0.5644,
        0.2858,
        0.2848,
        0.2263,
        0.1982,
        0.3826,
        0.0611,
        0.3207,
        0.3576,
        0.3909,
        0.1278,
        0.3056,
        0.3143,
        0.0701,
        0.5319,
        0.0701,
        0.4242,
        0.3063,
        0.1763,
        0.2393,
        0.17,
        0.1807,
        0.1703,
        0.2439
      ],
      [
        0.5319,
        0.5319,
        1.0,
        0.323,
        0.3008,
        0.0701,
        0.1391,
        0.2393,
        0.0701,
        0.5319,
        0.3248,
        0.1109,
        0.0701,
        0.0701,
        0.2497,
        0.0701,
        0.3901,
        0.1039,
        0.5644,
        0.2858,
        0.2848,
        0.2263,
        0.1982,
        0.3826,
        0.0611,
        0.3207,
        0.3576,
        0.3909,
        0.1278,
        0.3056,
        0.3143,
        0.0701,
        0.5319,
        0.0701,
        0.4242,
        0.3063,
        0.1763,
        0.2393,
        0.17,
        0.1807,
        0.1703,
        0.2439
      ],
      [
        0.323,
        0.323,
        0.323,
        1.0,
        0.2381,
        0.101,
        0.1631,
        -0.1371,
        0.101,
        0.323,
        0.0724,
        0.3564,
        0.101,
        0.101,
        0.4712,
        0.101,
        0.3332,
        0.1608,
        0.3076,
        0.1074,
        0.3074,
        0.1399,
        0.2093,
        0.4217,
        0.2999,
        0.4329,
        0.1598,
        0.413,
        0.2489,
        0.4194,
        0.4756,
        0.101,
        0.323,
        0.101,
        0.3731,
        0.4621,
        0.0473,
        0.4572,
        0.3606,
        0.4272,
        0.2603,
        0.437
      ],
      [
        0.3008,
        0.3008,
        0.3008,
        0.2381,
        1.0,
        0.0822,
        0.1134,
        0.308,
        0.0822,
        0.3008,
        0.4547,
        0.2983,
        0.0822,
        0.0822,
        0.3662,
        0.0822,
        0.3162,
        0.1401,
        0.1852,
        0.1503,
        0.091,
        0.2223,
        0.5518,
        0.0604,
        0.3678,
        0.3857,
        0.4731,
        0.2482,
        0.3328,
        0.168,
        0.3563,
        0.0822,
        0.3008,
        0.0822,
        0.1846,
        0.3339,
        0.2511,
        0.3257,
        0.1884,
        0.3188,
        0.3122,
        0.2117
      ],
      [
        0.0701,
        0.0701,
        0.0701,
        0.101,
        0.0822,
        1.0,
        0.0143,
        -0.0029,
        0.0249,
        0.0701,
        0.0497,
        0.0875,
        0.0249,
        0.0249,
        0.1101,
        0.0249,
        0.0788,
        0.0257,
        0.0543,
        0.0261,
        0.0503,
        0.0371,
        0.0855,
        0.0714,
        0.0805,
        0.1086,
        0.0628,
        0.0864,
        0.0688,
        0.0853,
        0.1111,
        0.0249,
        0.0701,
        0.0249,
        0.0724,
        0.1056,
        0.0209,
        0.1013,
        0.0761,
        0.0987,
        0.0678,
        0.0949
      ],
      [
        0.1391,
        0.1391,
        0.1391,
        0.1631,
        0.1134,
        0.0143,
        1.0,
        -0.0653,
        0.0143,
        0.1391,
        -0.0829,
        0.2985,
        0.0143,
        0.0143,
        0.3499,
        0.0143,
        0.1364,
        0.6602,
        0.1491,
        0.04,
        0.2839,
        0.1662,
        0.1208,
        0.0994,
        0.4983,
        0.0742,
        0.1031,
        0.1548,
        0.3207,
        0.0593,
        0.1994,
        0.0143,
        0.1391,
        0.0143,
        0.123,
        0.2398,
        0.2819,
        0.4554,
        0.2509,
        0.3808,
        0.3099,
        0.0692
      ],
      [
        0.2393,
        0.2393,
        0.2393,
        -0.1371,
        0.308,
        -0.0029,
        -0.0653,
        1.0,
        -0.0029,
        0.2393,
        0.658,
        -0.3274,
        -0.0029,
        -0.0029,
        -0.2023,
        -0.0029,
        0.1711,
        -0.0421,
        0.1873,
        -0.0306,
        -0.0164,
        -0.115,
        0.3427,
        -0.1073,
        -0.085,
        0.1092,
        0.5343,
        -0.0067,
        -0.2033,
        -0.0473,
        -0.0975,
        -0.0029,
        0.2393,
        -0.0029,
        0.0816,
        -0.1499,
        -0.0546,
        -0.2649,
        -0.2411,
        -0.339,
        -0.2031,
        -0.1652
      ],
      [
        0.0701,
        0.0701,
        0.0701,
        0.101,
        0.0822,
        0.0249,
        0.0143,
        -0.0029,
        1.0,
        0.0701,
        0.0497,
        0.0875,
        0.0249,
        0.0249,
        0.1101,
        0.0249,
        0.0788,
        0.0257,
        0.0543,
        0.0261,
        0.0503,
        0.0371,
        0.0855,
        0.0714,
        0.0805,
        0.1086,
        0.0628,
        0.0864,
        0.0688,
        0.0853,
        0.1111,
        0.0249,
        0.0701,
        0.0249,
        0.0724,
        0.1056,
        0.0209,
        0.1013,
        0.0761,
        0.0987,
        0.0678,
        0.0949
      ],
      [
        0.5319,
        0.5319,
        0.5319,
        0.323,
        0.3008,
        0.0701,
        0.1391,
        0.2393,
        0.0701,
        1.0,
        0.3248,
        0.1109,
        0.0701,
        0.0701,
        0.2497,
        0.0701,
        0.3901,
        0.1039,
        0.5644,
        0.2858,
        0.2848,
        0.2263,
        0.1982,
        0.3826,
        0.0611,
        0.3207,
        0.3576,
        0.3909,
        0.1278,
        0.3056,
        0.3143,
        0.0701,
        0.5319,
        0.0701,
        0.4242,
        0.3063,
        0.1763,
        0.2393,
        0.17,
        0.1807,
        0.1703,
        0.2439
      ],
      [
        0.3248,
        0.3248,
        0.3248,
        0.0724,
        0.4547,
        0.0497,
        -0.0829,
        0.658,
        0.0497,
        0.3248,
        1.0,
        -0.0698,
        0.0497,
        0.0497,
        0.0587,
        0.0497,
        0.296,
        -0.0121,
        0.2346,
        0.082,
        0.0185,
        0.0067,
        0.4981,
        0.0125,
        0.1026,
        0.3066,
        0.5835,
        0.1432,
        -0.0018,
        0.1073,
        0.1408,
        0.0497,
        0.3248,
        0.0497,
        0.1846,
        0.0862,
        0.0228,
        -0.0153,
        -0.0553,
        -0.0677,
        -0.0073,
        0.0449
      ],
      [
        0.1109,
        0.1109,
        0.1109,
        0.3564,
        0.2983,
        0.0875,
        0.2985,
        -0.3274,
        0.0875,
        0.1109,
        -0.0698,
        1.0,
        0.0875,
        0.0875,
        0.6212,
        0.0875,
        0.1718,
        0.2471,
        0.0098,
        0.0504,
        0.2344,
        0.4306,
        0.3507,
        0.0917,
        0.5388,
        0.3196,
        0.0776,
        0.3026,
        0.6643,
        0.1703,
        0.5013,
        0.0875,
        0.1109,
        0.0875,
        0.0806,
        0.5368,
        0.4845,
        0.6371,
        0.4527,
        0.7078,
        0.6276,
        0.3537
      ],
      [
        0.0701,
        0.0701,
        0.0701,
        0.101,
        0.0822,
        0.0249,
        0.0143,
        -0.0029,
        0.0249,
        0.0701,
        0.0497,
        0.0875,
        1.0,
        0.0249,
        0.1101,
        0.0249,
        0.0788,
        0.0257,
        0.0543,
        0.0261,
        0.0503,
        0.0371,
        0.0855,
        0.0714,
        0.0805,
        0.1086,
        0.0628,
        0.0864,
        0.0688,
        0.0853,
        0.1111,
        0.0249,
        0.0701,
        0.0249,
        0.0724,
        0.1056,
        0.0209,
        0.1013,
        0.0761,
        0.0987,
        0.0678,
        0.0949
      ],
      [
        0.0701,
        0.0701,
        0.0701,
        0.101,
        0.0822,
        0.0249,
        0.0143,
        -0.0029,
        0.0249,
        0.0701,
        0.0497,
        0.0875,
        0.0249,
        1.0,
        0.1101,
        0.0249,
        0.0788,
        0.0257,
        0.0543,
        0.0261,
        0.0503,
        0.0371,
        0.0855,
        0.0714,
        0.0805,
        0.1086,
        0.0628,
        0.0864,
        0.0688,
        0.0853,
        0.1111,
        0.0249,
        0.0701,
        0.0249,
        0.0724,
        0.1056,
        0.0209,
        0.1013,
        0.0761,
        0.0987,
        0.0678,
        0.0949
      ],
      [
        0.2497,
        0.2497,
        0.2497,
        0.4712,
        0.3662,
        0.1101,
        0.3499,
        -0.2023,
        0.1101,
        0.2497,
        0.0587,
        0.6212,
        0.1101,
        0.1101,
        1.0,
        0.1101,
        0.3016,
        0.2948,
        0.1596,
        0.0584,
        0.3253,
        0.3449,
        0.4042,
        0.2483,
        0.5595,
        0.453,
        0.2003,
        0.4098,
        0.5768,
        0.3168,
        0.579,
        0.1101,
        0.2497,
        0.1101,
        0.2416,
        0.5913,
        0.3553,
        0.663,
        0.4771,
        0.6833,
        0.5522,
        0.4415
      ],
      [
        0.0701,
        0.0701,
        0.0701,
        0.101,
        0.0822,
        0.0249,
        0.0143,
        -0.0029,
        0.0249,
        0.0701,
        0.0497,
        0.0875,
        0.0249,
        0.0249,
        0.1101,
        1.0,
        0.0788,
        0.0257,
        0.0543,
        0.0261,
        0.0503,
        0.0371,
        0.0855,
        0.0714,
        0.0805,
        0.1086,
        0.0628,
        0.0864,
        0.0688,
        0.0853,
        0.1111,
        0.0249,
        0.0701,
        0.0249,
        0.0724,
        0.1056,
        0.0209,
        0.1013,
        0.0761,
        0.0987,
        0.0678,
        0.0949
      ],
      [
        0.3901,
        0.3901,
        0.3901,
        0.3332,
        0.3162,
        0.0788,
        0.1364,
        0.1711,
        0.0788,
        0.3901,
        0.296,
        0.1718,
        0.0788,
        0.0788,
        0.3016,
        0.0788,
        1.0,
        0.1377,
        0.3754,
        0.2198,
        0.1831,
        0.1124,
        0.2795,
        0.3167,
        0.1996,
        0.3624,
        0.33,
        0.3224,
        0.1286,
        0.3122,
        0.3335,
        0.0788,
        0.3901,
        0.0788,
        0.3534,
        0.3097,
        0.047,
        0.2816,
        0.1925,
        0.227,
        0.148,
        0.2752
      ],
      [
        0.1039,
        0.1039,
        0.1039,
        0.1608,
        0.1401,
        0.0257,
        0.6602,
        -0.0421,
        0.0257,
        0.1039,
        -0.0121,
        0.2471,
        0.0257,
        0.0257,
        0.2948,
        0.0257,
        0.1377,
        1.0,
        0.0909,
        0.0861,
        0.1395,
        0.0857,
        0.1608,
        0.0886,
        0.4129,
        0.118,
        0.1151,
        0.1159,
        0.226,
        0.0884,
        0.1852,
        0.0257,
        0.1039,
        0.0257,
        0.1123,
        0.2014,
        0.1371,
        0.3591,
        0.1966,
        0.3024,
        0.2151,
        0.0964
      ],
      [
        0.5644,
        0.5644,
        0.5644,
        0.3076,
        0.1852,
        0.0543,
        0.1491,
        0.1873,
        0.0543,
        0.5644,
        0.2346,
        0.0098,
        0.0543,
        0.0543,
        0.1596,
        0.0543,
        0.3754,
        0.0909,
        1.0,
        0.3535,
        0.2944,
        0.1945,
        0.0259,
        0.4644,
        -0.0721,
        0.2408,
        0.2701,
        0.3847,
        0.013,
        0.3164,
        0.242,
        0.0543,
        0.5644,
        0.0543,
        0.4718,
        0.2408,
        0.1131,
        0.168,
        0.128,
        0.0907,
        0.0786,
        0.2124
      ],
      [
        0.2858,
        0.2858,
        0.2858,
        0.1074,
        0.1503,
        0.0261,
        0.04,
        -0.0306,
        0.0261,
        0.2858,
        0.082,
        0.0504,
        0.0261,
        0.0261,
        0.0584,
        0.0261,
        0.2198,
        0.0861,
        0.3535,
        1.0,
        -0.3232,
        0.141,
        0.0231,
        0.1996,
        -0.0072,
        0.0207,
        0.1115,
        0.0344,
        -0.0304,
        0.1023,
        0.0342,
        0.0261,
        0.2858,
        0.0261,
        0.2297,
        0.0391,
        0.0019,
        0.1027,
        -0.005,
        0.0679,
        0.0248,
        0.0427
      ],
      [
        0.2848,
        0.2848,
        0.2848,
        0.3074,
        0.091,
        0.0503,
        0.2839,
        -0.0164,
        0.0503,
        0.2848,
        0.0185,
        0.2344,
        0.0503,
        0.0503,
        0.3253,
        0.0503,
        0.1831,
        0.1395,
        0.2944,
        -0.3232,
        1.0,
        0.2435,
        0.0594,
        0.2869,
        0.1378,
        0.2634,
        0.1032,
        0.4172,
        0.3037,
        0.2391,
        0.3558,
        0.0503,
        0.2848,
        0.0503,
        0.2441,
        0.377,
        0.315,
        0.3215,
        0.3013,
        0.311,
        0.3058,
        0.2707
      ],
      [
        0.2263,
        0.2263,
        0.2263,
        0.1399,
        0.2223,
        0.0371,
        0.1662,
        -0.115,
        0.0371,
        0.2263,
        0.0067,
        0.4306,
        0.0371,
        0.0371,
        0.3449,
        0.0371,
        0.1124,
        0.0857,
        0.1945,
        0.141,
        0.2435,
        1.0,
        0.1844,
        0.008,
        0.1857,
        0.0967,
        0.1017,
        0.2463,
        0.5733,
        -0.0156,
        0.2852,
        0.0371,
        0.2263,
        0.0371,
        0.0413,
        0.3476,
        0.6919,
        0.3709,
        0.2583,
        0.455,
        0.568,
        0.126
      ],
      [
        0.1982,
        0.1982,
        0.1982,
        0.2093,
        0.5518,
        0.0855,
        0.1208,
        0.3427,
        0.0855,
        0.1982,
        0.4981,
        0.3507,
        0.0855,
        0.0855,
        0.4042,
        0.0855,
        0.2795,
        0.1608,
        0.0259,
        0.0231,
        0.0594,
        0.1844,
        1.0,
        -0.0551,
        0.4852,
        0.4178,
        0.5098,
        0.1999,
        0.3898,
        0.1262,
        0.3717,
        0.0855,
        0.1982,
        0.0855,
        0.0938,
        0.3407,
        0.2481,
        0.3492,
        0.197,
        0.3555,
        0.3427,
        0.204
      ],
      [
        0.3826,
        0.3826,
        0.3826,
        0.4217,
        0.0604,
        0.0714,
        0.0994,
        -0.1073,
        0.0714,
        0.3826,
        0.0125,
        0.0917,
        0.0714,
        0.0714,
        0.2483,
        0.0714,
        0.3167,
        0.0886,
        0.4644,
        0.1996,
        0.2869,
        0.008,
        -0.0551,
        1.0,
        0.0242,
        0.3071,
        0.0694,
        0.3756,
        -0.0391,
        0.4361,
        0.3107,
        0.0714,
        0.3826,
        0.0714,
        0.4572,
        0.2932,
        -0.1482,
        0.2482,
        0.2254,
        0.1734,
        0.0119,
        0.3538
      ],
      [
        0.0611,
        0.0611,
        0.0611,
        0.2999,
        0.3678,
        0.0805,
        0.4983,
        -0.085,
        0.0805,
        0.0611,
        0.1026,
        0.5388,
        0.0805,
        0.0805,
        0.5595,
        0.0805,
        0.1996,
        0.4129,
        -0.0721,
        -0.0072,
        0.1378,
        0.1857,
        0.4852,
        0.0242,
        1.0,
        0.3521,
        0.2303,
        0.2027,
        0.4982,
        0.1624,
        0.4266,
        0.0805,
        0.0611,
        0.0805,
        0.0728,
        0.4276,
        0.2462,
        0.5731,
        0.3604,
        0.5749,
        0.4465,
        0.2789
      ],
      [
        0.3207,
        0.3207,
        0.3207,
        0.4329,
        0.3857,
        0.1086,
        0.0742,
        0.1092,
        0.1086,
        0.3207,
        0.3066,
        0.3196,
        0.1086,
        0.1086,
        0.453,
        0.1086,
        0.3624,
        0.118,
        0.2408,
        0.0207,
        0.2634,
        0.0967,
        0.4178,
        0.3071,
        0.3521,
        1.0,
        0.3453,
        0.385,
        0.2481,
        0.3849,
        0.4778,
        0.1086,
        0.3207,
        0.1086,
        0.3306,
        0.4409,
        0.0373,
        0.401,
        0.3047,
        0.3705,
        0.2394,
        0.4039
      ],
      [
        0.3576,
        0.3576,
        0.3576,
        0.1598,
        0.4731,
        0.0628,
        0.1031,
        0.5343,
        0.0628,
        0.3576,
        0.5835,
        0.0776,
        0.0628,
        0.0628,
        0.2003,
        0.0628,
        0.33,
        0.1151,
        0.2701,
        0.1115,
        0.1032,
        0.1017,
        0.5098,
        0.0694,
        0.2303,
        0.3453,
        1.0,
        0.2162,
        0.1373,
        0.1507,
        0.2411,
        0.0628,
        0.3576,
        0.0628,
        0.2227,
        0.2028,
        0.1311,
        0.1509,
        0.0593,
        0.1005,
        0.13,
        0.1171
      ],
      [
        0.3909,
        0.3909,
        0.3909,
        0.413,
        0.2482,
        0.0864,
        0.1548,
        -0.0067,
        0.0864,
        0.3909,
        0.1432,
        0.3026,
        0.0864,
        0.0864,
        0.4098,
        0.0864,
        0.3224,
        0.1159,
        0.3847,
        0.0344,
        0.4172,
        0.2463,
        0.1999,
        0.3756,
        0.2027,
        0.385,
        0.2162,
        1.0,
        0.2896,
        0.3478,
        0.44,
        0.0864,
        0.3909,
        0.0864,
        0.3563,
        0.4402,
        0.2169,
        0.3931,
        0.321,
        0.3741,
        0.3046,
        0.366
      ],
      [
        0.1278,
        0.1278,
        0.1278,
        0.2489,
        0.3328,
        0.0688,
        0.3207,
        -0.2033,
        0.0688,
        0.1278,
        -0.0018,
        0.6643,
        0.0688,
        0.0688,
        0.5768,
        0.0688,
        0.1286,
        0.226,
        0.013,
        -0.0304,
        0.3037,
        0.5733,
        0.3898,
        -0.0391,
        0.4982,
        0.2481,
        0.1373,
        0.2896,
        1.0,
        0.0392,
        0.4569,
        0.0688,
        0.1278,
        0.0688,
        -0.0035,
        0.5121,
        0.7208,
        0.5943,
        0.4145,
        0.6918,
        0.7265,
        0.2514
      ],
      [
        0.3056,
        0.3056,
        0.3056,
        0.4194,
        0.168,
        0.0853,
        0.0593,
        -0.0473,
        0.0853,
        0.3056,
        0.1073,
        0.1703,
        0.0853,
        0.0853,
        0.3168,
        0.0853,
        0.3122,
        0.0884,
        0.3164,
        0.1023,
        0.2391,
        -0.0156,
        0.1262,
        0.4361,
        0.1624,
        0.3849,
