{
  "_meta": {
    "generated": "2026-04-13T09:30:47",
    "portfolio_generated": "2026-04-13T09:26:59.534527",
    "n_assets": 42,
    "n_with_returns": 33,
    "covariance_method": "hybrid_shrunk",
    "condition_number": 429.27,
    "pca_factors": 5
  },
  "profiles": {
    "Agressif": {
      "n_assets": 16,
      "weighted_avg_correlation": 0.2427,
      "most_correlated": [
        {
          "t1": "SOXX",
          "t2": "MU",
          "corr": 0.8032,
          "w1": 8.0,
          "w2": 2.7,
          "combined_weight": 10.7
        },
        {
          "t1": "SILJ",
          "t2": "GLD",
          "corr": 0.8012,
          "w1": 9.1,
          "w2": 7.8,
          "combined_weight": 16.9
        },
        {
          "t1": "SOXX",
          "t2": "ASML",
          "corr": 0.724,
          "w1": 8.0,
          "w2": 2.7,
          "combined_weight": 10.7
        },
        {
          "t1": "VRT",
          "t2": "SOXX",
          "corr": 0.7212,
          "w1": 5.1,
          "w2": 8.0,
          "combined_weight": 13.1
        },
        {
          "t1": "VRT",
          "t2": "NVDA",
          "corr": 0.6918,
          "w1": 5.1,
          "w2": 2.9,
          "combined_weight": 8.0
        },
        {
          "t1": "SILJ",
          "t2": "PICK",
          "corr": 0.6789,
          "w1": 9.1,
          "w2": 9.5,
          "combined_weight": 18.6
        },
        {
          "t1": "ASML",
          "t2": "MU",
          "corr": 0.6724,
          "w1": 2.7,
          "w2": 2.7,
          "combined_weight": 5.3
        },
        {
          "t1": "FLKR",
          "t2": "SOXX",
          "corr": 0.6469,
          "w1": 6.5,
          "w2": 8.0,
          "combined_weight": 14.5
        },
        {
          "t1": "SOXX",
          "t2": "NVDA",
          "corr": 0.6429,
          "w1": 8.0,
          "w2": 2.9,
          "combined_weight": 10.9
        },
        {
          "t1": "VRT",
          "t2": "ASML",
          "corr": 0.6374,
          "w1": 5.1,
          "w2": 2.7,
          "combined_weight": 7.7
        }
      ],
      "least_correlated": [
        {
          "t1": "VRT",
          "t2": "PAAA",
          "corr": 0.0197,
          "w1": 5.1,
          "w2": 8.9,
          "combined_weight": 14.0
        },
        {
          "t1": "INCY",
          "t2": "GLD",
          "corr": -0.0015,
          "w1": 8.3,
          "w2": 7.8,
          "combined_weight": 16.1
        },
        {
          "t1": "SILJ",
          "t2": "XLE",
          "corr": -0.0133,
          "w1": 9.1,
          "w2": 2.5,
          "combined_weight": 11.6
        },
        {
          "t1": "XLE",
          "t2": "GLD",
          "corr": -0.031,
          "w1": 2.5,
          "w2": 7.8,
          "combined_weight": 10.3
        },
        {
          "t1": "NVDA",
          "t2": "GLD",
          "corr": -0.0321,
          "w1": 2.9,
          "w2": 7.8,
          "combined_weight": 10.7
        }
      ],
      "high_corr_high_weight": [
        {
          "t1": "SOXX",
          "t2": "MU",
          "corr": 0.8032,
          "w1": 8.0,
          "w2": 2.7,
          "combined_weight": 10.7
        },
        {
          "t1": "SILJ",
          "t2": "GLD",
          "corr": 0.8012,
          "w1": 9.1,
          "w2": 7.8,
          "combined_weight": 16.9
        },
        {
          "t1": "SOXX",
          "t2": "ASML",
          "corr": 0.724,
          "w1": 8.0,
          "w2": 2.7,
          "combined_weight": 10.7
        },
        {
          "t1": "VRT",
          "t2": "SOXX",
          "corr": 0.7212,
          "w1": 5.1,
          "w2": 8.0,
          "combined_weight": 13.1
        }
      ]
    },
    "Mod\u00e9r\u00e9": {
      "n_assets": 15,
      "weighted_avg_correlation": 0.1806,
      "most_correlated": [
        {
          "t1": "SCHY",
          "t2": "VSS",
          "corr": 0.5304,
          "w1": 9.0,
          "w2": 9.0,
          "combined_weight": 18.0
        },
        {
          "t1": "SCHD",
          "t2": "GCOW",
          "corr": 0.5279,
          "w1": 9.0,
          "w2": 6.6,
          "combined_weight": 15.6
        },
        {
          "t1": "SCHY",
          "t2": "GCOW",
          "corr": 0.5099,
          "w1": 9.0,
          "w2": 6.6,
          "combined_weight": 15.6
        },
        {
          "t1": "SCHD",
          "t2": "XLV",
          "corr": 0.4974,
          "w1": 9.0,
          "w2": 3.6,
          "combined_weight": 12.6
        },
        {
          "t1": "VSS",
          "t2": "GCOW",
          "corr": 0.4937,
          "w1": 9.0,
          "w2": 6.6,
          "combined_weight": 15.6
        },
        {
          "t1": "GCOW",
          "t2": "XLV",
          "corr": 0.4763,
          "w1": 6.6,
          "w2": 3.6,
          "combined_weight": 10.2
        },
        {
          "t1": "VSS",
          "t2": "CS",
          "corr": 0.4573,
          "w1": 9.0,
          "w2": 3.6,
          "combined_weight": 12.6
        },
        {
          "t1": "SCHD",
          "t2": "SCHY",
          "corr": 0.4493,
          "w1": 9.0,
          "w2": 9.0,
          "combined_weight": 18.0
        },
        {
          "t1": "SCHD",
          "t2": "AGS",
          "corr": 0.4419,
          "w1": 9.0,
          "w2": 3.6,
          "combined_weight": 12.6
        },
        {
          "t1": "GCOW",
          "t2": "AGS",
          "corr": 0.4242,
          "w1": 6.6,
          "w2": 3.6,
          "combined_weight": 10.2
        }
      ],
      "least_correlated": [
        {
          "t1": "ITX",
          "t2": "GLD",
          "corr": 0.007,
          "w1": 3.6,
          "w2": 6.0,
          "combined_weight": 9.6
        },
        {
          "t1": "AGS",
          "t2": "GLD",
          "corr": 0.0022,
          "w1": 3.6,
          "w2": 6.0,
          "combined_weight": 9.6
        },
        {
          "t1": "CABK",
          "t2": "CS",
          "corr": -0.0192,
          "w1": 3.6,
          "w2": 3.6,
          "combined_weight": 7.2
        },
        {
          "t1": "CABK",
          "t2": "GLD",
          "corr": -0.0791,
          "w1": 3.6,
          "w2": 6.0,
          "combined_weight": 9.6
        },
        {
          "t1": "EOG",
          "t2": "GLD",
          "corr": -0.0935,
          "w1": 9.0,
          "w2": 6.0,
          "combined_weight": 15.0
        }
      ],
      "high_corr_high_weight": []
    },
    "Stable": {
      "n_assets": 15,
      "weighted_avg_correlation": 0.1212,
      "most_correlated": [
        {
          "t1": "SPYV",
          "t2": "XLV",
          "corr": 0.4807,
          "w1": 4.2,
          "w2": 4.1,
          "combined_weight": 8.3
        },
        {
          "t1": "ACWV",
          "t2": "SPYV",
          "corr": 0.4493,
          "w1": 5.0,
          "w2": 4.2,
          "combined_weight": 9.2
        },
        {
          "t1": "ACWV",
          "t2": "XLV",
          "corr": 0.4211,
          "w1": 5.0,
          "w2": 4.1,
          "combined_weight": 9.1
        },
        {
          "t1": "ACWV",
          "t2": "SPLV",
          "corr": 0.401,
          "w1": 5.0,
          "w2": 6.6,
          "combined_weight": 11.6
        },
        {
          "t1": "SPLV",
          "t2": "XLV",
          "corr": 0.3864,
          "w1": 6.6,
          "w2": 4.1,
          "combined_weight": 10.6
        },
        {
          "t1": "SPLV",
          "t2": "SPYV",
          "corr": 0.3692,
          "w1": 6.6,
          "w2": 4.2,
          "combined_weight": 10.8
        },
        {
          "t1": "SPYV",
          "t2": "GD",
          "corr": 0.3673,
          "w1": 4.2,
          "w2": 4.5,
          "combined_weight": 8.7
        },
        {
          "t1": "ACWV",
          "t2": "GD",
          "corr": 0.3609,
          "w1": 5.0,
          "w2": 4.5,
          "combined_weight": 9.5
        },
        {
          "t1": "SPLV",
          "t2": "JNJ",
          "corr": 0.3567,
          "w1": 6.6,
          "w2": 5.3,
          "combined_weight": 11.9
        },
        {
          "t1": "SPLV",
          "t2": "VICI",
          "corr": 0.352,
          "w1": 6.6,
          "w2": 5.3,
          "combined_weight": 11.9
        }
      ],
      "least_correlated": [
        {
          "t1": "BSV",
          "t2": "STIP",
          "corr": 0.024,
          "w1": 10.8,
          "w2": 13.0,
          "combined_weight": 23.8
        },
        {
          "t1": "CLTL",
          "t2": "VGSH",
          "corr": 0.024,
          "w1": 9.9,
          "w2": 12.3,
          "combined_weight": 22.2
        },
        {
          "t1": "CLTL",
          "t2": "STIP",
          "corr": 0.024,
          "w1": 9.9,
          "w2": 13.0,
          "combined_weight": 22.9
        },
        {
          "t1": "VGSH",
          "t2": "STIP",
          "corr": 0.024,
          "w1": 12.3,
          "w2": 13.0,
          "combined_weight": 25.3
        },
        {
          "t1": "EOG",
          "t2": "GLD",
          "corr": -0.0935,
          "w1": 5.3,
          "w2": 4.1,
          "combined_weight": 9.4
        }
      ],
      "high_corr_high_weight": []
    }
  },
  "all_pairs_top_30": [
    {
      "t1": "SMH",
      "t2": "SOXX",
      "corr_hybrid": 0.8532,
      "corr_structured": 0.95,
      "cat1": "ETF",
      "cat2": "ETF",
      "exp1": "semiconductor",
      "exp2": "semiconductor",
      "fam1": "sector_tech",
      "fam2": "sector_tech"
    },
    {
      "t1": "MU",
      "t2": "SMH",
      "corr_hybrid": 0.8044,
      "corr_structured": null,
      "cat1": "Act",
      "cat2": "ETF",
      "exp1": null,
      "exp2": "semiconductor",
      "fam1": null,
      "fam2": "sector_tech"
    },
    {
      "t1": "MU",
      "t2": "SOXX",
      "corr_hybrid": 0.8032,
      "corr_structured": null,
      "cat1": "Act",
      "cat2": "ETF",
      "exp1": null,
      "exp2": "semiconductor",
      "fam1": null,
      "fam2": "sector_tech"
    },
    {
      "t1": "GLD",
      "t2": "SILJ",
      "corr_hybrid": 0.8012,
      "corr_structured": 0.85,
      "cat1": "ETF",
      "cat2": "ETF",
      "exp1": "gold_physical",
      "exp2": "silver_miners",
      "fam1": "gold",
      "fam2": "precious_metals"
    },
    {
      "t1": "SMH",
      "t2": "VRT",
      "corr_hybrid": 0.7478,
      "corr_structured": null,
      "cat1": "ETF",
      "cat2": "Act",
      "exp1": "semiconductor",
      "exp2": null,
      "fam1": "sector_tech",
      "fam2": null
    },
    {
      "t1": "ASML",
      "t2": "SMH",
      "corr_hybrid": 0.7307,
      "corr_structured": null,
      "cat1": "Act",
      "cat2": "ETF",
      "exp1": null,
      "exp2": "semiconductor",
      "fam1": null,
      "fam2": "sector_tech"
    },
    {
      "t1": "ASML",
      "t2": "SOXX",
      "corr_hybrid": 0.724,
      "corr_structured": null,
      "cat1": "Act",
      "cat2": "ETF",
      "exp1": null,
      "exp2": "semiconductor",
      "fam1": null,
      "fam2": "sector_tech"
    },
    {
      "t1": "SOXX",
      "t2": "VRT",
      "corr_hybrid": 0.7212,
      "corr_structured": null,
      "cat1": "ETF",
      "cat2": "Act",
      "exp1": "semiconductor",
      "exp2": null,
      "fam1": "sector_tech",
      "fam2": null
    },
    {
      "t1": "NVDA",
      "t2": "VRT",
      "corr_hybrid": 0.6918,
      "corr_structured": null,
      "cat1": "Act",
      "cat2": "Act",
      "exp1": null,
      "exp2": null,
      "fam1": null,
      "fam2": null
    },
    {
      "t1": "PICK",
      "t2": "SILJ",
      "corr_hybrid": 0.6789,
      "corr_structured": 0.2,
      "cat1": "ETF",
      "cat2": "ETF",
      "exp1": "metals_mining",
      "exp2": "silver_miners",
      "fam1": null,
      "fam2": "precious_metals"
    },
    {
      "t1": "PICK",
      "t2": "VSS",
      "corr_hybrid": 0.6751,
      "corr_structured": 0.2,
      "cat1": "ETF",
      "cat2": "ETF",
      "exp1": "metals_mining",
      "exp2": "intl_small_cap",
      "fam1": null,
      "fam2": null
    },
    {
      "t1": "ASML",
      "t2": "MU",
      "corr_hybrid": 0.6724,
      "corr_structured": null,
      "cat1": "Act",
      "cat2": "Act",
      "exp1": null,
      "exp2": null,
      "fam1": null,
      "fam2": null
    },
    {
      "t1": "NVDA",
      "t2": "SMH",
      "corr_hybrid": 0.6631,
      "corr_structured": null,
      "cat1": "Act",
      "cat2": "ETF",
      "exp1": null,
      "exp2": "semiconductor",
      "fam1": null,
      "fam2": "sector_tech"
    },
    {
      "t1": "FLKR",
      "t2": "SOXX",
      "corr_hybrid": 0.6469,
      "corr_structured": 0.2,
      "cat1": "ETF",
      "cat2": "ETF",
      "exp1": "south_korea",
      "exp2": "semiconductor",
      "fam1": "em_equity",
      "fam2": "sector_tech"
    },
    {
      "t1": "NVDA",
      "t2": "SOXX",
      "corr_hybrid": 0.6429,
      "corr_structured": null,
      "cat1": "Act",
      "cat2": "ETF",
      "exp1": null,
      "exp2": "semiconductor",
      "fam1": null,
      "fam2": "sector_tech"
    },
    {
      "t1": "FLKR",
      "t2": "SMH",
      "corr_hybrid": 0.6401,
      "corr_structured": 0.2,
      "cat1": "ETF",
      "cat2": "ETF",
      "exp1": "south_korea",
      "exp2": "semiconductor",
      "fam1": "em_equity",
      "fam2": "sector_tech"
    },
    {
      "t1": "ASML",
      "t2": "VRT",
      "corr_hybrid": 0.6374,
      "corr_structured": null,
      "cat1": "Act",
      "cat2": "Act",
      "exp1": null,
      "exp2": null,
      "fam1": null,
      "fam2": null
    },
    {
      "t1": "MU",
      "t2": "VRT",
      "corr_hybrid": 0.6295,
      "corr_structured": null,
      "cat1": "Act",
      "cat2": "Act",
      "exp1": null,
      "exp2": null,
      "fam1": null,
      "fam2": null
    },
    {
      "t1": "FLKR",
      "t2": "MU",
      "corr_hybrid": 0.5968,
      "corr_structured": null,
      "cat1": "ETF",
      "cat2": "Act",
      "exp1": "south_korea",
      "exp2": null,
      "fam1": "em_equity",
      "fam2": null
    },
    {
      "t1": "FLKR",
      "t2": "PICK",
      "corr_hybrid": 0.5801,
      "corr_structured": 0.2,
      "cat1": "ETF",
      "cat2": "ETF",
      "exp1": "south_korea",
      "exp2": "metals_mining",
      "fam1": "em_equity",
      "fam2": null
    },
    {
      "t1": "MU",
      "t2": "NVDA",
      "corr_hybrid": 0.5738,
      "corr_structured": null,
      "cat1": "Act",
      "cat2": "Act",
      "exp1": null,
      "exp2": null,
      "fam1": null,
      "fam2": null
    },
    {
      "t1": "SILJ",
      "t2": "VSS",
      "corr_hybrid": 0.5702,
      "corr_structured": 0.2,
      "cat1": "ETF",
      "cat2": "ETF",
      "exp1": "silver_miners",
      "exp2": "intl_small_cap",
      "fam1": "precious_metals",
      "fam2": null
    },
    {
      "t1": "ASML",
      "t2": "NVDA",
      "corr_hybrid": 0.567,
      "corr_structured": null,
      "cat1": "Act",
      "cat2": "Act",
      "exp1": null,
      "exp2": null,
      "fam1": null,
      "fam2": null
    },
    {
      "t1": "CS",
      "t2": "PICK",
      "corr_hybrid": 0.5638,
      "corr_structured": null,
      "cat1": "Act",
      "cat2": "ETF",
      "exp1": null,
      "exp2": "metals_mining",
      "fam1": null,
      "fam2": null
    },
    {
      "t1": "PICK",
      "t2": "SOXX",
      "corr_hybrid": 0.5628,
      "corr_structured": 0.2,
      "cat1": "ETF",
      "cat2": "ETF",
      "exp1": "metals_mining",
      "exp2": "semiconductor",
      "fam1": null,
      "fam2": "sector_tech"
    },
    {
      "t1": "SOXX",
      "t2": "VSS",
      "corr_hybrid": 0.5525,
      "corr_structured": 0.2,
      "cat1": "ETF",
      "cat2": "ETF",
      "exp1": "semiconductor",
      "exp2": "intl_small_cap",
      "fam1": "sector_tech",
      "fam2": null
    },
    {
      "t1": "PICK",
      "t2": "SCHY",
      "corr_hybrid": 0.5521,
      "corr_structured": 0.2,
      "cat1": "ETF",
      "cat2": "ETF",
      "exp1": "metals_mining",
      "exp2": "international",
      "fam1": null,
      "fam2": "intl_equity"
    },
    {
      "t1": "PICK",
      "t2": "SMH",
      "corr_hybrid": 0.5499,
      "corr_structured": 0.2,
      "cat1": "ETF",
      "cat2": "ETF",
      "exp1": "metals_mining",
      "exp2": "semiconductor",
      "fam1": null,
      "fam2": "sector_tech"
    },
    {
      "t1": "FLKR",
      "t2": "VSS",
      "corr_hybrid": 0.5493,
      "corr_structured": 0.2,
      "cat1": "ETF",
      "cat2": "ETF",
      "exp1": "south_korea",
      "exp2": "intl_small_cap",
      "fam1": "em_equity",
      "fam2": null
    },
    {
      "t1": "ASML",
      "t2": "FLKR",
      "corr_hybrid": 0.5456,
      "corr_structured": null,
      "cat1": "Act",
      "cat2": "ETF",
      "exp1": null,
      "exp2": "south_korea",
      "fam1": null,
      "fam2": "em_equity"
    }
  ],
  "all_pairs_bottom_10": [
    {
      "t1": "FLKR",
      "t2": "ULVR",
      "corr_hybrid": 0.0091,
      "corr_structured": null,
      "cat1": "ETF",
      "cat2": "Act",
      "exp1": "south_korea",
      "exp2": null,
      "fam1": "em_equity",
      "fam2": null
    },
    {
      "t1": "GOOGL",
      "t2": "ITX",
      "corr_hybrid": -0.0086,
      "corr_structured": null,
      "cat1": "Act",
      "cat2": "Act",
      "exp1": null,
      "exp2": null,
      "fam1": null,
      "fam2": null
    },
    {
      "t1": "JNJ",
      "t2": "SMH",
      "corr_hybrid": 0.0081,
      "corr_structured": null,
      "cat1": "Act",
      "cat2": "ETF",
      "exp1": null,
      "exp2": "semiconductor",
      "fam1": null,
      "fam2": "sector_tech"
    },
    {
      "t1": "EOG",
      "t2": "LI",
      "corr_hybrid": 0.0075,
      "corr_structured": null,
      "cat1": "Act",
      "cat2": "Act",
      "exp1": null,
      "exp2": null,
      "fam1": null,
      "fam2": null
    },
    {
      "t1": "GLD",
      "t2": "ITX",
      "corr_hybrid": 0.007,
      "corr_structured": null,
      "cat1": "ETF",
      "cat2": "Act",
      "exp1": "gold_physical",
      "exp2": null,
      "fam1": "gold",
      "fam2": null
    },
    {
      "t1": "CABK",
      "t2": "PICK",
      "corr_hybrid": 0.0049,
      "corr_structured": null,
      "cat1": "Act",
      "cat2": "ETF",
      "exp1": null,
      "exp2": "metals_mining",
      "fam1": null,
      "fam2": null
    },
    {
      "t1": "ITX",
      "t2": "SILJ",
      "corr_hybrid": 0.0045,
      "corr_structured": null,
      "cat1": "Act",
      "cat2": "ETF",
      "exp1": null,
      "exp2": "silver_miners",
      "fam1": null,
      "fam2": "precious_metals"
    },
    {
      "t1": "AGS",
      "t2": "GLD",
      "corr_hybrid": 0.0022,
      "corr_structured": null,
      "cat1": "Act",
      "cat2": "ETF",
      "exp1": null,
      "exp2": "gold_physical",
      "fam1": null,
      "fam2": "gold"
    },
    {
      "t1": "NVDA",
      "t2": "VICI",
      "corr_hybrid": 0.0021,
      "corr_structured": null,
      "cat1": "Act",
      "cat2": "Act",
      "exp1": null,
      "exp2": null,
      "fam1": null,
      "fam2": null
    },
    {
      "t1": "GLD",
      "t2": "INCY",
      "corr_hybrid": -0.0015,
      "corr_structured": null,
      "cat1": "ETF",
      "cat2": "Act",
      "exp1": "gold_physical",
      "exp2": null,
      "fam1": "gold",
      "fam2": null
    }
  ],
  "correlation_matrix": {
    "tickers": [
      "ACWV",
      "AGS",
      "ASML",
      "BKR",
      "BSV",
      "CABK",
      "CLTL",
      "CS",
      "EOG",
      "FLKR",
      "FLTR",
      "GBIL",
      "GCOW",
      "GD",
      "GLD",
      "GOOGL",
      "INCY",
      "ITX",
      "JNJ",
      "LI",
      "MU",
      "NVDA",
      "PAAA",
      "PG",
      "PICK",
      "SCHD",
      "SCHY",
      "SILJ",
      "SMH",
      "SOXX",
      "SPLV",
      "SPYV",
      "STIP",
      "ULVR",
      "USFR",
      "VGSH",
      "VICI",
      "VRT",
      "VSS",
      "XBI",
      "XLE",
      "XLV"
    ],
    "matrix": [
      [
        1.0,
        0.4115,
        0.2169,
        0.3593,
        0.1001,
        0.1031,
        0.1001,
        0.2726,
        0.2543,
        0.2951,
        0.1001,
        0.1001,
        0.4867,
        0.3609,
        0.2042,
        0.2239,
        0.3585,
        0.2056,
        0.3503,
        0.1617,
        0.1333,
        0.1147,
        0.1001,
        0.3187,
        0.4141,
        0.464,
        0.4492,
        0.2649,
        0.2272,
        0.2405,
        0.401,
        0.4493,
        0.1001,
        0.1701,
        0.1001,
        0.1001,
        0.349,
        0.0896,
        0.4245,
        0.3691,
        0.3088,
        0.4211
      ],
      [
        0.4115,
        1.0,
        0.2186,
        0.357,
        0.0985,
        0.2204,
        0.0985,
        0.1393,
        0.2892,
        0.1993,
        0.0985,
        0.0985,
        0.4242,
        0.3724,
        0.0022,
        0.2159,
        0.3669,
        0.3766,
        0.3583,
        0.2624,
        0.0714,
        0.2138,
        0.0985,
        0.3342,
        0.2686,
        0.4419,
        0.3641,
        0.0522,
        0.2183,
        0.2149,
        0.3804,
        0.4399,
        0.0985,
        0.2183,
        0.0985,
        0.0985,
        0.3756,
        0.2011,
        0.3261,
        0.3381,
        0.309,
        0.3953
      ],
      [
        0.2169,
        0.2186,
        1.0,
        0.3162,
        0.0503,
        0.0387,
        0.0503,
        0.3084,
        0.1213,
        0.5456,
        0.0503,
        0.0503,
        0.278,
        0.163,
        0.0979,
        0.3884,
        0.2978,
        -0.0777,
        0.0309,
        0.2344,
        0.6724,
        0.567,
        0.0503,
        -0.0318,
        0.4768,
        0.2739,
        0.3074,
        0.2553,
        0.7307,
        0.724,
        0.0722,
        0.4451,
        0.0503,
        -0.014,
        0.0503,
        0.0503,
        0.0522,
        0.6374,
        0.4735,
        0.3663,
        0.1625,
        0.2677
      ],
      [
        0.3593,
        0.357,
        0.3162,
        1.0,
        0.0846,
        0.0863,
        0.0846,
        0.2112,
        0.2588,
        0.3268,
        0.0846,
        0.0846,
        0.4099,
        0.3024,
        0.044,
        0.2688,
        0.3765,
        0.0902,
        0.2563,
        0.103,
        0.2937,
        0.2285,
        0.0846,
        0.21,
        0.3377,
        0.4364,
        0.362,
        0.109,
        0.352,
        0.3601,
        0.3108,
        0.4515,
        0.0846,
        0.1157,
        0.0846,
        0.0846,
        0.2629,
        0.1992,
        0.368,
        0.3585,
        0.3026,
        0.3937
      ],
      [
        0.1001,
        0.0985,
        0.0503,
        0.0846,
        1.0,
        0.0267,
        0.024,
        0.0313,
        0.0625,
        0.0655,
        0.024,
        0.024,
        0.1078,
        0.0861,
        0.0408,
        0.0502,
        0.0883,
        0.0474,
        0.0813,
        0.0324,
        0.0346,
        0.0275,
        0.024,
        0.0706,
        0.0847,
        0.1066,
        0.098,
        0.054,
        0.0527,
        0.0556,
        0.0907,
        0.1033,
        0.024,
        0.0439,
        0.024,
        0.024,
        0.0812,
        0.0197,
        0.0918,
        0.084,
        0.0734,
        0.0979
      ],
      [
        0.1031,
        0.2204,
        0.0387,
        0.0863,
        0.0267,
        1.0,
        0.0267,
        -0.0192,
        0.089,
        -0.0091,
        0.0267,
        0.0267,
        0.0867,
        0.1112,
        -0.0791,
        0.042,
        0.0904,
        0.2205,
        0.1129,
        0.1436,
        -0.0501,
        0.0923,
        0.0267,
        0.1153,
        0.0049,
        0.102,
        0.0624,
        -0.0719,
        0.0277,
        0.018,
        0.101,
        0.105,
        0.0267,
        0.0928,
        0.0267,
        0.0267,
        0.1266,
        0.0999,
        0.0408,
        0.0699,
        0.0764,
        0.0884
      ],
      [
        0.1001,
        0.0985,
        0.0503,
        0.0846,
        0.024,
        0.0267,
        1.0,
        0.0313,
        0.0625,
        0.0655,
        0.024,
        0.024,
        0.1078,
        0.0861,
        0.0408,
        0.0502,
        0.0883,
        0.0474,
        0.0813,
        0.0324,
        0.0346,
        0.0275,
        0.024,
        0.0706,
        0.0847,
        0.1066,
        0.098,
        0.054,
        0.0527,
        0.0556,
        0.0907,
        0.1033,
        0.024,
        0.0439,
        0.024,
        0.024,
        0.0812,
        0.0197,
        0.0918,
        0.084,
        0.0734,
        0.0979
      ],
      [
        0.2726,
        0.1393,
        0.3084,
        0.2112,
        0.0313,
        -0.0192,
        0.0313,
        1.0,
        0.055,
        0.3639,
        0.0313,
        0.0313,
        0.3813,
        0.1145,
        0.2091,
        0.2672,
        0.1129,
        0.0311,
        0.1188,
        0.2432,
        0.2178,
        0.238,
        0.0313,
        0.1664,
        0.5638,
        0.289,
        0.3959,
        0.3037,
        0.3546,
        0.3612,
        0.2105,
        0.3411,
        0.0313,
        -0.0657,
        0.0313,
        0.0313,
        0.1223,
        0.2949,
        0.4573,
        0.2965,
        0.1298,
        0.2373
      ],
      [
        0.2543,
        0.2892,
        0.1213,
        0.2588,
        0.0625,
        0.089,
        0.0625,
        0.055,
        1.0,
        0.12,
        0.0625,
        0.0625,
        0.2802,
        0.2322,
        -0.0935,
        0.1435,
        0.286,
        0.1104,
        0.2227,
        0.0075,
        0.0902,
        0.0736,
        0.0625,
        0.1952,
        0.1082,
        0.3366,
        0.209,
        -0.0891,
        0.1234,
        0.1298,
        0.2608,
        0.2967,
        0.0625,
        0.1141,
        0.0625,
        0.0625,
        0.2276,
        0.0141,
        0.1573,
        0.2212,
        0.2523,
        0.293
      ],
      [
        0.2951,
        0.1993,
        0.5456,
        0.3268,
        0.0655,
        -0.0091,
        0.0655,
        0.3639,
        0.12,
        1.0,
        0.0655,
        0.0655,
        0.3671,
        0.2101,
        0.291,
        0.3595,
        0.3038,
        -0.0952,
        0.1026,
        0.1932,
        0.5968,
        0.4233,
        0.0655,
        0.039,
        0.5801,
        0.3212,
        0.4066,
        0.4443,
        0.6401,
        0.6469,
        0.1563,
        0.456,
        0.0655,
        0.0091,
        0.0655,
        0.0655,
        0.1079,
        0.4774,
        0.5493,
        0.393,
        0.1852,
        0.3153
      ],
      [
        0.1001,
        0.0985,
        0.0503,
        0.0846,
        0.024,
        0.0267,
        0.024,
        0.0313,
        0.0625,
        0.0655,
        1.0,
        0.024,
        0.1078,
        0.0861,
        0.0408,
        0.0502,
        0.0883,
        0.0474,
        0.0813,
        0.0324,
        0.0346,
        0.0275,
        0.024,
        0.0706,
        0.0847,
        0.1066,
        0.098,
        0.054,
        0.0527,
        0.0556,
        0.0907,
        0.1033,
        0.024,
        0.0439,
        0.024,
        0.024,
        0.0812,
        0.0197,
        0.0918,
        0.084,
        0.0734,
        0.0979
      ],
      [
        0.1001,
        0.0985,
        0.0503,
        0.0846,
        0.024,
        0.0267,
        0.024,
        0.0313,
        0.0625,
        0.0655,
        0.024,
        1.0,
        0.1078,
        0.0861,
        0.0408,
        0.0502,
        0.0883,
        0.0474,
        0.0813,
        0.0324,
        0.0346,
        0.0275,
        0.024,
        0.0706,
        0.0847,
        0.1066,
        0.098,
        0.054,
        0.0527,
        0.0556,
        0.0907,
        0.1033,
        0.024,
        0.0439,
        0.024,
        0.024,
        0.0812,
        0.0197,
        0.0918,
        0.084,
        0.0734,
        0.0979
      ],
      [
        0.4867,
        0.4242,
        0.278,
        0.4099,
        0.1078,
        0.0867,
        0.1078,
        0.3813,
        0.2802,
        0.3671,
        0.1078,
        0.1078,
        1.0,
        0.3857,
        0.2229,
        0.2749,
        0.4037,
        0.1682,
        0.3681,
        0.1562,
        0.2059,
        0.1482,
        0.1078,
        0.3332,
        0.4924,
        0.5279,
        0.5099,
        0.296,
        0.2997,
        0.3165,
        0.4373,
        0.5171,
        0.1078,
        0.1587,
        0.1078,
        0.1078,
        0.3656,
        0.1188,
        0.4937,
        0.426,
        0.3483,
        0.4763
      ],
      [
        0.3609,
        0.3724,
        0.163,
        0.3024,
        0.0861,
        0.1112,
        0.0861,
        0.1145,
        0.2322,
        0.2101,
        0.0861,
        0.0861,
        0.3857,
        1.0,
        0.1169,
        0.1728,
        0.3156,
        0.2003,
        0.3017,
        0.125,
        0.0918,
        0.0927,
        0.0861,
        0.2685,
        0.2817,
        0.386,
        0.344,
        0.1577,
        0.1662,
        0.1751,
        0.3343,
        0.3673,
        0.0861,
        0.1655,
        0.0861,
        0.0861,
        0.3031,
        0.0627,
        0.3116,
        0.2952,
        0.2676,
        0.3513
      ],
      [
        0.2042,
        0.0022,
        0.0979,
        0.044,
        0.0408,
        -0.0791,
        0.0408,
        0.2091,
        -0.0935,
        0.291,
        0.0408,
        0.0408,
        0.2229,
        0.1169,
        1.0,
        0.0525,
        -0.0015,
        0.007,
        0.1064,
        0.182,
        0.0844,
        -0.0321,
        0.0408,
        0.0849,
        0.5144,
        0.0443,
        0.3347,
        0.8012,
        0.1168,
        0.1354,
        0.1071,
        0.1058,
        0.0408,
        0.0443,
        0.0408,
        0.0408,
        0.0813,
        0.0443,
        0.4185,
        0.1513,
        -0.031,
        0.084
      ],
      [
        0.2239,
        0.2159,
        0.3884,
        0.2688,
        0.0502,
        0.042,
        0.0502,
        0.2672,
        0.1435,
        0.3595,
        0.0502,
        0.0502,
        0.2749,
        0.1728,
        0.0525,
        1.0,
        0.2595,
        -0.0086,
        0.1018,
        0.1399,
        0.3993,
        0.3316,
        0.0502,
        0.0634,
        0.3408,
        0.2807,
        0.2693,
        0.1444,
        0.4494,
        0.4496,
        0.145,
        0.3597,
        0.0502,
        0.0241,
        0.0502,
        0.0502,
        0.1135,
        0.3525,
        0.3439,
        0.2912,
        0.1798,
        0.259
      ],
      [
        0.3585,
        0.3669,
        0.2978,
        0.3765,
        0.0883,
        0.0904,
        0.0883,
        0.1129,
        0.286,
        0.3038,
        0.0883,
        0.0883,
        0.4037,
        0.3156,
        -0.0015,
        0.2595,
        1.0,
        0.0792,
        0.2673,
        0.0562,
        0.2907,
        0.2053,
        0.0883,
        0.2112,
        0.2843,
        0.4525,
        0.3419,
        0.0509,
        0.3299,
        0.3392,
        0.3204,
        0.453,
        0.0883,
        0.1308,
        0.0883,
        0.0883,
        0.2734,
        0.1564,
        0.3326,
        0.3545,
        0.3255,
        0.4082
      ],
      [
        0.2056,
        0.3766,
        -0.0777,
        0.0902,
        0.0474,
        0.2205,
        0.0474,
        0.0311,
        0.1104,
        -0.0952,
        0.0474,
        0.0474,
        0.1682,
        0.2003,
        0.007,
        -0.0086,
        0.0792,
        1.0,
        0.2476,
        0.2891,
        -0.2899,
        0.0135,
        0.0474,
        0.2768,
        0.0379,
        0.1419,
        0.1417,
        0.0045,
        -0.1268,
        -0.1395,
        0.2187,
        0.1137,
        0.0474,
        0.1896,
        0.0474,
        0.0474,
        0.2626,
        0.0346,
        0.0723,
        0.0789,
        0.094,
        0.1219
      ],
      [
        0.3503,
        0.3583,
        0.0309,
        0.2563,
        0.0813,
        0.1129,
        0.0813,
        0.1188,
        0.2227,
        0.1026,
        0.0813,
        0.0813,
        0.3681,
        0.3017,
        0.1064,
        0.1018,
        0.2673,
        0.2476,
        1.0,
        0.096,
        -0.0704,
        -0.0306,
        0.0813,
        0.3125,
        0.2134,
        0.3636,
        0.3153,
        0.1146,
        0.0081,
        0.0192,
        0.3567,
        0.3015,
        0.0813,
        0.178,
        0.0813,
        0.0813,
        0.3232,
        -0.0767,
        0.2395,
        0.2408,
        0.2542,
        0.3232
      ],
      [
        0.1617,
        0.2624,
        0.2344,
        0.103,
        0.0324,
        0.1436,
        0.0324,
        0.2432,
        0.0075,
        0.1932,
        0.0324,
        0.0324,
        0.1562,
        0.125,
        0.182,
        0.1399,
        0.0562,
        0.2891,
        0.096,
        1.0,
        0.097,
        0.298,
        0.0324,
        0.1047,
        0.302,
        0.0771,
        0.2052,
        0.279,
        0.2571,
        0.2401,
        0.0762,
        0.1837,
        0.0324,
        0.0764,
        0.0324,
        0.0324,
        0.1161,
        0.4031,
        0.2839,
        0.159,
        0.0133,
        0.0844
      ],
      [
        0.1333,
        0.0714,
        0.6724,
        0.2937,
        0.0346,
        -0.0501,
        0.0346,
        0.2178,
        0.0902,
        0.5968,
        0.0346,
        0.0346,
        0.2059,
        0.0918,
        0.0844,
        0.3993,
        0.2907,
        -0.2899,
        -0.0704,
        0.097,
        1.0,
        0.5738,
        0.0346,
        -0.1574,
        0.4469,
        0.2241,
        0.2437,
        0.2443,
        0.8044,
        0.8032,
        -0.0203,
        0.4102,
        0.0346,
        -0.0828,
        0.0346,
        0.0346,
        -0.0551,
        0.6295,
        0.4413,
        0.3418,
        0.1361,
        0.2291
      ],
      [
        0.1147,
        0.2138,
        0.567,
        0.2285,
        0.0275,
        0.0923,
        0.0275,
        0.238,
        0.0736,
        0.4233,
        0.0275,
        0.0275,
        0.1482,
        0.0927,
        -0.0321,
        0.3316,
        0.2053,
        0.0135,
        -0.0306,
        0.298,
        0.5738,
        1.0,
        0.0275,
        -0.0719,
        0.3321,
        0.1557,
        0.1791,
        0.1098,
        0.6631,
        0.6429,
        -0.0173,
        0.3394,
        0.0275,
        -0.021,
        0.0275,
        0.0275,
        0.0021,
        0.6918,
        0.3432,
        0.2688,
        0.0848,
        0.156
      ],
      [
        0.1001,
        0.0985,
        0.0503,
        0.0846,
        0.024,
        0.0267,
        0.024,
        0.0313,
        0.0625,
        0.0655,
        0.024,
        0.024,
        0.1078,
        0.0861,
        0.0408,
        0.0502,
        0.0883,
        0.0474,
        0.0813,
        0.0324,
        0.0346,
        0.0275,
        1.0,
        0.0706,
        0.0847,
        0.1066,
        0.098,
        0.054,
        0.0527,
        0.0556,
        0.0907,
        0.1033,
        0.024,
        0.0439,
        0.024,
        0.024,
        0.0812,
        0.0197,
        0.0918,
        0.084,
        0.0734,
        0.0979
      ],
      [
        0.3187,
        0.3342,
        -0.0318,
        0.21,
        0.0706,
        0.1153,
        0.0706,
        0.1664,
        0.1952,
        0.039,
        0.0706,
        0.0706,
        0.3332,
        0.2685,
        0.0849,
        0.0634,
        0.2112,
        0.2768,
        0.3125,
        0.1047,
        -0.1574,
        -0.0719,
        0.0706,
        1.0,
        0.1734,
        0.3214,
        0.2801,
        0.0789,
        -0.0662,
        -0.0569,
        0.3399,
        0.2471,
        0.0706,
        0.1667,
        0.0706,
        0.0706,
        0.3097,
        -0.114,
        0.1907,
        0.1956,
        0.2216,
        0.2789
      ],
      [
        0.4141,
        0.2686,
        0.4768,
        0.3377,
        0.0847,
        0.0049,
        0.0847,
        0.5638,
        0.1082,
        0.5801,
        0.0847,
        0.0847,
        0.4924,
        0.2817,
        0.5144,
        0.3408,
        0.2843,
        0.0379,
        0.2134,
        0.302,
        0.4469,
        0.3321,
        0.0847,
        0.1734,
        1.0,
        0.3727,
        0.5521,
        0.6789,
        0.5499,
        0.5628,
        0.2718,
        0.4873,
        0.0847,
        0.0573,
        0.0847,
        0.0847,
        0.2103,
        0.4053,
        0.6751,
        0.4369,
        0.1947,
        0.3632
      ],
      [
        0.464,
        0.4419,
        0.2739,
        0.4364,
        0.1066,
        0.102,
        0.1066,
        0.289,
        0.3366,
        0.3212,
        0.1066,
        0.1066,
        0.5279,
        0.386,
        0.0443,
        0.2807,
        0.4525,
        0.1419,
        0.3636,
        0.0771,
        0.2241,
        0.1557,
        0.1066,
        0.3214,
        0.3727,
        1.0,
        0.4493,
        0.092,
        0.2942,
        0.3095,
        0.4385,
        0.5292,
        0.1066,
        0.1597,
        0.1066,
        0.1066,
        0.3657,
        0.0919,
        0.4075,
        0.4181,
        0.3933,
        0.4974
      ],
      [
        0.4492,
        0.3641,
        0.3074,
        0.362,
        0.098,
        0.0624,
        0.098,
        0.3959,
        0.209,
        0.4066,
        0.098,
        0.098,
        0.5099,
        0.344,
        0.3347,
        0.2693,
        0.3419,
        0.1417,
        0.3153,
        0.2052,
        0.2437,
        0.1791,
        0.098,
        0.2801,
        0.5521,
        0.4493,
        1.0,
        0.4325,
        0.3395,
        0.3547,
        0.3729,
        0.4754,
        0.098,
        0.133,
        0.098,
        0.098,
        0.3115,
        0.1851,
        0.5304,
        0.4052,
        0.2794,
        0.4163
      ],
      [
        0.2649,
        0.0522,
        0.2553,
        0.109,
        0.054,
        -0.0719,
        0.054,
        0.3037,
        -0.0891,
        0.4443,
        0.054,
        0.054,
        0.296,
        0.1577,
        0.8012,
        0.1444,
        0.0509,
        0.0045,
        0.1146,
        0.279,
        0.2443,
        0.1098,
        0.054,
        0.0789,
        0.6789,
        0.092,
        0.4325,
        1.0,
        0.3017,
        0.3187,
        0.12,
        0.208,
        0.054,
        0.044,
        0.054,
        0.054,
        0.0933,
        0.2203,
        0.5702,
        0.2431,
        -0.0133,
        0.1376
      ],
      [
        0.2272,
        0.2183,
        0.7307,
        0.352,
        0.0527,
        0.0277,
        0.0527,
        0.3546,
        0.1234,
        0.6401,
        0.0527,
        0.0527,
        0.2997,
        0.1662,
        0.1168,
        0.4494,
        0.3299,
        -0.1268,
        0.0081,
        0.2571,
        0.8044,
        0.6631,
        0.0527,
        -0.0662,
        0.5499,
        0.2942,
        0.3395,
        0.3017,
        1.0,
        0.8532,
        0.0561,
        0.4997,
        0.0527,
        -0.0343,
        0.0527,
        0.0527,
        0.0321,
        0.7478,
        0.542,
        0.4131,
        0.1714,
        0.2906
      ],
      [
        0.2405,
        0.2149,
        0.724,
        0.3601,
        0.0556,
        0.018,
        0.0556,
        0.3612,
        0.1298,
        0.6469,
        0.0556,
        0.0556,
        0.3165,
        0.1751,
        0.1354,
        0.4496,
        0.3392,
        -0.1395,
        0.0192,
