{
  "_meta": {
    "generated": "2026-04-18T08:41:04",
    "portfolio_generated": "2026-04-18T08:37:41.098733",
    "n_assets": 42,
    "n_with_returns": 29,
    "covariance_method": "hybrid_shrunk",
    "condition_number": 393.97,
    "pca_factors": 4
  },
  "profiles": {
    "Agressif": {
      "n_assets": 15,
      "weighted_avg_correlation": 0.2194,
      "most_correlated": [
        {
          "t1": "CDE",
          "t2": "SILJ",
          "corr": 0.9082,
          "w1": 7.4,
          "w2": 7.5,
          "combined_weight": 14.9
        },
        {
          "t1": "PICK",
          "t2": "FCX",
          "corr": 0.7019,
          "w1": 8.3,
          "w2": 6.1,
          "combined_weight": 14.3
        },
        {
          "t1": "CDE",
          "t2": "GLD",
          "corr": 0.6827,
          "w1": 7.4,
          "w2": 6.6,
          "combined_weight": 13.9
        },
        {
          "t1": "SILJ",
          "t2": "GLD",
          "corr": 0.668,
          "w1": 7.5,
          "w2": 6.6,
          "combined_weight": 14.1
        },
        {
          "t1": "SOXX",
          "t2": "PICK",
          "corr": 0.6581,
          "w1": 8.3,
          "w2": 8.3,
          "combined_weight": 16.5
        },
        {
          "t1": "PICK",
          "t2": "FLKR",
          "corr": 0.6499,
          "w1": 8.3,
          "w2": 9.1,
          "combined_weight": 17.4
        },
        {
          "t1": "PICK",
          "t2": "SILJ",
          "corr": 0.6225,
          "w1": 8.3,
          "w2": 7.5,
          "combined_weight": 15.8
        },
        {
          "t1": "SOXX",
          "t2": "FLKR",
          "corr": 0.6168,
          "w1": 8.3,
          "w2": 9.1,
          "combined_weight": 17.4
        },
        {
          "t1": "SOXX",
          "t2": "FCX",
          "corr": 0.6063,
          "w1": 8.3,
          "w2": 6.1,
          "combined_weight": 14.3
        },
        {
          "t1": "FCX",
          "t2": "FLKR",
          "corr": 0.591,
          "w1": 6.1,
          "w2": 9.1,
          "combined_weight": 15.2
        }
      ],
      "least_correlated": [
        {
          "t1": "GALP",
          "t2": "GLD",
          "corr": -0.0171,
          "w1": 8.1,
          "w2": 6.6,
          "combined_weight": 14.7
        },
        {
          "t1": "GALP",
          "t2": "CDE",
          "corr": -0.0173,
          "w1": 8.1,
          "w2": 7.4,
          "combined_weight": 15.5
        },
        {
          "t1": "GALP",
          "t2": "SOXX",
          "corr": -0.0285,
          "w1": 8.1,
          "w2": 8.3,
          "combined_weight": 16.4
        },
        {
          "t1": "GALP",
          "t2": "FLKR",
          "corr": -0.0288,
          "w1": 8.1,
          "w2": 9.1,
          "combined_weight": 17.2
        },
        {
          "t1": "GALP",
          "t2": "SILJ",
          "corr": -0.0461,
          "w1": 8.1,
          "w2": 7.5,
          "combined_weight": 15.6
        }
      ],
      "high_corr_high_weight": [
        {
          "t1": "CDE",
          "t2": "SILJ",
          "corr": 0.9082,
          "w1": 7.4,
          "w2": 7.5,
          "combined_weight": 14.9
        },
        {
          "t1": "PICK",
          "t2": "FCX",
          "corr": 0.7019,
          "w1": 8.3,
          "w2": 6.1,
          "combined_weight": 14.3
        }
      ]
    },
    "Mod\u00e9r\u00e9": {
      "n_assets": 19,
      "weighted_avg_correlation": 0.1626,
      "most_correlated": [
        {
          "t1": "VSS",
          "t2": "RIO",
          "corr": 0.5948,
          "w1": 7.1,
          "w2": 4.1,
          "combined_weight": 11.2
        },
        {
          "t1": "EICHERMOT",
          "t2": "CUMMINSIND",
          "corr": 0.5342,
          "w1": 4.4,
          "w2": 4.1,
          "combined_weight": 8.5
        },
        {
          "t1": "SCHY",
          "t2": "VSS",
          "corr": 0.5262,
          "w1": 3.1,
          "w2": 7.1,
          "combined_weight": 10.2
        },
        {
          "t1": "SCHY",
          "t2": "RIO",
          "corr": 0.4944,
          "w1": 3.1,
          "w2": 4.1,
          "combined_weight": 7.2
        },
        {
          "t1": "GCOW",
          "t2": "VSS",
          "corr": 0.4581,
          "w1": 5.1,
          "w2": 7.1,
          "combined_weight": 12.2
        },
        {
          "t1": "GCOW",
          "t2": "RIO",
          "corr": 0.4379,
          "w1": 5.1,
          "w2": 4.1,
          "combined_weight": 9.2
        },
        {
          "t1": "KO",
          "t2": "EICHERMOT",
          "corr": 0.411,
          "w1": 6.1,
          "w2": 4.4,
          "combined_weight": 10.5
        },
        {
          "t1": "KO",
          "t2": "CUMMINSIND",
          "corr": 0.411,
          "w1": 6.1,
          "w2": 4.1,
          "combined_weight": 10.1
        },
        {
          "t1": "SCHY",
          "t2": "GCOW",
          "corr": 0.4091,
          "w1": 3.1,
          "w2": 5.1,
          "combined_weight": 8.2
        },
        {
          "t1": "VSS",
          "t2": "SCHD",
          "corr": 0.3977,
          "w1": 7.1,
          "w2": 8.1,
          "combined_weight": 15.2
        }
      ],
      "least_correlated": [
        {
          "t1": "NOVN",
          "t2": "GLD",
          "corr": 0.0161,
          "w1": 5.1,
          "w2": 5.0,
          "combined_weight": 10.1
        },
        {
          "t1": "ITX",
          "t2": "GLD",
          "corr": 0.0042,
          "w1": 3.6,
          "w2": 5.0,
          "combined_weight": 8.6
        },
        {
          "t1": "CABK",
          "t2": "GLD",
          "corr": -0.0171,
          "w1": 3.0,
          "w2": 5.0,
          "combined_weight": 8.0
        },
        {
          "t1": "KO",
          "t2": "GLD",
          "corr": -0.0362,
          "w1": 6.1,
          "w2": 5.0,
          "combined_weight": 11.1
        },
        {
          "t1": "VSS",
          "t2": "ITX",
          "corr": -0.0551,
          "w1": 7.1,
          "w2": 3.6,
          "combined_weight": 10.7
        }
      ],
      "high_corr_high_weight": []
    },
    "Stable": {
      "n_assets": 13,
      "weighted_avg_correlation": 0.0981,
      "most_correlated": [
        {
          "t1": "ACWV",
          "t2": "SPYV",
          "corr": 0.3641,
          "w1": 7.0,
          "w2": 7.8,
          "combined_weight": 14.8
        },
        {
          "t1": "SPYV",
          "t2": "XLV",
          "corr": 0.3296,
          "w1": 7.8,
          "w2": 4.2,
          "combined_weight": 12.0
        },
        {
          "t1": "SPYV",
          "t2": "CS",
          "corr": 0.2958,
          "w1": 7.8,
          "w2": 7.2,
          "combined_weight": 15.0
        },
        {
          "t1": "SHEL",
          "t2": "SPYV",
          "corr": 0.274,
          "w1": 7.4,
          "w2": 7.8,
          "combined_weight": 15.2
        },
        {
          "t1": "ACWV",
          "t2": "SHEL",
          "corr": 0.2722,
          "w1": 7.0,
          "w2": 7.4,
          "combined_weight": 14.3
        },
        {
          "t1": "ACWV",
          "t2": "XLV",
          "corr": 0.2696,
          "w1": 7.0,
          "w2": 4.2,
          "combined_weight": 11.1
        },
        {
          "t1": "SHEL",
          "t2": "HEN",
          "corr": 0.2594,
          "w1": 7.4,
          "w2": 7.2,
          "combined_weight": 14.6
        },
        {
          "t1": "ACWV",
          "t2": "CS",
          "corr": 0.2586,
          "w1": 7.0,
          "w2": 7.2,
          "combined_weight": 14.2
        },
        {
          "t1": "SPLV",
          "t2": "SPYV",
          "corr": 0.2551,
          "w1": 6.7,
          "w2": 7.8,
          "combined_weight": 14.6
        },
        {
          "t1": "CS",
          "t2": "GLD",
          "corr": 0.2505,
          "w1": 7.2,
          "w2": 4.2,
          "combined_weight": 11.4
        }
      ],
      "least_correlated": [
        {
          "t1": "CLTL",
          "t2": "VGSH",
          "corr": 0.0182,
          "w1": 11.2,
          "w2": 3.8,
          "combined_weight": 15.1
        },
        {
          "t1": "CLTL",
          "t2": "STIP",
          "corr": 0.0182,
          "w1": 11.2,
          "w2": 13.0,
          "combined_weight": 24.2
        },
        {
          "t1": "VGSH",
          "t2": "STIP",
          "corr": 0.0182,
          "w1": 3.8,
          "w2": 13.0,
          "combined_weight": 16.8
        },
        {
          "t1": "CS",
          "t2": "CIPLA",
          "corr": -0.0237,
          "w1": 7.2,
          "w2": 7.2,
          "combined_weight": 14.4
        },
        {
          "t1": "CIPLA",
          "t2": "GLD",
          "corr": -0.0352,
          "w1": 7.2,
          "w2": 4.2,
          "combined_weight": 11.4
        }
      ],
      "high_corr_high_weight": []
    }
  },
  "all_pairs_top_30": [
    {
      "t1": "CDE",
      "t2": "SILJ",
      "corr_hybrid": 0.9082,
      "corr_structured": null,
      "cat1": "Act",
      "cat2": "ETF",
      "exp1": null,
      "exp2": "silver_miners",
      "fam1": null,
      "fam2": "precious_metals"
    },
    {
      "t1": "PICK",
      "t2": "VSS",
      "corr_hybrid": 0.711,
      "corr_structured": 0.2,
      "cat1": "ETF",
      "cat2": "ETF",
      "exp1": "metals_mining",
      "exp2": "intl_small_cap",
      "fam1": null,
      "fam2": null
    },
    {
      "t1": "FCX",
      "t2": "PICK",
      "corr_hybrid": 0.7019,
      "corr_structured": null,
      "cat1": "Act",
      "cat2": "ETF",
      "exp1": null,
      "exp2": "metals_mining",
      "fam1": null,
      "fam2": null
    },
    {
      "t1": "CDE",
      "t2": "GLD",
      "corr_hybrid": 0.6827,
      "corr_structured": null,
      "cat1": "Act",
      "cat2": "ETF",
      "exp1": null,
      "exp2": "gold_physical",
      "fam1": null,
      "fam2": "gold"
    },
    {
      "t1": "GLD",
      "t2": "SILJ",
      "corr_hybrid": 0.668,
      "corr_structured": 0.85,
      "cat1": "ETF",
      "cat2": "ETF",
      "exp1": "gold_physical",
      "exp2": "silver_miners",
      "fam1": "gold",
      "fam2": "precious_metals"
    },
    {
      "t1": "PICK",
      "t2": "SOXX",
      "corr_hybrid": 0.6581,
      "corr_structured": 0.2,
      "cat1": "ETF",
      "cat2": "ETF",
      "exp1": "metals_mining",
      "exp2": "semiconductor",
      "fam1": null,
      "fam2": "sector_tech"
    },
    {
      "t1": "FLKR",
      "t2": "PICK",
      "corr_hybrid": 0.6499,
      "corr_structured": 0.2,
      "cat1": "ETF",
      "cat2": "ETF",
      "exp1": "south_korea",
      "exp2": "metals_mining",
      "fam1": "em_equity",
      "fam2": null
    },
    {
      "t1": "FCX",
      "t2": "VSS",
      "corr_hybrid": 0.6447,
      "corr_structured": null,
      "cat1": "Act",
      "cat2": "ETF",
      "exp1": null,
      "exp2": "intl_small_cap",
      "fam1": null,
      "fam2": null
    },
    {
      "t1": "PICK",
      "t2": "RIO",
      "corr_hybrid": 0.6439,
      "corr_structured": null,
      "cat1": "ETF",
      "cat2": "Act",
      "exp1": "metals_mining",
      "exp2": null,
      "fam1": null,
      "fam2": null
    },
    {
      "t1": "PICK",
      "t2": "SILJ",
      "corr_hybrid": 0.6225,
      "corr_structured": 0.2,
      "cat1": "ETF",
      "cat2": "ETF",
      "exp1": "metals_mining",
      "exp2": "silver_miners",
      "fam1": null,
      "fam2": "precious_metals"
    },
    {
      "t1": "FLKR",
      "t2": "SOXX",
      "corr_hybrid": 0.6168,
      "corr_structured": 0.2,
      "cat1": "ETF",
      "cat2": "ETF",
      "exp1": "south_korea",
      "exp2": "semiconductor",
      "fam1": "em_equity",
      "fam2": "sector_tech"
    },
    {
      "t1": "FCX",
      "t2": "SOXX",
      "corr_hybrid": 0.6063,
      "corr_structured": null,
      "cat1": "Act",
      "cat2": "ETF",
      "exp1": null,
      "exp2": "semiconductor",
      "fam1": null,
      "fam2": "sector_tech"
    },
    {
      "t1": "SOXX",
      "t2": "VSS",
      "corr_hybrid": 0.6057,
      "corr_structured": 0.2,
      "cat1": "ETF",
      "cat2": "ETF",
      "exp1": "semiconductor",
      "exp2": "intl_small_cap",
      "fam1": "sector_tech",
      "fam2": null
    },
    {
      "t1": "RIO",
      "t2": "VSS",
      "corr_hybrid": 0.5948,
      "corr_structured": null,
      "cat1": "Act",
      "cat2": "ETF",
      "exp1": null,
      "exp2": "intl_small_cap",
      "fam1": null,
      "fam2": null
    },
    {
      "t1": "FLKR",
      "t2": "VSS",
      "corr_hybrid": 0.5945,
      "corr_structured": 0.2,
      "cat1": "ETF",
      "cat2": "ETF",
      "exp1": "south_korea",
      "exp2": "intl_small_cap",
      "fam1": "em_equity",
      "fam2": null
    },
    {
      "t1": "FCX",
      "t2": "FLKR",
      "corr_hybrid": 0.591,
      "corr_structured": null,
      "cat1": "Act",
      "cat2": "ETF",
      "exp1": null,
      "exp2": "south_korea",
      "fam1": null,
      "fam2": "em_equity"
    },
    {
      "t1": "FCX",
      "t2": "RIO",
      "corr_hybrid": 0.5761,
      "corr_structured": null,
      "cat1": "Act",
      "cat2": "Act",
      "exp1": null,
      "exp2": null,
      "fam1": null,
      "fam2": null
    },
    {
      "t1": "PICK",
      "t2": "SCHY",
      "corr_hybrid": 0.5501,
      "corr_structured": 0.2,
      "cat1": "ETF",
      "cat2": "ETF",
      "exp1": "metals_mining",
      "exp2": "international",
      "fam1": null,
      "fam2": "intl_equity"
    },
    {
      "t1": "CDE",
      "t2": "PICK",
      "corr_hybrid": 0.5485,
      "corr_structured": null,
      "cat1": "Act",
      "cat2": "ETF",
      "exp1": null,
      "exp2": "metals_mining",
      "fam1": null,
      "fam2": null
    },
    {
      "t1": "CS",
      "t2": "PICK",
      "corr_hybrid": 0.5468,
      "corr_structured": null,
      "cat1": "Act",
      "cat2": "ETF",
      "exp1": null,
      "exp2": "metals_mining",
      "fam1": null,
      "fam2": null
    },
    {
      "t1": "FCX",
      "t2": "SILJ",
      "corr_hybrid": 0.5424,
      "corr_structured": null,
      "cat1": "Act",
      "cat2": "ETF",
      "exp1": null,
      "exp2": "silver_miners",
      "fam1": null,
      "fam2": "precious_metals"
    },
    {
      "t1": "068270",
      "t2": "2059",
      "corr_hybrid": 0.5342,
      "corr_structured": null,
      "cat1": "Act",
      "cat2": "Act",
      "exp1": null,
      "exp2": null,
      "fam1": null,
      "fam2": null
    },
    {
      "t1": "068270",
      "t2": "2345",
      "corr_hybrid": 0.5342,
      "corr_structured": null,
      "cat1": "Act",
      "cat2": "Act",
      "exp1": null,
      "exp2": null,
      "fam1": null,
      "fam2": null
    },
    {
      "t1": "068270",
      "t2": "CUMMINSIND",
      "corr_hybrid": 0.5342,
      "corr_structured": null,
      "cat1": "Act",
      "cat2": "Act",
      "exp1": null,
      "exp2": null,
      "fam1": null,
      "fam2": null
    },
    {
      "t1": "068270",
      "t2": "EICHERMOT",
      "corr_hybrid": 0.5342,
      "corr_structured": null,
      "cat1": "Act",
      "cat2": "Act",
      "exp1": null,
      "exp2": null,
      "fam1": null,
      "fam2": null
    },
    {
      "t1": "2059",
      "t2": "2345",
      "corr_hybrid": 0.5342,
      "corr_structured": null,
      "cat1": "Act",
      "cat2": "Act",
      "exp1": null,
      "exp2": null,
      "fam1": null,
      "fam2": null
    },
    {
      "t1": "2059",
      "t2": "CUMMINSIND",
      "corr_hybrid": 0.5342,
      "corr_structured": null,
      "cat1": "Act",
      "cat2": "Act",
      "exp1": null,
      "exp2": null,
      "fam1": null,
      "fam2": null
    },
    {
      "t1": "2059",
      "t2": "EICHERMOT",
      "corr_hybrid": 0.5342,
      "corr_structured": null,
      "cat1": "Act",
      "cat2": "Act",
      "exp1": null,
      "exp2": null,
      "fam1": null,
      "fam2": null
    },
    {
      "t1": "2345",
      "t2": "CUMMINSIND",
      "corr_hybrid": 0.5342,
      "corr_structured": null,
      "cat1": "Act",
      "cat2": "Act",
      "exp1": null,
      "exp2": null,
      "fam1": null,
      "fam2": null
    },
    {
      "t1": "2345",
      "t2": "EICHERMOT",
      "corr_hybrid": 0.5342,
      "corr_structured": null,
      "cat1": "Act",
      "cat2": "Act",
      "exp1": null,
      "exp2": null,
      "fam1": null,
      "fam2": null
    }
  ],
  "all_pairs_bottom_10": [
    {
      "t1": "CABK",
      "t2": "SOXX",
      "corr_hybrid": 0.0151,
      "corr_structured": null,
      "cat1": "Act",
      "cat2": "ETF",
      "exp1": null,
      "exp2": "semiconductor",
      "fam1": null,
      "fam2": "sector_tech"
    },
    {
      "t1": "SILJ",
      "t2": "XLE",
      "corr_hybrid": 0.0119,
      "corr_structured": 0.2,
      "cat1": "ETF",
      "cat2": "ETF",
      "exp1": "silver_miners",
      "exp2": "energy",
      "fam1": "precious_metals",
      "fam2": "sector_energy"
    },
    {
      "t1": "CABK",
      "t2": "FLKR",
      "corr_hybrid": 0.0109,
      "corr_structured": null,
      "cat1": "Act",
      "cat2": "ETF",
      "exp1": null,
      "exp2": "south_korea",
      "fam1": null,
      "fam2": "em_equity"
    },
    {
      "t1": "NOVN",
      "t2": "SILJ",
      "corr_hybrid": -0.0106,
      "corr_structured": null,
      "cat1": "Act",
      "cat2": "ETF",
      "exp1": null,
      "exp2": "silver_miners",
      "fam1": null,
      "fam2": "precious_metals"
    },
    {
      "t1": "CS",
      "t2": "NOVN",
      "corr_hybrid": 0.0104,
      "corr_structured": null,
      "cat1": "Act",
      "cat2": "Act",
      "exp1": null,
      "exp2": null,
      "fam1": null,
      "fam2": null
    },
    {
      "t1": "CABK",
      "t2": "CS",
      "corr_hybrid": 0.0043,
      "corr_structured": null,
      "cat1": "Act",
      "cat2": "Act",
      "exp1": null,
      "exp2": null,
      "fam1": null,
      "fam2": null
    },
    {
      "t1": "GLD",
      "t2": "ITX",
      "corr_hybrid": 0.0042,
      "corr_structured": null,
      "cat1": "ETF",
      "cat2": "Act",
      "exp1": "gold_physical",
      "exp2": null,
      "fam1": "gold",
      "fam2": null
    },
    {
      "t1": "ITX",
      "t2": "SPYV",
      "corr_hybrid": -0.0019,
      "corr_structured": null,
      "cat1": "Act",
      "cat2": "ETF",
      "exp1": null,
      "exp2": "sp500_value",
      "fam1": null,
      "fam2": "factor_value"
    },
    {
      "t1": "GALP",
      "t2": "PICK",
      "corr_hybrid": -0.0011,
      "corr_structured": null,
      "cat1": "Act",
      "cat2": "ETF",
      "exp1": null,
      "exp2": "metals_mining",
      "fam1": null,
      "fam2": null
    },
    {
      "t1": "CDE",
      "t2": "XLE",
      "corr_hybrid": 0.0004,
      "corr_structured": null,
      "cat1": "Act",
      "cat2": "ETF",
      "exp1": null,
      "exp2": "energy",
      "fam1": null,
      "fam2": "sector_energy"
    }
  ],
  "correlation_matrix": {
    "tickers": [
      "068270",
      "2059",
      "2345",
      "ACWV",
      "AGS",
      "BSV",
      "CABK",
      "CDE",
      "CIPLA",
      "CLTL",
      "CS",
      "CUMMINSIND",
      "EICHERMOT",
      "FCX",
      "FLKR",
      "FLTR",
      "GALP",
      "GBIL",
      "GCOW",
      "GLD",
      "HEN",
      "ITX",
      "KO",
      "LI",
      "NOVN",
      "PAAA",
      "PICK",
      "RIO",
      "SCHD",
      "SCHY",
      "SHEL",
      "SILJ",
      "SOXX",
      "SPLV",
      "SPYV",
      "STIP",
      "USFR",
      "VGSH",
      "VSS",
      "XBI",
      "XLE",
      "XLV"
    ],
    "matrix": [
      [
        1.0,
        0.5342,
        0.5342,
        0.3349,
        0.34,
        0.0774,
        0.3193,
        0.1241,
        0.3216,
        0.0774,
        0.1632,
        0.5342,
        0.5342,
        0.2281,
        0.1102,
        0.0774,
        0.27,
        0.0774,
        0.3229,
        0.0981,
        0.3848,
        0.3409,
        0.411,
        0.2512,
        0.3864,
        0.0774,
        0.1975,
        0.3187,
        0.3056,
        0.3031,
        0.3603,
        0.0883,
        0.1144,
        0.3064,
        0.2963,
        0.0774,
        0.0774,
        0.0774,
        0.2595,
        0.1711,
        0.1919,
        0.2371
      ],
      [
        0.5342,
        1.0,
        0.5342,
        0.3349,
        0.34,
        0.0774,
        0.3193,
        0.1241,
        0.3216,
        0.0774,
        0.1632,
        0.5342,
        0.5342,
        0.2281,
        0.1102,
        0.0774,
        0.27,
        0.0774,
        0.3229,
        0.0981,
        0.3848,
        0.3409,
        0.411,
        0.2512,
        0.3864,
        0.0774,
        0.1975,
        0.3187,
        0.3056,
        0.3031,
        0.3603,
        0.0883,
        0.1144,
        0.3064,
        0.2963,
        0.0774,
        0.0774,
        0.0774,
        0.2595,
        0.1711,
        0.1919,
        0.2371
      ],
      [
        0.5342,
        0.5342,
        1.0,
        0.3349,
        0.34,
        0.0774,
        0.3193,
        0.1241,
        0.3216,
        0.0774,
        0.1632,
        0.5342,
        0.5342,
        0.2281,
        0.1102,
        0.0774,
        0.27,
        0.0774,
        0.3229,
        0.0981,
        0.3848,
        0.3409,
        0.411,
        0.2512,
        0.3864,
        0.0774,
        0.1975,
        0.3187,
        0.3056,
        0.3031,
        0.3603,
        0.0883,
        0.1144,
        0.3064,
        0.2963,
        0.0774,
        0.0774,
        0.0774,
        0.2595,
        0.1711,
        0.1919,
        0.2371
      ],
      [
        0.3349,
        0.3349,
        0.3349,
        1.0,
        0.188,
        0.0734,
        0.1778,
        0.1496,
        0.1538,
        0.0734,
        0.2586,
        0.3349,
        0.3349,
        0.367,
        0.3195,
        0.0734,
        0.1348,
        0.0734,
        0.3463,
        0.1485,
        0.2413,
        0.1026,
        0.2354,
        0.2513,
        0.2178,
        0.0734,
        0.3808,
        0.383,
        0.3238,
        0.3612,
        0.2722,
        0.1758,
        0.3271,
        0.2449,
        0.3641,
        0.0734,
        0.0734,
        0.0734,
        0.3923,
        0.2702,
        0.1631,
        0.2696
      ],
      [
        0.34,
        0.34,
        0.34,
        0.188,
        1.0,
        0.051,
        0.2211,
        0.0611,
        0.2265,
        0.051,
        -0.1143,
        0.34,
        0.34,
        0.1231,
        0.028,
        0.051,
        0.1767,
        0.051,
        0.1611,
        0.0416,
        0.2533,
        0.1965,
        0.2532,
        0.1312,
        0.2686,
        0.051,
        0.0485,
        0.1441,
        0.1716,
        0.1457,
        0.2155,
        0.0275,
        0.0377,
        0.1767,
        0.1595,
        0.051,
        0.051,
        0.051,
        0.1129,
        0.0796,
        0.1245,
        0.1265
      ],
      [
        0.0774,
        0.0774,
        0.0774,
        0.0734,
        0.051,
        1.0,
        0.0446,
        0.0196,
        0.0389,
        0.0182,
        0.0287,
        0.0774,
        0.0774,
        0.0833,
        0.0732,
        0.0182,
        0.0319,
        0.0182,
        0.0772,
        0.0238,
        0.0577,
        0.0167,
        0.0548,
        0.0546,
        0.0539,
        0.0182,
        0.0782,
        0.0808,
        0.0769,
        0.0796,
        0.0623,
        0.0265,
        0.0763,
        0.0562,
        0.0853,
        0.0182,
        0.0182,
        0.0182,
        0.0858,
        0.0621,
        0.0405,
        0.0635
      ],
      [
        0.3193,
        0.3193,
        0.3193,
        0.1778,
        0.2211,
        0.0446,
        1.0,
        -0.0248,
        0.2127,
        0.0446,
        0.0043,
        0.3193,
        0.3193,
        0.0716,
        0.0109,
        0.0446,
        0.1731,
        0.0446,
        0.1599,
        -0.0171,
        0.236,
        0.2101,
        0.2597,
        0.1188,
        0.2454,
        0.0446,
        0.029,
        0.1254,
        0.1679,
        0.1351,
        0.206,
        -0.0495,
        0.0151,
        0.1761,
        0.1464,
        0.0446,
        0.0446,
        0.0446,
        0.0883,
        0.0682,
        0.1161,
        0.1263
      ],
      [
        0.1241,
        0.1241,
        0.1241,
        0.1496,
        0.0611,
        0.0196,
        -0.0248,
        1.0,
        -0.0387,
        0.0196,
        0.2809,
        0.1241,
        0.1241,
        0.4807,
        0.2742,
        0.0196,
        -0.0173,
        0.0196,
        0.1789,
        0.6827,
        0.0496,
        0.049,
        -0.0559,
        0.2282,
        0.022,
        0.0196,
        0.5485,
        0.4386,
        0.0521,
        0.2784,
        0.105,
        0.9082,
        0.2739,
        0.0507,
        0.1605,
        0.0196,
        0.0196,
        0.0196,
        0.4224,
        0.1791,
        0.0004,
        0.0481
      ],
      [
        0.3216,
        0.3216,
        0.3216,
        0.1538,
        0.2265,
        0.0389,
        0.2127,
        -0.0387,
        1.0,
        0.0389,
        -0.0237,
        0.3216,
        0.3216,
        0.0207,
        -0.0465,
        0.0389,
        0.1821,
        0.0389,
        0.1287,
        -0.0352,
        0.2372,
        0.2389,
        0.2668,
        0.0989,
        0.2518,
        0.0389,
        -0.0277,
        0.0859,
        0.1383,
        0.0976,
        0.197,
        -0.0749,
        -0.0438,
        0.1654,
        0.1063,
        0.0389,
        0.0389,
        0.0389,
        0.0371,
        0.0313,
        0.1065,
        0.0992
      ],
      [
        0.0774,
        0.0774,
        0.0774,
        0.0734,
        0.051,
        0.0182,
        0.0446,
        0.0196,
        0.0389,
        1.0,
        0.0287,
        0.0774,
        0.0774,
        0.0833,
        0.0732,
        0.0182,
        0.0319,
        0.0182,
        0.0772,
        0.0238,
        0.0577,
        0.0167,
        0.0548,
        0.0546,
        0.0539,
        0.0182,
        0.0782,
        0.0808,
        0.0769,
        0.0796,
        0.0623,
        0.0265,
        0.0763,
        0.0562,
        0.0853,
        0.0182,
        0.0182,
        0.0182,
        0.0858,
        0.0621,
        0.0405,
        0.0635
      ],
      [
        0.1632,
        0.1632,
        0.1632,
        0.2586,
        -0.1143,
        0.0287,
        0.0043,
        0.2809,
        -0.0237,
        0.0287,
        1.0,
        0.1632,
        0.1632,
        0.3207,
        0.3453,
        0.0287,
        0.0362,
        0.0287,
        0.3482,
        0.2505,
        0.0795,
        0.1268,
        0.1238,
        0.2539,
        0.0104,
        0.0287,
        0.5468,
        0.4593,
        0.2368,
        0.3812,
        0.1866,
        0.3274,
        0.3217,
        0.1838,
        0.2958,
        0.0287,
        0.0287,
        0.0287,
        0.4374,
        0.2585,
        0.0622,
        0.2185
      ],
      [
        0.5342,
        0.5342,
        0.5342,
        0.3349,
        0.34,
        0.0774,
        0.3193,
        0.1241,
        0.3216,
        0.0774,
        0.1632,
        1.0,
        0.5342,
        0.2281,
        0.1102,
        0.0774,
        0.27,
        0.0774,
        0.3229,
        0.0981,
        0.3848,
        0.3409,
        0.411,
        0.2512,
        0.3864,
        0.0774,
        0.1975,
        0.3187,
        0.3056,
        0.3031,
        0.3603,
        0.0883,
        0.1144,
        0.3064,
        0.2963,
        0.0774,
        0.0774,
        0.0774,
        0.2595,
        0.1711,
        0.1919,
        0.2371
      ],
      [
        0.5342,
        0.5342,
        0.5342,
        0.3349,
        0.34,
        0.0774,
        0.3193,
        0.1241,
        0.3216,
        0.0774,
        0.1632,
        0.5342,
        1.0,
        0.2281,
        0.1102,
        0.0774,
        0.27,
        0.0774,
        0.3229,
        0.0981,
        0.3848,
        0.3409,
        0.411,
        0.2512,
        0.3864,
        0.0774,
        0.1975,
        0.3187,
        0.3056,
        0.3031,
        0.3603,
        0.0883,
        0.1144,
        0.3064,
        0.2963,
        0.0774,
        0.0774,
        0.0774,
        0.2595,
        0.1711,
        0.1919,
        0.2371
      ],
      [
        0.2281,
        0.2281,
        0.2281,
        0.367,
        0.1231,
        0.0833,
        0.0716,
        0.4807,
        0.0207,
        0.0833,
        0.3207,
        0.2281,
        0.2281,
        1.0,
        0.591,
        0.0833,
        0.0251,
        0.0833,
        0.4255,
        0.4123,
        0.1568,
        -0.0938,
        0.0782,
        0.3281,
        0.1092,
        0.0833,
        0.7019,
        0.5761,
        0.369,
        0.5024,
        0.2429,
        0.5424,
        0.6063,
        0.2163,
        0.4869,
        0.0833,
        0.0833,
        0.0833,
        0.6447,
        0.4187,
        0.1528,
        0.3205
      ],
      [
        0.1102,
        0.1102,
        0.1102,
        0.3195,
        0.028,
        0.0732,
        0.0109,
        0.2742,
        -0.0465,
        0.0732,
        0.3453,
        0.1102,
        0.1102,
        0.591,
        1.0,
        0.0732,
        -0.0288,
        0.0732,
        0.3897,
        0.2764,
        0.0783,
        -0.1911,
        0.017,
        0.2728,
        0.0246,
        0.0732,
        0.6499,
        0.4995,
        0.3544,
        0.4571,
        0.1774,
        0.3704,
        0.6168,
        0.1754,
        0.466,
        0.0732,
        0.0732,
        0.0732,
        0.5945,
        0.41,
        0.1332,
        0.3153
      ],
      [
        0.0774,
        0.0774,
        0.0774,
        0.0734,
        0.051,
        0.0182,
        0.0446,
        0.0196,
        0.0389,
        0.0182,
        0.0287,
        0.0774,
        0.0774,
        0.0833,
        0.0732,
        1.0,
        0.0319,
        0.0182,
        0.0772,
        0.0238,
        0.0577,
        0.0167,
        0.0548,
        0.0546,
        0.0539,
        0.0182,
        0.0782,
        0.0808,
        0.0769,
        0.0796,
        0.0623,
        0.0265,
        0.0763,
        0.0562,
        0.0853,
        0.0182,
        0.0182,
        0.0182,
        0.0858,
        0.0621,
        0.0405,
        0.0635
      ],
      [
        0.27,
        0.27,
        0.27,
        0.1348,
        0.1767,
        0.0319,
        0.1731,
        -0.0173,
        0.1821,
        0.0319,
        0.0362,
        0.27,
        0.27,
        0.0251,
        -0.0288,
        0.0319,
        1.0,
        0.0319,
        0.1185,
        -0.0171,
        0.1966,
        0.2071,
        0.2245,
        0.0911,
        0.2052,
        0.0319,
        -0.0011,
        0.089,
        0.1197,
        0.0941,
        0.1685,
        -0.0461,
        -0.0285,
        0.1425,
        0.0952,
        0.0319,
        0.0319,
        0.0319,
        0.0457,
        0.0331,
        0.0876,
        0.0876
      ],
      [
        0.0774,
        0.0774,
        0.0774,
        0.0734,
        0.051,
        0.0182,
        0.0446,
        0.0196,
        0.0389,
        0.0182,
        0.0287,
        0.0774,
        0.0774,
        0.0833,
        0.0732,
        0.0182,
        0.0319,
        1.0,
        0.0772,
        0.0238,
        0.0577,
        0.0167,
        0.0548,
        0.0546,
        0.0539,
        0.0182,
        0.0782,
        0.0808,
        0.0769,
        0.0796,
        0.0623,
        0.0265,
        0.0763,
        0.0562,
        0.0853,
        0.0182,
        0.0182,
        0.0182,
        0.0858,
        0.0621,
        0.0405,
        0.0635
      ],
      [
        0.3229,
        0.3229,
        0.3229,
        0.3463,
        0.1611,
        0.0772,
        0.1599,
        0.1789,
        0.1287,
        0.0772,
        0.3482,
        0.3229,
        0.3229,
        0.4255,
        0.3897,
        0.0772,
        0.1185,
        0.0772,
        1.0,
        0.1797,
        0.2302,
        0.0732,
        0.2213,
        0.2769,
        0.197,
        0.0772,
        0.4621,
        0.4379,
        0.3538,
        0.4091,
        0.2788,
        0.2197,
        0.3966,
        0.2548,
        0.408,
        0.0772,
        0.0772,
        0.0772,
        0.4581,
        0.3139,
        0.1679,
        0.2989
      ],
      [
        0.0981,
        0.0981,
        0.0981,
        0.1485,
        0.0416,
        0.0238,
        -0.0171,
        0.6827,
        -0.0352,
        0.0238,
        0.2505,
        0.0981,
        0.0981,
        0.4123,
        0.2764,
        0.0238,
        -0.0171,
        0.0238,
        0.1797,
        1.0,
        0.0433,
        0.0042,
        -0.0362,
        0.1949,
        0.0161,
        0.0238,
        0.4695,
        0.3717,
        0.088,
        0.257,
        0.0966,
        0.668,
        0.2779,
        0.0602,
        0.1781,
        0.0238,
        0.0238,
        0.0238,
        0.3749,
        0.1827,
        0.0194,
        0.0798
      ],
      [
        0.3848,
        0.3848,
        0.3848,
        0.2413,
        0.2533,
        0.0577,
        0.236,
        0.0496,
        0.2372,
        0.0577,
        0.0795,
        0.3848,
        0.3848,
        0.1568,
        0.0783,
        0.0577,
        0.1966,
        0.0577,
        0.2302,
        0.0433,
        1.0,
        0.2356,
        0.2998,
        0.1748,
        0.2836,
        0.0577,
        0.124,
        0.2156,
        0.2262,
        0.2127,
        0.2594,
        0.027,
        0.0829,
        0.2221,
        0.2167,
        0.0577,
        0.0577,
        0.0577,
        0.1775,
        0.1232,
        0.1436,
        0.1753
      ],
      [
        0.3409,
        0.3409,
        0.3409,
        0.1026,
        0.1965,
        0.0167,
        0.2101,
        0.049,
        0.2389,
        0.0167,
        0.1268,
        0.3409,
        0.3409,
        -0.0938,
        -0.1911,
        0.0167,
        0.2071,
        0.0167,
        0.0732,
        0.0042,
        0.2356,
        1.0,
        0.2909,
        0.078,
        0.2524,
        0.0167,
        -0.0988,
        0.0469,
        0.0504,
        0.0338,
        0.1861,
        -0.0261,
        -0.2014,
        0.146,
        -0.0019,
        0.0167,
        0.0167,
        0.0167,
        -0.0551,
        -0.0603,
        0.0647,
        0.0229
      ],
      [
        0.411,
        0.411,
        0.411,
        0.2354,
        0.2532,
        0.0548,
        0.2597,
        -0.0559,
        0.2668,
        0.0548,
        0.1238,
        0.411,
        0.411,
        0.0782,
        0.017,
        0.0548,
        0.2245,
        0.0548,
        0.2213,
        -0.0362,
        0.2998,
        0.2909,
        1.0,
        0.1594,
        0.3054,
        0.0548,
        0.0531,
        0.1748,
        0.2229,
        0.1861,
        0.2702,
        -0.0827,
        0.0176,
        0.2355,
        0.1928,
        0.0548,
        0.0548,
        0.0548,
        0.1203,
        0.0915,
        0.1469,
        0.1707
      ],
      [
        0.2512,
        0.2512,
        0.2512,
        0.2513,
        0.1312,
        0.0546,
        0.1188,
        0.2282,
        0.0989,
        0.0546,
        0.2539,
        0.2512,
        0.2512,
        0.3281,
        0.2728,
        0.0546,
        0.0911,
        0.0546,
        0.2769,
        0.1949,
        0.1748,
        0.078,
        0.1594,
        1.0,
        0.152,
        0.0546,
        0.3553,
        0.3383,
        0.2419,
        0.301,
        0.2081,
        0.2443,
        0.2772,
        0.183,
        0.286,
        0.0546,
        0.0546,
        0.0546,
        0.3433,
        0.2217,
        0.1159,
        0.2031
      ],
      [
        0.3864,
        0.3864,
        0.3864,
        0.2178,
        0.2686,
        0.0539,
        0.2454,
        0.022,
        0.2518,
        0.0539,
        0.0104,
        0.3864,
        0.3864,
        0.1092,
        0.0246,
        0.0539,
        0.2052,
        0.0539,
        0.197,
        0.0161,
        0.2836,
        0.2524,
        0.3054,
        0.152,
        1.0,
        0.0539,
        0.0598,
        0.1696,
        0.2005,
        0.1728,
        0.2497,
        -0.0106,
        0.0297,
        0.2109,
        0.1804,
        0.0539,
        0.0539,
        0.0539,
        0.1245,
        0.0886,
        0.1378,
        0.1509
      ],
      [
        0.0774,
        0.0774,
        0.0774,
        0.0734,
        0.051,
        0.0182,
        0.0446,
        0.0196,
        0.0389,
        0.0182,
        0.0287,
        0.0774,
        0.0774,
        0.0833,
        0.0732,
        0.0182,
        0.0319,
        0.0182,
        0.0772,
        0.0238,
        0.0577,
        0.0167,
        0.0548,
        0.0546,
        0.0539,
        1.0,
        0.0782,
        0.0808,
        0.0769,
        0.0796,
        0.0623,
        0.0265,
        0.0763,
        0.0562,
        0.0853,
        0.0182,
        0.0182,
        0.0182,
        0.0858,
        0.0621,
        0.0405,
        0.0635
      ],
      [
        0.1975,
        0.1975,
        0.1975,
        0.3808,
        0.0485,
        0.0782,
        0.029,
        0.5485,
        -0.0277,
        0.0782,
        0.5468,
        0.1975,
        0.1975,
        0.7019,
        0.6499,
        0.0782,
        -0.0011,
        0.0782,
        0.4621,
        0.4695,
        0.124,
        -0.0988,
        0.0531,
        0.3553,
        0.0598,
        0.0782,
        1.0,
        0.6439,
        0.3776,
        0.5501,
        0.2387,
        0.6225,
        0.6581,
        0.2175,
        0.5104,
        0.0782,
        0.0782,
        0.0782,
        0.711,
        0.4518,
        0.1384,
        0.3349
      ],
      [
        0.3187,
        0.3187,
        0.3187,
        0.383,
        0.1441,
        0.0808,
        0.1254,
        0.4386,
        0.0859,
        0.0808,
        0.4593,
        0.3187,
        0.3187,
        0.5761,
        0.4995,
        0.0808,
        0.089,
        0.0808,
        0.4379,
        0.3717,
        0.2156,
        0.0469,
        0.1748,
        0.3383,
        0.1696,
        0.0808,
        0.6439,
        1.0,
        0.3696,
        0.4944,
        0.2904,
        0.479,
        0.506,
        0.2572,
        0.4615,
        0.0808,
        0.0808,
        0.0808,
        0.5948,
        0.3787,
        0.1611,
        0.3168
      ],
      [
        0.3056,
        0.3056,
        0.3056,
        0.3238,
        0.1716,
        0.0769,
        0.1679,
        0.0521,
        0.1383,
        0.0769,
        0.2368,
        0.3056,
        0.3056,
        0.369,
        0.3544,
        0.0769,
        0.1197,
        0.0769,
        0.3538,
        0.088,
        0.2262,
        0.0504,
        0.2229,
        0.2419,
        0.2005,
        0.0769,
        0.3776,
        0.3696,
        1.0,
        0.3654,
        0.2621,
        0.0979,
        0.3645,
        0.244,
        0.3873,
        0.0769,
        0.0769,
        0.0769,
        0.3977,
        0.2899,
        0.1713,
        0.2909
      ],
      [
        0.3031,
        0.3031,
        0.3031,
        0.3612,
        0.1457,
        0.0796,
        0.1351,
        0.2784,
        0.0976,
        0.0796,
        0.3812,
        0.3031,
        0.3031,
        0.5024,
        0.4571,
        0.0796,
        0.0941,
        0.0796,
        0.4091,
        0.257,
        0.2127,
        0.0338,
        0.1861,
        0.301,
        0.1728,
        0.0796,
        0.5501,
        0.4944,
        0.3654,
        1.0,
        0.2758,
        0.326,
        0.4652,
        0.2507,
        0.4396,
        0.0796,
        0.0796,
        0.0796,
        0.5262,
