{
  "_meta": {
    "generated": "2026-06-02T13:11:26",
    "portfolio_generated": "2026-06-02T13:08:26.212069",
    "n_assets": 45,
    "n_with_returns": 33,
    "covariance_method": "hybrid_shrunk",
    "condition_number": 331.54,
    "pca_factors": 6
  },
  "profiles": {
    "Agressif": {
      "n_assets": 19,
      "weighted_avg_correlation": 0.2628,
      "most_correlated": [
        {
          "t1": "FLKR",
          "t2": "XCEM",
          "corr": 0.7819,
          "w1": 6.8,
          "w2": 6.5,
          "combined_weight": 13.3
        },
        {
          "t1": "XCEM",
          "t2": "SOXX",
          "corr": 0.7694,
          "w1": 6.5,
          "w2": 4.2,
          "combined_weight": 10.7
        },
        {
          "t1": "PICK",
          "t2": "COPX",
          "corr": 0.7685,
          "w1": 6.7,
          "w2": 6.0,
          "combined_weight": 12.7
        },
        {
          "t1": "XLK",
          "t2": "SOXX",
          "corr": 0.7339,
          "w1": 4.3,
          "w2": 4.2,
          "combined_weight": 8.5
        },
        {
          "t1": "FLKR",
          "t2": "SOXX",
          "corr": 0.7338,
          "w1": 6.8,
          "w2": 4.2,
          "combined_weight": 11.0
        },
        {
          "t1": "XCEM",
          "t2": "XLK",
          "corr": 0.7311,
          "w1": 6.5,
          "w2": 4.3,
          "combined_weight": 10.7
        },
        {
          "t1": "PICK",
          "t2": "XCEM",
          "corr": 0.7286,
          "w1": 6.7,
          "w2": 6.5,
          "combined_weight": 13.2
        },
        {
          "t1": "FLKR",
          "t2": "XLK",
          "corr": 0.7029,
          "w1": 6.8,
          "w2": 4.3,
          "combined_weight": 11.1
        },
        {
          "t1": "XCEM",
          "t2": "COPX",
          "corr": 0.6938,
          "w1": 6.5,
          "w2": 6.0,
          "combined_weight": 12.4
        },
        {
          "t1": "FLKR",
          "t2": "PICK",
          "corr": 0.6714,
          "w1": 6.8,
          "w2": 6.7,
          "combined_weight": 13.5
        }
      ],
      "least_correlated": [
        {
          "t1": "PLTR",
          "t2": "FLRN",
          "corr": 0.0268,
          "w1": 6.4,
          "w2": 5.6,
          "combined_weight": 12.0
        },
        {
          "t1": "FLTR",
          "t2": "FLRN",
          "corr": 0.0196,
          "w1": 5.6,
          "w2": 5.6,
          "combined_weight": 11.1
        },
        {
          "t1": "LLY",
          "t2": "XLK",
          "corr": -0.0227,
          "w1": 5.1,
          "w2": 4.3,
          "combined_weight": 9.4
        },
        {
          "t1": "LLY",
          "t2": "SOXX",
          "corr": -0.0258,
          "w1": 5.1,
          "w2": 4.2,
          "combined_weight": 9.4
        },
        {
          "t1": "LLY",
          "t2": "NVDA",
          "corr": -0.0644,
          "w1": 5.1,
          "w2": 4.4,
          "combined_weight": 9.6
        }
      ],
      "high_corr_high_weight": [
        {
          "t1": "FLKR",
          "t2": "XCEM",
          "corr": 0.7819,
          "w1": 6.8,
          "w2": 6.5,
          "combined_weight": 13.3
        },
        {
          "t1": "XCEM",
          "t2": "SOXX",
          "corr": 0.7694,
          "w1": 6.5,
          "w2": 4.2,
          "combined_weight": 10.7
        },
        {
          "t1": "PICK",
          "t2": "COPX",
          "corr": 0.7685,
          "w1": 6.7,
          "w2": 6.0,
          "combined_weight": 12.7
        },
        {
          "t1": "FLKR",
          "t2": "SOXX",
          "corr": 0.7338,
          "w1": 6.8,
          "w2": 4.2,
          "combined_weight": 11.0
        },
        {
          "t1": "XCEM",
          "t2": "XLK",
          "corr": 0.7311,
          "w1": 6.5,
          "w2": 4.3,
          "combined_weight": 10.7
        }
      ]
    },
    "Mod\u00e9r\u00e9": {
      "n_assets": 14,
      "weighted_avg_correlation": 0.1315,
      "most_correlated": [
        {
          "t1": "EEMV",
          "t2": "FNDF",
          "corr": 0.6967,
          "w1": 9.0,
          "w2": 9.0,
          "combined_weight": 18.0
        },
        {
          "t1": "EEMV",
          "t2": "GPIQ",
          "corr": 0.6536,
          "w1": 9.0,
          "w2": 6.5,
          "combined_weight": 15.5
        },
        {
          "t1": "GPIQ",
          "t2": "FNDF",
          "corr": 0.5953,
          "w1": 6.5,
          "w2": 9.0,
          "combined_weight": 15.5
        },
        {
          "t1": "BMED",
          "t2": "XLV",
          "corr": 0.5639,
          "w1": 5.5,
          "w2": 3.2,
          "combined_weight": 8.7
        },
        {
          "t1": "BMED",
          "t2": "FNDF",
          "corr": 0.4843,
          "w1": 5.5,
          "w2": 9.0,
          "combined_weight": 14.5
        },
        {
          "t1": "EEMV",
          "t2": "BMED",
          "corr": 0.4733,
          "w1": 9.0,
          "w2": 5.5,
          "combined_weight": 14.5
        },
        {
          "t1": "GPIQ",
          "t2": "BMED",
          "corr": 0.3901,
          "w1": 6.5,
          "w2": 5.5,
          "combined_weight": 12.0
        },
        {
          "t1": "FNDF",
          "t2": "XLV",
          "corr": 0.3838,
          "w1": 9.0,
          "w2": 3.2,
          "combined_weight": 12.2
        },
        {
          "t1": "SCHD",
          "t2": "BMED",
          "corr": 0.3719,
          "w1": 9.0,
          "w2": 5.5,
          "combined_weight": 14.5
        },
        {
          "t1": "FNDF",
          "t2": "GLD",
          "corr": 0.3647,
          "w1": 9.0,
          "w2": 3.2,
          "combined_weight": 12.2
        }
      ],
      "least_correlated": [
        {
          "t1": "CF",
          "t2": "BMED",
          "corr": -0.1554,
          "w1": 9.0,
          "w2": 5.5,
          "combined_weight": 14.5
        },
        {
          "t1": "CF",
          "t2": "XLV",
          "corr": -0.2339,
          "w1": 9.0,
          "w2": 3.2,
          "combined_weight": 12.2
        },
        {
          "t1": "CF",
          "t2": "GPIQ",
          "corr": -0.2343,
          "w1": 9.0,
          "w2": 6.5,
          "combined_weight": 15.5
        },
        {
          "t1": "CF",
          "t2": "FNDF",
          "corr": -0.2626,
          "w1": 9.0,
          "w2": 9.0,
          "combined_weight": 18.0
        },
        {
          "t1": "CF",
          "t2": "EEMV",
          "corr": -0.3378,
          "w1": 9.0,
          "w2": 9.0,
          "combined_weight": 18.0
        }
      ],
      "high_corr_high_weight": []
    },
    "Stable": {
      "n_assets": 15,
      "weighted_avg_correlation": 0.1268,
      "most_correlated": [
        {
          "t1": "CS",
          "t2": "GLD",
          "corr": 0.4556,
          "w1": 1.8,
          "w2": 5.2,
          "combined_weight": 7.0
        },
        {
          "t1": "XLV",
          "t2": "JNJ",
          "corr": 0.4282,
          "w1": 4.8,
          "w2": 1.8,
          "combined_weight": 6.6
        },
        {
          "t1": "XLV",
          "t2": "ACWV",
          "corr": 0.4065,
          "w1": 4.8,
          "w2": 6.4,
          "combined_weight": 11.2
        },
        {
          "t1": "SCHP",
          "t2": "VICI",
          "corr": 0.3973,
          "w1": 8.0,
          "w2": 6.9,
          "combined_weight": 14.9
        },
        {
          "t1": "ACWV",
          "t2": "SPYV",
          "corr": 0.3899,
          "w1": 6.4,
          "w2": 7.5,
          "combined_weight": 13.9
        },
        {
          "t1": "SCHP",
          "t2": "JNJ",
          "corr": 0.3653,
          "w1": 8.0,
          "w2": 1.8,
          "combined_weight": 9.7
        },
        {
          "t1": "JNJ",
          "t2": "CHD",
          "corr": 0.3606,
          "w1": 1.8,
          "w2": 2.3,
          "combined_weight": 4.1
        },
        {
          "t1": "XLV",
          "t2": "SPYV",
          "corr": 0.3566,
          "w1": 4.8,
          "w2": 7.5,
          "combined_weight": 12.2
        },
        {
          "t1": "SCHP",
          "t2": "SHEL",
          "corr": 0.3508,
          "w1": 8.0,
          "w2": 8.3,
          "combined_weight": 16.3
        },
        {
          "t1": "JNJ",
          "t2": "VICI",
          "corr": 0.345,
          "w1": 1.8,
          "w2": 6.9,
          "combined_weight": 8.7
        }
      ],
      "least_correlated": [
        {
          "t1": "GLD",
          "t2": "CLTL",
          "corr": 0.0355,
          "w1": 5.2,
          "w2": 16.2,
          "combined_weight": 21.4
        },
        {
          "t1": "GLD",
          "t2": "VCIT",
          "corr": 0.0355,
          "w1": 5.2,
          "w2": 7.3,
          "combined_weight": 12.5
        },
        {
          "t1": "BSV",
          "t2": "CLTL",
          "corr": 0.0196,
          "w1": 15.4,
          "w2": 16.2,
          "combined_weight": 31.6
        },
        {
          "t1": "BSV",
          "t2": "VCIT",
          "corr": 0.0196,
          "w1": 15.4,
          "w2": 7.3,
          "combined_weight": 22.7
        },
        {
          "t1": "CLTL",
          "t2": "VCIT",
          "corr": 0.0196,
          "w1": 16.2,
          "w2": 7.3,
          "combined_weight": 23.5
        }
      ],
      "high_corr_high_weight": []
    }
  },
  "all_pairs_top_30": [
    {
      "t1": "FLKR",
      "t2": "XCEM",
      "corr_hybrid": 0.7819,
      "corr_structured": 0.9,
      "cat1": "ETF",
      "cat2": "ETF",
      "exp1": "south_korea",
      "exp2": "emerging_markets",
      "fam1": "em_equity",
      "fam2": "em_equity"
    },
    {
      "t1": "EEMV",
      "t2": "XCEM",
      "corr_hybrid": 0.7724,
      "corr_structured": 0.95,
      "cat1": "ETF",
      "cat2": "ETF",
      "exp1": "emerging_markets",
      "exp2": "emerging_markets",
      "fam1": "em_equity",
      "fam2": "em_equity"
    },
    {
      "t1": "SOXX",
      "t2": "XCEM",
      "corr_hybrid": 0.7694,
      "corr_structured": 0.2,
      "cat1": "ETF",
      "cat2": "ETF",
      "exp1": "semiconductor",
      "exp2": "emerging_markets",
      "fam1": "sector_tech",
      "fam2": "em_equity"
    },
    {
      "t1": "COPX",
      "t2": "PICK",
      "corr_hybrid": 0.7685,
      "corr_structured": 0.2,
      "cat1": "ETF",
      "cat2": "ETF",
      "exp1": "copper",
      "exp2": "metals_mining",
      "fam1": "commodities",
      "fam2": null
    },
    {
      "t1": "SOXX",
      "t2": "XLK",
      "corr_hybrid": 0.7339,
      "corr_structured": 0.9,
      "cat1": "ETF",
      "cat2": "ETF",
      "exp1": "semiconductor",
      "exp2": "tech",
      "fam1": "sector_tech",
      "fam2": "sector_tech"
    },
    {
      "t1": "FLKR",
      "t2": "SOXX",
      "corr_hybrid": 0.7338,
      "corr_structured": 0.2,
      "cat1": "ETF",
      "cat2": "ETF",
      "exp1": "south_korea",
      "exp2": "semiconductor",
      "fam1": "em_equity",
      "fam2": "sector_tech"
    },
    {
      "t1": "XCEM",
      "t2": "XLK",
      "corr_hybrid": 0.7311,
      "corr_structured": 0.2,
      "cat1": "ETF",
      "cat2": "ETF",
      "exp1": "emerging_markets",
      "exp2": "tech",
      "fam1": "em_equity",
      "fam2": "sector_tech"
    },
    {
      "t1": "PICK",
      "t2": "XCEM",
      "corr_hybrid": 0.7286,
      "corr_structured": 0.2,
      "cat1": "ETF",
      "cat2": "ETF",
      "exp1": "metals_mining",
      "exp2": "emerging_markets",
      "fam1": null,
      "fam2": "em_equity"
    },
    {
      "t1": "FNDF",
      "t2": "XCEM",
      "corr_hybrid": 0.7225,
      "corr_structured": 0.62,
      "cat1": "ETF",
      "cat2": "ETF",
      "exp1": "international",
      "exp2": "emerging_markets",
      "fam1": "intl_equity",
      "fam2": "em_equity"
    },
    {
      "t1": "GPIQ",
      "t2": "XLK",
      "corr_hybrid": 0.7218,
      "corr_structured": 0.9,
      "cat1": "ETF",
      "cat2": "ETF",
      "exp1": "nasdaq100",
      "exp2": "tech",
      "fam1": "sector_tech",
      "fam2": "sector_tech"
    },
    {
      "t1": "COPX",
      "t2": "CS",
      "corr_hybrid": 0.7179,
      "corr_structured": null,
      "cat1": "ETF",
      "cat2": "Act",
      "exp1": "copper",
      "exp2": null,
      "fam1": "commodities",
      "fam2": null
    },
    {
      "t1": "EEMV",
      "t2": "FLKR",
      "corr_hybrid": 0.7137,
      "corr_structured": 0.9,
      "cat1": "ETF",
      "cat2": "ETF",
      "exp1": "emerging_markets",
      "exp2": "south_korea",
      "fam1": "em_equity",
      "fam2": "em_equity"
    },
    {
      "t1": "FLKR",
      "t2": "XLK",
      "corr_hybrid": 0.7029,
      "corr_structured": 0.2,
      "cat1": "ETF",
      "cat2": "ETF",
      "exp1": "south_korea",
      "exp2": "tech",
      "fam1": "em_equity",
      "fam2": "sector_tech"
    },
    {
      "t1": "GPIQ",
      "t2": "XCEM",
      "corr_hybrid": 0.7011,
      "corr_structured": 0.2,
      "cat1": "ETF",
      "cat2": "ETF",
      "exp1": "nasdaq100",
      "exp2": "emerging_markets",
      "fam1": "sector_tech",
      "fam2": "em_equity"
    },
    {
      "t1": "EEMV",
      "t2": "SOXX",
      "corr_hybrid": 0.6971,
      "corr_structured": 0.2,
      "cat1": "ETF",
      "cat2": "ETF",
      "exp1": "emerging_markets",
      "exp2": "semiconductor",
      "fam1": "em_equity",
      "fam2": "sector_tech"
    },
    {
      "t1": "EEMV",
      "t2": "FNDF",
      "corr_hybrid": 0.6967,
      "corr_structured": 0.62,
      "cat1": "ETF",
      "cat2": "ETF",
      "exp1": "emerging_markets",
      "exp2": "international",
      "fam1": "em_equity",
      "fam2": "intl_equity"
    },
    {
      "t1": "COPX",
      "t2": "XCEM",
      "corr_hybrid": 0.6938,
      "corr_structured": 0.2,
      "cat1": "ETF",
      "cat2": "ETF",
      "exp1": "copper",
      "exp2": "emerging_markets",
      "fam1": "commodities",
      "fam2": "em_equity"
    },
    {
      "t1": "FNDF",
      "t2": "PICK",
      "corr_hybrid": 0.6935,
      "corr_structured": 0.2,
      "cat1": "ETF",
      "cat2": "ETF",
      "exp1": "international",
      "exp2": "metals_mining",
      "fam1": "intl_equity",
      "fam2": null
    },
    {
      "t1": "EEMV",
      "t2": "PICK",
      "corr_hybrid": 0.688,
      "corr_structured": 0.2,
      "cat1": "ETF",
      "cat2": "ETF",
      "exp1": "emerging_markets",
      "exp2": "metals_mining",
      "fam1": "em_equity",
      "fam2": null
    },
    {
      "t1": "GPIQ",
      "t2": "SOXX",
      "corr_hybrid": 0.6831,
      "corr_structured": 0.9,
      "cat1": "ETF",
      "cat2": "ETF",
      "exp1": "nasdaq100",
      "exp2": "semiconductor",
      "fam1": "sector_tech",
      "fam2": "sector_tech"
    },
    {
      "t1": "CS",
      "t2": "PICK",
      "corr_hybrid": 0.6723,
      "corr_structured": null,
      "cat1": "Act",
      "cat2": "ETF",
      "exp1": null,
      "exp2": "metals_mining",
      "fam1": null,
      "fam2": null
    },
    {
      "t1": "FLKR",
      "t2": "PICK",
      "corr_hybrid": 0.6714,
      "corr_structured": 0.2,
      "cat1": "ETF",
      "cat2": "ETF",
      "exp1": "south_korea",
      "exp2": "metals_mining",
      "fam1": "em_equity",
      "fam2": null
    },
    {
      "t1": "EEMV",
      "t2": "XLK",
      "corr_hybrid": 0.6657,
      "corr_structured": 0.2,
      "cat1": "ETF",
      "cat2": "ETF",
      "exp1": "emerging_markets",
      "exp2": "tech",
      "fam1": "em_equity",
      "fam2": "sector_tech"
    },
    {
      "t1": "FLKR",
      "t2": "GPIQ",
      "corr_hybrid": 0.6638,
      "corr_structured": 0.2,
      "cat1": "ETF",
      "cat2": "ETF",
      "exp1": "south_korea",
      "exp2": "nasdaq100",
      "fam1": "em_equity",
      "fam2": "sector_tech"
    },
    {
      "t1": "COPX",
      "t2": "FNDF",
      "corr_hybrid": 0.662,
      "corr_structured": 0.2,
      "cat1": "ETF",
      "cat2": "ETF",
      "exp1": "copper",
      "exp2": "international",
      "fam1": "commodities",
      "fam2": "intl_equity"
    },
    {
      "t1": "PICK",
      "t2": "SOXX",
      "corr_hybrid": 0.6592,
      "corr_structured": 0.2,
      "cat1": "ETF",
      "cat2": "ETF",
      "exp1": "metals_mining",
      "exp2": "semiconductor",
      "fam1": null,
      "fam2": "sector_tech"
    },
    {
      "t1": "FLKR",
      "t2": "FNDF",
      "corr_hybrid": 0.6558,
      "corr_structured": 0.62,
      "cat1": "ETF",
      "cat2": "ETF",
      "exp1": "south_korea",
      "exp2": "international",
      "fam1": "em_equity",
      "fam2": "intl_equity"
    },
    {
      "t1": "EEMV",
      "t2": "GPIQ",
      "corr_hybrid": 0.6536,
      "corr_structured": 0.2,
      "cat1": "ETF",
      "cat2": "ETF",
      "exp1": "emerging_markets",
      "exp2": "nasdaq100",
      "fam1": "em_equity",
      "fam2": "sector_tech"
    },
    {
      "t1": "COPX",
      "t2": "EEMV",
      "corr_hybrid": 0.6516,
      "corr_structured": 0.2,
      "cat1": "ETF",
      "cat2": "ETF",
      "exp1": "copper",
      "exp2": "emerging_markets",
      "fam1": "commodities",
      "fam2": "em_equity"
    },
    {
      "t1": "COPX",
      "t2": "FLKR",
      "corr_hybrid": 0.6444,
      "corr_structured": 0.2,
      "cat1": "ETF",
      "cat2": "ETF",
      "exp1": "copper",
      "exp2": "south_korea",
      "fam1": "commodities",
      "fam2": "em_equity"
    }
  ],
  "all_pairs_bottom_10": [
    {
      "t1": "CF",
      "t2": "VCIT",
      "corr_hybrid": -0.0086,
      "corr_structured": null,
      "cat1": "Act",
      "cat2": "Obl",
      "exp1": null,
      "exp2": "bonds_intermediate_corp",
      "fam1": null,
      "fam2": "bonds_credit"
    },
    {
      "t1": "CF",
      "t2": "VGSH",
      "corr_hybrid": -0.0086,
      "corr_structured": null,
      "cat1": "Act",
      "cat2": "Obl",
      "exp1": null,
      "exp2": "bonds_short_treasury",
      "fam1": null,
      "fam2": "bonds_short"
    },
    {
      "t1": "NVDA",
      "t2": "SPLV",
      "corr_hybrid": 0.0066,
      "corr_structured": null,
      "cat1": "Act",
      "cat2": "ETF",
      "exp1": null,
      "exp2": "sp500",
      "fam1": null,
      "fam2": "us_equity_large"
    },
    {
      "t1": "CHD",
      "t2": "SOXX",
      "corr_hybrid": -0.0064,
      "corr_structured": null,
      "cat1": "Act",
      "cat2": "ETF",
      "exp1": null,
      "exp2": "semiconductor",
      "fam1": null,
      "fam2": "sector_tech"
    },
    {
      "t1": "GLD",
      "t2": "LUPIN",
      "corr_hybrid": -0.005,
      "corr_structured": null,
      "cat1": "ETF",
      "cat2": "Act",
      "exp1": "gold_physical",
      "exp2": null,
      "fam1": "gold",
      "fam2": null
    },
    {
      "t1": "ICLN",
      "t2": "LUPIN",
      "corr_hybrid": 0.0039,
      "corr_structured": null,
      "cat1": "ETF",
      "cat2": "Act",
      "exp1": "clean_energy",
      "exp2": null,
      "fam1": null,
      "fam2": null
    },
    {
      "t1": "LUPIN",
      "t2": "XCEM",
      "corr_hybrid": -0.0032,
      "corr_structured": null,
      "cat1": "Act",
      "cat2": "ETF",
      "exp1": null,
      "exp2": "emerging_markets",
      "fam1": null,
      "fam2": "em_equity"
    },
    {
      "t1": "ITX",
      "t2": "XBI",
      "corr_hybrid": 0.0031,
      "corr_structured": null,
      "cat1": "Act",
      "cat2": "ETF",
      "exp1": null,
      "exp2": "biotech",
      "fam1": null,
      "fam2": "sector_healthcare"
    },
    {
      "t1": "COPX",
      "t2": "ITX",
      "corr_hybrid": -0.0006,
      "corr_structured": null,
      "cat1": "ETF",
      "cat2": "Act",
      "exp1": "copper",
      "exp2": null,
      "fam1": "commodities",
      "fam2": null
    },
    {
      "t1": "FSLR",
      "t2": "LUPIN",
      "corr_hybrid": 0.0002,
      "corr_structured": null,
      "cat1": "Act",
      "cat2": "Act",
      "exp1": null,
      "exp2": null,
      "fam1": null,
      "fam2": null
    }
  ],
  "correlation_matrix": {
    "tickers": [
      "000660",
      "2059",
      "ACWV",
      "BMED",
      "BSV",
      "CF",
      "CHD",
      "CLTL",
      "COPX",
      "CS",
      "CUMMINSIND",
      "EEMV",
      "EXPD",
      "FLKR",
      "FLRN",
      "FLTR",
      "FNDF",
      "FSLR",
      "GLD",
      "GPIQ",
      "GVT&D",
      "ICLN",
      "ITX",
      "JNJ",
      "LLY",
      "LUPIN",
      "NTGY",
      "NVDA",
      "PAAA",
      "PICK",
      "PLTR",
      "SCHD",
      "SCHP",
      "SHEL",
      "SOXX",
      "SPLV",
      "SPYV",
      "TDTT",
      "VCIT",
      "VGSH",
      "VICI",
      "XBI",
      "XCEM",
      "XLK",
      "XLV"
    ],
    "matrix": [
      [
        1.0,
        0.5636,
        0.3418,
        0.4411,
        0.0839,
        0.2734,
        0.3164,
        0.0839,
        0.1319,
        0.143,
        0.5636,
        0.2256,
        0.3279,
        0.1016,
        0.0839,
        0.0839,
        0.2583,
        0.1641,
        0.1159,
        0.2275,
        0.5636,
        0.2019,
        0.3107,
        0.3764,
        0.3115,
        0.3039,
        0.2927,
        0.1888,
        0.0839,
        0.1767,
        0.1927,
        0.3324,
        0.524,
        0.388,
        0.1273,
        0.3008,
        0.3344,
        0.0839,
        0.0839,
        0.0839,
        0.4092,
        0.2006,
        0.1613,
        0.1796,
        0.3126
      ],
      [
        0.5636,
        1.0,
        0.3418,
        0.4411,
        0.0839,
        0.2734,
        0.3164,
        0.0839,
        0.1319,
        0.143,
        0.5636,
        0.2256,
        0.3279,
        0.1016,
        0.0839,
        0.0839,
        0.2583,
        0.1641,
        0.1159,
        0.2275,
        0.5636,
        0.2019,
        0.3107,
        0.3764,
        0.3115,
        0.3039,
        0.2927,
        0.1888,
        0.0839,
        0.1767,
        0.1927,
        0.3324,
        0.524,
        0.388,
        0.1273,
        0.3008,
        0.3344,
        0.0839,
        0.0839,
        0.0839,
        0.4092,
        0.2006,
        0.1613,
        0.1796,
        0.3126
      ],
      [
        0.3418,
        0.3418,
        1.0,
        0.4669,
        0.0786,
        -0.109,
        0.2682,
        0.0786,
        0.3387,
        0.306,
        0.3418,
        0.423,
        0.2015,
        0.3316,
        0.0786,
        0.0786,
        0.4403,
        0.1304,
        0.1999,
        0.328,
        0.3418,
        0.2902,
        0.2203,
        0.3375,
        0.3407,
        0.1787,
        0.1802,
        0.2042,
        0.0786,
        0.3816,
        0.0548,
        0.3181,
        0.3205,
        0.1721,
        0.3049,
        0.2883,
        0.3899,
        0.0786,
        0.0786,
        0.0786,
        0.2904,
        0.3528,
        0.3951,
        0.2863,
        0.4065
      ],
      [
        0.4411,
        0.4411,
        0.4669,
        1.0,
        0.0893,
        -0.1554,
        0.3275,
        0.0893,
        0.3629,
        0.3192,
        0.4411,
        0.4733,
        0.1855,
        0.3452,
        0.0893,
        0.0893,
        0.4843,
        0.1973,
        0.2183,
        0.3901,
        0.4411,
        0.3339,
        0.1818,
        0.4321,
        0.5531,
        0.2425,
        0.2316,
        0.2383,
        0.0893,
        0.4036,
        0.22,
        0.3719,
        0.4031,
        0.1804,
        0.3139,
        0.3329,
        0.4603,
        0.0893,
        0.0893,
        0.0893,
        0.3384,
        0.5003,
        0.4159,
        0.3321,
        0.5639
      ],
      [
        0.0839,
        0.0839,
        0.0786,
        0.0893,
        1.0,
        -0.0086,
        0.0509,
        0.0196,
        0.0629,
        0.0359,
        0.0839,
        0.0942,
        0.0573,
        0.0796,
        0.0196,
        0.0196,
        0.0928,
        0.0306,
        0.0355,
        0.0859,
        0.0839,
        0.0698,
        0.0599,
        0.0606,
        0.0447,
        0.0415,
        0.0432,
        0.0661,
        0.0196,
        0.0756,
        0.0268,
        0.0647,
        0.0803,
        0.0491,
        0.0798,
        0.0545,
        0.0872,
        0.0196,
        0.0196,
        0.0196,
        0.066,
        0.0617,
        0.0922,
        0.0812,
        0.0646
      ],
      [
        0.2734,
        0.2734,
        -0.109,
        -0.1554,
        -0.0086,
        1.0,
        0.0327,
        -0.0086,
        -0.1829,
        0.0283,
        0.2734,
        -0.3378,
        0.2099,
        -0.3789,
        -0.0086,
        -0.0086,
        -0.2626,
        0.0102,
        -0.0276,
        -0.2343,
        0.2734,
        -0.1531,
        0.1428,
        0.0156,
        -0.1936,
        0.1229,
        0.1397,
        -0.0919,
        -0.0086,
        -0.2094,
        0.0703,
        0.0253,
        0.233,
        0.3959,
        -0.2978,
        0.0194,
        -0.133,
        -0.0086,
        -0.0086,
        -0.0086,
        0.153,
        -0.3245,
        -0.3811,
        -0.235,
        -0.2339
      ],
      [
        0.3164,
        0.3164,
        0.2682,
        0.3275,
        0.0509,
        0.0327,
        1.0,
        0.0509,
        0.025,
        0.0958,
        0.3164,
        0.1314,
        0.1999,
        0.0209,
        0.0509,
        0.0509,
        0.1637,
        0.133,
        0.0358,
        0.0199,
        0.3164,
        0.093,
        0.2324,
        0.3606,
        0.3493,
        0.2114,
        0.1729,
        -0.0596,
        0.0509,
        0.0742,
        -0.1884,
        0.2595,
        0.3122,
        0.1518,
        -0.0064,
        0.289,
        0.2083,
        0.0509,
        0.0509,
        0.0509,
        0.3028,
        0.1407,
        0.0727,
        -0.05,
        0.3331
      ],
      [
        0.0839,
        0.0839,
        0.0786,
        0.0893,
        0.0196,
        -0.0086,
        0.0509,
        1.0,
        0.0629,
        0.0359,
        0.0839,
        0.0942,
        0.0573,
        0.0796,
        0.0196,
        0.0196,
        0.0928,
        0.0306,
        0.0355,
        0.0859,
        0.0839,
        0.0698,
        0.0599,
        0.0606,
        0.0447,
        0.0415,
        0.0432,
        0.0661,
        0.0196,
        0.0756,
        0.0268,
        0.0647,
        0.0803,
        0.0491,
        0.0798,
        0.0545,
        0.0872,
        0.0196,
        0.0196,
        0.0196,
        0.066,
        0.0617,
        0.0922,
        0.0812,
        0.0646
      ],
      [
        0.1319,
        0.1319,
        0.3387,
        0.3629,
        0.0629,
        -0.1829,
        0.025,
        0.0629,
        1.0,
        0.7179,
        0.1319,
        0.6516,
        0.1003,
        0.6444,
        0.0629,
        0.0629,
        0.662,
        0.251,
        0.4514,
        0.5731,
        0.1319,
        0.5457,
        -0.0006,
        0.0976,
        0.0778,
        -0.0439,
        0.0621,
        0.4184,
        0.0629,
        0.7685,
        0.2643,
        0.2559,
        0.07,
        0.1277,
        0.6369,
        0.1344,
        0.4416,
        0.0629,
        0.0629,
        0.0629,
        0.0777,
        0.4474,
        0.6938,
        0.6028,
        0.2684
      ],
      [
        0.143,
        0.143,
        0.306,
        0.3192,
        0.0359,
        0.0283,
        0.0958,
        0.0359,
        0.7179,
        1.0,
        0.143,
        0.4303,
        0.0984,
        0.3696,
        0.0359,
        0.0359,
        0.5242,
        0.1021,
        0.4556,
        0.2875,
        0.143,
        0.3273,
        0.0404,
        0.1922,
        0.1532,
        -0.0118,
        0.0762,
        0.162,
        0.0359,
        0.6723,
        0.0557,
        0.2806,
        0.0758,
        0.2035,
        0.3424,
        0.2105,
        0.3188,
        0.0359,
        0.0359,
        0.0359,
        0.1256,
        0.3434,
        0.4277,
        0.2797,
        0.2983
      ],
      [
        0.5636,
        0.5636,
        0.3418,
        0.4411,
        0.0839,
        0.2734,
        0.3164,
        0.0839,
        0.1319,
        0.143,
        1.0,
        0.2256,
        0.3279,
        0.1016,
        0.0839,
        0.0839,
        0.2583,
        0.1641,
        0.1159,
        0.2275,
        0.5636,
        0.2019,
        0.3107,
        0.3764,
        0.3115,
        0.3039,
        0.2927,
        0.1888,
        0.0839,
        0.1767,
        0.1927,
        0.3324,
        0.524,
        0.388,
        0.1273,
        0.3008,
        0.3344,
        0.0839,
        0.0839,
        0.0839,
        0.4092,
        0.2006,
        0.1613,
        0.1796,
        0.3126
      ],
      [
        0.2256,
        0.2256,
        0.423,
        0.4733,
        0.0942,
        -0.3378,
        0.1314,
        0.0942,
        0.6516,
        0.4303,
        0.2256,
        1.0,
        0.1644,
        0.7137,
        0.0942,
        0.0942,
        0.6967,
        0.2866,
        0.344,
        0.6536,
        0.2256,
        0.5847,
        0.1113,
        0.1891,
        0.1834,
        0.047,
        0.1115,
        0.4729,
        0.0942,
        0.688,
        0.2224,
        0.3011,
        0.1924,
        0.0876,
        0.6971,
        0.1972,
        0.5298,
        0.0942,
        0.0942,
        0.0942,
        0.1717,
        0.4963,
        0.7724,
        0.6657,
        0.3609
      ],
      [
        0.3279,
        0.3279,
        0.2015,
        0.1855,
        0.0573,
        0.2099,
        0.1999,
        0.0573,
        0.1003,
        0.0984,
        0.3279,
        0.1644,
        1.0,
        0.1071,
        0.0573,
        0.0573,
        0.1868,
        0.123,
        0.0792,
        0.138,
        0.3279,
        0.1625,
        0.2675,
        0.2053,
        0.0439,
        0.164,
        0.1707,
        0.1162,
        0.0573,
        0.1418,
        -0.0449,
        0.2149,
        0.314,
        0.2683,
        0.1281,
        0.1965,
        0.2115,
        0.0573,
        0.0573,
        0.0573,
        0.2683,
        0.0289,
        0.1481,
        0.1166,
        0.1066
      ],
      [
        0.1016,
        0.1016,
        0.3316,
        0.3452,
        0.0796,
        -0.3789,
        0.0209,
        0.0796,
        0.6444,
        0.3696,
        0.1016,
        0.7137,
        0.1071,
        1.0,
        0.0796,
        0.0796,
        0.6558,
        0.2774,
        0.326,
        0.6638,
        0.1016,
        0.5857,
        0.0386,
        0.0548,
        0.0338,
        -0.0363,
        0.044,
        0.5021,
        0.0796,
        0.6714,
        0.2445,
        0.2112,
        0.0745,
        0.0188,
        0.7338,
        0.0958,
        0.4683,
        0.0796,
        0.0796,
        0.0796,
        0.0644,
        0.4361,
        0.7819,
        0.7029,
        0.2321
      ],
      [
        0.0839,
        0.0839,
        0.0786,
        0.0893,
        0.0196,
        -0.0086,
        0.0509,
        0.0196,
        0.0629,
        0.0359,
        0.0839,
        0.0942,
        0.0573,
        0.0796,
        1.0,
        0.0196,
        0.0928,
        0.0306,
        0.0355,
        0.0859,
        0.0839,
        0.0698,
        0.0599,
        0.0606,
        0.0447,
        0.0415,
        0.0432,
        0.0661,
        0.0196,
        0.0756,
        0.0268,
        0.0647,
        0.0803,
        0.0491,
        0.0798,
        0.0545,
        0.0872,
        0.0196,
        0.0196,
        0.0196,
        0.066,
        0.0617,
        0.0922,
        0.0812,
        0.0646
      ],
      [
        0.0839,
        0.0839,
        0.0786,
        0.0893,
        0.0196,
        -0.0086,
        0.0509,
        0.0196,
        0.0629,
        0.0359,
        0.0839,
        0.0942,
        0.0573,
        0.0796,
        0.0196,
        1.0,
        0.0928,
        0.0306,
        0.0355,
        0.0859,
        0.0839,
        0.0698,
        0.0599,
        0.0606,
        0.0447,
        0.0415,
        0.0432,
        0.0661,
        0.0196,
        0.0756,
        0.0268,
        0.0647,
        0.0803,
        0.0491,
        0.0798,
        0.0545,
        0.0872,
        0.0196,
        0.0196,
        0.0196,
        0.066,
        0.0617,
        0.0922,
        0.0812,
        0.0646
      ],
      [
        0.2583,
        0.2583,
        0.4403,
        0.4843,
        0.0928,
        -0.2626,
        0.1637,
        0.0928,
        0.662,
        0.5242,
        0.2583,
        0.6967,
        0.1868,
        0.6558,
        0.0928,
        0.0928,
        1.0,
        0.2098,
        0.3647,
        0.5953,
        0.2583,
        0.5243,
        0.1602,
        0.2357,
        0.2057,
        0.0707,
        0.1309,
        0.4229,
        0.0928,
        0.6935,
        0.1683,
        0.3315,
        0.2234,
        0.1402,
        0.6326,
        0.2408,
        0.5208,
        0.0928,
        0.0928,
        0.0928,
        0.2111,
        0.4806,
        0.7225,
        0.5952,
        0.3838
      ],
      [
        0.1641,
        0.1641,
        0.1304,
        0.1973,
        0.0306,
        0.0102,
        0.133,
        0.0306,
        0.251,
        0.1021,
        0.1641,
        0.2866,
        0.123,
        0.2774,
        0.0306,
        0.0306,
        0.2098,
        1.0,
        0.1543,
        0.2583,
        0.1641,
        0.6329,
        -0.2179,
        0.0815,
        0.1461,
        0.0002,
        0.0793,
        0.1164,
        0.0306,
        0.249,
        0.1136,
        0.1508,
        0.0859,
        0.0426,
        0.3293,
        0.048,
        0.2309,
        0.0306,
        0.0306,
        0.0306,
        0.0643,
        0.1607,
        0.288,
        0.269,
        0.1436
      ],
      [
        0.1159,
        0.1159,
        0.1999,
        0.2183,
        0.0355,
        -0.0276,
        0.0358,
        0.0355,
        0.4514,
        0.4556,
        0.1159,
        0.344,
        0.0792,
        0.326,
        0.0355,
        0.0355,
        0.3647,
        0.1543,
        1.0,
        0.2979,
        0.1159,
        0.3008,
        0.012,
        0.0827,
        0.062,
        -0.005,
        0.0571,
        0.2158,
        0.0355,
        0.435,
        0.1524,
        0.1663,
        0.0726,
        0.12,
        0.3261,
        0.0975,
        0.2489,
        0.0355,
        0.0355,
        0.0355,
        0.0722,
        0.2433,
        0.3575,
        0.3093,
        0.1621
      ],
      [
        0.2275,
        0.2275,
        0.328,
        0.3901,
        0.0859,
        -0.2343,
        0.0199,
        0.0859,
        0.5731,
        0.2875,
        0.2275,
        0.6536,
        0.138,
        0.6638,
        0.0859,
        0.0859,
        0.5953,
        0.2583,
        0.2979,
        1.0,
        0.2275,
        0.5485,
        0.0542,
        0.0696,
        0.0697,
        0.0333,
        0.106,
        0.5613,
        0.0859,
        0.596,
        0.4572,
        0.2143,
        0.1861,
        0.1174,
        0.6831,
        0.086,
        0.4685,
        0.0859,
        0.0859,
        0.0859,
        0.1106,
        0.4369,
        0.7011,
        0.7218,
        0.2225
      ],
      [
        0.5636,
        0.5636,
        0.3418,
        0.4411,
        0.0839,
        0.2734,
        0.3164,
        0.0839,
        0.1319,
        0.143,
        0.5636,
        0.2256,
        0.3279,
        0.1016,
        0.0839,
        0.0839,
        0.2583,
        0.1641,
        0.1159,
        0.2275,
        1.0,
        0.2019,
        0.3107,
        0.3764,
        0.3115,
        0.3039,
        0.2927,
        0.1888,
        0.0839,
        0.1767,
        0.1927,
        0.3324,
        0.524,
        0.388,
        0.1273,
        0.3008,
        0.3344,
        0.0839,
        0.0839,
        0.0839,
        0.4092,
        0.2006,
        0.1613,
        0.1796,
        0.3126
      ],
      [
        0.2019,
        0.2019,
        0.2902,
        0.3339,
        0.0698,
        -0.1531,
        0.093,
        0.0698,
        0.5457,
        0.3273,
        0.2019,
        0.5847,
        0.1625,
        0.5857,
        0.0698,
        0.0698,
        0.5243,
        0.6329,
        0.3008,
        0.5485,
        0.2019,
        1.0,
        -0.0475,
        0.0979,
        0.0934,
        0.0039,
        0.0961,
        0.3881,
        0.0698,
        0.5592,
        0.2428,
        0.2325,
        0.1395,
        0.0975,
        0.6137,
        0.1053,
        0.4227,
        0.0698,
        0.0698,
        0.0698,
        0.1088,
        0.3497,
        0.6213,
        0.5765,
        0.2195
      ],
      [
        0.3107,
        0.3107,
        0.2203,
        0.1818,
        0.0599,
        0.1428,
        0.2324,
        0.0599,
        -0.0006,
        0.0404,
        0.3107,
        0.1113,
        0.2675,
        0.0386,
        0.0599,
        0.0599,
        0.1602,
        -0.2179,
        0.012,
        0.0542,
        0.3107,
        -0.0475,
        1.0,
        0.2568,
        0.0648,
        0.2044,
        0.1667,
        0.0562,
        0.0599,
        0.0635,
        -0.1889,
        0.2143,
        0.336,
        0.2471,
        0.0256,
        0.2483,
        0.1799,
        0.0599,
        0.0599,
        0.0599,
        0.3081,
        0.0031,
        0.0882,
        0.0115,
        0.1352
      ],
      [
        0.3764,
        0.3764,
        0.3375,
        0.4321,
        0.0606,
        0.0156,
        0.3606,
        0.0606,
        0.0976,
        0.1922,
        0.3764,
        0.1891,
        0.2053,
        0.0548,
        0.0606,
        0.0606,
        0.2357,
        0.0815,
        0.0827,
        0.0696,
        0.3764,
        0.0979,
        0.2568,
        1.0,
        0.4474,
        0.2467,
        0.2047,
        -0.0243,
        0.0606,
        0.1444,
        -0.1181,
        0.3104,
        0.3653,
        0.1846,
        0.0182,
        0.3366,
        0.2674,
        0.0606,
        0.0606,
        0.0606,
        0.345,
        0.2342,
        0.1174,
        -0.0098,
        0.4282
      ],
      [
        0.3115,
        0.3115,
        0.3407,
        0.5531,
        0.0447,
        -0.1936,
        0.3493,
        0.0447,
        0.0778,
        0.1532,
        0.3115,
        0.1834,
        0.0439,
        0.0338,
        0.0447,
        0.0447,
        0.2057,
        0.1461,
        0.062,
        0.0697,
        0.3115,
        0.0934,
        0.0648,
        0.4474,
        1.0,
        0.2334,
        0.1717,
        -0.0644,
        0.0447,
        0.1053,
        0.048,
        0.2728,
        0.29,
        0.0275,
        -0.0258,
        0.3012,
        0.2522,
        0.0447,
        0.0447,
        0.0447,
        0.2648,
        0.4062,
        0.0856,
        -0.0227,
        0.5863
      ],
      [
        0.3039,
        0.3039,
        0.1787,
        0.2425,
        0.0415,
        0.1229,
        0.2114,
        0.0415,
        -0.0439,
        -0.0118,
        0.3039,
        0.047,
        0.164,
        -0.0363,
        0.0415,
        0.0415,
        0.0707,
        0.0002,
        -0.005,
        0.0333,
        0.3039,
        0.0039,
        0.2044,
        0.2467,
        0.2334,
        1.0,
        0.1611,
        0.0203,
        0.0415,
        -0.0087,
        0.0232,
        0.1727,
        0.2984,
        0.1804,
        -0.0374,
        0.1875,
        0.1405,
        0.0415,
        0.0415,
        0.0415,
        0.2424,
        0.085,
        -0.0032,
        -0.011,
        0.2013
      ],
      [
        0.2927,
        0.2927,
        0.1802,
        0.2316,
        0.0432,
        0.1397,
        0.1729,
        0.0432,
        0.0621,
        0.0762,
        0.2927,
        0.1115,
        0.1707,
        0.044,
        0.0432,
        0.0432,
        0.1309,
        0.0793,
        0.0571,
        0.106,
        0.2927,
