{
  "_meta": {
    "generated": "2026-04-08T14:55:43",
    "portfolio_generated": "2026-04-08T14:51:53.901283",
    "n_assets": 40,
    "n_with_returns": 31,
    "covariance_method": "hybrid_shrunk",
    "condition_number": 450.25,
    "pca_factors": 5
  },
  "profiles": {
    "Agressif": {
      "n_assets": 14,
      "weighted_avg_correlation": 0.2678,
      "most_correlated": [
        {
          "t1": "SOXX",
          "t2": "MU",
          "corr": 0.8173,
          "w1": 8.0,
          "w2": 4.4,
          "combined_weight": 12.5
        },
        {
          "t1": "SILJ",
          "t2": "GLD",
          "corr": 0.7939,
          "w1": 11.4,
          "w2": 10.2,
          "combined_weight": 21.6
        },
        {
          "t1": "VRT",
          "t2": "NVDA",
          "corr": 0.7356,
          "w1": 4.5,
          "w2": 3.2,
          "combined_weight": 7.8
        },
        {
          "t1": "SOXX",
          "t2": "VRT",
          "corr": 0.7339,
          "w1": 8.0,
          "w2": 4.5,
          "combined_weight": 12.5
        },
        {
          "t1": "SILJ",
          "t2": "PICK",
          "corr": 0.7039,
          "w1": 11.4,
          "w2": 8.1,
          "combined_weight": 19.6
        },
        {
          "t1": "SOXX",
          "t2": "NVDA",
          "corr": 0.693,
          "w1": 8.0,
          "w2": 3.2,
          "combined_weight": 11.2
        },
        {
          "t1": "FLKR",
          "t2": "SOXX",
          "corr": 0.6655,
          "w1": 5.8,
          "w2": 8.0,
          "combined_weight": 13.8
        },
        {
          "t1": "VRT",
          "t2": "MU",
          "corr": 0.6413,
          "w1": 4.5,
          "w2": 4.4,
          "combined_weight": 9.0
        },
        {
          "t1": "SOXX",
          "t2": "PICK",
          "corr": 0.6258,
          "w1": 8.0,
          "w2": 8.1,
          "combined_weight": 16.2
        },
        {
          "t1": "FLKR",
          "t2": "PICK",
          "corr": 0.6226,
          "w1": 5.8,
          "w2": 8.1,
          "combined_weight": 14.0
        }
      ],
      "least_correlated": [
        {
          "t1": "XLE",
          "t2": "SILJ",
          "corr": 0.0213,
          "w1": 9.6,
          "w2": 11.4,
          "combined_weight": 21.0
        },
        {
          "t1": "FLTR",
          "t2": "PAAA",
          "corr": 0.0207,
          "w1": 7.7,
          "w2": 7.7,
          "combined_weight": 15.3
        },
        {
          "t1": "VRT",
          "t2": "FLTR",
          "corr": 0.0159,
          "w1": 4.5,
          "w2": 7.7,
          "combined_weight": 12.2
        },
        {
          "t1": "VRT",
          "t2": "PAAA",
          "corr": 0.0159,
          "w1": 4.5,
          "w2": 7.7,
          "combined_weight": 12.2
        },
        {
          "t1": "XLE",
          "t2": "GLD",
          "corr": -0.011,
          "w1": 9.6,
          "w2": 10.2,
          "combined_weight": 19.8
        }
      ],
      "high_corr_high_weight": [
        {
          "t1": "SOXX",
          "t2": "MU",
          "corr": 0.8173,
          "w1": 8.0,
          "w2": 4.4,
          "combined_weight": 12.5
        },
        {
          "t1": "SILJ",
          "t2": "GLD",
          "corr": 0.7939,
          "w1": 11.4,
          "w2": 10.2,
          "combined_weight": 21.6
        },
        {
          "t1": "SOXX",
          "t2": "VRT",
          "corr": 0.7339,
          "w1": 8.0,
          "w2": 4.5,
          "combined_weight": 12.5
        },
        {
          "t1": "SILJ",
          "t2": "PICK",
          "corr": 0.7039,
          "w1": 11.4,
          "w2": 8.1,
          "combined_weight": 19.6
        }
      ]
    },
    "Mod\u00e9r\u00e9": {
      "n_assets": 15,
      "weighted_avg_correlation": 0.2141,
      "most_correlated": [
        {
          "t1": "VSS",
          "t2": "RIO",
          "corr": 0.6195,
          "w1": 8.7,
          "w2": 4.5,
          "combined_weight": 13.2
        },
        {
          "t1": "SCHD",
          "t2": "GCOW",
          "corr": 0.6113,
          "w1": 9.0,
          "w2": 5.7,
          "combined_weight": 14.7
        },
        {
          "t1": "SCHY",
          "t2": "VSS",
          "corr": 0.6019,
          "w1": 9.0,
          "w2": 8.7,
          "combined_weight": 17.7
        },
        {
          "t1": "SCHY",
          "t2": "GCOW",
          "corr": 0.5751,
          "w1": 9.0,
          "w2": 5.7,
          "combined_weight": 14.7
        },
        {
          "t1": "VSS",
          "t2": "GCOW",
          "corr": 0.5647,
          "w1": 8.7,
          "w2": 5.7,
          "combined_weight": 14.5
        },
        {
          "t1": "SCHY",
          "t2": "RIO",
          "corr": 0.5566,
          "w1": 9.0,
          "w2": 4.5,
          "combined_weight": 13.5
        },
        {
          "t1": "SCHD",
          "t2": "SCHY",
          "corr": 0.5321,
          "w1": 9.0,
          "w2": 9.0,
          "combined_weight": 18.0
        },
        {
          "t1": "SCHD",
          "t2": "XLV",
          "corr": 0.5184,
          "w1": 9.0,
          "w2": 3.4,
          "combined_weight": 12.4
        },
        {
          "t1": "GCOW",
          "t2": "RIO",
          "corr": 0.5145,
          "w1": 5.7,
          "w2": 4.5,
          "combined_weight": 10.2
        },
        {
          "t1": "SCHD",
          "t2": "VSS",
          "corr": 0.5035,
          "w1": 9.0,
          "w2": 8.7,
          "combined_weight": 17.7
        }
      ],
      "least_correlated": [
        {
          "t1": "GBIL",
          "t2": "USFR",
          "corr": 0.0207,
          "w1": 9.0,
          "w2": 8.0,
          "combined_weight": 17.0
        },
        {
          "t1": "SCHY",
          "t2": "ITX",
          "corr": 0.0008,
          "w1": 9.0,
          "w2": 5.6,
          "combined_weight": 14.6
        },
        {
          "t1": "ITX",
          "t2": "BBVA",
          "corr": -0.0269,
          "w1": 5.6,
          "w2": 4.5,
          "combined_weight": 10.1
        },
        {
          "t1": "ITX",
          "t2": "XLV",
          "corr": -0.0539,
          "w1": 5.6,
          "w2": 3.4,
          "combined_weight": 9.0
        },
        {
          "t1": "EOG",
          "t2": "GLD",
          "corr": -0.0686,
          "w1": 3.4,
          "w2": 7.8,
          "combined_weight": 11.2
        }
      ],
      "high_corr_high_weight": []
    },
    "Stable": {
      "n_assets": 15,
      "weighted_avg_correlation": 0.1209,
      "most_correlated": [
        {
          "t1": "ACWV",
          "t2": "SPYV",
          "corr": 0.5216,
          "w1": 5.0,
          "w2": 4.2,
          "combined_weight": 9.2
        },
        {
          "t1": "SPYV",
          "t2": "XLV",
          "corr": 0.5093,
          "w1": 4.2,
          "w2": 4.1,
          "combined_weight": 8.3
        },
        {
          "t1": "SPLV",
          "t2": "SPYV",
          "corr": 0.4443,
          "w1": 6.6,
          "w2": 4.2,
          "combined_weight": 10.8
        },
        {
          "t1": "ACWV",
          "t2": "SPLV",
          "corr": 0.4402,
          "w1": 5.0,
          "w2": 6.6,
          "combined_weight": 11.6
        },
        {
          "t1": "ACWV",
          "t2": "XLV",
          "corr": 0.4355,
          "w1": 5.0,
          "w2": 4.1,
          "combined_weight": 9.1
        },
        {
          "t1": "EOG",
          "t2": "SPYV",
          "corr": 0.408,
          "w1": 5.3,
          "w2": 4.2,
          "combined_weight": 9.5
        },
        {
          "t1": "SPYV",
          "t2": "GD",
          "corr": 0.4029,
          "w1": 4.2,
          "w2": 4.5,
          "combined_weight": 8.7
        },
        {
          "t1": "SPLV",
          "t2": "XLV",
          "corr": 0.4011,
          "w1": 6.6,
          "w2": 4.1,
          "combined_weight": 10.6
        },
        {
          "t1": "SPLV",
          "t2": "VICI",
          "corr": 0.3858,
          "w1": 6.6,
          "w2": 5.3,
          "combined_weight": 11.9
        },
        {
          "t1": "ACWV",
          "t2": "VICI",
          "corr": 0.3827,
          "w1": 5.0,
          "w2": 5.3,
          "combined_weight": 10.3
        }
      ],
      "least_correlated": [
        {
          "t1": "CLTL",
          "t2": "VGSH",
          "corr": 0.0207,
          "w1": 9.9,
          "w2": 12.3,
          "combined_weight": 22.2
        },
        {
          "t1": "CLTL",
          "t2": "STIP",
          "corr": 0.0207,
          "w1": 9.9,
          "w2": 13.0,
          "combined_weight": 22.9
        },
        {
          "t1": "VGSH",
          "t2": "STIP",
          "corr": 0.0207,
          "w1": 12.3,
          "w2": 13.0,
          "combined_weight": 25.3
        },
        {
          "t1": "ULVR",
          "t2": "GLD",
          "corr": -0.0405,
          "w1": 4.4,
          "w2": 4.1,
          "combined_weight": 8.5
        },
        {
          "t1": "EOG",
          "t2": "GLD",
          "corr": -0.0686,
          "w1": 5.3,
          "w2": 4.1,
          "combined_weight": 9.4
        }
      ],
      "high_corr_high_weight": []
    }
  },
  "all_pairs_top_30": [
    {
      "t1": "SMH",
      "t2": "SOXX",
      "corr_hybrid": 0.8644,
      "corr_structured": 0.95,
      "cat1": "ETF",
      "cat2": "ETF",
      "exp1": "semiconductor",
      "exp2": "semiconductor",
      "fam1": "sector_tech",
      "fam2": "sector_tech"
    },
    {
      "t1": "MU",
      "t2": "SOXX",
      "corr_hybrid": 0.8173,
      "corr_structured": null,
      "cat1": "Act",
      "cat2": "ETF",
      "exp1": null,
      "exp2": "semiconductor",
      "fam1": null,
      "fam2": "sector_tech"
    },
    {
      "t1": "MU",
      "t2": "SMH",
      "corr_hybrid": 0.8139,
      "corr_structured": null,
      "cat1": "Act",
      "cat2": "ETF",
      "exp1": null,
      "exp2": "semiconductor",
      "fam1": null,
      "fam2": "sector_tech"
    },
    {
      "t1": "GLD",
      "t2": "SILJ",
      "corr_hybrid": 0.7939,
      "corr_structured": 0.85,
      "cat1": "ETF",
      "cat2": "ETF",
      "exp1": "gold_physical",
      "exp2": "silver_miners",
      "fam1": "gold",
      "fam2": "precious_metals"
    },
    {
      "t1": "SMH",
      "t2": "VRT",
      "corr_hybrid": 0.7606,
      "corr_structured": null,
      "cat1": "ETF",
      "cat2": "Act",
      "exp1": "semiconductor",
      "exp2": null,
      "fam1": "sector_tech",
      "fam2": null
    },
    {
      "t1": "PICK",
      "t2": "VSS",
      "corr_hybrid": 0.7358,
      "corr_structured": 0.2,
      "cat1": "ETF",
      "cat2": "ETF",
      "exp1": "metals_mining",
      "exp2": "intl_small_cap",
      "fam1": null,
      "fam2": null
    },
    {
      "t1": "NVDA",
      "t2": "VRT",
      "corr_hybrid": 0.7356,
      "corr_structured": null,
      "cat1": "Act",
      "cat2": "Act",
      "exp1": null,
      "exp2": null,
      "fam1": null,
      "fam2": null
    },
    {
      "t1": "SOXX",
      "t2": "VRT",
      "corr_hybrid": 0.7339,
      "corr_structured": null,
      "cat1": "ETF",
      "cat2": "Act",
      "exp1": "semiconductor",
      "exp2": null,
      "fam1": "sector_tech",
      "fam2": null
    },
    {
      "t1": "NVDA",
      "t2": "SMH",
      "corr_hybrid": 0.7106,
      "corr_structured": null,
      "cat1": "Act",
      "cat2": "ETF",
      "exp1": null,
      "exp2": "semiconductor",
      "fam1": null,
      "fam2": "sector_tech"
    },
    {
      "t1": "PICK",
      "t2": "SILJ",
      "corr_hybrid": 0.7039,
      "corr_structured": 0.2,
      "cat1": "ETF",
      "cat2": "ETF",
      "exp1": "metals_mining",
      "exp2": "silver_miners",
      "fam1": null,
      "fam2": "precious_metals"
    },
    {
      "t1": "NVDA",
      "t2": "SOXX",
      "corr_hybrid": 0.693,
      "corr_structured": null,
      "cat1": "Act",
      "cat2": "ETF",
      "exp1": null,
      "exp2": "semiconductor",
      "fam1": null,
      "fam2": "sector_tech"
    },
    {
      "t1": "FLKR",
      "t2": "SOXX",
      "corr_hybrid": 0.6655,
      "corr_structured": 0.2,
      "cat1": "ETF",
      "cat2": "ETF",
      "exp1": "south_korea",
      "exp2": "semiconductor",
      "fam1": "em_equity",
      "fam2": "sector_tech"
    },
    {
      "t1": "PICK",
      "t2": "RIO",
      "corr_hybrid": 0.665,
      "corr_structured": null,
      "cat1": "ETF",
      "cat2": "Act",
      "exp1": "metals_mining",
      "exp2": null,
      "fam1": null,
      "fam2": null
    },
    {
      "t1": "FLKR",
      "t2": "SMH",
      "corr_hybrid": 0.6585,
      "corr_structured": 0.2,
      "cat1": "ETF",
      "cat2": "ETF",
      "exp1": "south_korea",
      "exp2": "semiconductor",
      "fam1": "em_equity",
      "fam2": "sector_tech"
    },
    {
      "t1": "MU",
      "t2": "VRT",
      "corr_hybrid": 0.6413,
      "corr_structured": null,
      "cat1": "Act",
      "cat2": "Act",
      "exp1": null,
      "exp2": null,
      "fam1": null,
      "fam2": null
    },
    {
      "t1": "PICK",
      "t2": "SCHY",
      "corr_hybrid": 0.628,
      "corr_structured": 0.2,
      "cat1": "ETF",
      "cat2": "ETF",
      "exp1": "metals_mining",
      "exp2": "international",
      "fam1": null,
      "fam2": "intl_equity"
    },
    {
      "t1": "PICK",
      "t2": "SOXX",
      "corr_hybrid": 0.6258,
      "corr_structured": 0.2,
      "cat1": "ETF",
      "cat2": "ETF",
      "exp1": "metals_mining",
      "exp2": "semiconductor",
      "fam1": null,
      "fam2": "sector_tech"
    },
    {
      "t1": "SCHD",
      "t2": "SPYV",
      "corr_hybrid": 0.625,
      "corr_structured": 0.8,
      "cat1": "ETF",
      "cat2": "ETF",
      "exp1": "dividend",
      "exp2": "sp500_value",
      "fam1": "factor_dividend",
      "fam2": "factor_value"
    },
    {
      "t1": "FLKR",
      "t2": "PICK",
      "corr_hybrid": 0.6226,
      "corr_structured": 0.2,
      "cat1": "ETF",
      "cat2": "ETF",
      "exp1": "south_korea",
      "exp2": "metals_mining",
      "fam1": "em_equity",
      "fam2": null
    },
    {
      "t1": "RIO",
      "t2": "VSS",
      "corr_hybrid": 0.6195,
      "corr_structured": null,
      "cat1": "Act",
      "cat2": "ETF",
      "exp1": null,
      "exp2": "intl_small_cap",
      "fam1": null,
      "fam2": null
    },
    {
      "t1": "SOXX",
      "t2": "VSS",
      "corr_hybrid": 0.6169,
      "corr_structured": 0.2,
      "cat1": "ETF",
      "cat2": "ETF",
      "exp1": "semiconductor",
      "exp2": "intl_small_cap",
      "fam1": "sector_tech",
      "fam2": null
    },
    {
      "t1": "PICK",
      "t2": "SMH",
      "corr_hybrid": 0.6129,
      "corr_structured": 0.2,
      "cat1": "ETF",
      "cat2": "ETF",
      "exp1": "metals_mining",
      "exp2": "semiconductor",
      "fam1": null,
      "fam2": "sector_tech"
    },
    {
      "t1": "GCOW",
      "t2": "SCHD",
      "corr_hybrid": 0.6113,
      "corr_structured": 0.95,
      "cat1": "ETF",
      "cat2": "ETF",
      "exp1": "dividend",
      "exp2": "dividend",
      "fam1": "factor_dividend",
      "fam2": "factor_dividend"
    },
    {
      "t1": "SMH",
      "t2": "VSS",
      "corr_hybrid": 0.6064,
      "corr_structured": 0.2,
      "cat1": "ETF",
      "cat2": "ETF",
      "exp1": "semiconductor",
      "exp2": "intl_small_cap",
      "fam1": "sector_tech",
      "fam2": null
    },
    {
      "t1": "MU",
      "t2": "NVDA",
      "corr_hybrid": 0.6059,
      "corr_structured": null,
      "cat1": "Act",
      "cat2": "Act",
      "exp1": null,
      "exp2": null,
      "fam1": null,
      "fam2": null
    },
    {
      "t1": "SOXX",
      "t2": "SPYV",
      "corr_hybrid": 0.6053,
      "corr_structured": 0.2,
      "cat1": "ETF",
      "cat2": "ETF",
      "exp1": "semiconductor",
      "exp2": "sp500_value",
      "fam1": "sector_tech",
      "fam2": "factor_value"
    },
    {
      "t1": "FLKR",
      "t2": "MU",
      "corr_hybrid": 0.6035,
      "corr_structured": null,
      "cat1": "ETF",
      "cat2": "Act",
      "exp1": "south_korea",
      "exp2": null,
      "fam1": "em_equity",
      "fam2": null
    },
    {
      "t1": "SCHY",
      "t2": "VSS",
      "corr_hybrid": 0.6019,
      "corr_structured": 0.2,
      "cat1": "ETF",
      "cat2": "ETF",
      "exp1": "international",
      "exp2": "intl_small_cap",
      "fam1": "intl_equity",
      "fam2": null
    },
    {
      "t1": "GCOW",
      "t2": "SPYV",
      "corr_hybrid": 0.5989,
      "corr_structured": 0.8,
      "cat1": "ETF",
      "cat2": "ETF",
      "exp1": "dividend",
      "exp2": "sp500_value",
      "fam1": "factor_dividend",
      "fam2": "factor_value"
    },
    {
      "t1": "SPYV",
      "t2": "VSS",
      "corr_hybrid": 0.5971,
      "corr_structured": 0.2,
      "cat1": "ETF",
      "cat2": "ETF",
      "exp1": "sp500_value",
      "exp2": "intl_small_cap",
      "fam1": "factor_value",
      "fam2": null
    }
  ],
  "all_pairs_bottom_10": [
    {
      "t1": "GOOGL",
      "t2": "ULVR",
      "corr_hybrid": -0.0076,
      "corr_structured": null,
      "cat1": "Act",
      "cat2": "Act",
      "exp1": null,
      "exp2": null,
      "fam1": null,
      "fam2": null
    },
    {
      "t1": "EOG",
      "t2": "LI",
      "corr_hybrid": -0.0063,
      "corr_structured": null,
      "cat1": "Act",
      "cat2": "Act",
      "exp1": null,
      "exp2": null,
      "fam1": null,
      "fam2": null
    },
    {
      "t1": "SPLV",
      "t2": "VRT",
      "corr_hybrid": 0.0027,
      "corr_structured": null,
      "cat1": "ETF",
      "cat2": "Act",
      "exp1": "sp500",
      "exp2": null,
      "fam1": "us_equity_large",
      "fam2": null
    },
    {
      "t1": "PG",
      "t2": "SOXX",
      "corr_hybrid": 0.0026,
      "corr_structured": null,
      "cat1": "Act",
      "cat2": "ETF",
      "exp1": null,
      "exp2": "semiconductor",
      "fam1": null,
      "fam2": "sector_tech"
    },
    {
      "t1": "PICK",
      "t2": "ULVR",
      "corr_hybrid": 0.0023,
      "corr_structured": null,
      "cat1": "ETF",
      "cat2": "Act",
      "exp1": "metals_mining",
      "exp2": null,
      "fam1": null,
      "fam2": null
    },
    {
      "t1": "VICI",
      "t2": "VRT",
      "corr_hybrid": 0.0019,
      "corr_structured": null,
      "cat1": "Act",
      "cat2": "Act",
      "exp1": null,
      "exp2": null,
      "fam1": null,
      "fam2": null
    },
    {
      "t1": "JNJ",
      "t2": "NVDA",
      "corr_hybrid": 0.0013,
      "corr_structured": null,
      "cat1": "Act",
      "cat2": "Act",
      "exp1": null,
      "exp2": null,
      "fam1": null,
      "fam2": null
    },
    {
      "t1": "MU",
      "t2": "VICI",
      "corr_hybrid": -0.0012,
      "corr_structured": null,
      "cat1": "Act",
      "cat2": "Act",
      "exp1": null,
      "exp2": null,
      "fam1": null,
      "fam2": null
    },
    {
      "t1": "ITX",
      "t2": "SCHY",
      "corr_hybrid": 0.0008,
      "corr_structured": null,
      "cat1": "Act",
      "cat2": "ETF",
      "exp1": null,
      "exp2": "international",
      "fam1": null,
      "fam2": "intl_equity"
    },
    {
      "t1": "ITX",
      "t2": "SPYV",
      "corr_hybrid": -0.0008,
      "corr_structured": null,
      "cat1": "Act",
      "cat2": "ETF",
      "exp1": null,
      "exp2": "sp500_value",
      "fam1": null,
      "fam2": "factor_value"
    }
  ],
  "correlation_matrix": {
    "tickers": [
      "ACWV",
      "AGS",
      "BBVA",
      "BKR",
      "BSV",
      "CLTL",
      "EOG",
      "FLKR",
      "FLTR",
      "GBIL",
      "GCOW",
      "GD",
      "GLD",
      "GOOGL",
      "ITX",
      "JNJ",
      "LI",
      "MU",
      "NVDA",
      "PAAA",
      "PG",
      "PICK",
      "RIO",
      "SCHD",
      "SCHY",
      "SILJ",
      "SMH",
      "SOXX",
      "SPLV",
      "SPYV",
      "STIP",
      "ULVR",
      "USFR",
      "VGSH",
      "VICI",
      "VRT",
      "VSS",
      "XBI",
      "XLE",
      "XLV"
    ],
    "matrix": [
      [
        1.0,
        0.3639,
        0.3803,
        0.4129,
        0.0975,
        0.0975,
        0.317,
        0.3657,
        0.0975,
        0.0975,
        0.5398,
        0.3622,
        0.2171,
        0.282,
        0.0209,
        0.3128,
        0.3214,
        0.1952,
        0.2346,
        0.0975,
        0.3325,
        0.5033,
        0.4623,
        0.5281,
        0.515,
        0.2814,
        0.3361,
        0.3496,
        0.4402,
        0.5216,
        0.0975,
        0.0932,
        0.0975,
        0.0975,
        0.3827,
        0.1579,
        0.4992,
        0.4228,
        0.374,
        0.4355
      ],
      [
        0.3639,
        1.0,
        0.2601,
        0.4014,
        0.0799,
        0.0799,
        0.3639,
        0.1893,
        0.0799,
        0.0799,
        0.4119,
        0.3464,
        0.0224,
        0.1775,
        0.277,
        0.2832,
        0.2395,
        0.0287,
        0.2365,
        0.0799,
        0.2874,
        0.283,
        0.2822,
        0.434,
        0.3412,
        0.0537,
        0.212,
        0.208,
        0.3595,
        0.3993,
        0.0799,
        0.1296,
        0.0799,
        0.0799,
        0.3433,
        0.1765,
        0.3121,
        0.2855,
        0.3788,
        0.315
      ],
      [
        0.3803,
        0.2601,
        1.0,
        0.3158,
        0.0704,
        0.0704,
        0.2019,
        0.3896,
        0.0704,
        0.0704,
        0.4178,
        0.264,
        0.2271,
        0.2879,
        -0.0269,
        0.1943,
        0.3469,
        0.2871,
        0.3095,
        0.0704,
        0.2089,
        0.4864,
        0.4222,
        0.3937,
        0.4326,
        0.3202,
        0.4063,
        0.4127,
        0.3046,
        0.4471,
        0.0704,
        0.038,
        0.0704,
        0.0704,
        0.2589,
        0.2953,
        0.4725,
        0.38,
        0.2516,
        0.3381
      ],
      [
        0.4129,
        0.4014,
        0.3158,
        1.0,
        0.0911,
        0.0911,
        0.456,
        0.3686,
        0.0911,
        0.0911,
        0.5045,
        0.3981,
        0.0777,
        0.3037,
        0.2422,
        0.2559,
        0.1039,
        0.3329,
        0.3566,
        0.0911,
        0.2267,
        0.4207,
        0.3664,
        0.5402,
        0.4218,
        0.1502,
        0.434,
        0.4385,
        0.3805,
        0.5322,
        0.0911,
        0.0834,
        0.0911,
        0.0911,
        0.3397,
        0.273,
        0.4412,
        0.3679,
        0.4886,
        0.4028
      ],
      [
        0.0975,
        0.0799,
        0.0704,
        0.0911,
        1.0,
        0.0207,
        0.0763,
        0.0637,
        0.0207,
        0.0207,
        0.1113,
        0.0794,
        0.0364,
        0.0504,
        0.0211,
        0.0691,
        0.0457,
        0.0286,
        0.0373,
        0.0207,
        0.071,
        0.0915,
        0.0861,
        0.1115,
        0.1002,
        0.0452,
        0.0554,
        0.0583,
        0.0937,
        0.1031,
        0.0207,
        0.023,
        0.0207,
        0.0207,
        0.0827,
        0.0159,
        0.0924,
        0.079,
        0.0867,
        0.0886
      ],
      [
        0.0975,
        0.0799,
        0.0704,
        0.0911,
        0.0207,
        1.0,
        0.0763,
        0.0637,
        0.0207,
        0.0207,
        0.1113,
        0.0794,
        0.0364,
        0.0504,
        0.0211,
        0.0691,
        0.0457,
        0.0286,
        0.0373,
        0.0207,
        0.071,
        0.0915,
        0.0861,
        0.1115,
        0.1002,
        0.0452,
        0.0554,
        0.0583,
        0.0937,
        0.1031,
        0.0207,
        0.023,
        0.0207,
        0.0207,
        0.0827,
        0.0159,
        0.0924,
        0.079,
        0.0867,
        0.0886
      ],
      [
        0.317,
        0.3639,
        0.2019,
        0.456,
        0.0763,
        0.0763,
        1.0,
        0.2023,
        0.0763,
        0.0763,
        0.3982,
        0.34,
        -0.0686,
        0.2002,
        0.2532,
        0.2352,
        -0.0063,
        0.1817,
        0.2277,
        0.0763,
        0.209,
        0.2212,
        0.2072,
        0.4622,
        0.2863,
        -0.0478,
        0.2581,
        0.2614,
        0.3297,
        0.408,
        0.0763,
        0.1007,
        0.0763,
        0.0763,
        0.3008,
        0.1213,
        0.2606,
        0.2525,
        0.4534,
        0.3261
      ],
      [
        0.3657,
        0.1893,
        0.3896,
        0.3686,
        0.0637,
        0.0637,
        0.2023,
        1.0,
        0.0637,
        0.0637,
        0.4265,
        0.2547,
        0.3124,
        0.4057,
        -0.0559,
        0.0993,
        0.2848,
        0.6035,
        0.4857,
        0.0637,
        0.082,
        0.6226,
        0.4938,
        0.3961,
        0.4647,
        0.4689,
        0.6585,
        0.6655,
        0.2374,
        0.5207,
        0.0637,
        -0.0356,
        0.0637,
        0.0637,
        0.1821,
        0.505,
        0.5914,
        0.4334,
        0.2623,
        0.3487
      ],
      [
        0.0975,
        0.0799,
        0.0704,
        0.0911,
        0.0207,
        0.0207,
        0.0763,
        0.0637,
        1.0,
        0.0207,
        0.1113,
        0.0794,
        0.0364,
        0.0504,
        0.0211,
        0.0691,
        0.0457,
        0.0286,
        0.0373,
        0.0207,
        0.071,
        0.0915,
        0.0861,
        0.1115,
        0.1002,
        0.0452,
        0.0554,
        0.0583,
        0.0937,
        0.1031,
        0.0207,
        0.023,
        0.0207,
        0.0207,
        0.0827,
        0.0159,
        0.0924,
        0.079,
        0.0867,
        0.0886
      ],
      [
        0.0975,
        0.0799,
        0.0704,
        0.0911,
        0.0207,
        0.0207,
        0.0763,
        0.0637,
        0.0207,
        1.0,
        0.1113,
        0.0794,
        0.0364,
        0.0504,
        0.0211,
        0.0691,
        0.0457,
        0.0286,
        0.0373,
        0.0207,
        0.071,
        0.0915,
        0.0861,
        0.1115,
        0.1002,
        0.0452,
        0.0554,
        0.0583,
        0.0937,
        0.1031,
        0.0207,
        0.023,
        0.0207,
        0.0207,
        0.0827,
        0.0159,
        0.0924,
        0.079,
        0.0867,
        0.0886
      ],
      [
        0.5398,
        0.4119,
        0.4178,
        0.5045,
        0.1113,
        0.1113,
        0.3982,
        0.4265,
        0.1113,
        0.1113,
        1.0,
        0.4258,
        0.2413,
        0.3269,
        0.0715,
        0.3464,
        0.2803,
        0.2679,
        0.2768,
        0.1113,
        0.3532,
        0.5682,
        0.5145,
        0.6113,
        0.5751,
        0.3164,
        0.4034,
        0.4196,
        0.4934,
        0.5989,
        0.1113,
        0.0994,
        0.1113,
        0.1113,
        0.4282,
        0.1796,
        0.5647,
        0.4684,
        0.4611,
        0.4952
      ],
      [
        0.3622,
        0.3464,
        0.264,
        0.3981,
        0.0794,
        0.0794,
        0.34,
        0.2547,
        0.0794,
        0.0794,
        0.4258,
        1.0,
        0.1331,
        0.1996,
        0.213,
        0.2577,
        0.1383,
        0.1354,
        0.2043,
        0.0794,
        0.2474,
        0.3532,
        0.3258,
        0.4291,
        0.3705,
        0.1784,
        0.2514,
        0.257,
        0.3449,
        0.4029,
        0.0794,
        0.0909,
        0.0794,
        0.0794,
        0.3146,
        0.1339,
        0.3604,
        0.2904,
        0.3701,
        0.324
      ],
      [
        0.2171,
        0.0224,
        0.2271,
        0.0777,
        0.0364,
        0.0364,
        -0.0686,
        0.3124,
        0.0364,
        0.0364,
        0.2413,
        0.1331,
        1.0,
        0.0968,
        0.0983,
        0.1072,
        0.1462,
        0.1141,
        0.0261,
        0.0364,
        0.09,
        0.5375,
        0.45,
        0.0738,
        0.3533,
        0.7939,
        0.1604,
        0.1752,
        0.1247,
        0.1389,
        0.0364,
        -0.0405,
        0.0364,
        0.0364,
        0.1067,
        0.0764,
        0.4358,
        0.1699,
        -0.011,
        0.1012
      ],
      [
        0.282,
        0.1775,
        0.2879,
        0.3037,
        0.0504,
        0.0504,
        0.2002,
        0.4057,
        0.0504,
        0.0504,
        0.3269,
        0.1996,
        0.0968,
        1.0,
        -0.0758,
        0.084,
        0.2298,
        0.455,
        0.3921,
        0.0504,
        0.0792,
        0.4039,
        0.3221,
        0.3422,
        0.3288,
        0.1988,
        0.5033,
        0.5065,
        0.2,
        0.4229,
        0.0504,
        -0.0076,
        0.0504,
        0.0504,
        0.1551,
        0.3878,
        0.4039,
        0.3403,
        0.239,
        0.2911
      ],
      [
        0.0209,
        0.277,
        -0.0269,
        0.2422,
        0.0211,
        0.0211,
        0.2532,
        -0.0559,
        0.0211,
        0.0211,
        0.0715,
        0.213,
        0.0983,
        -0.0758,
        1.0,
        0.1055,
        -0.1808,
        -0.1623,
        0.0903,
        0.0211,
        0.0316,
        0.0219,
        0.0292,
        0.0435,
        0.0008,
        0.1134,
        -0.0436,
        -0.065,
        0.047,
        -0.0008,
        0.0211,
        0.078,
        0.0211,
        0.0211,
        0.1084,
        0.1049,
        0.0277,
        -0.0866,
        0.2132,
        -0.0539
      ],
      [
        0.3128,
        0.2832,
        0.1943,
        0.2559,
        0.0691,
        0.0691,
        0.2352,
        0.0993,
        0.0691,
        0.0691,
        0.3464,
        0.2577,
        0.1072,
        0.084,
        0.1055,
        1.0,
        0.1538,
        -0.0922,
        0.0013,
        0.0691,
        0.2909,
        0.226,
        0.2419,
        0.3403,
        0.302,
        0.1014,
        0.0221,
        0.0323,
        0.3295,
        0.2721,
        0.0691,
        0.11,
        0.0691,
        0.0691,
        0.3014,
        -0.0842,
        0.2318,
        0.2093,
        0.2634,
        0.2652
      ],
      [
        0.3214,
        0.2395,
        0.3469,
        0.1039,
        0.0457,
        0.0457,
        -0.0063,
        0.2848,
        0.0457,
        0.0457,
        0.2803,
        0.1383,
        0.1462,
        0.2298,
        -0.1808,
        0.1538,
        1.0,
        0.0776,
        0.3236,
        0.0457,
        0.2314,
        0.395,
        0.367,
        0.2398,
        0.3585,
        0.2326,
        0.3136,
        0.3046,
        0.2287,
        0.3397,
        0.0457,
        0.0526,
        0.0457,
        0.0457,
        0.2043,
        0.3954,
        0.3894,
        0.3625,
        0.0298,
        0.2408
      ],
      [
        0.1952,
        0.0287,
        0.2871,
        0.3329,
        0.0286,
        0.0286,
        0.1817,
        0.6035,
        0.0286,
        0.0286,
        0.2679,
        0.1354,
        0.1141,
        0.455,
        -0.1623,
        -0.0922,
        0.0776,
        1.0,
        0.6059,
        0.0286,
        -0.1417,
        0.4892,
        0.3285,
        0.2983,
        0.2901,
        0.2854,
        0.8139,
        0.8173,
        0.0549,
        0.4697,
        0.0286,
        -0.1193,
        0.0286,
        0.0286,
        -0.0012,
        0.6413,
        0.4767,
        0.3621,
        0.2263,
        0.2651
      ],
      [
        0.2346,
        0.2365,
        0.3095,
        0.3566,
        0.0373,
        0.0373,
        0.2277,
        0.4857,
        0.0373,
        0.0373,
        0.2768,
        0.2043,
        0.0261,
        0.3921,
        0.0903,
        0.0013,
        0.3236,
        0.6059,
        1.0,
        0.0373,
        -0.0235,
        0.4261,
        0.3151,
        0.3053,
        0.2839,
        0.1825,
        0.7106,
        0.693,
        0.1116,
        0.4611,
        0.0373,
        -0.0281,
        0.0373,
        0.0373,
        0.0935,
        0.7356,
        0.4405,
        0.3576,
        0.244,
        0.2412
      ],
      [
        0.0975,
        0.0799,
        0.0704,
        0.0911,
        0.0207,
        0.0207,
        0.0763,
        0.0637,
        0.0207,
        0.0207,
        0.1113,
        0.0794,
        0.0364,
        0.0504,
        0.0211,
        0.0691,
        0.0457,
        0.0286,
        0.0373,
        1.0,
        0.071,
        0.0915,
        0.0861,
        0.1115,
        0.1002,
        0.0452,
        0.0554,
        0.0583,
        0.0937,
        0.1031,
        0.0207,
        0.023,
        0.0207,
        0.0207,
        0.0827,
        0.0159,
        0.0924,
        0.079,
        0.0867,
        0.0886
      ],
      [
        0.3325,
        0.2874,
        0.2089,
        0.2267,
        0.071,
        0.071,
        0.209,
        0.082,
        0.071,
        0.071,
        0.3532,
        0.2474,
        0.09,
        0.0792,
        0.0316,
        0.2909,
        0.2314,
        -0.1417,
        -0.0235,
        0.071,
        1.0,
        0.2192,
        0.2465,
        0.3479,
        0.3161,
        0.075,
        -0.0086,
        0.0026,
        0.3517,
        0.2757,
        0.071,
        0.1216,
        0.071,
        0.071,
        0.3191,
        -0.1114,
        0.2275,
        0.2274,
        0.2406,
        0.2806
      ],
      [
        0.5033,
        0.283,
        0.4864,
        0.4207,
        0.0915,
        0.0915,
        0.2212,
        0.6226,
        0.0915,
        0.0915,
        0.5682,
        0.3532,
        0.5375,
        0.4039,
        0.0219,
        0.226,
        0.395,
        0.4892,
        0.4261,
        0.0915,
        0.2192,
        1.0,
        0.665,
        0.4798,
        0.628,
        0.7039,
        0.6129,
        0.6258,
        0.3672,
        0.5861,
        0.0915,
        0.0023,
        0.0915,
        0.0915,
        0.3063,
        0.4363,
        0.7358,
        0.5068,
        0.301,
        0.4244
      ],
      [
        0.4623,
        0.2822,
        0.4222,
        0.3664,
        0.0861,
        0.0861,
        0.2072,
        0.4938,
        0.0861,
        0.0861,
        0.5145,
        0.3258,
        0.45,
        0.3221,
        0.0292,
        0.2419,
        0.367,
        0.3285,
        0.3151,
        0.0861,
        0.2465,
        0.665,
        1.0,
        0.4395,
        0.5566,
        0.575,
        0.4592,
        0.4714,
        0.361,
        0.5056,
        0.0861,
        0.03,
        0.0861,
        0.0861,
        0.3081,
        0.3069,
        0.6195,
        0.4385,
        0.276,
        0.3843
      ],
      [
        0.5281,
        0.434,
        0.3937,
        0.5402,
        0.1115,
        0.1115,
        0.4622,
        0.3961,
        0.1115,
        0.1115,
        0.6113,
        0.4291,
        0.0738,
        0.3422,
        0.0435,
        0.3403,
        0.2398,
        0.2983,
        0.3053,
        0.1115,
        0.3479,
        0.4798,
        0.4395,
        1.0,
        0.5321,
        0.1303,
        0.4189,
        0.4336,
        0.5007,
        0.625,
        0.1115,
        0.1123,
        0.1115,
        0.1115,
        0.4318,
        0.1818,
        0.5035,
        0.4684,
        0.5164,
        0.5184
      ],
      [
        0.515,
        0.3412,
        0.4326,
        0.4218,
        0.1002,
        0.1002,
        0.2863,
        0.4647,
        0.1002,
        0.1002,
        0.5751,
        0.3705,
        0.3533,
        0.3288,
        0.0008,
        0.302,
        0.3585,
        0.2901,
        0.2839,
        0.1002,
        0.3161,
        0.628,
        0.5566,
        0.5321,
        1.0,
        0.4519,
        0.4263,
        0.4422,
        0.4394,
        0.5596,
        0.1002,
        0.0657,
        0.1002,
        0.1002,
        0.3757,
        0.2295,
        0.6019,
        0.4685,
        0.3564,
        0.4523
      ],
      [
        0.2814,
        0.0537,
        0.3202,
        0.1502,
        0.0452,
        0.0452,
        -0.0478,
        0.4689,
        0.0452,
        0.0452,
        0.3164,
        0.1784,
        0.7939,
        0.1988,
        0.1134,
        0.1014,
        0.2326,
        0.2854,
        0.1825,
        0.0452,
        0.075,
        0.7039,
        0.575,
        0.1303,
        0.4519,
        1.0,
        0.3511,
        0.3638,
        0.1442,
        0.2478,
        0.0452,
        -0.0637,
        0.0452,
        0.0452,
        0.12,
        0.2635,
        0.5889,
        0.2653,
        0.0213,
        0.1544
      ],
      [
        0.3361,
        0.212,
        0.4063,
        0.434,
        0.0554,
        0.0554,
        0.2581,
        0.6585,
        0.0554,
        0.0554,
        0.4034,
        0.2514,
        0.1604,
        0.5033,
        -0.0436,
        0.0221,
        0.3136,
        0.8139,
        0.7106,
        0.0554,
        -0.0086,
        0.6129,
        0.4592,
        0.4189,
        0.4263,
        0.3511,
        1.0,
        0.8644,
        0.182,
        0.5959,
        0.0554,
        -0.0597,
        0.0554,
        0.0554,
        0.131,
        0.7606,
        0.6064,
        0.4746,
        0.3051,
        0.3556
      ],
      [
        0.3496,
        0.208,
        0.4127,
        0.4385,
        0.0583,
        0.0583,
        0.2614,
        0.6655,
        0.0583,
        0.0583,
        0.4196,
        0.257,
        0.1752,
        0.5065,
        -0.065,
        0.0323,
        0.3046,
        0.8173,
        0.693,
        0.0583,
        0.0026,
        0.6258,
        0.4714,
        0.4336,
        0.4422,
        0.3638,
        0.8644,
        1.0,
        0.1969,
        0.6053,
        0.0583,
        -0.0594,
        0.0583,
        0.0583,
        0.1411,
        0.7339,
        0.6169,
        0.4832,
        0.3126,
        0.3703
      ],
      [
        0.4402,
        0.3595,
        0.3046,
        0.3805,
        0.0937,
        0.0937,
        0.3297,
        0.2374,
        0.0937,
        0.0937,
        0.4934,
        0.3449,
        0.1247,
        0.2,
        0.047,
        0.3295,
        0.2287,
        0.0549,
        0.1116,
        0.0937,
        0.3517,
        0.3672,
        0.361,
        0.5007,
        0.4394,
        0.1442,
        0.182,
        0.1969,
        1.0,
        0.4443,
        0.0937,
        0.1189,
        0.0937,
        0.0937,
        0.3858,
        0.0027,
        0.3767,
        0.3458,
        0.3758,
        0.4011
      ],
      [
        0.5216,
        0.3993,
        0.4471,
        0.5322,
        0.1031,
        0.1031,
        0.408,
        0.5207,
        0.1031,
        0.1031,
        0.5989,
        0.4029,
        0.1389,
        0.4229,
        -0.0008,
        0.2721,
        0.3397,
        0.4697,
        0.4611,
        0.1031,
        0.2757,
        0.5861,
        0.5056,
        0.625,
        0.5596,
        0.2478,
        0.5959,
        0.6053,
        0.4443,
        1.0,
        0.1031,
        0.0671,
        0.1031,
        0.1031,
        0.3755,
        0.3939,
        0.5971,
        0.5215,
        0.4672,
        0.5093
      ],
      [
        0.0975,
        0.0799,
        0.0704,
        0.0911,
        0.0207,
        0.0207,
        0.0763,
        0.0637,
        0.0207,
        0.0207,
        0.1113,
        0.0794,
        0.0364,
        0.0504,
        0.0211,
        0.0691,
        0.0457,
        0.0286,
        0.0373,
        0.0207,
        0.071,
        0.0915,
        0.0861,
        0.1115,
        0.1002,
        0.0452,
        0.0554,
        0.0583,
