{
  "_meta": {
    "generated": "2026-06-03T14:04:16",
    "portfolio_generated": "2026-06-03T14:00:24.264761",
    "n_assets": 18,
    "n_with_returns": 9,
    "covariance_method": "hybrid_shrunk",
    "condition_number": 172.63,
    "pca_factors": 5
  },
  "profiles": {
    "Agressif": {
      "n_assets": 10,
      "weighted_avg_correlation": 0.2201,
      "most_correlated": [
        {
          "t1": "FLKR",
          "t2": "SOXX",
          "corr": 0.7297,
          "w1": 5.0,
          "w2": 4.0,
          "combined_weight": 9.0
        },
        {
          "t1": "BKR",
          "t2": "SLB",
          "corr": 0.6165,
          "w1": 5.0,
          "w2": 1.0,
          "combined_weight": 6.0
        },
        {
          "t1": "FLKR",
          "t2": "SLB",
          "corr": 0.3947,
          "w1": 5.0,
          "w2": 1.0,
          "combined_weight": 6.0
        },
        {
          "t1": "SOXX",
          "t2": "SLB",
          "corr": 0.3924,
          "w1": 4.0,
          "w2": 1.0,
          "combined_weight": 5.0
        },
        {
          "t1": "BKR",
          "t2": "SOXX",
          "corr": 0.3809,
          "w1": 5.0,
          "w2": 4.0,
          "combined_weight": 9.0
        },
        {
          "t1": "FLKR",
          "t2": "BKR",
          "corr": 0.3779,
          "w1": 5.0,
          "w2": 5.0,
          "combined_weight": 10.0
        },
        {
          "t1": "NEM",
          "t2": "SOXX",
          "corr": 0.3697,
          "w1": 5.0,
          "w2": 4.0,
          "combined_weight": 9.0
        },
        {
          "t1": "VWCE.DE",
          "t2": "BKR",
          "corr": 0.3475,
          "w1": 50.0,
          "w2": 5.0,
          "combined_weight": 55.0
        },
        {
          "t1": "IWDA.AS",
          "t2": "BKR",
          "corr": 0.3475,
          "w1": 15.0,
          "w2": 5.0,
          "combined_weight": 20.0
        },
        {
          "t1": "BKR",
          "t2": "SGLN.AS",
          "corr": 0.3475,
          "w1": 5.0,
          "w2": 5.0,
          "combined_weight": 10.0
        }
      ],
      "least_correlated": [
        {
          "t1": "IBGS.AS",
          "t2": "SGLN.AS",
          "corr": 0.0512,
          "w1": 5.0,
          "w2": 5.0,
          "combined_weight": 10.0
        },
        {
          "t1": "BKR",
          "t2": "FSLR",
          "corr": 0.0489,
          "w1": 5.0,
          "w2": 5.0,
          "combined_weight": 10.0
        },
        {
          "t1": "FSLR",
          "t2": "SLB",
          "corr": 0.032,
          "w1": 5.0,
          "w2": 1.0,
          "combined_weight": 6.0
        },
        {
          "t1": "NEM",
          "t2": "IBGS.AS",
          "corr": 0.0279,
          "w1": 5.0,
          "w2": 5.0,
          "combined_weight": 10.0
        },
        {
          "t1": "FSLR",
          "t2": "IBGS.AS",
          "corr": 0.0278,
          "w1": 5.0,
          "w2": 5.0,
          "combined_weight": 10.0
        }
      ],
      "high_corr_high_weight": []
    },
    "Mod\u00e9r\u00e9": {
      "n_assets": 9,
      "weighted_avg_correlation": 0.0879,
      "most_correlated": [
        {
          "t1": "VWCE.DE",
          "t2": "EEMV",
          "corr": 0.3374,
          "w1": 50.0,
          "w2": 5.0,
          "combined_weight": 55.0
        },
        {
          "t1": "EEMV",
          "t2": "SGLN.AS",
          "corr": 0.3374,
          "w1": 5.0,
          "w2": 5.0,
          "combined_weight": 10.0
        },
        {
          "t1": "VWCE.DE",
          "t2": "SGLN.AS",
          "corr": 0.2358,
          "w1": 50.0,
          "w2": 5.0,
          "combined_weight": 55.0
        },
        {
          "t1": "VWCE.DE",
          "t2": "ITX",
          "corr": 0.1714,
          "w1": 50.0,
          "w2": 5.0,
          "combined_weight": 55.0
        },
        {
          "t1": "ITX",
          "t2": "SGLN.AS",
          "corr": 0.1714,
          "w1": 5.0,
          "w2": 5.0,
          "combined_weight": 10.0
        },
        {
          "t1": "EEMV",
          "t2": "ITX",
          "corr": 0.1028,
          "w1": 5.0,
          "w2": 5.0,
          "combined_weight": 10.0
        },
        {
          "t1": "AGGH.AS",
          "t2": "EEMV",
          "corr": 0.071,
          "w1": 15.0,
          "w2": 5.0,
          "combined_weight": 20.0
        },
        {
          "t1": "EEMV",
          "t2": "TBIL",
          "corr": 0.071,
          "w1": 5.0,
          "w2": 5.0,
          "combined_weight": 10.0
        },
        {
          "t1": "EEMV",
          "t2": "IBCI.AS",
          "corr": 0.071,
          "w1": 5.0,
          "w2": 5.0,
          "combined_weight": 10.0
        },
        {
          "t1": "EEMV",
          "t2": "IBGS.AS",
          "corr": 0.071,
          "w1": 5.0,
          "w2": 5.0,
          "combined_weight": 10.0
        }
      ],
      "least_correlated": [
        {
          "t1": "TBIL",
          "t2": "IBCI.AS",
          "corr": 0.0112,
          "w1": 5.0,
          "w2": 5.0,
          "combined_weight": 10.0
        },
        {
          "t1": "TBIL",
          "t2": "IBGS.AS",
          "corr": 0.0112,
          "w1": 5.0,
          "w2": 5.0,
          "combined_weight": 10.0
        },
        {
          "t1": "IBCI.AS",
          "t2": "IBGS.AS",
          "corr": 0.0112,
          "w1": 5.0,
          "w2": 5.0,
          "combined_weight": 10.0
        },
        {
          "t1": "ITX",
          "t2": "CF",
          "corr": -0.0065,
          "w1": 5.0,
          "w2": 5.0,
          "combined_weight": 10.0
        },
        {
          "t1": "EEMV",
          "t2": "CF",
          "corr": -0.3324,
          "w1": 5.0,
          "w2": 5.0,
          "combined_weight": 10.0
        }
      ],
      "high_corr_high_weight": []
    },
    "Stable": {
      "n_assets": 7,
      "weighted_avg_correlation": 0.0426,
      "most_correlated": [
        {
          "t1": "VWCE.DE",
          "t2": "SGLN.AS",
          "corr": 0.2358,
          "w1": 20.0,
          "w2": 10.0,
          "combined_weight": 30.0
        },
        {
          "t1": "AGGH.AS",
          "t2": "VWCE.DE",
          "corr": 0.0512,
          "w1": 25.0,
          "w2": 20.0,
          "combined_weight": 45.0
        },
        {
          "t1": "AGGH.AS",
          "t2": "SGLN.AS",
          "corr": 0.0512,
          "w1": 25.0,
          "w2": 10.0,
          "combined_weight": 35.0
        },
        {
          "t1": "VWCE.DE",
          "t2": "IBCI.AS",
          "corr": 0.0512,
          "w1": 20.0,
          "w2": 20.0,
          "combined_weight": 40.0
        },
        {
          "t1": "VWCE.DE",
          "t2": "IBGS.AS",
          "corr": 0.0512,
          "w1": 20.0,
          "w2": 15.0,
          "combined_weight": 35.0
        },
        {
          "t1": "VWCE.DE",
          "t2": "BSV",
          "corr": 0.0512,
          "w1": 20.0,
          "w2": 5.0,
          "combined_weight": 25.0
        },
        {
          "t1": "VWCE.DE",
          "t2": "CLTL",
          "corr": 0.0512,
          "w1": 20.0,
          "w2": 5.0,
          "combined_weight": 25.0
        },
        {
          "t1": "IBCI.AS",
          "t2": "SGLN.AS",
          "corr": 0.0512,
          "w1": 20.0,
          "w2": 10.0,
          "combined_weight": 30.0
        },
        {
          "t1": "IBGS.AS",
          "t2": "SGLN.AS",
          "corr": 0.0512,
          "w1": 15.0,
          "w2": 10.0,
          "combined_weight": 25.0
        },
        {
          "t1": "SGLN.AS",
          "t2": "BSV",
          "corr": 0.0512,
          "w1": 10.0,
          "w2": 5.0,
          "combined_weight": 15.0
        }
      ],
      "least_correlated": [
        {
          "t1": "IBCI.AS",
          "t2": "BSV",
          "corr": 0.0112,
          "w1": 20.0,
          "w2": 5.0,
          "combined_weight": 25.0
        },
        {
          "t1": "IBCI.AS",
          "t2": "CLTL",
          "corr": 0.0112,
          "w1": 20.0,
          "w2": 5.0,
          "combined_weight": 25.0
        },
        {
          "t1": "IBGS.AS",
          "t2": "BSV",
          "corr": 0.0112,
          "w1": 15.0,
          "w2": 5.0,
          "combined_weight": 20.0
        },
        {
          "t1": "IBGS.AS",
          "t2": "CLTL",
          "corr": 0.0112,
          "w1": 15.0,
          "w2": 5.0,
          "combined_weight": 20.0
        },
        {
          "t1": "BSV",
          "t2": "CLTL",
          "corr": 0.0112,
          "w1": 5.0,
          "w2": 5.0,
          "combined_weight": 10.0
        }
      ],
      "high_corr_high_weight": []
    }
  },
  "all_pairs_top_30": [
    {
      "t1": "EEMV",
      "t2": "FLKR",
      "corr_hybrid": 0.7709,
      "corr_structured": 0.9,
      "cat1": "ETF",
      "cat2": "ETF",
      "exp1": "emerging_markets",
      "exp2": "south_korea",
      "fam1": "em_equity",
      "fam2": "em_equity"
    },
    {
      "t1": "FLKR",
      "t2": "SOXX",
      "corr_hybrid": 0.7297,
      "corr_structured": 0.2,
      "cat1": "ETF",
      "cat2": "ETF",
      "exp1": "south_korea",
      "exp2": "semiconductor",
      "fam1": "em_equity",
      "fam2": "sector_tech"
    },
    {
      "t1": "EEMV",
      "t2": "SOXX",
      "corr_hybrid": 0.7121,
      "corr_structured": 0.2,
      "cat1": "ETF",
      "cat2": "ETF",
      "exp1": "emerging_markets",
      "exp2": "semiconductor",
      "fam1": "em_equity",
      "fam2": "sector_tech"
    },
    {
      "t1": "BKR",
      "t2": "SLB",
      "corr_hybrid": 0.6165,
      "corr_structured": null,
      "cat1": "Act",
      "cat2": "Act",
      "exp1": null,
      "exp2": null,
      "fam1": null,
      "fam2": null
    },
    {
      "t1": "EEMV",
      "t2": "SLB",
      "corr_hybrid": 0.4248,
      "corr_structured": null,
      "cat1": "ETF",
      "cat2": "Act",
      "exp1": "emerging_markets",
      "exp2": null,
      "fam1": "em_equity",
      "fam2": null
    },
    {
      "t1": "BKR",
      "t2": "EEMV",
      "corr_hybrid": 0.4151,
      "corr_structured": null,
      "cat1": "Act",
      "cat2": "ETF",
      "exp1": null,
      "exp2": "emerging_markets",
      "fam1": null,
      "fam2": "em_equity"
    },
    {
      "t1": "CF",
      "t2": "FLKR",
      "corr_hybrid": -0.4073,
      "corr_structured": null,
      "cat1": "Act",
      "cat2": "ETF",
      "exp1": null,
      "exp2": "south_korea",
      "fam1": null,
      "fam2": "em_equity"
    },
    {
      "t1": "FLKR",
      "t2": "SLB",
      "corr_hybrid": 0.3947,
      "corr_structured": null,
      "cat1": "ETF",
      "cat2": "Act",
      "exp1": "south_korea",
      "exp2": null,
      "fam1": "em_equity",
      "fam2": null
    },
    {
      "t1": "SLB",
      "t2": "SOXX",
      "corr_hybrid": 0.3924,
      "corr_structured": null,
      "cat1": "Act",
      "cat2": "ETF",
      "exp1": null,
      "exp2": "semiconductor",
      "fam1": null,
      "fam2": "sector_tech"
    },
    {
      "t1": "EEMV",
      "t2": "NEM",
      "corr_hybrid": 0.3857,
      "corr_structured": null,
      "cat1": "ETF",
      "cat2": "Act",
      "exp1": "emerging_markets",
      "exp2": null,
      "fam1": "em_equity",
      "fam2": null
    },
    {
      "t1": "BKR",
      "t2": "SOXX",
      "corr_hybrid": 0.3809,
      "corr_structured": null,
      "cat1": "Act",
      "cat2": "ETF",
      "exp1": null,
      "exp2": "semiconductor",
      "fam1": null,
      "fam2": "sector_tech"
    },
    {
      "t1": "BKR",
      "t2": "FLKR",
      "corr_hybrid": 0.3779,
      "corr_structured": null,
      "cat1": "Act",
      "cat2": "ETF",
      "exp1": null,
      "exp2": "south_korea",
      "fam1": null,
      "fam2": "em_equity"
    },
    {
      "t1": "NEM",
      "t2": "SOXX",
      "corr_hybrid": 0.3697,
      "corr_structured": null,
      "cat1": "Act",
      "cat2": "ETF",
      "exp1": null,
      "exp2": "semiconductor",
      "fam1": null,
      "fam2": "sector_tech"
    },
    {
      "t1": "BKR",
      "t2": "IWDA.AS",
      "corr_hybrid": 0.3475,
      "corr_structured": null,
      "cat1": "Act",
      "cat2": "ETF",
      "exp1": null,
      "exp2": null,
      "fam1": null,
      "fam2": null
    },
    {
      "t1": "BKR",
      "t2": "SGLN.AS",
      "corr_hybrid": 0.3475,
      "corr_structured": null,
      "cat1": "Act",
      "cat2": "ETF",
      "exp1": null,
      "exp2": null,
      "fam1": null,
      "fam2": null
    },
    {
      "t1": "BKR",
      "t2": "VWCE.DE",
      "corr_hybrid": 0.3475,
      "corr_structured": null,
      "cat1": "Act",
      "cat2": "ETF",
      "exp1": null,
      "exp2": null,
      "fam1": null,
      "fam2": null
    },
    {
      "t1": "IWDA.AS",
      "t2": "SLB",
      "corr_hybrid": 0.3466,
      "corr_structured": null,
      "cat1": "ETF",
      "cat2": "Act",
      "exp1": null,
      "exp2": null,
      "fam1": null,
      "fam2": null
    },
    {
      "t1": "SGLN.AS",
      "t2": "SLB",
      "corr_hybrid": 0.3466,
      "corr_structured": null,
      "cat1": "ETF",
      "cat2": "Act",
      "exp1": null,
      "exp2": null,
      "fam1": null,
      "fam2": null
    },
    {
      "t1": "SLB",
      "t2": "VWCE.DE",
      "corr_hybrid": 0.3466,
      "corr_structured": null,
      "cat1": "Act",
      "cat2": "ETF",
      "exp1": null,
      "exp2": null,
      "fam1": null,
      "fam2": null
    },
    {
      "t1": "FLKR",
      "t2": "NEM",
      "corr_hybrid": 0.3412,
      "corr_structured": null,
      "cat1": "ETF",
      "cat2": "Act",
      "exp1": "south_korea",
      "exp2": null,
      "fam1": "em_equity",
      "fam2": null
    },
    {
      "t1": "EEMV",
      "t2": "IWDA.AS",
      "corr_hybrid": 0.3374,
      "corr_structured": null,
      "cat1": "ETF",
      "cat2": "ETF",
      "exp1": "emerging_markets",
      "exp2": null,
      "fam1": "em_equity",
      "fam2": null
    },
    {
      "t1": "EEMV",
      "t2": "SGLN.AS",
      "corr_hybrid": 0.3374,
      "corr_structured": null,
      "cat1": "ETF",
      "cat2": "ETF",
      "exp1": "emerging_markets",
      "exp2": null,
      "fam1": "em_equity",
      "fam2": null
    },
    {
      "t1": "EEMV",
      "t2": "VWCE.DE",
      "corr_hybrid": 0.3374,
      "corr_structured": null,
      "cat1": "ETF",
      "cat2": "ETF",
      "exp1": "emerging_markets",
      "exp2": null,
      "fam1": "em_equity",
      "fam2": null
    },
    {
      "t1": "CF",
      "t2": "EEMV",
      "corr_hybrid": -0.3324,
      "corr_structured": null,
      "cat1": "Act",
      "cat2": "ETF",
      "exp1": null,
      "exp2": "emerging_markets",
      "fam1": null,
      "fam2": "em_equity"
    },
    {
      "t1": "FSLR",
      "t2": "SOXX",
      "corr_hybrid": 0.3295,
      "corr_structured": null,
      "cat1": "Act",
      "cat2": "ETF",
      "exp1": null,
      "exp2": "semiconductor",
      "fam1": null,
      "fam2": "sector_tech"
    },
    {
      "t1": "FLKR",
      "t2": "IWDA.AS",
      "corr_hybrid": 0.3264,
      "corr_structured": null,
      "cat1": "ETF",
      "cat2": "ETF",
      "exp1": "south_korea",
      "exp2": null,
      "fam1": "em_equity",
      "fam2": null
    },
    {
      "t1": "FLKR",
      "t2": "SGLN.AS",
      "corr_hybrid": 0.3264,
      "corr_structured": null,
      "cat1": "ETF",
      "cat2": "ETF",
      "exp1": "south_korea",
      "exp2": null,
      "fam1": "em_equity",
      "fam2": null
    },
    {
      "t1": "FLKR",
      "t2": "VWCE.DE",
      "corr_hybrid": 0.3264,
      "corr_structured": null,
      "cat1": "ETF",
      "cat2": "ETF",
      "exp1": "south_korea",
      "exp2": null,
      "fam1": "em_equity",
      "fam2": null
    },
    {
      "t1": "BKR",
      "t2": "CF",
      "corr_hybrid": 0.3095,
      "corr_structured": null,
      "cat1": "Act",
      "cat2": "Act",
      "exp1": null,
      "exp2": null,
      "fam1": null,
      "fam2": null
    },
    {
      "t1": "IWDA.AS",
      "t2": "SOXX",
      "corr_hybrid": 0.3059,
      "corr_structured": null,
      "cat1": "ETF",
      "cat2": "ETF",
      "exp1": null,
      "exp2": "semiconductor",
      "fam1": null,
      "fam2": "sector_tech"
    }
  ],
  "all_pairs_bottom_10": [
    {
      "t1": "BSV",
      "t2": "TBIL",
      "corr_hybrid": 0.0112,
      "corr_structured": null,
      "cat1": "Obl",
      "cat2": "Obl",
      "exp1": "bonds_short",
      "exp2": null,
      "fam1": "bonds_short",
      "fam2": null
    },
    {
      "t1": "CLTL",
      "t2": "IBCI.AS",
      "corr_hybrid": 0.0112,
      "corr_structured": null,
      "cat1": "Obl",
      "cat2": "Obl",
      "exp1": "bonds_tbill",
      "exp2": null,
      "fam1": "bonds_short",
      "fam2": null
    },
    {
      "t1": "CLTL",
      "t2": "IBGS.AS",
      "corr_hybrid": 0.0112,
      "corr_structured": null,
      "cat1": "Obl",
      "cat2": "Obl",
      "exp1": "bonds_tbill",
      "exp2": null,
      "fam1": "bonds_short",
      "fam2": null
    },
    {
      "t1": "CLTL",
      "t2": "TBIL",
      "corr_hybrid": 0.0112,
      "corr_structured": null,
      "cat1": "Obl",
      "cat2": "Obl",
      "exp1": "bonds_tbill",
      "exp2": null,
      "fam1": "bonds_short",
      "fam2": null
    },
    {
      "t1": "IBCI.AS",
      "t2": "IBGS.AS",
      "corr_hybrid": 0.0112,
      "corr_structured": null,
      "cat1": "Obl",
      "cat2": "Obl",
      "exp1": null,
      "exp2": null,
      "fam1": null,
      "fam2": null
    },
    {
      "t1": "IBCI.AS",
      "t2": "TBIL",
      "corr_hybrid": 0.0112,
      "corr_structured": null,
      "cat1": "Obl",
      "cat2": "Obl",
      "exp1": null,
      "exp2": null,
      "fam1": null,
      "fam2": null
    },
    {
      "t1": "IBGS.AS",
      "t2": "TBIL",
      "corr_hybrid": 0.0112,
      "corr_structured": null,
      "cat1": "Obl",
      "cat2": "Obl",
      "exp1": null,
      "exp2": null,
      "fam1": null,
      "fam2": null
    },
    {
      "t1": "CF",
      "t2": "FSLR",
      "corr_hybrid": -0.0095,
      "corr_structured": null,
      "cat1": "Act",
      "cat2": "Act",
      "exp1": null,
      "exp2": null,
      "fam1": null,
      "fam2": null
    },
    {
      "t1": "ITX",
      "t2": "SOXX",
      "corr_hybrid": 0.0091,
      "corr_structured": null,
      "cat1": "Act",
      "cat2": "ETF",
      "exp1": null,
      "exp2": "semiconductor",
      "fam1": null,
      "fam2": "sector_tech"
    },
    {
      "t1": "CF",
      "t2": "ITX",
      "corr_hybrid": -0.0065,
      "corr_structured": null,
      "cat1": "Act",
      "cat2": "Act",
      "exp1": null,
      "exp2": null,
      "fam1": null,
      "fam2": null
    }
  ],
  "correlation_matrix": {
    "tickers": [
      "AGGH.AS",
      "BKR",
      "BSV",
      "CF",
      "CLTL",
      "EEMV",
      "FLKR",
      "FSLR",
      "IBCI.AS",
      "IBGS.AS",
      "ITX",
      "IWDA.AS",
      "NEM",
      "SGLN.AS",
      "SLB",
      "SOXX",
      "TBIL",
      "VWCE.DE"
    ],
    "matrix": [
      [
        1.0,
        0.0766,
        0.0112,
        0.0155,
        0.0112,
        0.071,
        0.0678,
        0.0278,
        0.0112,
        0.0112,
        0.0407,
        0.0512,
        0.0279,
        0.0512,
        0.0757,
        0.0643,
        0.0112,
        0.0512
      ],
      [
        0.0766,
        1.0,
        0.0766,
        0.3095,
        0.0766,
        0.4151,
        0.3779,
        0.0489,
        0.0766,
        0.0766,
        0.1087,
        0.3475,
        0.2323,
        0.3475,
        0.6165,
        0.3809,
        0.0766,
        0.3475
      ],
      [
        0.0112,
        0.0766,
        1.0,
        0.0155,
        0.0112,
        0.071,
        0.0678,
        0.0278,
        0.0112,
        0.0112,
        0.0407,
        0.0512,
        0.0279,
        0.0512,
        0.0757,
        0.0643,
        0.0112,
        0.0512
      ],
      [
        0.0155,
        0.3095,
        0.0155,
        1.0,
        0.0155,
        -0.3324,
        -0.4073,
        -0.0095,
        0.0155,
        0.0155,
        -0.0065,
        0.0444,
        -0.0138,
        0.0444,
        0.2758,
        -0.3021,
        0.0155,
        0.0444
      ],
      [
        0.0112,
        0.0766,
        0.0112,
        0.0155,
        1.0,
        0.071,
        0.0678,
        0.0278,
        0.0112,
        0.0112,
        0.0407,
        0.0512,
        0.0279,
        0.0512,
        0.0757,
        0.0643,
        0.0112,
        0.0512
      ],
      [
        0.071,
        0.4151,
        0.071,
        -0.3324,
        0.071,
        1.0,
        0.7709,
        0.2795,
        0.071,
        0.071,
        0.1028,
        0.3374,
        0.3857,
        0.3374,
        0.4248,
        0.7121,
        0.071,
        0.3374
      ],
      [
        0.0678,
        0.3779,
        0.0678,
        -0.4073,
        0.0678,
        0.7709,
        1.0,
        0.2801,
        0.0678,
        0.0678,
        0.0651,
        0.3264,
        0.3412,
        0.3264,
        0.3947,
        0.7297,
        0.0678,
        0.3264
      ],
      [
        0.0278,
        0.0489,
        0.0278,
        -0.0095,
        0.0278,
        0.2795,
        0.2801,
        1.0,
        0.0278,
        0.0278,
        0.1367,
        0.1152,
        0.1628,
        0.1152,
        0.032,
        0.3295,
        0.0278,
        0.1152
      ],
      [
        0.0112,
        0.0766,
        0.0112,
        0.0155,
        0.0112,
        0.071,
        0.0678,
        0.0278,
        1.0,
        0.0112,
        0.0407,
        0.0512,
        0.0279,
        0.0512,
        0.0757,
        0.0643,
        0.0112,
        0.0512
      ],
      [
        0.0112,
        0.0766,
        0.0112,
        0.0155,
        0.0112,
        0.071,
        0.0678,
        0.0278,
        0.0112,
        1.0,
        0.0407,
        0.0512,
        0.0279,
        0.0512,
        0.0757,
        0.0643,
        0.0112,
        0.0512
      ],
      [
        0.0407,
        0.1087,
        0.0407,
        -0.0065,
        0.0407,
        0.1028,
        0.0651,
        0.1367,
        0.0407,
        0.0407,
        1.0,
        0.1714,
        0.0798,
        0.1714,
        0.0621,
        0.0091,
        0.0407,
        0.1714
      ],
      [
        0.0512,
        0.3475,
        0.0512,
        0.0444,
        0.0512,
        0.3374,
        0.3264,
        0.1152,
        0.0512,
        0.0512,
        0.1714,
        1.0,
        0.1089,
        0.2358,
        0.3466,
        0.3059,
        0.0512,
        0.2358
      ],
      [
        0.0279,
        0.2323,
        0.0279,
        -0.0138,
        0.0279,
        0.3857,
        0.3412,
        0.1628,
        0.0279,
        0.0279,
        0.0798,
        0.1089,
        1.0,
        0.1089,
        0.1768,
        0.3697,
        0.0279,
        0.1089
      ],
      [
        0.0512,
        0.3475,
        0.0512,
        0.0444,
        0.0512,
        0.3374,
        0.3264,
        0.1152,
        0.0512,
        0.0512,
        0.1714,
        0.2358,
        0.1089,
        1.0,
        0.3466,
        0.3059,
        0.0512,
        0.2358
      ],
      [
        0.0757,
        0.6165,
        0.0757,
        0.2758,
        0.0757,
        0.4248,
        0.3947,
        0.032,
        0.0757,
        0.0757,
        0.0621,
        0.3466,
        0.1768,
        0.3466,
        1.0,
        0.3924,
        0.0757,
        0.3466
      ],
      [
        0.0643,
        0.3809,
        0.0643,
        -0.3021,
        0.0643,
        0.7121,
        0.7297,
        0.3295,
        0.0643,
        0.0643,
        0.0091,
        0.3059,
        0.3697,
        0.3059,
        0.3924,
        1.0,
        0.0643,
        0.3059
      ],
      [
        0.0112,
        0.0766,
        0.0112,
        0.0155,
        0.0112,
        0.071,
        0.0678,
        0.0278,
        0.0112,
        0.0112,
        0.0407,
        0.0512,
        0.0279,
        0.0512,
        0.0757,
        0.0643,
        1.0,
        0.0512
      ],
      [
        0.0512,
        0.3475,
        0.0512,
        0.0444,
        0.0512,
        0.3374,
        0.3264,
        0.1152,
        0.0512,
        0.0512,
        0.1714,
        0.2358,
        0.1089,
        0.2358,
        0.3466,
        0.3059,
        0.0512,
        1.0
      ]
    ]
  }
}