{
  "_meta": {
    "generated": "2026-04-30T10:03:49",
    "portfolio_generated": "2026-04-30T09:59:20.029879",
    "n_assets": 42,
    "n_with_returns": 30,
    "covariance_method": "hybrid_shrunk",
    "condition_number": 313.31,
    "pca_factors": 7
  },
  "profiles": {
    "Agressif": {
      "n_assets": 17,
      "weighted_avg_correlation": 0.226,
      "most_correlated": [
        {
          "t1": "REMX",
          "t2": "PICK",
          "corr": 0.7745,
          "w1": 6.5,
          "w2": 4.7,
          "combined_weight": 11.2
        },
        {
          "t1": "SOXX",
          "t2": "VRT",
          "corr": 0.7138,
          "w1": 5.8,
          "w2": 3.2,
          "combined_weight": 9.0
        },
        {
          "t1": "XCEM",
          "t2": "PICK",
          "corr": 0.7045,
          "w1": 8.2,
          "w2": 4.7,
          "combined_weight": 12.9
        },
        {
          "t1": "FLKR",
          "t2": "XCEM",
          "corr": 0.6858,
          "w1": 4.3,
          "w2": 8.2,
          "combined_weight": 12.5
        },
        {
          "t1": "SOXX",
          "t2": "XCEM",
          "corr": 0.6782,
          "w1": 5.8,
          "w2": 8.2,
          "combined_weight": 14.0
        },
        {
          "t1": "VRT",
          "t2": "NVDA",
          "corr": 0.668,
          "w1": 3.2,
          "w2": 5.3,
          "combined_weight": 8.5
        },
        {
          "t1": "FLKR",
          "t2": "PICK",
          "corr": 0.6489,
          "w1": 4.3,
          "w2": 4.7,
          "combined_weight": 8.9
        },
        {
          "t1": "FLKR",
          "t2": "SOXX",
          "corr": 0.6413,
          "w1": 4.3,
          "w2": 5.8,
          "combined_weight": 10.0
        },
        {
          "t1": "SOXX",
          "t2": "PICK",
          "corr": 0.6028,
          "w1": 5.8,
          "w2": 4.7,
          "combined_weight": 10.4
        },
        {
          "t1": "SOXX",
          "t2": "NVDA",
          "corr": 0.5743,
          "w1": 5.8,
          "w2": 5.3,
          "combined_weight": 11.1
        }
      ],
      "least_correlated": [
        {
          "t1": "CF",
          "t2": "INCY",
          "corr": -0.1798,
          "w1": 3.7,
          "w2": 4.5,
          "combined_weight": 8.2
        },
        {
          "t1": "SOXX",
          "t2": "CF",
          "corr": -0.2027,
          "w1": 5.8,
          "w2": 3.7,
          "combined_weight": 9.5
        },
        {
          "t1": "CF",
          "t2": "XBI",
          "corr": -0.2669,
          "w1": 3.7,
          "w2": 3.2,
          "combined_weight": 7.0
        },
        {
          "t1": "FLKR",
          "t2": "CF",
          "corr": -0.3012,
          "w1": 4.3,
          "w2": 3.7,
          "combined_weight": 8.0
        },
        {
          "t1": "XCEM",
          "t2": "CF",
          "corr": -0.308,
          "w1": 8.2,
          "w2": 3.7,
          "combined_weight": 12.0
        }
      ],
      "high_corr_high_weight": [
        {
          "t1": "REMX",
          "t2": "PICK",
          "corr": 0.7745,
          "w1": 6.5,
          "w2": 4.7,
          "combined_weight": 11.2
        },
        {
          "t1": "XCEM",
          "t2": "PICK",
          "corr": 0.7045,
          "w1": 8.2,
          "w2": 4.7,
          "combined_weight": 12.9
        }
      ]
    },
    "Mod\u00e9r\u00e9": {
      "n_assets": 15,
      "weighted_avg_correlation": 0.1713,
      "most_correlated": [
        {
          "t1": "CF",
          "t2": "EOG",
          "corr": 0.6689,
          "w1": 5.6,
          "w2": 5.6,
          "combined_weight": 11.1
        },
        {
          "t1": "FNDF",
          "t2": "VSS",
          "corr": 0.6674,
          "w1": 7.2,
          "w2": 9.0,
          "combined_weight": 16.2
        },
        {
          "t1": "FDVV",
          "t2": "FNDF",
          "corr": 0.595,
          "w1": 8.3,
          "w2": 7.2,
          "combined_weight": 15.5
        },
        {
          "t1": "FDVV",
          "t2": "VSS",
          "corr": 0.5824,
          "w1": 8.3,
          "w2": 9.0,
          "combined_weight": 17.3
        },
        {
          "t1": "RIO",
          "t2": "VSS",
          "corr": 0.5697,
          "w1": 5.6,
          "w2": 9.0,
          "combined_weight": 14.6
        },
        {
          "t1": "BMED",
          "t2": "XLV",
          "corr": 0.5597,
          "w1": 5.6,
          "w2": 3.2,
          "combined_weight": 8.8
        },
        {
          "t1": "FNDF",
          "t2": "RIO",
          "corr": 0.555,
          "w1": 7.2,
          "w2": 5.6,
          "combined_weight": 12.8
        },
        {
          "t1": "FDVV",
          "t2": "BMED",
          "corr": 0.5452,
          "w1": 8.3,
          "w2": 5.6,
          "combined_weight": 13.8
        },
        {
          "t1": "FNDF",
          "t2": "BMED",
          "corr": 0.5452,
          "w1": 7.2,
          "w2": 5.6,
          "combined_weight": 12.8
        },
        {
          "t1": "BMED",
          "t2": "VSS",
          "corr": 0.5222,
          "w1": 5.6,
          "w2": 9.0,
          "combined_weight": 14.6
        }
      ],
      "least_correlated": [
        {
          "t1": "FDVV",
          "t2": "CF",
          "corr": -0.0986,
          "w1": 8.3,
          "w2": 5.6,
          "combined_weight": 13.8
        },
        {
          "t1": "CF",
          "t2": "BMED",
          "corr": -0.1461,
          "w1": 5.6,
          "w2": 5.6,
          "combined_weight": 11.1
        },
        {
          "t1": "FNDF",
          "t2": "CF",
          "corr": -0.1554,
          "w1": 7.2,
          "w2": 5.6,
          "combined_weight": 12.8
        },
        {
          "t1": "CF",
          "t2": "XLV",
          "corr": -0.1745,
          "w1": 5.6,
          "w2": 3.2,
          "combined_weight": 8.8
        },
        {
          "t1": "CF",
          "t2": "VSS",
          "corr": -0.2148,
          "w1": 5.6,
          "w2": 9.0,
          "combined_weight": 14.6
        }
      ],
      "high_corr_high_weight": []
    },
    "Stable": {
      "n_assets": 15,
      "weighted_avg_correlation": 0.1354,
      "most_correlated": [
        {
          "t1": "SCHP",
          "t2": "SUNPHARMA",
          "corr": 0.5516,
          "w1": 5.3,
          "w2": 5.4,
          "combined_weight": 10.7
        },
        {
          "t1": "SCHP",
          "t2": "2912",
          "corr": 0.5516,
          "w1": 5.3,
          "w2": 4.4,
          "combined_weight": 9.7
        },
        {
          "t1": "SUNPHARMA",
          "t2": "2912",
          "corr": 0.5488,
          "w1": 5.4,
          "w2": 4.4,
          "combined_weight": 9.9
        },
        {
          "t1": "ACWV",
          "t2": "XLV",
          "corr": 0.5018,
          "w1": 4.8,
          "w2": 4.1,
          "combined_weight": 8.8
        },
        {
          "t1": "SPYV",
          "t2": "XLV",
          "corr": 0.4869,
          "w1": 4.4,
          "w2": 4.1,
          "combined_weight": 8.4
        },
        {
          "t1": "ACWV",
          "t2": "SPYV",
          "corr": 0.4806,
          "w1": 4.8,
          "w2": 4.4,
          "combined_weight": 9.1
        },
        {
          "t1": "VICI",
          "t2": "SCHP",
          "corr": 0.4482,
          "w1": 5.3,
          "w2": 5.3,
          "combined_weight": 10.6
        },
        {
          "t1": "SPLV",
          "t2": "XLV",
          "corr": 0.4353,
          "w1": 4.8,
          "w2": 4.1,
          "combined_weight": 8.8
        },
        {
          "t1": "ACWV",
          "t2": "SPLV",
          "corr": 0.4196,
          "w1": 4.8,
          "w2": 4.8,
          "combined_weight": 9.5
        },
        {
          "t1": "VICI",
          "t2": "SUNPHARMA",
          "corr": 0.401,
          "w1": 5.3,
          "w2": 5.4,
          "combined_weight": 10.7
        }
      ],
      "least_correlated": [
        {
          "t1": "BSV",
          "t2": "STIP",
          "corr": 0.0227,
          "w1": 11.5,
          "w2": 13.0,
          "combined_weight": 24.5
        },
        {
          "t1": "CLTL",
          "t2": "VGSH",
          "corr": 0.0227,
          "w1": 8.6,
          "w2": 12.9,
          "combined_weight": 21.5
        },
        {
          "t1": "CLTL",
          "t2": "STIP",
          "corr": 0.0227,
          "w1": 8.6,
          "w2": 13.0,
          "combined_weight": 21.6
        },
        {
          "t1": "VGSH",
          "t2": "STIP",
          "corr": 0.0227,
          "w1": 12.9,
          "w2": 13.0,
          "combined_weight": 25.9
        },
        {
          "t1": "SCHP",
          "t2": "GLD",
          "corr": 0.0168,
          "w1": 5.3,
          "w2": 4.1,
          "combined_weight": 9.4
        }
      ],
      "high_corr_high_weight": []
    }
  },
  "all_pairs_top_30": [
    {
      "t1": "PICK",
      "t2": "REMX",
      "corr_hybrid": 0.7745,
      "corr_structured": 0.2,
      "cat1": "ETF",
      "cat2": "ETF",
      "exp1": "metals_mining",
      "exp2": "rare_earth",
      "fam1": null,
      "fam2": null
    },
    {
      "t1": "SOXX",
      "t2": "VRT",
      "corr_hybrid": 0.7138,
      "corr_structured": null,
      "cat1": "ETF",
      "cat2": "Act",
      "exp1": "semiconductor",
      "exp2": null,
      "fam1": "sector_tech",
      "fam2": null
    },
    {
      "t1": "PICK",
      "t2": "VSS",
      "corr_hybrid": 0.707,
      "corr_structured": 0.2,
      "cat1": "ETF",
      "cat2": "ETF",
      "exp1": "metals_mining",
      "exp2": "intl_small_cap",
      "fam1": null,
      "fam2": null
    },
    {
      "t1": "PICK",
      "t2": "XCEM",
      "corr_hybrid": 0.7045,
      "corr_structured": 0.2,
      "cat1": "ETF",
      "cat2": "ETF",
      "exp1": "metals_mining",
      "exp2": "emerging_markets",
      "fam1": null,
      "fam2": "em_equity"
    },
    {
      "t1": "VSS",
      "t2": "XCEM",
      "corr_hybrid": 0.6975,
      "corr_structured": 0.2,
      "cat1": "ETF",
      "cat2": "ETF",
      "exp1": "intl_small_cap",
      "exp2": "emerging_markets",
      "fam1": null,
      "fam2": "em_equity"
    },
    {
      "t1": "FLKR",
      "t2": "XCEM",
      "corr_hybrid": 0.6858,
      "corr_structured": 0.9,
      "cat1": "ETF",
      "cat2": "ETF",
      "exp1": "south_korea",
      "exp2": "emerging_markets",
      "fam1": "em_equity",
      "fam2": "em_equity"
    },
    {
      "t1": "FNDF",
      "t2": "PICK",
      "corr_hybrid": 0.6832,
      "corr_structured": 0.2,
      "cat1": "ETF",
      "cat2": "ETF",
      "exp1": "international",
      "exp2": "metals_mining",
      "fam1": "intl_equity",
      "fam2": null
    },
    {
      "t1": "SOXX",
      "t2": "XCEM",
      "corr_hybrid": 0.6782,
      "corr_structured": 0.2,
      "cat1": "ETF",
      "cat2": "ETF",
      "exp1": "semiconductor",
      "exp2": "emerging_markets",
      "fam1": "sector_tech",
      "fam2": "em_equity"
    },
    {
      "t1": "FNDF",
      "t2": "XCEM",
      "corr_hybrid": 0.6747,
      "corr_structured": 0.62,
      "cat1": "ETF",
      "cat2": "ETF",
      "exp1": "international",
      "exp2": "emerging_markets",
      "fam1": "intl_equity",
      "fam2": "em_equity"
    },
    {
      "t1": "PICK",
      "t2": "RIO",
      "corr_hybrid": 0.6705,
      "corr_structured": null,
      "cat1": "ETF",
      "cat2": "Act",
      "exp1": "metals_mining",
      "exp2": null,
      "fam1": null,
      "fam2": null
    },
    {
      "t1": "CF",
      "t2": "EOG",
      "corr_hybrid": 0.6689,
      "corr_structured": null,
      "cat1": "Act",
      "cat2": "Act",
      "exp1": null,
      "exp2": null,
      "fam1": null,
      "fam2": null
    },
    {
      "t1": "NVDA",
      "t2": "VRT",
      "corr_hybrid": 0.668,
      "corr_structured": null,
      "cat1": "Act",
      "cat2": "Act",
      "exp1": null,
      "exp2": null,
      "fam1": null,
      "fam2": null
    },
    {
      "t1": "FNDF",
      "t2": "VSS",
      "corr_hybrid": 0.6674,
      "corr_structured": 0.2,
      "cat1": "ETF",
      "cat2": "ETF",
      "exp1": "international",
      "exp2": "intl_small_cap",
      "fam1": "intl_equity",
      "fam2": null
    },
    {
      "t1": "FLKR",
      "t2": "PICK",
      "corr_hybrid": 0.6489,
      "corr_structured": 0.2,
      "cat1": "ETF",
      "cat2": "ETF",
      "exp1": "south_korea",
      "exp2": "metals_mining",
      "fam1": "em_equity",
      "fam2": null
    },
    {
      "t1": "FLKR",
      "t2": "SOXX",
      "corr_hybrid": 0.6413,
      "corr_structured": 0.2,
      "cat1": "ETF",
      "cat2": "ETF",
      "exp1": "south_korea",
      "exp2": "semiconductor",
      "fam1": "em_equity",
      "fam2": "sector_tech"
    },
    {
      "t1": "REMX",
      "t2": "RIO",
      "corr_hybrid": 0.6355,
      "corr_structured": null,
      "cat1": "ETF",
      "cat2": "Act",
      "exp1": "rare_earth",
      "exp2": null,
      "fam1": null,
      "fam2": null
    },
    {
      "t1": "FLKR",
      "t2": "VSS",
      "corr_hybrid": 0.6285,
      "corr_structured": 0.2,
      "cat1": "ETF",
      "cat2": "ETF",
      "exp1": "south_korea",
      "exp2": "intl_small_cap",
      "fam1": "em_equity",
      "fam2": null
    },
    {
      "t1": "FLKR",
      "t2": "FNDF",
      "corr_hybrid": 0.6109,
      "corr_structured": 0.62,
      "cat1": "ETF",
      "cat2": "ETF",
      "exp1": "south_korea",
      "exp2": "international",
      "fam1": "em_equity",
      "fam2": "intl_equity"
    },
    {
      "t1": "PICK",
      "t2": "SOXX",
      "corr_hybrid": 0.6028,
      "corr_structured": 0.2,
      "cat1": "ETF",
      "cat2": "ETF",
      "exp1": "metals_mining",
      "exp2": "semiconductor",
      "fam1": null,
      "fam2": "sector_tech"
    },
    {
      "t1": "FDVV",
      "t2": "FNDF",
      "corr_hybrid": 0.595,
      "corr_structured": 0.2,
      "cat1": "ETF",
      "cat2": "ETF",
      "exp1": "dividend",
      "exp2": "international",
      "fam1": "factor_dividend",
      "fam2": "intl_equity"
    },
    {
      "t1": "FDVV",
      "t2": "XCEM",
      "corr_hybrid": 0.5921,
      "corr_structured": 0.2,
      "cat1": "ETF",
      "cat2": "ETF",
      "exp1": "dividend",
      "exp2": "emerging_markets",
      "fam1": "factor_dividend",
      "fam2": "em_equity"
    },
    {
      "t1": "SOXX",
      "t2": "VSS",
      "corr_hybrid": 0.5899,
      "corr_structured": 0.2,
      "cat1": "ETF",
      "cat2": "ETF",
      "exp1": "semiconductor",
      "exp2": "intl_small_cap",
      "fam1": "sector_tech",
      "fam2": null
    },
    {
      "t1": "EOG",
      "t2": "SHEL",
      "corr_hybrid": 0.5872,
      "corr_structured": null,
      "cat1": "Act",
      "cat2": "Act",
      "exp1": null,
      "exp2": null,
      "fam1": null,
      "fam2": null
    },
    {
      "t1": "FDVV",
      "t2": "VSS",
      "corr_hybrid": 0.5824,
      "corr_structured": 0.2,
      "cat1": "ETF",
      "cat2": "ETF",
      "exp1": "dividend",
      "exp2": "intl_small_cap",
      "fam1": "factor_dividend",
      "fam2": null
    },
    {
      "t1": "BMED",
      "t2": "INCY",
      "corr_hybrid": 0.5755,
      "corr_structured": null,
      "cat1": "Act",
      "cat2": "Act",
      "exp1": null,
      "exp2": null,
      "fam1": null,
      "fam2": null
    },
    {
      "t1": "NVDA",
      "t2": "SOXX",
      "corr_hybrid": 0.5743,
      "corr_structured": null,
      "cat1": "Act",
      "cat2": "ETF",
      "exp1": null,
      "exp2": "semiconductor",
      "fam1": null,
      "fam2": "sector_tech"
    },
    {
      "t1": "REMX",
      "t2": "VSS",
      "corr_hybrid": 0.5732,
      "corr_structured": 0.2,
      "cat1": "ETF",
      "cat2": "ETF",
      "exp1": "rare_earth",
      "exp2": "intl_small_cap",
      "fam1": null,
      "fam2": null
    },
    {
      "t1": "FNDF",
      "t2": "SPYV",
      "corr_hybrid": 0.5713,
      "corr_structured": 0.2,
      "cat1": "ETF",
      "cat2": "ETF",
      "exp1": "international",
      "exp2": "sp500_value",
      "fam1": "intl_equity",
      "fam2": "factor_value"
    },
    {
      "t1": "RIO",
      "t2": "VSS",
      "corr_hybrid": 0.5697,
      "corr_structured": null,
      "cat1": "Act",
      "cat2": "ETF",
      "exp1": null,
      "exp2": "intl_small_cap",
      "fam1": null,
      "fam2": null
    },
    {
      "t1": "FNDF",
      "t2": "SOXX",
      "corr_hybrid": 0.5695,
      "corr_structured": 0.2,
      "cat1": "ETF",
      "cat2": "ETF",
      "exp1": "international",
      "exp2": "semiconductor",
      "fam1": "intl_equity",
      "fam2": "sector_tech"
    }
  ],
  "all_pairs_bottom_10": [
    {
      "t1": "CF",
      "t2": "GLD",
      "corr_hybrid": 0.0078,
      "corr_structured": null,
      "cat1": "Act",
      "cat2": "ETF",
      "exp1": null,
      "exp2": "gold_physical",
      "fam1": null,
      "fam2": "gold"
    },
    {
      "t1": "FLKR",
      "t2": "SCHP",
      "corr_hybrid": 0.0076,
      "corr_structured": 0.1,
      "cat1": "ETF",
      "cat2": "Act",
      "exp1": "south_korea",
      "exp2": "bonds_tips",
      "fam1": "em_equity",
      "fam2": "bonds_gov"
    },
    {
      "t1": "GLD",
      "t2": "INCY",
      "corr_hybrid": -0.0067,
      "corr_structured": null,
      "cat1": "ETF",
      "cat2": "Act",
      "exp1": "gold_physical",
      "exp2": null,
      "fam1": "gold",
      "fam2": null
    },
    {
      "t1": "ANET",
      "t2": "SCHD",
      "corr_hybrid": 0.006,
      "corr_structured": null,
      "cat1": "Act",
      "cat2": "ETF",
      "exp1": null,
      "exp2": "dividend",
      "fam1": null,
      "fam2": "factor_dividend"
    },
    {
      "t1": "SOXX",
      "t2": "VICI",
      "corr_hybrid": -0.0052,
      "corr_structured": null,
      "cat1": "ETF",
      "cat2": "Act",
      "exp1": "semiconductor",
      "exp2": null,
      "fam1": "sector_tech",
      "fam2": null
    },
    {
      "t1": "NVDA",
      "t2": "VICI",
      "corr_hybrid": 0.004,
      "corr_structured": null,
      "cat1": "Act",
      "cat2": "Act",
      "exp1": null,
      "exp2": null,
      "fam1": null,
      "fam2": null
    },
    {
      "t1": "EOG",
      "t2": "SOXX",
      "corr_hybrid": 0.0033,
      "corr_structured": null,
      "cat1": "Act",
      "cat2": "ETF",
      "exp1": null,
      "exp2": "semiconductor",
      "fam1": null,
      "fam2": "sector_tech"
    },
    {
      "t1": "ITX",
      "t2": "LI",
      "corr_hybrid": -0.0026,
      "corr_structured": null,
      "cat1": "Act",
      "cat2": "Act",
      "exp1": null,
      "exp2": null,
      "fam1": null,
      "fam2": null
    },
    {
      "t1": "ANET",
      "t2": "ITX",
      "corr_hybrid": 0.0018,
      "corr_structured": null,
      "cat1": "Act",
      "cat2": "Act",
      "exp1": null,
      "exp2": null,
      "fam1": null,
      "fam2": null
    },
    {
      "t1": "CF",
      "t2": "SPLV",
      "corr_hybrid": -0.0008,
      "corr_structured": null,
      "cat1": "Act",
      "cat2": "ETF",
      "exp1": null,
      "exp2": "sp500",
      "fam1": null,
      "fam2": "us_equity_large"
    }
  ],
  "correlation_matrix": {
    "tickers": [
      "000660",
      "2059",
      "2912",
      "ACWV",
      "ANET",
      "BMED",
      "BSV",
      "CF",
      "CLTL",
      "EOG",
      "FDVV",
      "FLKR",
      "FNDF",
      "GBIL",
      "GD",
      "GLD",
      "INCY",
      "ITX",
      "LI",
      "NVDA",
      "OIH",
      "PAAA",
      "PICK",
      "REMX",
      "RIO",
      "SCHD",
      "SCHP",
      "SGOV",
      "SHEL",
      "SOXX",
      "SPLV",
      "SPYV",
      "STIP",
      "SUNPHARMA",
      "USFR",
      "VGSH",
      "VICI",
      "VRT",
      "VSS",
      "XBI",
      "XCEM",
      "XLV"
    ],
    "matrix": [
      [
        1.0,
        0.5488,
        0.5488,
        0.315,
        0.2013,
        0.4342,
        0.0702,
        0.2718,
        0.0702,
        0.329,
        0.3148,
        0.1071,
        0.2578,
        0.0702,
        0.3872,
        0.0639,
        0.3179,
        0.2749,
        0.3074,
        0.2333,
        0.2096,
        0.0702,
        0.1668,
        0.0799,
        0.2735,
        0.3278,
        0.5516,
        0.0702,
        0.3774,
        0.156,
        0.2833,
        0.3272,
        0.0702,
        0.5488,
        0.0702,
        0.0702,
        0.401,
        0.1592,
        0.2347,
        0.2012,
        0.1816,
        0.2548
      ],
      [
        0.5488,
        1.0,
        0.5488,
        0.315,
        0.2013,
        0.4342,
        0.0702,
        0.2718,
        0.0702,
        0.329,
        0.3148,
        0.1071,
        0.2578,
        0.0702,
        0.3872,
        0.0639,
        0.3179,
        0.2749,
        0.3074,
        0.2333,
        0.2096,
        0.0702,
        0.1668,
        0.0799,
        0.2735,
        0.3278,
        0.5516,
        0.0702,
        0.3774,
        0.156,
        0.2833,
        0.3272,
        0.0702,
        0.5488,
        0.0702,
        0.0702,
        0.401,
        0.1592,
        0.2347,
        0.2012,
        0.1816,
        0.2548
      ],
      [
        0.5488,
        0.5488,
        1.0,
        0.315,
        0.2013,
        0.4342,
        0.0702,
        0.2718,
        0.0702,
        0.329,
        0.3148,
        0.1071,
        0.2578,
        0.0702,
        0.3872,
        0.0639,
        0.3179,
        0.2749,
        0.3074,
        0.2333,
        0.2096,
        0.0702,
        0.1668,
        0.0799,
        0.2735,
        0.3278,
        0.5516,
        0.0702,
        0.3774,
        0.156,
        0.2833,
        0.3272,
        0.0702,
        0.5488,
        0.0702,
        0.0702,
        0.401,
        0.1592,
        0.2347,
        0.2012,
        0.1816,
        0.2548
      ],
      [
        0.315,
        0.315,
        0.315,
        1.0,
        0.12,
        0.5504,
        0.0969,
        -0.0958,
        0.0969,
        0.0828,
        0.4582,
        0.3498,
        0.4802,
        0.0969,
        0.3477,
        0.189,
        0.4706,
        0.0124,
        0.1816,
        0.1343,
        0.2271,
        0.0969,
        0.3898,
        0.2312,
        0.3683,
        0.4394,
        0.3227,
        0.0969,
        0.1964,
        0.2581,
        0.4196,
        0.4806,
        0.0969,
        0.315,
        0.0969,
        0.0969,
        0.3641,
        0.0538,
        0.4542,
        0.4531,
        0.4181,
        0.5018
      ],
      [
        0.2013,
        0.2013,
        0.2013,
        0.12,
        1.0,
        0.2077,
        0.0208,
        -0.117,
        0.0208,
        -0.0526,
        0.3268,
        0.3627,
        0.3029,
        0.0208,
        0.1876,
        0.1171,
        0.1185,
        0.0018,
        0.1769,
        0.5153,
        0.1551,
        0.0208,
        0.325,
        0.2279,
        0.2586,
        0.006,
        0.1158,
        0.0208,
        0.0886,
        0.5044,
        -0.0631,
        0.2498,
        0.0208,
        0.2013,
        0.0208,
        0.0208,
        -0.0444,
        0.4494,
        0.3892,
        0.208,
        0.4351,
        0.0137
      ],
      [
        0.4342,
        0.4342,
        0.4342,
        0.5504,
        0.2077,
        1.0,
        0.1062,
        -0.1461,
        0.1062,
        0.0642,
        0.5452,
        0.421,
        0.5452,
        0.1062,
        0.3926,
        0.1597,
        0.5755,
        0.1359,
        0.2935,
        0.2752,
        0.2247,
        0.1062,
        0.4113,
        0.2063,
        0.3949,
        0.4702,
        0.4445,
        0.1062,
        0.2003,
        0.3674,
        0.4484,
        0.5588,
        0.1062,
        0.4342,
        0.1062,
        0.1062,
        0.4178,
        0.2017,
        0.5222,
        0.5294,
        0.5055,
        0.5597
      ],
      [
        0.0702,
        0.0702,
        0.0702,
        0.0969,
        0.0208,
        0.1062,
        1.0,
        0.0131,
        0.0227,
        0.0536,
        0.1012,
        0.079,
        0.1076,
        0.0227,
        0.0774,
        0.0434,
        0.0901,
        0.0203,
        0.0171,
        0.0348,
        0.0852,
        0.0227,
        0.0956,
        0.0669,
        0.0875,
        0.1044,
        0.061,
        0.0227,
        0.0746,
        0.0673,
        0.0811,
        0.105,
        0.0227,
        0.0702,
        0.0227,
        0.0227,
        0.0716,
        0.0282,
        0.0982,
        0.0888,
        0.091,
        0.0975
      ],
      [
        0.2718,
        0.2718,
        0.2718,
        -0.0958,
        -0.117,
        -0.1461,
        0.0131,
        1.0,
        0.0131,
        0.6689,
        -0.0986,
        -0.3012,
        -0.1554,
        0.0131,
        0.1988,
        0.0078,
        -0.1798,
        -0.0298,
        -0.0193,
        -0.0889,
        0.3062,
        0.0131,
        -0.1111,
        -0.0177,
        0.0507,
        0.1345,
        0.2043,
        0.0131,
        0.5472,
        -0.2027,
        -0.0008,
        -0.0711,
        0.0131,
        0.2718,
        0.0131,
        0.0131,
        0.1589,
        -0.0407,
        -0.2148,
        -0.2669,
        -0.308,
        -0.1745
      ],
      [
        0.0702,
        0.0702,
        0.0702,
        0.0969,
        0.0208,
        0.1062,
        0.0227,
        0.0131,
        1.0,
        0.0536,
        0.1012,
        0.079,
        0.1076,
        0.0227,
        0.0774,
        0.0434,
        0.0901,
        0.0203,
        0.0171,
        0.0348,
        0.0852,
        0.0227,
        0.0956,
        0.0669,
        0.0875,
        0.1044,
        0.061,
        0.0227,
        0.0746,
        0.0673,
        0.0811,
        0.105,
        0.0227,
        0.0702,
        0.0227,
        0.0227,
        0.0716,
        0.0282,
        0.0982,
        0.0888,
        0.091,
        0.0975
      ],
      [
        0.329,
        0.329,
        0.329,
        0.0828,
        -0.0526,
        0.0642,
        0.0536,
        0.6689,
        0.0536,
        1.0,
        0.1158,
        -0.0726,
        0.0797,
        0.0536,
        0.285,
        0.0537,
        0.0316,
        0.0601,
        -0.062,
        0.0205,
        0.4501,
        0.0536,
        0.0851,
        0.0984,
        0.1795,
        0.3036,
        0.2413,
        0.0536,
        0.5872,
        0.0033,
        0.1227,
        0.1419,
        0.0536,
        0.329,
        0.0536,
        0.0536,
        0.223,
        0.0695,
        0.0082,
        -0.0451,
        -0.0631,
        0.0322
      ],
      [
        0.3148,
        0.3148,
        0.3148,
        0.4582,
        0.3268,
        0.5452,
        0.1012,
        -0.0986,
        0.1012,
        0.1158,
        1.0,
        0.5269,
        0.595,
        0.1012,
        0.3285,
        0.2362,
        0.4425,
        0.0701,
        0.2155,
        0.3599,
        0.3756,
        0.1012,
        0.5513,
        0.3758,
        0.463,
        0.4344,
        0.2454,
        0.1012,
        0.2619,
        0.5199,
        0.3165,
        0.5445,
        0.1012,
        0.3148,
        0.1012,
        0.1012,
        0.2607,
        0.369,
        0.5824,
        0.4971,
        0.5921,
        0.4555
      ],
      [
        0.1071,
        0.1071,
        0.1071,
        0.3498,
        0.3627,
        0.421,
        0.079,
        -0.3012,
        0.079,
        -0.0726,
        0.5269,
        1.0,
        0.6109,
        0.079,
        0.1598,
        0.2887,
        0.3137,
        0.0713,
        0.2024,
        0.4167,
        0.336,
        0.079,
        0.6489,
        0.5067,
        0.467,
        0.3021,
        0.0076,
        0.079,
        0.105,
        0.6413,
        0.1669,
        0.4776,
        0.079,
        0.1071,
        0.079,
        0.079,
        0.0627,
        0.488,
        0.6285,
        0.4797,
        0.6858,
        0.3606
      ],
      [
        0.2578,
        0.2578,
        0.2578,
        0.4802,
        0.3029,
        0.5452,
        0.1076,
        -0.1554,
        0.1076,
        0.0797,
        0.595,
        0.6109,
        1.0,
        0.1076,
        0.31,
        0.3336,
        0.4105,
        0.0738,
        0.2355,
        0.3478,
        0.4086,
        0.1076,
        0.6832,
        0.5312,
        0.555,
        0.4536,
        0.1771,
        0.1076,
        0.2556,
        0.5695,
        0.3223,
        0.5713,
        0.1076,
        0.2578,
        0.1076,
        0.1076,
        0.2395,
        0.3623,
        0.6674,
        0.528,
        0.6747,
        0.4761
      ],
      [
        0.0702,
        0.0702,
        0.0702,
        0.0969,
        0.0208,
        0.1062,
        0.0227,
        0.0131,
        0.0227,
        0.0536,
        0.1012,
        0.079,
        0.1076,
        1.0,
        0.0774,
        0.0434,
        0.0901,
        0.0203,
        0.0171,
        0.0348,
        0.0852,
        0.0227,
        0.0956,
        0.0669,
        0.0875,
        0.1044,
        0.061,
        0.0227,
        0.0746,
        0.0673,
        0.0811,
        0.105,
        0.0227,
        0.0702,
        0.0227,
        0.0227,
        0.0716,
        0.0282,
        0.0982,
        0.0888,
        0.091,
        0.0975
      ],
      [
        0.3872,
        0.3872,
        0.3872,
        0.3477,
        0.1876,
        0.3926,
        0.0774,
        0.1988,
        0.0774,
        0.285,
        0.3285,
        0.1598,
        0.31,
        0.0774,
        1.0,
        0.1262,
        0.314,
        0.061,
        0.1334,
        0.1172,
        0.2632,
        0.0774,
        0.2444,
        0.1522,
        0.2959,
        0.3635,
        0.3766,
        0.0774,
        0.3425,
        0.1419,
        0.3124,
        0.3495,
        0.0774,
        0.3872,
        0.0774,
        0.0774,
        0.3432,
        0.0296,
        0.2835,
        0.2518,
        0.2236,
        0.3068
      ],
      [
        0.0639,
        0.0639,
        0.0639,
        0.189,
        0.1171,
        0.1597,
        0.0434,
        0.0078,
        0.0434,
        0.0537,
        0.2362,
        0.2887,
        0.3336,
        0.0434,
        0.1262,
        1.0,
        -0.0067,
        -0.0473,
        0.2802,
        0.0879,
        0.182,
        0.0434,
        0.4829,
        0.5144,
        0.4231,
        0.176,
        0.0168,
        0.0434,
        0.1615,
        0.2236,
        0.1194,
        0.2115,
        0.0434,
        0.0639,
        0.0434,
        0.0434,
        0.0993,
        0.0848,
        0.3601,
        0.1621,
        0.3206,
        0.1375
      ],
      [
        0.3179,
        0.3179,
        0.3179,
        0.4706,
        0.1185,
        0.5755,
        0.0901,
        -0.1798,
        0.0901,
        0.0316,
        0.4425,
        0.3137,
        0.4105,
        0.0901,
        0.314,
        -0.0067,
        1.0,
        0.0544,
        0.0454,
        0.1859,
        0.1858,
        0.0901,
        0.2057,
        -0.0283,
        0.1848,
        0.4128,
        0.3365,
        0.0901,
        0.1123,
        0.2681,
        0.4008,
        0.4733,
        0.0901,
        0.3179,
        0.0901,
        0.0901,
        0.332,
        0.1291,
        0.3649,
        0.4834,
        0.3721,
        0.5253
      ],
      [
        0.2749,
        0.2749,
        0.2749,
        0.0124,
        0.0018,
        0.1359,
        0.0203,
        -0.0298,
        0.0203,
        0.0601,
        0.0701,
        0.0713,
        0.0738,
        0.0203,
        0.061,
        -0.0473,
        0.0544,
        1.0,
        -0.0026,
        0.1624,
        0.0727,
        0.0203,
        0.0884,
        0.1714,
        0.0925,
        0.0364,
        0.3009,
        0.0203,
        0.1247,
        0.1127,
        -0.0093,
        0.0521,
        0.0203,
        0.2749,
        0.0203,
        0.0203,
        0.0968,
        0.0678,
        0.0885,
        -0.0266,
        0.1025,
        -0.0262
      ],
      [
        0.3074,
        0.3074,
        0.3074,
        0.1816,
        0.1769,
        0.2935,
        0.0171,
        -0.0193,
        0.0171,
        -0.062,
        0.2155,
        0.2024,
        0.2355,
        0.0171,
        0.1334,
        0.2802,
        0.0454,
        -0.0026,
        1.0,
        0.303,
        -0.113,
        0.0171,
        0.3068,
        0.2878,
        0.3613,
        0.0572,
        0.3203,
        0.0171,
        0.0385,
        0.2297,
        0.1093,
        0.1753,
        0.0171,
        0.3074,
        0.0171,
        0.0171,
        0.2222,
        0.3359,
        0.2857,
        0.1443,
        0.2608,
        0.1099
      ],
      [
        0.2333,
        0.2333,
        0.2333,
        0.1343,
        0.5153,
        0.2752,
        0.0348,
        -0.0889,
        0.0348,
        0.0205,
        0.3599,
        0.4167,
        0.3478,
        0.0348,
        0.1172,
        0.0879,
        0.1859,
        0.1624,
        0.303,
        1.0,
        0.2228,
        0.0348,
        0.3423,
        0.218,
        0.2605,
        0.1054,
        0.1303,
        0.0348,
        0.1257,
        0.5743,
        -0.0245,
        0.2935,
        0.0348,
        0.2333,
        0.0348,
        0.0348,
        0.004,
        0.668,
        0.3762,
        0.2588,
        0.4547,
        0.1057
      ],
      [
        0.2096,
        0.2096,
        0.2096,
        0.2271,
        0.1551,
        0.2247,
        0.0852,
        0.3062,
        0.0852,
        0.4501,
        0.3756,
        0.336,
        0.4086,
        0.0852,
        0.2632,
        0.182,
        0.1858,
        0.0727,
        -0.113,
        0.2228,
        1.0,
        0.0852,
        0.4413,
        0.3714,
        0.3656,
        0.3982,
        0.0638,
        0.0852,
        0.4967,
        0.3887,
        0.1493,
        0.3671,
        0.0852,
        0.2096,
        0.0852,
        0.0852,
        0.123,
        0.3176,
        0.3571,
        0.2371,
        0.3519,
        0.2136
      ],
      [
        0.0702,
        0.0702,
        0.0702,
        0.0969,
        0.0208,
        0.1062,
        0.0227,
        0.0131,
        0.0227,
        0.0536,
        0.1012,
        0.079,
        0.1076,
        0.0227,
        0.0774,
        0.0434,
        0.0901,
        0.0203,
        0.0171,
        0.0348,
        0.0852,
        1.0,
        0.0956,
        0.0669,
        0.0875,
        0.1044,
        0.061,
        0.0227,
        0.0746,
        0.0673,
        0.0811,
        0.105,
        0.0227,
        0.0702,
        0.0227,
        0.0227,
        0.0716,
        0.0282,
        0.0982,
        0.0888,
        0.091,
        0.0975
      ],
      [
        0.1668,
        0.1668,
        0.1668,
        0.3898,
        0.325,
        0.4113,
        0.0956,
        -0.1111,
        0.0956,
        0.0851,
        0.5513,
        0.6489,
        0.6832,
        0.0956,
        0.2444,
        0.4829,
        0.2057,
        0.0884,
        0.3068,
        0.3423,
        0.4413,
        0.0956,
        1.0,
        0.7745,
        0.6705,
        0.3829,
        0.0529,
        0.0956,
        0.2843,
        0.6028,
        0.2186,
        0.5025,
        0.0956,
        0.1668,
        0.0956,
        0.0956,
        0.1464,
        0.3798,
        0.707,
        0.435,
        0.7045,
        0.3476
      ],
      [
        0.0799,
        0.0799,
        0.0799,
        0.2312,
        0.2279,
        0.2063,
        0.0669,
        -0.0177,
        0.0669,
        0.0984,
        0.3758,
        0.5067,
        0.5312,
        0.0669,
        0.1522,
        0.5144,
        -0.0283,
        0.1714,
        0.2878,
        0.218,
        0.3714,
        0.0669,
        0.7745,
        1.0,
        0.6355,
        0.25,
        -0.024,
        0.0669,
        0.2747,
        0.449,
        0.1004,
        0.322,
        0.0669,
        0.0799,
        0.0669,
        0.0669,
        0.0672,
        0.2348,
        0.5732,
        0.2334,
        0.5469,
        0.1562
      ],
      [
        0.2735,
        0.2735,
        0.2735,
        0.3683,
        0.2586,
        0.3949,
        0.0875,
        0.0507,
        0.0875,
        0.1795,
        0.463,
        0.467,
        0.555,
        0.0875,
        0.2959,
        0.4231,
        0.1848,
        0.0925,
        0.3613,
        0.2605,
        0.3656,
        0.0875,
        0.6705,
        0.6355,
        1.0,
        0.3687,
        0.1974,
        0.0875,
        0.336,
        0.4263,
        0.2488,
        0.434,
        0.0875,
        0.2735,
        0.0875,
        0.0875,
        0.2407,
        0.2537,
        0.5697,
        0.3373,
        0.5301,
        0.3051
      ],
      [
        0.3278,
        0.3278,
        0.3278,
        0.4394,
        0.006,
        0.4702,
        0.1044,
        0.1345,
        0.1044,
        0.3036,
        0.4344,
        0.3021,
        0.4536,
        0.1044,
        0.3635,
        0.176,
        0.4128,
        0.0364,
        0.0572,
        0.1054,
        0.3982,
        0.1044,
        0.3829,
        0.25,
        0.3687,
        1.0,
        0.2889,
        0.1044,
        0.3727,
        0.2441,
        0.3915,
        0.4642,
        0.1044,
        0.3278,
        0.1044,
        0.1044,
        0.3532,
        0.0873,
        0.3947,
        0.3832,
        0.3506,
        0.4508
      ],
      [
        0.5516,
        0.5516,
        0.5516,
        0.3227,
        0.1158,
        0.4445,
        0.061,
        0.2043,
        0.061,
        0.2413,
        0.2454,
        0.0076,
        0.1771,
        0.061,
        0.3766,
        0.0168,
        0.3365,
        0.3009,
        0.3203,
        0.1303,
        0.0638,
        0.061,
        0.0529,
        -0.024,
        0.1974,
        0.2889,
        1.0,
        0.061,
        0.2811,
        0.0128,
        0.3237,
        0.2744,
        0.061,
        0.5516,
        0.061,
        0.061,
        0.4482,
        -0.0097,
        0.1579,
        0.1736,
        0.0879,
        0.2677
      ],
      [
        0.0702,
        0.0702,
        0.0702,
        0.0969,
        0.0208,
        0.1062,
        0.0227,
        0.0131,
        0.0227,
        0.0536,
        0.1012,
        0.079,
        0.1076,
        0.0227,
        0.0774,
        0.0434,
        0.0901,
        0.0203,
        0.0171,
        0.0348,
        0.0852,
        0.0227,
        0.0956,
        0.0669,
        0.0875,
        0.1044,
        0.061,
        1.0,
        0.0746,
        0.0673,
        0.0811,
        0.105,
        0.0227,
        0.0702,
        0.0227,
        0.0227,
        0.0716,
        0.0282,
        0.0982,
        0.0888,
        0.091,
        0.0975
      ],
      [
        0.3774,
        0.3774,
        0.3774,
        0.1964,
        0.0886,
        0.2003,
        0.0746,
        0.5472,
        0.0746,
        0.5872,
        0.2619,
        0.105,
        0.2556,
        0.0746,
        0.3425,
        0.1615,
        0.1123,
        0.1247,
        0.0385,
        0.1257,
        0.4967,
        0.0746,
        0.2843,
        0.2747,
        0.336,
        0.3727,
        0.2811,
        0.0746,
        1.0,
        0.1619,
        0.1827,
        0.2724,
        0.0746,
        0.3774,
        0.0746,
        0.0746,
        0.2623,
        0.1501,
        0.2037,
        0.0865,
        0.1376,
        0.1328
      ],
      [
        0.156,
        0.156,
        0.156,
        0.2581,
        0.5044,
        0.3674,
        0.0673,
        -0.2027,
        0.0673,
        0.0033,
        0.5199,
        0.6413,
        0.5695,
        0.0673,
        0.1419,
        0.2236,
        0.2681,
        0.1127,
        0.2297,
        0.5743,
        0.3887,
        0.0673,
        0.6028,
        0.449,
        0.4263,
        0.2441,
