{
  "_meta": {
    "generated": "2026-04-27T10:10:21",
    "portfolio_generated": "2026-04-27T10:06:21.524178",
    "n_assets": 43,
    "n_with_returns": 32,
    "covariance_method": "hybrid_shrunk",
    "condition_number": 403.24,
    "pca_factors": 5
  },
  "profiles": {
    "Agressif": {
      "n_assets": 18,
      "weighted_avg_correlation": 0.2684,
      "most_correlated": [
        {
          "t1": "COPX",
          "t2": "PICK",
          "corr": 0.7739,
          "w1": 6.3,
          "w2": 5.5,
          "combined_weight": 11.7
        },
        {
          "t1": "SOXX",
          "t2": "MU",
          "corr": 0.7522,
          "w1": 7.5,
          "w2": 4.1,
          "combined_weight": 11.6
        },
        {
          "t1": "COPX",
          "t2": "GDE",
          "corr": 0.7202,
          "w1": 6.3,
          "w2": 7.9,
          "combined_weight": 14.1
        },
        {
          "t1": "PICK",
          "t2": "GDE",
          "corr": 0.7091,
          "w1": 5.5,
          "w2": 7.9,
          "combined_weight": 13.3
        },
        {
          "t1": "SOXX",
          "t2": "VRT",
          "corr": 0.6917,
          "w1": 7.5,
          "w2": 3.0,
          "combined_weight": 10.5
        },
        {
          "t1": "URA",
          "t2": "COPX",
          "corr": 0.6749,
          "w1": 7.5,
          "w2": 6.3,
          "combined_weight": 13.8
        },
        {
          "t1": "VRT",
          "t2": "MU",
          "corr": 0.6687,
          "w1": 3.0,
          "w2": 4.1,
          "combined_weight": 7.1
        },
        {
          "t1": "FLKR",
          "t2": "SOXX",
          "corr": 0.6586,
          "w1": 5.4,
          "w2": 7.5,
          "combined_weight": 12.9
        },
        {
          "t1": "URA",
          "t2": "PICK",
          "corr": 0.6494,
          "w1": 7.5,
          "w2": 5.5,
          "combined_weight": 13.0
        },
        {
          "t1": "FLKR",
          "t2": "PICK",
          "corr": 0.6284,
          "w1": 5.4,
          "w2": 5.5,
          "combined_weight": 10.8
        }
      ],
      "least_correlated": [
        {
          "t1": "CF",
          "t2": "INCY",
          "corr": -0.1867,
          "w1": 2.2,
          "w2": 3.9,
          "combined_weight": 6.2
        },
        {
          "t1": "SOXX",
          "t2": "CF",
          "corr": -0.2165,
          "w1": 7.5,
          "w2": 2.2,
          "combined_weight": 9.8
        },
        {
          "t1": "MU",
          "t2": "CF",
          "corr": -0.2418,
          "w1": 4.1,
          "w2": 2.2,
          "combined_weight": 6.3
        },
        {
          "t1": "CF",
          "t2": "XBI",
          "corr": -0.2615,
          "w1": 2.2,
          "w2": 3.1,
          "combined_weight": 5.4
        },
        {
          "t1": "FLKR",
          "t2": "CF",
          "corr": -0.3151,
          "w1": 5.4,
          "w2": 2.2,
          "combined_weight": 7.6
        }
      ],
      "high_corr_high_weight": [
        {
          "t1": "COPX",
          "t2": "PICK",
          "corr": 0.7739,
          "w1": 6.3,
          "w2": 5.5,
          "combined_weight": 11.7
        },
        {
          "t1": "SOXX",
          "t2": "MU",
          "corr": 0.7522,
          "w1": 7.5,
          "w2": 4.1,
          "combined_weight": 11.6
        },
        {
          "t1": "COPX",
          "t2": "GDE",
          "corr": 0.7202,
          "w1": 6.3,
          "w2": 7.9,
          "combined_weight": 14.1
        },
        {
          "t1": "PICK",
          "t2": "GDE",
          "corr": 0.7091,
          "w1": 5.5,
          "w2": 7.9,
          "combined_weight": 13.3
        }
      ]
    },
    "Mod\u00e9r\u00e9": {
      "n_assets": 15,
      "weighted_avg_correlation": 0.1454,
      "most_correlated": [
        {
          "t1": "FNDF",
          "t2": "VSS",
          "corr": 0.6671,
          "w1": 6.6,
          "w2": 9.1,
          "combined_weight": 15.8
        },
        {
          "t1": "ELE",
          "t2": "GLD",
          "corr": 0.6006,
          "w1": 3.1,
          "w2": 7.3,
          "combined_weight": 10.5
        },
        {
          "t1": "FNDF",
          "t2": "FDVV",
          "corr": 0.5638,
          "w1": 6.6,
          "w2": 5.5,
          "combined_weight": 12.2
        },
        {
          "t1": "FDVV",
          "t2": "VSS",
          "corr": 0.563,
          "w1": 5.5,
          "w2": 9.1,
          "combined_weight": 14.7
        },
        {
          "t1": "BMED",
          "t2": "XLV",
          "corr": 0.54,
          "w1": 3.1,
          "w2": 3.1,
          "combined_weight": 6.3
        },
        {
          "t1": "BMED",
          "t2": "FNDF",
          "corr": 0.5395,
          "w1": 3.1,
          "w2": 6.6,
          "combined_weight": 9.8
        },
        {
          "t1": "BMED",
          "t2": "FDVV",
          "corr": 0.5193,
          "w1": 3.1,
          "w2": 5.5,
          "combined_weight": 8.7
        },
        {
          "t1": "BMED",
          "t2": "VSS",
          "corr": 0.5124,
          "w1": 3.1,
          "w2": 9.1,
          "combined_weight": 12.3
        },
        {
          "t1": "SCHD",
          "t2": "BMED",
          "corr": 0.4728,
          "w1": 9.1,
          "w2": 3.1,
          "combined_weight": 12.3
        },
        {
          "t1": "FNDF",
          "t2": "XLV",
          "corr": 0.4491,
          "w1": 6.6,
          "w2": 3.1,
          "combined_weight": 9.8
        }
      ],
      "least_correlated": [
        {
          "t1": "CF",
          "t2": "FDVV",
          "corr": -0.1194,
          "w1": 9.1,
          "w2": 5.5,
          "combined_weight": 14.7
        },
        {
          "t1": "BMED",
          "t2": "CF",
          "corr": -0.1378,
          "w1": 3.1,
          "w2": 9.1,
          "combined_weight": 12.3
        },
        {
          "t1": "CF",
          "t2": "FNDF",
          "corr": -0.1806,
          "w1": 9.1,
          "w2": 6.6,
          "combined_weight": 15.8
        },
        {
          "t1": "CF",
          "t2": "VSS",
          "corr": -0.2012,
          "w1": 9.1,
          "w2": 9.1,
          "combined_weight": 18.3
        },
        {
          "t1": "CF",
          "t2": "XLV",
          "corr": -0.233,
          "w1": 9.1,
          "w2": 3.1,
          "combined_weight": 12.3
        }
      ],
      "high_corr_high_weight": []
    },
    "Stable": {
      "n_assets": 15,
      "weighted_avg_correlation": 0.1341,
      "most_correlated": [
        {
          "t1": "IG",
          "t2": "SUNPHARMA",
          "corr": 0.4846,
          "w1": 5.3,
          "w2": 5.4,
          "combined_weight": 10.7
        },
        {
          "t1": "ACWV",
          "t2": "XLV",
          "corr": 0.4716,
          "w1": 4.8,
          "w2": 4.4,
          "combined_weight": 9.2
        },
        {
          "t1": "SPYV",
          "t2": "XLV",
          "corr": 0.4626,
          "w1": 4.4,
          "w2": 4.4,
          "combined_weight": 8.8
        },
        {
          "t1": "ACWV",
          "t2": "SPYV",
          "corr": 0.4589,
          "w1": 4.8,
          "w2": 4.4,
          "combined_weight": 9.2
        },
        {
          "t1": "SUNPHARMA",
          "t2": "SHEL",
          "corr": 0.4273,
          "w1": 5.4,
          "w2": 4.4,
          "combined_weight": 9.9
        },
        {
          "t1": "ACWV",
          "t2": "SPLV",
          "corr": 0.4087,
          "w1": 4.8,
          "w2": 5.9,
          "combined_weight": 10.7
        },
        {
          "t1": "SPLV",
          "t2": "XLV",
          "corr": 0.3998,
          "w1": 5.9,
          "w2": 4.4,
          "combined_weight": 10.2
        },
        {
          "t1": "GD",
          "t2": "SUNPHARMA",
          "corr": 0.3997,
          "w1": 5.3,
          "w2": 5.4,
          "combined_weight": 10.7
        },
        {
          "t1": "VICI",
          "t2": "SUNPHARMA",
          "corr": 0.3953,
          "w1": 5.3,
          "w2": 5.4,
          "combined_weight": 10.7
        },
        {
          "t1": "JNJ",
          "t2": "XLV",
          "corr": 0.3841,
          "w1": 5.3,
          "w2": 4.4,
          "combined_weight": 9.7
        }
      ],
      "least_correlated": [
        {
          "t1": "BSV",
          "t2": "VGSH",
          "corr": 0.0218,
          "w1": 11.8,
          "w2": 13.0,
          "combined_weight": 24.8
        },
        {
          "t1": "BSV",
          "t2": "STIP",
          "corr": 0.0218,
          "w1": 11.8,
          "w2": 13.0,
          "combined_weight": 24.8
        },
        {
          "t1": "CLTL",
          "t2": "VGSH",
          "corr": 0.0218,
          "w1": 7.6,
          "w2": 13.0,
          "combined_weight": 20.6
        },
        {
          "t1": "CLTL",
          "t2": "STIP",
          "corr": 0.0218,
          "w1": 7.6,
          "w2": 13.0,
          "combined_weight": 20.6
        },
        {
          "t1": "VGSH",
          "t2": "STIP",
          "corr": 0.0218,
          "w1": 13.0,
          "w2": 13.0,
          "combined_weight": 26.0
        }
      ],
      "high_corr_high_weight": []
    }
  },
  "all_pairs_top_30": [
    {
      "t1": "COPX",
      "t2": "PICK",
      "corr_hybrid": 0.7739,
      "corr_structured": 0.2,
      "cat1": "ETF",
      "cat2": "ETF",
      "exp1": "copper",
      "exp2": "metals_mining",
      "fam1": "commodities",
      "fam2": null
    },
    {
      "t1": "MU",
      "t2": "SOXX",
      "corr_hybrid": 0.7522,
      "corr_structured": null,
      "cat1": "Act",
      "cat2": "ETF",
      "exp1": null,
      "exp2": "semiconductor",
      "fam1": null,
      "fam2": "sector_tech"
    },
    {
      "t1": "COPX",
      "t2": "GDE",
      "corr_hybrid": 0.7202,
      "corr_structured": 0.2,
      "cat1": "ETF",
      "cat2": "ETF",
      "exp1": "copper",
      "exp2": "gold_leveraged",
      "fam1": "commodities",
      "fam2": null
    },
    {
      "t1": "PICK",
      "t2": "VSS",
      "corr_hybrid": 0.7158,
      "corr_structured": 0.2,
      "cat1": "ETF",
      "cat2": "ETF",
      "exp1": "metals_mining",
      "exp2": "intl_small_cap",
      "fam1": null,
      "fam2": null
    },
    {
      "t1": "GDE",
      "t2": "PICK",
      "corr_hybrid": 0.7091,
      "corr_structured": 0.2,
      "cat1": "ETF",
      "cat2": "ETF",
      "exp1": "gold_leveraged",
      "exp2": "metals_mining",
      "fam1": null,
      "fam2": null
    },
    {
      "t1": "COPX",
      "t2": "VSS",
      "corr_hybrid": 0.6968,
      "corr_structured": 0.2,
      "cat1": "ETF",
      "cat2": "ETF",
      "exp1": "copper",
      "exp2": "intl_small_cap",
      "fam1": "commodities",
      "fam2": null
    },
    {
      "t1": "SOXX",
      "t2": "VRT",
      "corr_hybrid": 0.6917,
      "corr_structured": null,
      "cat1": "ETF",
      "cat2": "Act",
      "exp1": "semiconductor",
      "exp2": null,
      "fam1": "sector_tech",
      "fam2": null
    },
    {
      "t1": "COPX",
      "t2": "URA",
      "corr_hybrid": 0.6749,
      "corr_structured": 0.9,
      "cat1": "ETF",
      "cat2": "ETF",
      "exp1": "copper",
      "exp2": "uranium",
      "fam1": "commodities",
      "fam2": "commodities"
    },
    {
      "t1": "FNDF",
      "t2": "PICK",
      "corr_hybrid": 0.6731,
      "corr_structured": 0.2,
      "cat1": "ETF",
      "cat2": "ETF",
      "exp1": "international",
      "exp2": "metals_mining",
      "fam1": "intl_equity",
      "fam2": null
    },
    {
      "t1": "MU",
      "t2": "VRT",
      "corr_hybrid": 0.6687,
      "corr_structured": null,
      "cat1": "Act",
      "cat2": "Act",
      "exp1": null,
      "exp2": null,
      "fam1": null,
      "fam2": null
    },
    {
      "t1": "FNDF",
      "t2": "VSS",
      "corr_hybrid": 0.6671,
      "corr_structured": 0.2,
      "cat1": "ETF",
      "cat2": "ETF",
      "exp1": "international",
      "exp2": "intl_small_cap",
      "fam1": "intl_equity",
      "fam2": null
    },
    {
      "t1": "FLKR",
      "t2": "SOXX",
      "corr_hybrid": 0.6586,
      "corr_structured": 0.2,
      "cat1": "ETF",
      "cat2": "ETF",
      "exp1": "south_korea",
      "exp2": "semiconductor",
      "fam1": "em_equity",
      "fam2": "sector_tech"
    },
    {
      "t1": "PICK",
      "t2": "URA",
      "corr_hybrid": 0.6494,
      "corr_structured": 0.2,
      "cat1": "ETF",
      "cat2": "ETF",
      "exp1": "metals_mining",
      "exp2": "uranium",
      "fam1": null,
      "fam2": "commodities"
    },
    {
      "t1": "COPX",
      "t2": "FNDF",
      "corr_hybrid": 0.6454,
      "corr_structured": 0.2,
      "cat1": "ETF",
      "cat2": "ETF",
      "exp1": "copper",
      "exp2": "international",
      "fam1": "commodities",
      "fam2": "intl_equity"
    },
    {
      "t1": "GDE",
      "t2": "VSS",
      "corr_hybrid": 0.6338,
      "corr_structured": 0.2,
      "cat1": "ETF",
      "cat2": "ETF",
      "exp1": "gold_leveraged",
      "exp2": "intl_small_cap",
      "fam1": null,
      "fam2": null
    },
    {
      "t1": "FLKR",
      "t2": "PICK",
      "corr_hybrid": 0.6284,
      "corr_structured": 0.2,
      "cat1": "ETF",
      "cat2": "ETF",
      "exp1": "south_korea",
      "exp2": "metals_mining",
      "fam1": "em_equity",
      "fam2": null
    },
    {
      "t1": "FLKR",
      "t2": "VSS",
      "corr_hybrid": 0.6199,
      "corr_structured": 0.2,
      "cat1": "ETF",
      "cat2": "ETF",
      "exp1": "south_korea",
      "exp2": "intl_small_cap",
      "fam1": "em_equity",
      "fam2": null
    },
    {
      "t1": "COPX",
      "t2": "FLKR",
      "corr_hybrid": 0.6154,
      "corr_structured": 0.2,
      "cat1": "ETF",
      "cat2": "ETF",
      "exp1": "copper",
      "exp2": "south_korea",
      "fam1": "commodities",
      "fam2": "em_equity"
    },
    {
      "t1": "NVDA",
      "t2": "VRT",
      "corr_hybrid": 0.6073,
      "corr_structured": null,
      "cat1": "Act",
      "cat2": "Act",
      "exp1": null,
      "exp2": null,
      "fam1": null,
      "fam2": null
    },
    {
      "t1": "ELE",
      "t2": "GLD",
      "corr_hybrid": 0.6006,
      "corr_structured": null,
      "cat1": "Act",
      "cat2": "ETF",
      "exp1": null,
      "exp2": "gold_physical",
      "fam1": null,
      "fam2": "gold"
    },
    {
      "t1": "GDE",
      "t2": "URA",
      "corr_hybrid": 0.5927,
      "corr_structured": 0.2,
      "cat1": "ETF",
      "cat2": "ETF",
      "exp1": "gold_leveraged",
      "exp2": "uranium",
      "fam1": null,
      "fam2": "commodities"
    },
    {
      "t1": "FLKR",
      "t2": "FNDF",
      "corr_hybrid": 0.5911,
      "corr_structured": 0.62,
      "cat1": "ETF",
      "cat2": "ETF",
      "exp1": "south_korea",
      "exp2": "international",
      "fam1": "em_equity",
      "fam2": "intl_equity"
    },
    {
      "t1": "FNDF",
      "t2": "GDE",
      "corr_hybrid": 0.5862,
      "corr_structured": 0.2,
      "cat1": "ETF",
      "cat2": "ETF",
      "exp1": "international",
      "exp2": "gold_leveraged",
      "fam1": "intl_equity",
      "fam2": null
    },
    {
      "t1": "MU",
      "t2": "NVDA",
      "corr_hybrid": 0.5851,
      "corr_structured": null,
      "cat1": "Act",
      "cat2": "Act",
      "exp1": null,
      "exp2": null,
      "fam1": null,
      "fam2": null
    },
    {
      "t1": "2059",
      "t2": "2345",
      "corr_hybrid": 0.5819,
      "corr_structured": null,
      "cat1": "Act",
      "cat2": "Act",
      "exp1": null,
      "exp2": null,
      "fam1": null,
      "fam2": null
    },
    {
      "t1": "2059",
      "t2": "SUNPHARMA",
      "corr_hybrid": 0.5819,
      "corr_structured": null,
      "cat1": "Act",
      "cat2": "Act",
      "exp1": null,
      "exp2": null,
      "fam1": null,
      "fam2": null
    },
    {
      "t1": "2345",
      "t2": "SUNPHARMA",
      "corr_hybrid": 0.5819,
      "corr_structured": null,
      "cat1": "Act",
      "cat2": "Act",
      "exp1": null,
      "exp2": null,
      "fam1": null,
      "fam2": null
    },
    {
      "t1": "NVDA",
      "t2": "SOXX",
      "corr_hybrid": 0.5796,
      "corr_structured": null,
      "cat1": "Act",
      "cat2": "ETF",
      "exp1": null,
      "exp2": "semiconductor",
      "fam1": null,
      "fam2": "sector_tech"
    },
    {
      "t1": "FLKR",
      "t2": "MU",
      "corr_hybrid": 0.5713,
      "corr_structured": null,
      "cat1": "ETF",
      "cat2": "Act",
      "exp1": "south_korea",
      "exp2": null,
      "fam1": "em_equity",
      "fam2": null
    },
    {
      "t1": "COPX",
      "t2": "GLD",
      "corr_hybrid": 0.5706,
      "corr_structured": 0.45,
      "cat1": "ETF",
      "cat2": "ETF",
      "exp1": "copper",
      "exp2": "gold_physical",
      "fam1": "commodities",
      "fam2": "gold"
    }
  ],
  "all_pairs_bottom_10": [
    {
      "t1": "CF",
      "t2": "URA",
      "corr_hybrid": 0.0018,
      "corr_structured": null,
      "cat1": "Act",
      "cat2": "ETF",
      "exp1": null,
      "exp2": "uranium",
      "fam1": null,
      "fam2": "commodities"
    },
    {
      "t1": "BSV",
      "t2": "CF",
      "corr_hybrid": -0.0014,
      "corr_structured": null,
      "cat1": "Obl",
      "cat2": "Act",
      "exp1": "bonds_short",
      "exp2": null,
      "fam1": "bonds_short",
      "fam2": null
    },
    {
      "t1": "CF",
      "t2": "CLTL",
      "corr_hybrid": -0.0014,
      "corr_structured": null,
      "cat1": "Act",
      "cat2": "Obl",
      "exp1": null,
      "exp2": "bonds_tbill",
      "fam1": null,
      "fam2": "bonds_short"
    },
    {
      "t1": "CF",
      "t2": "FLTR",
      "corr_hybrid": -0.0014,
      "corr_structured": null,
      "cat1": "Act",
      "cat2": "Obl",
      "exp1": null,
      "exp2": null,
      "fam1": null,
      "fam2": null
    },
    {
      "t1": "CF",
      "t2": "GBIL",
      "corr_hybrid": -0.0014,
      "corr_structured": null,
      "cat1": "Act",
      "cat2": "Obl",
      "exp1": null,
      "exp2": "bonds_tbill",
      "fam1": null,
      "fam2": "bonds_short"
    },
    {
      "t1": "CF",
      "t2": "GTIP",
      "corr_hybrid": -0.0014,
      "corr_structured": null,
      "cat1": "Act",
      "cat2": "Obl",
      "exp1": null,
      "exp2": null,
      "fam1": null,
      "fam2": null
    },
    {
      "t1": "CF",
      "t2": "PAAA",
      "corr_hybrid": -0.0014,
      "corr_structured": null,
      "cat1": "Act",
      "cat2": "Obl",
      "exp1": null,
      "exp2": "bonds_clo_aaa",
      "fam1": null,
      "fam2": "bonds_short"
    },
    {
      "t1": "CF",
      "t2": "STIP",
      "corr_hybrid": -0.0014,
      "corr_structured": null,
      "cat1": "Act",
      "cat2": "Obl",
      "exp1": null,
      "exp2": "bonds_tips",
      "fam1": null,
      "fam2": "bonds_gov"
    },
    {
      "t1": "CF",
      "t2": "VGSH",
      "corr_hybrid": -0.0014,
      "corr_structured": null,
      "cat1": "Act",
      "cat2": "Obl",
      "exp1": null,
      "exp2": "bonds_short_treasury",
      "fam1": null,
      "fam2": "bonds_short"
    },
    {
      "t1": "NVDA",
      "t2": "VICI",
      "corr_hybrid": 0.0003,
      "corr_structured": null,
      "cat1": "Act",
      "cat2": "Act",
      "exp1": null,
      "exp2": null,
      "fam1": null,
      "fam2": null
    }
  ],
  "correlation_matrix": {
    "tickers": [
      "2059",
      "2345",
      "ACWV",
      "BKR",
      "BMED",
      "BSV",
      "CF",
      "CLTL",
      "COPX",
      "ELE",
      "FDVV",
      "FLKR",
      "FLTR",
      "FNDF",
      "GBIL",
      "GD",
      "GDE",
      "GLD",
      "GTIP",
      "IG",
      "INCY",
      "ITX",
      "JNJ",
      "LI",
      "MU",
      "NOVN",
      "NVDA",
      "PAAA",
      "PICK",
      "SCHD",
      "SHEL",
      "SOXX",
      "SPLV",
      "SPYV",
      "STIP",
      "SUNPHARMA",
      "URA",
      "VGSH",
      "VICI",
      "VRT",
      "VSS",
      "XBI",
      "XLV"
    ],
    "matrix": [
      [
        1.0,
        0.5819,
        0.3176,
        0.36,
        0.4333,
        0.0786,
        0.3107,
        0.0786,
        0.1454,
        0.1534,
        0.3256,
        0.1275,
        0.0786,
        0.2907,
        0.0786,
        0.3997,
        0.1469,
        0.0651,
        0.0786,
        0.4846,
        0.3178,
        0.3047,
        0.3429,
        0.2103,
        0.16,
        0.3859,
        0.2214,
        0.0786,
        0.1987,
        0.3672,
        0.4273,
        0.1808,
        0.2952,
        0.343,
        0.0786,
        0.5819,
        0.0408,
        0.0786,
        0.3953,
        0.1715,
        0.2456,
        0.216,
        0.2971
      ],
      [
        0.5819,
        1.0,
        0.3176,
        0.36,
        0.4333,
        0.0786,
        0.3107,
        0.0786,
        0.1454,
        0.1534,
        0.3256,
        0.1275,
        0.0786,
        0.2907,
        0.0786,
        0.3997,
        0.1469,
        0.0651,
        0.0786,
        0.4846,
        0.3178,
        0.3047,
        0.3429,
        0.2103,
        0.16,
        0.3859,
        0.2214,
        0.0786,
        0.1987,
        0.3672,
        0.4273,
        0.1808,
        0.2952,
        0.343,
        0.0786,
        0.5819,
        0.0408,
        0.0786,
        0.3953,
        0.1715,
        0.2456,
        0.216,
        0.2971
      ],
      [
        0.3176,
        0.3176,
        1.0,
        0.2262,
        0.5117,
        0.0989,
        -0.121,
        0.0989,
        0.3829,
        0.1418,
        0.4409,
        0.3376,
        0.0989,
        0.4783,
        0.0989,
        0.3447,
        0.3564,
        0.2313,
        0.0989,
        0.3324,
        0.3954,
        0.1425,
        0.3803,
        0.2445,
        0.0919,
        0.2636,
        0.0938,
        0.0989,
        0.4296,
        0.4226,
        0.1623,
        0.2286,
        0.4087,
        0.4589,
        0.0989,
        0.3176,
        0.1898,
        0.0989,
        0.3224,
        0.0328,
        0.4654,
        0.4343,
        0.4716
      ],
      [
        0.36,
        0.36,
        0.2262,
        1.0,
        0.3107,
        0.0609,
        0.1693,
        0.0609,
        0.2252,
        0.05,
        0.3085,
        0.2297,
        0.0609,
        0.2917,
        0.0609,
        0.2595,
        0.1919,
        0.0823,
        0.0609,
        0.2879,
        0.217,
        0.1722,
        0.174,
        0.256,
        0.2327,
        0.2184,
        0.2788,
        0.0609,
        0.2579,
        0.2653,
        0.2809,
        0.2975,
        0.158,
        0.3025,
        0.0609,
        0.36,
        0.2191,
        0.0609,
        0.1915,
        0.312,
        0.2743,
        0.2076,
        0.2021
      ],
      [
        0.4333,
        0.4333,
        0.5117,
        0.3107,
        1.0,
        0.1058,
        -0.1378,
        0.1058,
        0.3823,
        0.1258,
        0.5193,
        0.4275,
        0.1058,
        0.5395,
        0.1058,
        0.3909,
        0.3494,
        0.1735,
        0.1058,
        0.4248,
        0.5017,
        0.2227,
        0.4145,
        0.2456,
        0.3076,
        0.3388,
        0.2295,
        0.1058,
        0.4443,
        0.4728,
        0.2188,
        0.3838,
        0.4134,
        0.5411,
        0.1058,
        0.4333,
        0.1635,
        0.1058,
        0.3522,
        0.1722,
        0.5124,
        0.4906,
        0.54
      ],
      [
        0.0786,
        0.0786,
        0.0989,
        0.0609,
        0.1058,
        1.0,
        -0.0014,
        0.0218,
        0.0821,
        0.0216,
        0.0966,
        0.0698,
        0.0218,
        0.101,
        0.0218,
        0.0784,
        0.0744,
        0.0464,
        0.0218,
        0.0756,
        0.0784,
        0.0339,
        0.0767,
        0.0668,
        0.0196,
        0.0584,
        0.0318,
        0.0218,
        0.0922,
        0.0925,
        0.0491,
        0.0542,
        0.0823,
        0.0992,
        0.0218,
        0.0786,
        0.0538,
        0.0218,
        0.0684,
        0.0259,
        0.0979,
        0.0872,
        0.0922
      ],
      [
        0.3107,
        0.3107,
        -0.121,
        0.1693,
        -0.1378,
        -0.0014,
        1.0,
        -0.0014,
        -0.151,
        0.0975,
        -0.1194,
        -0.3151,
        -0.0014,
        -0.1806,
        -0.0014,
        0.1368,
        -0.1208,
        -0.0228,
        -0.0014,
        0.1769,
        -0.1867,
        0.1402,
        -0.0027,
        0.1102,
        -0.2418,
        0.1331,
        0.0335,
        -0.0014,
        -0.1553,
        -0.0081,
        0.3879,
        -0.2165,
        -0.0444,
        -0.1316,
        -0.0014,
        0.3107,
        0.0018,
        -0.0014,
        0.1568,
        0.0537,
        -0.2012,
        -0.2615,
        -0.233
      ],
      [
        0.0786,
        0.0786,
        0.0989,
        0.0609,
        0.1058,
        0.0218,
        -0.0014,
        1.0,
        0.0821,
        0.0216,
        0.0966,
        0.0698,
        0.0218,
        0.101,
        0.0218,
        0.0784,
        0.0744,
        0.0464,
        0.0218,
        0.0756,
        0.0784,
        0.0339,
        0.0767,
        0.0668,
        0.0196,
        0.0584,
        0.0318,
        0.0218,
        0.0922,
        0.0925,
        0.0491,
        0.0542,
        0.0823,
        0.0992,
        0.0218,
        0.0786,
        0.0538,
        0.0218,
        0.0684,
        0.0259,
        0.0979,
        0.0872,
        0.0922
      ],
      [
        0.1454,
        0.1454,
        0.3829,
        0.2252,
        0.3823,
        0.0821,
        -0.151,
        0.0821,
        1.0,
        0.5305,
        0.5043,
        0.6154,
        0.0821,
        0.6454,
        0.0821,
        0.2414,
        0.7202,
        0.5706,
        0.0821,
        0.1429,
        0.2164,
        0.0194,
        0.1518,
        0.3591,
        0.3604,
        0.1131,
        0.3568,
        0.0821,
        0.7739,
        0.2766,
        0.1717,
        0.5405,
        0.2063,
        0.4392,
        0.0821,
        0.1454,
        0.6749,
        0.0821,
        0.1405,
        0.3953,
        0.6968,
        0.4414,
        0.2962
      ],
      [
        0.1534,
        0.1534,
        0.1418,
        0.05,
        0.1258,
        0.0216,
        0.0975,
        0.0216,
        0.5305,
        1.0,
        0.1606,
        0.2458,
        0.0216,
        0.3277,
        0.0216,
        0.1565,
        0.5639,
        0.6006,
        0.0216,
        0.1224,
        -0.0045,
        0.0652,
        0.0935,
        0.0215,
        0.1816,
        0.1329,
        0.1663,
        0.0216,
        0.4862,
        0.0263,
        0.2533,
        0.1659,
        0.0851,
        0.089,
        0.0216,
        0.1534,
        0.3336,
        0.0216,
        0.215,
        0.0765,
        0.3759,
        0.1135,
        0.0354
      ],
      [
        0.3256,
        0.3256,
        0.4409,
        0.3085,
        0.5193,
        0.0966,
        -0.1194,
        0.0966,
        0.5043,
        0.1606,
        1.0,
        0.5021,
        0.0966,
        0.5638,
        0.0966,
        0.3242,
        0.4468,
        0.2625,
        0.0966,
        0.309,
        0.3874,
        0.143,
        0.2849,
        0.3295,
        0.3504,
        0.2383,
        0.3159,
        0.0966,
        0.5436,
        0.4012,
        0.2015,
        0.4796,
        0.3054,
        0.51,
        0.0966,
        0.3256,
        0.3805,
        0.0966,
        0.2342,
        0.3292,
        0.563,
        0.4626,
        0.4294
      ],
      [
        0.1275,
        0.1275,
        0.3376,
        0.2297,
        0.4275,
        0.0698,
        -0.3151,
        0.0698,
        0.6154,
        0.2458,
        0.5021,
        1.0,
        0.0698,
        0.5911,
        0.0698,
        0.1778,
        0.5394,
        0.3299,
        0.0698,
        0.1345,
        0.3167,
        0.0452,
        0.1214,
        0.2826,
        0.5713,
        0.1028,
        0.4256,
        0.0698,
        0.6284,
        0.2651,
        0.0675,
        0.6586,
        0.1489,
        0.461,
        0.0698,
        0.1275,
        0.5131,
        0.0698,
        0.0526,
        0.4852,
        0.6199,
        0.4615,
        0.3451
      ],
      [
        0.0786,
        0.0786,
        0.0989,
        0.0609,
        0.1058,
        0.0218,
        -0.0014,
        0.0218,
        0.0821,
        0.0216,
        0.0966,
        0.0698,
        1.0,
        0.101,
        0.0218,
        0.0784,
        0.0744,
        0.0464,
        0.0218,
        0.0756,
        0.0784,
        0.0339,
        0.0767,
        0.0668,
        0.0196,
        0.0584,
        0.0318,
        0.0218,
        0.0922,
        0.0925,
        0.0491,
        0.0542,
        0.0823,
        0.0992,
        0.0218,
        0.0786,
        0.0538,
        0.0218,
        0.0684,
        0.0259,
        0.0979,
        0.0872,
        0.0922
      ],
      [
        0.2907,
        0.2907,
        0.4783,
        0.2917,
        0.5395,
        0.101,
        -0.1806,
        0.101,
        0.6454,
        0.3277,
        0.5638,
        0.5911,
        0.101,
        1.0,
        0.101,
        0.3279,
        0.5862,
        0.3988,
        0.101,
        0.287,
        0.3863,
        0.1174,
        0.2866,
        0.3416,
        0.3887,
        0.2261,
        0.3382,
        0.101,
        0.6731,
        0.4005,
        0.1936,
        0.5339,
        0.3192,
        0.5377,
        0.101,
        0.2907,
        0.4834,
        0.101,
        0.2388,
        0.3429,
        0.6671,
        0.5133,
        0.4491
      ],
      [
        0.0786,
        0.0786,
        0.0989,
        0.0609,
        0.1058,
        0.0218,
        -0.0014,
        0.0218,
        0.0821,
        0.0216,
        0.0966,
        0.0698,
        0.0218,
        0.101,
        1.0,
        0.0784,
        0.0744,
        0.0464,
        0.0218,
        0.0756,
        0.0784,
        0.0339,
        0.0767,
        0.0668,
        0.0196,
        0.0584,
        0.0318,
        0.0218,
        0.0922,
        0.0925,
        0.0491,
        0.0542,
        0.0823,
        0.0992,
        0.0218,
        0.0786,
        0.0538,
        0.0218,
        0.0684,
        0.0259,
        0.0979,
        0.0872,
        0.0922
      ],
      [
        0.3997,
        0.3997,
        0.3447,
        0.2595,
        0.3909,
        0.0784,
        0.1368,
        0.0784,
        0.2414,
        0.1565,
        0.3242,
        0.1778,
        0.0784,
        0.3279,
        0.0784,
        1.0,
        0.2324,
        0.1558,
        0.0784,
        0.3573,
        0.2819,
        0.1917,
        0.3134,
        0.2172,
        0.059,
        0.2832,
        0.1242,
        0.0784,
        0.2814,
        0.3422,
        0.2829,
        0.1465,
        0.3088,
        0.336,
        0.0784,
        0.3997,
        0.1251,
        0.0784,
        0.3246,
        0.0775,
        0.3051,
        0.2645,
        0.312
      ],
      [
        0.1469,
        0.1469,
        0.3564,
        0.1919,
        0.3494,
        0.0744,
        -0.1208,
        0.0744,
        0.7202,
        0.5639,
        0.4468,
        0.5394,
        0.0744,
        0.5862,
        0.0744,
        0.2324,
        1.0,
        0.5552,
        0.0744,
        0.1452,
        0.193,
        0.0272,
        0.1589,
        0.3016,
        0.3004,
        0.1201,
        0.2987,
        0.0744,
        0.7091,
        0.249,
        0.1736,
        0.4544,
        0.2054,
        0.3869,
        0.0744,
        0.1469,
        0.5927,
        0.0744,
        0.1612,
        0.3107,
        0.6338,
        0.394,
        0.2707
      ],
      [
        0.0651,
        0.0651,
        0.2313,
        0.0823,
        0.1735,
        0.0464,
        -0.0228,
        0.0464,
        0.5706,
        0.6006,
        0.2625,
        0.3299,
        0.0464,
        0.3988,
        0.0464,
        0.1558,
        0.5552,
        1.0,
        0.0464,
        0.067,
        0.047,
        -0.0124,
        0.0985,
        0.191,
        0.0945,
        0.0639,
        0.1441,
        0.0464,
        0.543,
        0.1269,
        0.1448,
        0.2212,
        0.1415,
        0.205,
        0.0464,
        0.0651,
        0.4626,
        0.0464,
        0.1373,
        0.1273,
        0.4483,
        0.2281,
        0.1261
      ],
      [
        0.0786,
        0.0786,
        0.0989,
        0.0609,
        0.1058,
        0.0218,
        -0.0014,
        0.0218,
        0.0821,
        0.0216,
        0.0966,
        0.0698,
        0.0218,
        0.101,
        0.0218,
        0.0784,
        0.0744,
        0.0464,
        1.0,
        0.0756,
        0.0784,
        0.0339,
        0.0767,
        0.0668,
        0.0196,
        0.0584,
        0.0318,
        0.0218,
        0.0922,
        0.0925,
        0.0491,
        0.0542,
        0.0823,
        0.0992,
        0.0218,
        0.0786,
        0.0538,
        0.0218,
        0.0684,
        0.0259,
        0.0979,
        0.0872,
        0.0922
      ],
      [
        0.4846,
        0.4846,
        0.3324,
        0.2879,
        0.4248,
        0.0756,
        0.1769,
        0.0756,
        0.1429,
        0.1224,
        0.309,
        0.1345,
        0.0756,
        0.287,
        0.0756,
        0.3573,
        0.1452,
        0.067,
        0.0756,
        1.0,
        0.3265,
        0.2553,
        0.3444,
        0.1678,
        0.1137,
        0.3405,
        0.1429,
        0.0756,
        0.1945,
        0.3532,
        0.3237,
        0.1414,
        0.3125,
        0.3333,
        0.0756,
        0.4846,
        0.0061,
        0.0756,
        0.3641,
        0.0771,
        0.2468,
        0.2426,
        0.3275
      ],
      [
        0.3178,
        0.3178,
        0.3954,
        0.217,
        0.5017,
        0.0784,
        -0.1867,
        0.0784,
        0.2164,
        -0.0045,
        0.3874,
        0.3167,
        0.0784,
        0.3863,
        0.0784,
        0.2819,
        0.193,
        0.047,
        0.0784,
        0.3265,
        1.0,
        0.177,
        0.3341,
        0.1396,
        0.2584,
        0.2612,
        0.1479,
        0.0784,
        0.2739,
        0.3679,
        0.112,
        0.2861,
        0.3272,
        0.4194,
        0.0784,
        0.3178,
        0.0261,
        0.0784,
        0.2594,
        0.0918,
        0.3554,
        0.3897,
        0.4536
      ],
      [
        0.3047,
        0.3047,
        0.1425,
        0.1722,
        0.2227,
        0.0339,
        0.1402,
        0.0339,
        0.0194,
        0.0652,
        0.143,
        0.0452,
        0.0339,
        0.1174,
        0.0339,
        0.1917,
        0.0272,
        -0.0124,
        0.0339,
        0.2553,
        0.177,
        1.0,
        0.1761,
        0.0582,
        0.1155,
        0.2066,
        0.1102,
        0.0339,
        0.0498,
        0.1721,
        0.207,
        0.0861,
        0.1392,
        0.1579,
        0.0339,
        0.3047,
        -0.0514,
        0.0339,
        0.2015,
        0.0721,
        0.088,
        0.0948,
        0.1526
      ],
      [
        0.3429,
        0.3429,
        0.3803,
        0.174,
        0.4145,
        0.0767,
        -0.0027,
        0.0767,
        0.1518,
        0.0935,
        0.2849,
        0.1214,
        0.0767,
        0.2866,
        0.0767,
        0.3134,
        0.1589,
        0.0985,
        0.0767,
        0.3444,
        0.3341,
        0.1761,
        1.0,
        0.1185,
        -0.0341,
        0.2793,
        -0.0193,
        0.0767,
        0.2007,
        0.3509,
        0.1772,
        0.0306,
        0.3733,
        0.3215,
        0.0767,
        0.3429,
        -0.0406,
        0.0767,
        0.346,
        -0.1197,
        0.2549,
        0.2871,
        0.3841
      ],
      [
        0.2103,
        0.2103,
        0.2445,
        0.256,
        0.2456,
        0.0668,
        0.1102,
        0.0668,
        0.3591,
        0.0215,
        0.3295,
        0.2826,
        0.0668,
        0.3416,
        0.0668,
        0.2172,
        0.3016,
        0.191,
        0.0668,
        0.1678,
        0.1396,
        0.0582,
        0.1185,
        1.0,
        0.1063,
        0.1122,
        0.2323,
        0.0668,
        0.3762,
        0.2556,
        0.2009,
        0.2892,
        0.1531,
        0.3078,
        0.0668,
        0.2103,
        0.4123,
        0.0668,
        0.1125,
        0.3097,
        0.3502,
        0.2395,
        0.1748
      ],
      [
        0.16,
        0.16,
        0.0919,
        0.2327,
        0.3076,
        0.0196,
        -0.2418,
        0.0196,
        0.3604,
        0.1816,
        0.3504,
        0.5713,
        0.0196,
        0.3887,
        0.0196,
        0.059,
        0.3004,
        0.0945,
        0.0196,
        0.1137,
        0.2584,
        0.1155,
        -0.0341,
        0.1063,
        1.0,
        0.0938,
        0.5851,
        0.0196,
        0.3713,
        0.0899,
        0.0885,
        0.7522,
        -0.0828,
        0.3067,
        0.0196,
        0.16,
        0.3105,
        0.0196,
        -0.0622,
        0.6687,
        0.3979,
        0.2763,
        0.172
      ],
      [
        0.3859,
        0.3859,
        0.2636,
        0.2184,
        0.3388,
        0.0584,
        0.1331,
        0.0584,
        0.1131,
        0.1329,
        0.2383,
        0.1028,
        0.0584,
        0.2261,
        0.0584,
        0.2832,
        0.1201,
        0.0639,
        0.0584,
        0.3405,
        0.2612,
        0.2066,
        0.2793,
        0.1122,
        0.0938,
        1.0,
        0.1055,
        0.0584,
        0.1529,
        0.2742,
        0.2566,
        0.1032,
        0.251,
        0.2575,
        0.0584,
        0.3859,
        -0.0126,
        0.0584,
        0.2984,
        0.042,
        0.1944,
        0.1902,
        0.2619
      ],
      [
        0.2214,
        0.2214,
        0.0938,
        0.2788,
        0.2295,
        0.0318,
        0.0335,
        0.0318,
        0.3568,
        0.1663,
        0.3159,
        0.4256,
        0.0318,
        0.3382,
        0.0318,
        0.1242,
        0.2987,
        0.1441,
        0.0318,
        0.1429,
        0.1479,
        0.1102,
        -0.0193,
        0.2323,
        0.5851,
        0.1055,
        1.0,
        0.0318,
        0.3627,
        0.1217,
        0.2109,
        0.5796,
        -0.0461,
        0.268,
        0.0318,
        0.2214,
        0.3984,
        0.0318,
        0.0003,
        0.6073,
        0.3492,
        0.1963,
        0.0901
      ],
      [
        0.0786,
        0.0786,
        0.0989,
        0.0609,
        0.1058,
        0.0218,
        -0.0014,
        0.0218,
        0.0821,
        0.0216,
        0.0966,
        0.0698,
        0.0218,
        0.101,
        0.0218,
        0.0784,
        0.0744,
        0.0464,
        0.0218,
        0.0756,
        0.0784,
        0.0339,
        0.0767,
        0.0668,
        0.0196,
        0.0584,
        0.0318,
        1.0,
        0.0922,
        0.0925,
        0.0491,
        0.0542,
        0.0823,
        0.0992,
        0.0218,
        0.0786,
        0.0538,
        0.0218,
        0.0684,
        0.0259,
        0.0979,
        0.0872,
        0.0922
      ],
      [
        0.1987,
        0.1987,
        0.4296,
        0.2579,
        0.4443,
        0.0922,
        -0.1553,
        0.0922,
        0.7739,
        0.4862,
        0.5436,
        0.6284,
        0.0922,
        0.6731,
        0.0922,
        0.2814,
        0.7091,
        0.543,
        0.0922,
        0.1945,
        0.2739,
        0.0498,
        0.2007,
        0.3762,
        0.3713,
