{
  "_meta": {
    "generated": "2026-04-08T12:59:34",
    "portfolio_generated": "2026-04-08T12:56:07.347854",
    "n_assets": 41,
    "n_with_returns": 32,
    "covariance_method": "hybrid_shrunk",
    "condition_number": 452.83,
    "pca_factors": 4
  },
  "profiles": {
    "Agressif": {
      "n_assets": 15,
      "weighted_avg_correlation": 0.2743,
      "most_correlated": [
        {
          "t1": "SOXX",
          "t2": "MU",
          "corr": 0.8098,
          "w1": 10.7,
          "w2": 5.9,
          "combined_weight": 16.7
        },
        {
          "t1": "SILJ",
          "t2": "GLD",
          "corr": 0.7875,
          "w1": 9.2,
          "w2": 10.0,
          "combined_weight": 19.2
        },
        {
          "t1": "SOXX",
          "t2": "VRT",
          "corr": 0.7347,
          "w1": 10.7,
          "w2": 4.4,
          "combined_weight": 15.1
        },
        {
          "t1": "VRT",
          "t2": "NVDA",
          "corr": 0.7204,
          "w1": 4.4,
          "w2": 3.2,
          "combined_weight": 7.6
        },
        {
          "t1": "SILJ",
          "t2": "PICK",
          "corr": 0.7153,
          "w1": 9.2,
          "w2": 7.1,
          "combined_weight": 16.3
        },
        {
          "t1": "SOXX",
          "t2": "NVDA",
          "corr": 0.6979,
          "w1": 10.7,
          "w2": 3.2,
          "combined_weight": 13.9
        },
        {
          "t1": "VRT",
          "t2": "MU",
          "corr": 0.6671,
          "w1": 4.4,
          "w2": 5.9,
          "combined_weight": 10.4
        },
        {
          "t1": "FLKR",
          "t2": "SOXX",
          "corr": 0.66,
          "w1": 5.7,
          "w2": 10.7,
          "combined_weight": 16.4
        },
        {
          "t1": "NVDA",
          "t2": "MU",
          "corr": 0.6311,
          "w1": 3.2,
          "w2": 5.9,
          "combined_weight": 9.1
        },
        {
          "t1": "SOXX",
          "t2": "PICK",
          "corr": 0.6152,
          "w1": 10.7,
          "w2": 7.1,
          "combined_weight": 17.8
        }
      ],
      "least_correlated": [
        {
          "t1": "NVDA",
          "t2": "GLD",
          "corr": 0.0175,
          "w1": 3.2,
          "w2": 10.0,
          "combined_weight": 13.1
        },
        {
          "t1": "VRT",
          "t2": "FLTR",
          "corr": 0.0165,
          "w1": 4.4,
          "w2": 7.3,
          "combined_weight": 11.7
        },
        {
          "t1": "VRT",
          "t2": "PAAA",
          "corr": 0.0165,
          "w1": 4.4,
          "w2": 7.3,
          "combined_weight": 11.7
        },
        {
          "t1": "XLE",
          "t2": "GLD",
          "corr": 0.0013,
          "w1": 8.4,
          "w2": 10.0,
          "combined_weight": 18.4
        },
        {
          "t1": "INCY",
          "t2": "GLD",
          "corr": -0.0039,
          "w1": 3.1,
          "w2": 10.0,
          "combined_weight": 13.1
        }
      ],
      "high_corr_high_weight": [
        {
          "t1": "SOXX",
          "t2": "MU",
          "corr": 0.8098,
          "w1": 10.7,
          "w2": 5.9,
          "combined_weight": 16.7
        },
        {
          "t1": "SILJ",
          "t2": "GLD",
          "corr": 0.7875,
          "w1": 9.2,
          "w2": 10.0,
          "combined_weight": 19.2
        },
        {
          "t1": "SOXX",
          "t2": "VRT",
          "corr": 0.7347,
          "w1": 10.7,
          "w2": 4.4,
          "combined_weight": 15.1
        },
        {
          "t1": "SILJ",
          "t2": "PICK",
          "corr": 0.7153,
          "w1": 9.2,
          "w2": 7.1,
          "combined_weight": 16.3
        }
      ]
    },
    "Mod\u00e9r\u00e9": {
      "n_assets": 14,
      "weighted_avg_correlation": 0.2187,
      "most_correlated": [
        {
          "t1": "VSS",
          "t2": "RIO",
          "corr": 0.6035,
          "w1": 8.9,
          "w2": 4.8,
          "combined_weight": 13.7
        },
        {
          "t1": "SCHD",
          "t2": "GCOW",
          "corr": 0.6002,
          "w1": 9.0,
          "w2": 6.2,
          "combined_weight": 15.2
        },
        {
          "t1": "SCHY",
          "t2": "VSS",
          "corr": 0.5892,
          "w1": 9.0,
          "w2": 8.9,
          "combined_weight": 17.9
        },
        {
          "t1": "SCHY",
          "t2": "GCOW",
          "corr": 0.5755,
          "w1": 9.0,
          "w2": 6.2,
          "combined_weight": 15.2
        },
        {
          "t1": "VSS",
          "t2": "GCOW",
          "corr": 0.5667,
          "w1": 8.9,
          "w2": 6.2,
          "combined_weight": 15.1
        },
        {
          "t1": "SCHD",
          "t2": "XLV",
          "corr": 0.535,
          "w1": 9.0,
          "w2": 3.6,
          "combined_weight": 12.6
        },
        {
          "t1": "SCHY",
          "t2": "RIO",
          "corr": 0.5331,
          "w1": 9.0,
          "w2": 4.8,
          "combined_weight": 13.8
        },
        {
          "t1": "SCHD",
          "t2": "SCHY",
          "corr": 0.5257,
          "w1": 9.0,
          "w2": 9.0,
          "combined_weight": 18.0
        },
        {
          "t1": "GCOW",
          "t2": "XLV",
          "corr": 0.5108,
          "w1": 6.2,
          "w2": 3.6,
          "combined_weight": 9.8
        },
        {
          "t1": "SCHD",
          "t2": "VSS",
          "corr": 0.5026,
          "w1": 9.0,
          "w2": 8.9,
          "combined_weight": 17.9
        }
      ],
      "least_correlated": [
        {
          "t1": "STIP",
          "t2": "GBIL",
          "corr": 0.0195,
          "w1": 9.0,
          "w2": 9.0,
          "combined_weight": 18.0
        },
        {
          "t1": "STIP",
          "t2": "USFR",
          "corr": 0.0195,
          "w1": 9.0,
          "w2": 8.1,
          "combined_weight": 17.1
        },
        {
          "t1": "GBIL",
          "t2": "USFR",
          "corr": 0.0195,
          "w1": 9.0,
          "w2": 8.1,
          "combined_weight": 17.1
        },
        {
          "t1": "AGS",
          "t2": "GLD",
          "corr": 0.0048,
          "w1": 4.8,
          "w2": 8.7,
          "combined_weight": 13.5
        },
        {
          "t1": "ITX",
          "t2": "GLD",
          "corr": -0.0191,
          "w1": 6.0,
          "w2": 8.7,
          "combined_weight": 14.7
        }
      ],
      "high_corr_high_weight": []
    },
    "Stable": {
      "n_assets": 15,
      "weighted_avg_correlation": 0.1226,
      "most_correlated": [
        {
          "t1": "SPYV",
          "t2": "XLV",
          "corr": 0.5217,
          "w1": 4.2,
          "w2": 4.1,
          "combined_weight": 8.3
        },
        {
          "t1": "ACWV",
          "t2": "SPYV",
          "corr": 0.5158,
          "w1": 4.6,
          "w2": 4.2,
          "combined_weight": 8.9
        },
        {
          "t1": "ACWV",
          "t2": "SPLV",
          "corr": 0.45,
          "w1": 4.6,
          "w2": 6.0,
          "combined_weight": 10.7
        },
        {
          "t1": "ACWV",
          "t2": "XLV",
          "corr": 0.4482,
          "w1": 4.6,
          "w2": 4.1,
          "combined_weight": 8.7
        },
        {
          "t1": "SPLV",
          "t2": "SPYV",
          "corr": 0.4443,
          "w1": 6.0,
          "w2": 4.2,
          "combined_weight": 10.3
        },
        {
          "t1": "EOG",
          "t2": "SPYV",
          "corr": 0.4215,
          "w1": 5.3,
          "w2": 4.2,
          "combined_weight": 9.5
        },
        {
          "t1": "SPLV",
          "t2": "XLV",
          "corr": 0.4201,
          "w1": 6.0,
          "w2": 4.1,
          "combined_weight": 10.1
        },
        {
          "t1": "SPYV",
          "t2": "GD",
          "corr": 0.4157,
          "w1": 4.2,
          "w2": 4.5,
          "combined_weight": 8.7
        },
        {
          "t1": "ACWV",
          "t2": "VICI",
          "corr": 0.4018,
          "w1": 4.6,
          "w2": 5.3,
          "combined_weight": 9.9
        },
        {
          "t1": "SPLV",
          "t2": "VICI",
          "corr": 0.4004,
          "w1": 6.0,
          "w2": 5.3,
          "combined_weight": 11.3
        }
      ],
      "least_correlated": [
        {
          "t1": "BSV",
          "t2": "STIP",
          "corr": 0.0195,
          "w1": 9.8,
          "w2": 13.0,
          "combined_weight": 22.8
        },
        {
          "t1": "CLTL",
          "t2": "VGSH",
          "corr": 0.0195,
          "w1": 10.2,
          "w2": 12.7,
          "combined_weight": 23.0
        },
        {
          "t1": "CLTL",
          "t2": "STIP",
          "corr": 0.0195,
          "w1": 10.2,
          "w2": 13.0,
          "combined_weight": 23.2
        },
        {
          "t1": "VGSH",
          "t2": "STIP",
          "corr": 0.0195,
          "w1": 12.7,
          "w2": 13.0,
          "combined_weight": 25.7
        },
        {
          "t1": "EOG",
          "t2": "GLD",
          "corr": -0.0639,
          "w1": 5.3,
          "w2": 5.1,
          "combined_weight": 10.4
        }
      ],
      "high_corr_high_weight": []
    }
  },
  "all_pairs_top_30": [
    {
      "t1": "SMH",
      "t2": "SOXX",
      "corr_hybrid": 0.8638,
      "corr_structured": 0.95,
      "cat1": "ETF",
      "cat2": "ETF",
      "exp1": "semiconductor",
      "exp2": "semiconductor",
      "fam1": "sector_tech",
      "fam2": "sector_tech"
    },
    {
      "t1": "MU",
      "t2": "SMH",
      "corr_hybrid": 0.8109,
      "corr_structured": null,
      "cat1": "Act",
      "cat2": "ETF",
      "exp1": null,
      "exp2": "semiconductor",
      "fam1": null,
      "fam2": "sector_tech"
    },
    {
      "t1": "MU",
      "t2": "SOXX",
      "corr_hybrid": 0.8098,
      "corr_structured": null,
      "cat1": "Act",
      "cat2": "ETF",
      "exp1": null,
      "exp2": "semiconductor",
      "fam1": null,
      "fam2": "sector_tech"
    },
    {
      "t1": "GLD",
      "t2": "SILJ",
      "corr_hybrid": 0.7875,
      "corr_structured": 0.85,
      "cat1": "ETF",
      "cat2": "ETF",
      "exp1": "gold_physical",
      "exp2": "silver_miners",
      "fam1": "gold",
      "fam2": "precious_metals"
    },
    {
      "t1": "SMH",
      "t2": "VRT",
      "corr_hybrid": 0.7577,
      "corr_structured": null,
      "cat1": "ETF",
      "cat2": "Act",
      "exp1": "semiconductor",
      "exp2": null,
      "fam1": "sector_tech",
      "fam2": null
    },
    {
      "t1": "SOXX",
      "t2": "VRT",
      "corr_hybrid": 0.7347,
      "corr_structured": null,
      "cat1": "ETF",
      "cat2": "Act",
      "exp1": "semiconductor",
      "exp2": null,
      "fam1": "sector_tech",
      "fam2": null
    },
    {
      "t1": "PICK",
      "t2": "VSS",
      "corr_hybrid": 0.7208,
      "corr_structured": 0.2,
      "cat1": "ETF",
      "cat2": "ETF",
      "exp1": "metals_mining",
      "exp2": "intl_small_cap",
      "fam1": null,
      "fam2": null
    },
    {
      "t1": "NVDA",
      "t2": "VRT",
      "corr_hybrid": 0.7204,
      "corr_structured": null,
      "cat1": "Act",
      "cat2": "Act",
      "exp1": null,
      "exp2": null,
      "fam1": null,
      "fam2": null
    },
    {
      "t1": "PICK",
      "t2": "SILJ",
      "corr_hybrid": 0.7153,
      "corr_structured": 0.2,
      "cat1": "ETF",
      "cat2": "ETF",
      "exp1": "metals_mining",
      "exp2": "silver_miners",
      "fam1": null,
      "fam2": "precious_metals"
    },
    {
      "t1": "NVDA",
      "t2": "SMH",
      "corr_hybrid": 0.7121,
      "corr_structured": null,
      "cat1": "Act",
      "cat2": "ETF",
      "exp1": null,
      "exp2": "semiconductor",
      "fam1": null,
      "fam2": "sector_tech"
    },
    {
      "t1": "NVDA",
      "t2": "SOXX",
      "corr_hybrid": 0.6979,
      "corr_structured": null,
      "cat1": "Act",
      "cat2": "ETF",
      "exp1": null,
      "exp2": "semiconductor",
      "fam1": null,
      "fam2": "sector_tech"
    },
    {
      "t1": "MU",
      "t2": "VRT",
      "corr_hybrid": 0.6671,
      "corr_structured": null,
      "cat1": "Act",
      "cat2": "Act",
      "exp1": null,
      "exp2": null,
      "fam1": null,
      "fam2": null
    },
    {
      "t1": "FLKR",
      "t2": "SOXX",
      "corr_hybrid": 0.66,
      "corr_structured": 0.2,
      "cat1": "ETF",
      "cat2": "ETF",
      "exp1": "south_korea",
      "exp2": "semiconductor",
      "fam1": "em_equity",
      "fam2": "sector_tech"
    },
    {
      "t1": "FLKR",
      "t2": "SMH",
      "corr_hybrid": 0.653,
      "corr_structured": 0.2,
      "cat1": "ETF",
      "cat2": "ETF",
      "exp1": "south_korea",
      "exp2": "semiconductor",
      "fam1": "em_equity",
      "fam2": "sector_tech"
    },
    {
      "t1": "PICK",
      "t2": "RIO",
      "corr_hybrid": 0.649,
      "corr_structured": null,
      "cat1": "ETF",
      "cat2": "Act",
      "exp1": "metals_mining",
      "exp2": null,
      "fam1": null,
      "fam2": null
    },
    {
      "t1": "MU",
      "t2": "NVDA",
      "corr_hybrid": 0.6311,
      "corr_structured": null,
      "cat1": "Act",
      "cat2": "Act",
      "exp1": null,
      "exp2": null,
      "fam1": null,
      "fam2": null
    },
    {
      "t1": "SCHD",
      "t2": "SPYV",
      "corr_hybrid": 0.6175,
      "corr_structured": 0.8,
      "cat1": "ETF",
      "cat2": "ETF",
      "exp1": "dividend",
      "exp2": "sp500_value",
      "fam1": "factor_dividend",
      "fam2": "factor_value"
    },
    {
      "t1": "PICK",
      "t2": "SOXX",
      "corr_hybrid": 0.6152,
      "corr_structured": 0.2,
      "cat1": "ETF",
      "cat2": "ETF",
      "exp1": "metals_mining",
      "exp2": "semiconductor",
      "fam1": null,
      "fam2": "sector_tech"
    },
    {
      "t1": "FLKR",
      "t2": "PICK",
      "corr_hybrid": 0.6135,
      "corr_structured": 0.2,
      "cat1": "ETF",
      "cat2": "ETF",
      "exp1": "south_korea",
      "exp2": "metals_mining",
      "fam1": "em_equity",
      "fam2": null
    },
    {
      "t1": "PICK",
      "t2": "SCHY",
      "corr_hybrid": 0.6062,
      "corr_structured": 0.2,
      "cat1": "ETF",
      "cat2": "ETF",
      "exp1": "metals_mining",
      "exp2": "international",
      "fam1": null,
      "fam2": "intl_equity"
    },
    {
      "t1": "RIO",
      "t2": "VSS",
      "corr_hybrid": 0.6035,
      "corr_structured": null,
      "cat1": "Act",
      "cat2": "ETF",
      "exp1": null,
      "exp2": "intl_small_cap",
      "fam1": null,
      "fam2": null
    },
    {
      "t1": "PICK",
      "t2": "SMH",
      "corr_hybrid": 0.6027,
      "corr_structured": 0.2,
      "cat1": "ETF",
      "cat2": "ETF",
      "exp1": "metals_mining",
      "exp2": "semiconductor",
      "fam1": null,
      "fam2": "sector_tech"
    },
    {
      "t1": "GCOW",
      "t2": "SCHD",
      "corr_hybrid": 0.6002,
      "corr_structured": 0.95,
      "cat1": "ETF",
      "cat2": "ETF",
      "exp1": "dividend",
      "exp2": "dividend",
      "fam1": "factor_dividend",
      "fam2": "factor_dividend"
    },
    {
      "t1": "FLKR",
      "t2": "MU",
      "corr_hybrid": 0.5979,
      "corr_structured": null,
      "cat1": "ETF",
      "cat2": "Act",
      "exp1": "south_korea",
      "exp2": null,
      "fam1": "em_equity",
      "fam2": null
    },
    {
      "t1": "SOXX",
      "t2": "SPYV",
      "corr_hybrid": 0.5946,
      "corr_structured": 0.2,
      "cat1": "ETF",
      "cat2": "ETF",
      "exp1": "semiconductor",
      "exp2": "sp500_value",
      "fam1": "sector_tech",
      "fam2": "factor_value"
    },
    {
      "t1": "GCOW",
      "t2": "SPYV",
      "corr_hybrid": 0.5938,
      "corr_structured": 0.8,
      "cat1": "ETF",
      "cat2": "ETF",
      "exp1": "dividend",
      "exp2": "sp500_value",
      "fam1": "factor_dividend",
      "fam2": "factor_value"
    },
    {
      "t1": "SILJ",
      "t2": "VSS",
      "corr_hybrid": 0.5938,
      "corr_structured": 0.2,
      "cat1": "ETF",
      "cat2": "ETF",
      "exp1": "silver_miners",
      "exp2": "intl_small_cap",
      "fam1": "precious_metals",
      "fam2": null
    },
    {
      "t1": "SOXX",
      "t2": "VSS",
      "corr_hybrid": 0.5912,
      "corr_structured": 0.2,
      "cat1": "ETF",
      "cat2": "ETF",
      "exp1": "semiconductor",
      "exp2": "intl_small_cap",
      "fam1": "sector_tech",
      "fam2": null
    },
    {
      "t1": "SCHY",
      "t2": "VSS",
      "corr_hybrid": 0.5892,
      "corr_structured": 0.2,
      "cat1": "ETF",
      "cat2": "ETF",
      "exp1": "international",
      "exp2": "intl_small_cap",
      "fam1": "intl_equity",
      "fam2": null
    },
    {
      "t1": "RIO",
      "t2": "SILJ",
      "corr_hybrid": 0.5869,
      "corr_structured": null,
      "cat1": "Act",
      "cat2": "ETF",
      "exp1": null,
      "exp2": "silver_miners",
      "fam1": null,
      "fam2": "precious_metals"
    }
  ],
  "all_pairs_bottom_10": [
    {
      "t1": "NVDA",
      "t2": "ULVR",
      "corr_hybrid": 0.0094,
      "corr_structured": null,
      "cat1": "Act",
      "cat2": "Act",
      "exp1": null,
      "exp2": null,
      "fam1": null,
      "fam2": null
    },
    {
      "t1": "SOXX",
      "t2": "ULVR",
      "corr_hybrid": 0.0088,
      "corr_structured": null,
      "cat1": "ETF",
      "cat2": "Act",
      "exp1": "semiconductor",
      "exp2": null,
      "fam1": "sector_tech",
      "fam2": null
    },
    {
      "t1": "SPLV",
      "t2": "VRT",
      "corr_hybrid": -0.0063,
      "corr_structured": null,
      "cat1": "ETF",
      "cat2": "Act",
      "exp1": "sp500",
      "exp2": null,
      "fam1": "us_equity_large",
      "fam2": null
    },
    {
      "t1": "SMH",
      "t2": "ULVR",
      "corr_hybrid": 0.0058,
      "corr_structured": null,
      "cat1": "ETF",
      "cat2": "Act",
      "exp1": "semiconductor",
      "exp2": null,
      "fam1": "sector_tech",
      "fam2": null
    },
    {
      "t1": "AGS",
      "t2": "GLD",
      "corr_hybrid": 0.0048,
      "corr_structured": null,
      "cat1": "Act",
      "cat2": "ETF",
      "exp1": null,
      "exp2": "gold_physical",
      "fam1": null,
      "fam2": "gold"
    },
    {
      "t1": "GLD",
      "t2": "INCY",
      "corr_hybrid": -0.0039,
      "corr_structured": null,
      "cat1": "ETF",
      "cat2": "Act",
      "exp1": "gold_physical",
      "exp2": null,
      "fam1": "gold",
      "fam2": null
    },
    {
      "t1": "VICI",
      "t2": "VRT",
      "corr_hybrid": -0.0016,
      "corr_structured": null,
      "cat1": "Act",
      "cat2": "Act",
      "exp1": null,
      "exp2": null,
      "fam1": null,
      "fam2": null
    },
    {
      "t1": "ITX",
      "t2": "NVDA",
      "corr_hybrid": 0.0015,
      "corr_structured": null,
      "cat1": "Act",
      "cat2": "Act",
      "exp1": null,
      "exp2": null,
      "fam1": null,
      "fam2": null
    },
    {
      "t1": "GLD",
      "t2": "XLE",
      "corr_hybrid": 0.0013,
      "corr_structured": 0.2,
      "cat1": "ETF",
      "cat2": "ETF",
      "exp1": "gold_physical",
      "exp2": "energy",
      "fam1": "gold",
      "fam2": "sector_energy"
    },
    {
      "t1": "JNJ",
      "t2": "NVDA",
      "corr_hybrid": -0.0012,
      "corr_structured": null,
      "cat1": "Act",
      "cat2": "Act",
      "exp1": null,
      "exp2": null,
      "fam1": null,
      "fam2": null
    }
  ],
  "correlation_matrix": {
    "tickers": [
      "ACWV",
      "AGS",
      "BBVA",
      "BKR",
      "BSV",
      "CLTL",
      "EOG",
      "FLKR",
      "FLTR",
      "GBIL",
      "GCOW",
      "GD",
      "GLD",
      "GOOGL",
      "INCY",
      "ITX",
      "JNJ",
      "LI",
      "MU",
      "NVDA",
      "PAAA",
      "PG",
      "PICK",
      "RIO",
      "SCHD",
      "SCHY",
      "SILJ",
      "SMH",
      "SOXX",
      "SPLV",
      "SPYV",
      "STIP",
      "ULVR",
      "USFR",
      "VGSH",
      "VICI",
      "VRT",
      "VSS",
      "XBI",
      "XLE",
      "XLV"
    ],
    "matrix": [
      [
        1.0,
        0.3926,
        0.3623,
        0.4113,
        0.097,
        0.097,
        0.3406,
        0.3457,
        0.097,
        0.097,
        0.5452,
        0.3842,
        0.2235,
        0.2741,
        0.3586,
        0.1631,
        0.3412,
        0.2587,
        0.1722,
        0.2171,
        0.097,
        0.3337,
        0.4838,
        0.442,
        0.5265,
        0.5102,
        0.2908,
        0.312,
        0.3248,
        0.45,
        0.5158,
        0.097,
        0.1683,
        0.097,
        0.097,
        0.4018,
        0.1383,
        0.4931,
        0.4253,
        0.3987,
        0.4482
      ],
      [
        0.3926,
        1.0,
        0.2732,
        0.3322,
        0.0781,
        0.0781,
        0.3132,
        0.185,
        0.0781,
        0.0781,
        0.4178,
        0.327,
        0.0048,
        0.2072,
        0.3009,
        0.3003,
        0.3085,
        0.2954,
        0.0447,
        0.2182,
        0.0781,
        0.3167,
        0.2789,
        0.2839,
        0.4333,
        0.3626,
        0.0427,
        0.2118,
        0.2114,
        0.3789,
        0.4169,
        0.0781,
        0.1712,
        0.0781,
        0.0781,
        0.3652,
        0.1689,
        0.32,
        0.3307,
        0.3364,
        0.3631
      ],
      [
        0.3623,
        0.2732,
        1.0,
        0.3256,
        0.0688,
        0.0688,
        0.2353,
        0.3711,
        0.0688,
        0.0688,
        0.4107,
        0.2803,
        0.2365,
        0.2731,
        0.2674,
        0.082,
        0.2029,
        0.2565,
        0.284,
        0.2963,
        0.0688,
        0.1882,
        0.4659,
        0.3988,
        0.3832,
        0.409,
        0.332,
        0.3892,
        0.3952,
        0.295,
        0.4293,
        0.0688,
        0.0986,
        0.0688,
        0.0688,
        0.2594,
        0.2787,
        0.4533,
        0.36,
        0.2853,
        0.3292
      ],
      [
        0.4113,
        0.3322,
        0.3256,
        1.0,
        0.0823,
        0.0823,
        0.3569,
        0.3796,
        0.0823,
        0.0823,
        0.4757,
        0.3346,
        0.0665,
        0.325,
        0.3806,
        0.0397,
        0.2427,
        0.1774,
        0.3437,
        0.326,
        0.0823,
        0.2213,
        0.4133,
        0.3543,
        0.5099,
        0.4226,
        0.1437,
        0.4334,
        0.4425,
        0.3691,
        0.5249,
        0.0823,
        0.1184,
        0.0823,
        0.0823,
        0.312,
        0.2485,
        0.4366,
        0.4179,
        0.4077,
        0.4288
      ],
      [
        0.097,
        0.0781,
        0.0688,
        0.0823,
        1.0,
        0.0195,
        0.0707,
        0.063,
        0.0195,
        0.0195,
        0.1084,
        0.0767,
        0.0369,
        0.0517,
        0.0733,
        0.0306,
        0.07,
        0.0438,
        0.0286,
        0.0359,
        0.0195,
        0.0686,
        0.0887,
        0.0822,
        0.1069,
        0.099,
        0.0473,
        0.0547,
        0.0576,
        0.0919,
        0.1013,
        0.0195,
        0.0344,
        0.0195,
        0.0195,
        0.0815,
        0.0165,
        0.0922,
        0.0827,
        0.0819,
        0.0907
      ],
      [
        0.097,
        0.0781,
        0.0688,
        0.0823,
        0.0195,
        1.0,
        0.0707,
        0.063,
        0.0195,
        0.0195,
        0.1084,
        0.0767,
        0.0369,
        0.0517,
        0.0733,
        0.0306,
        0.07,
        0.0438,
        0.0286,
        0.0359,
        0.0195,
        0.0686,
        0.0887,
        0.0822,
        0.1069,
        0.099,
        0.0473,
        0.0547,
        0.0576,
        0.0919,
        0.1013,
        0.0195,
        0.0344,
        0.0195,
        0.0195,
        0.0815,
        0.0165,
        0.0922,
        0.0827,
        0.0819,
        0.0907
      ],
      [
        0.3406,
        0.3132,
        0.2353,
        0.3569,
        0.0707,
        0.0707,
        1.0,
        0.2294,
        0.0707,
        0.0707,
        0.3885,
        0.2871,
        -0.0639,
        0.2364,
        0.335,
        0.0771,
        0.2354,
        0.1095,
        0.194,
        0.2129,
        0.0707,
        0.2241,
        0.2402,
        0.2211,
        0.4451,
        0.3153,
        -0.0325,
        0.2731,
        0.2803,
        0.3357,
        0.4215,
        0.0707,
        0.12,
        0.0707,
        0.0707,
        0.2902,
        0.1191,
        0.2849,
        0.3244,
        0.3652,
        0.3699
      ],
      [
        0.3457,
        0.185,
        0.3711,
        0.3796,
        0.063,
        0.063,
        0.2294,
        1.0,
        0.063,
        0.063,
        0.4198,
        0.2601,
        0.3153,
        0.3944,
        0.2983,
        -0.1115,
        0.0985,
        0.2366,
        0.5979,
        0.4805,
        0.063,
        0.0585,
        0.6135,
        0.4785,
        0.3943,
        0.4421,
        0.4727,
        0.653,
        0.66,
        0.2283,
        0.5103,
        0.063,
        0.0346,
        0.063,
        0.063,
        0.1707,
        0.4896,
        0.5737,
        0.4304,
        0.2978,
        0.3413
      ],
      [
        0.097,
        0.0781,
        0.0688,
        0.0823,
        0.0195,
        0.0195,
        0.0707,
        0.063,
        1.0,
        0.0195,
        0.1084,
        0.0767,
        0.0369,
        0.0517,
        0.0733,
        0.0306,
        0.07,
        0.0438,
        0.0286,
        0.0359,
        0.0195,
        0.0686,
        0.0887,
        0.0822,
        0.1069,
        0.099,
        0.0473,
        0.0547,
        0.0576,
        0.0919,
        0.1013,
        0.0195,
        0.0344,
        0.0195,
        0.0195,
        0.0815,
        0.0165,
        0.0922,
        0.0827,
        0.0819,
        0.0907
      ],
      [
        0.097,
        0.0781,
        0.0688,
        0.0823,
        0.0195,
        0.0195,
        0.0707,
        0.063,
        0.0195,
        1.0,
        0.1084,
        0.0767,
        0.0369,
        0.0517,
        0.0733,
        0.0306,
        0.07,
        0.0438,
        0.0286,
        0.0359,
        0.0195,
        0.0686,
        0.0887,
        0.0822,
        0.1069,
        0.099,
        0.0473,
        0.0547,
        0.0576,
        0.0919,
        0.1013,
        0.0195,
        0.0344,
        0.0195,
        0.0195,
        0.0815,
        0.0165,
        0.0922,
        0.0827,
        0.0819,
        0.0907
      ],
      [
        0.5452,
        0.4178,
        0.4107,
        0.4757,
        0.1084,
        0.1084,
        0.3885,
        0.4198,
        0.1084,
        0.1084,
        1.0,
        0.4275,
        0.2531,
        0.3273,
        0.4151,
        0.1291,
        0.3653,
        0.261,
        0.25,
        0.2622,
        0.1084,
        0.3512,
        0.5586,
        0.5004,
        0.6002,
        0.5755,
        0.3345,
        0.3892,
        0.4052,
        0.4974,
        0.5938,
        0.1084,
        0.1764,
        0.1084,
        0.1084,
        0.4352,
        0.168,
        0.5667,
        0.4886,
        0.458,
        0.5108
      ],
      [
        0.3842,
        0.327,
        0.2803,
        0.3346,
        0.0767,
        0.0767,
        0.2871,
        0.2601,
        0.0767,
        0.0767,
        0.4275,
        1.0,
        0.1216,
        0.2215,
        0.2967,
        0.1413,
        0.2713,
        0.2025,
        0.1375,
        0.1862,
        0.0767,
        0.266,
        0.3531,
        0.326,
        0.4271,
        0.3894,
        0.1705,
        0.2506,
        0.2592,
        0.3588,
        0.4157,
        0.0767,
        0.1366,
        0.0767,
        0.0767,
        0.3219,
        0.12,
        0.3701,
        0.3377,
        0.3288,
        0.3616
      ],
      [
        0.2235,
        0.0048,
        0.2365,
        0.0665,
        0.0369,
        0.0369,
        -0.0639,
        0.3153,
        0.0369,
        0.0369,
        0.2531,
        0.1216,
        1.0,
        0.0876,
        -0.0039,
        -0.0191,
        0.1057,
        0.2089,
        0.0996,
        0.0175,
        0.0369,
        0.0971,
        0.5469,
        0.4587,
        0.0829,
        0.3626,
        0.7875,
        0.1523,
        0.1684,
        0.13,
        0.1423,
        0.0369,
        0.0284,
        0.0369,
        0.0369,
        0.1092,
        0.0626,
        0.4423,
        0.1742,
        0.0013,
        0.0937
      ],
      [
        0.2741,
        0.2072,
        0.2731,
        0.325,
        0.0517,
        0.0517,
        0.2364,
        0.3944,
        0.0517,
        0.0517,
        0.3273,
        0.2215,
        0.0876,
        1.0,
        0.2735,
        -0.0303,
        0.0988,
        0.1842,
        0.4401,
        0.399,
        0.0517,
        0.0718,
        0.3897,
        0.3073,
        0.3475,
        0.312,
        0.1928,
        0.4979,
        0.4992,
        0.2026,
        0.4215,
        0.0517,
        0.0467,
        0.0517,
        0.0517,
        0.1621,
        0.3903,
        0.3888,
        0.3404,
        0.2772,
        0.2942
      ],
      [
        0.3586,
        0.3009,
        0.2674,
        0.3806,
        0.0733,
        0.0733,
        0.335,
        0.2983,
        0.0733,
        0.0733,
        0.4151,
        0.2967,
        -0.0039,
        0.2735,
        1.0,
        0.0351,
        0.2244,
        0.1207,
        0.273,
        0.2586,
        0.0733,
        0.2068,
        0.3125,
        0.2725,
        0.4624,
        0.3525,
        0.0478,
        0.3461,
        0.3548,
        0.3368,
        0.4573,
        0.0733,
        0.1104,
        0.0733,
        0.0733,
        0.2841,
        0.1714,
        0.3455,
        0.3579,
        0.3759,
        0.3865
      ],
      [
        0.1631,
        0.3003,
        0.082,
        0.0397,
        0.0306,
        0.0306,
        0.0771,
        -0.1115,
        0.0306,
        0.0306,
        0.1291,
        0.1413,
        -0.0191,
        -0.0303,
        0.0351,
        1.0,
        0.2109,
        0.307,
        -0.3034,
        0.0015,
        0.0306,
        0.2483,
        0.0151,
        0.0824,
        0.1001,
        0.1142,
        -0.0334,
        -0.1296,
        -0.1417,
        0.177,
        0.0717,
        0.0306,
        0.1362,
        0.0306,
        0.0306,
        0.2238,
        0.0282,
        0.0447,
        0.0602,
        0.0585,
        0.0841
      ],
      [
        0.3412,
        0.3085,
        0.2029,
        0.2427,
        0.07,
        0.07,
        0.2354,
        0.0985,
        0.07,
        0.07,
        0.3653,
        0.2713,
        0.1057,
        0.0988,
        0.2244,
        0.2109,
        1.0,
        0.1568,
        -0.0945,
        -0.0012,
        0.07,
        0.3111,
        0.2258,
        0.242,
        0.3523,
        0.3238,
        0.1048,
        0.0214,
        0.0318,
        0.3523,
        0.2906,
        0.07,
        0.1537,
        0.07,
        0.07,
        0.3289,
        -0.0837,
        0.2495,
        0.2372,
        0.2651,
        0.2981
      ],
      [
        0.2587,
        0.2954,
        0.2565,
        0.1774,
        0.0438,
        0.0438,
        0.1095,
        0.2366,
        0.0438,
        0.0438,
        0.261,
        0.2025,
        0.2089,
        0.1842,
        0.1207,
        0.307,
        0.1568,
        1.0,
        0.1157,
        0.3163,
        0.0438,
        0.1657,
        0.3644,
        0.3322,
        0.2005,
        0.2921,
        0.3068,
        0.2894,
        0.2775,
        0.1816,
        0.282,
        0.0438,
        0.0981,
        0.0438,
        0.0438,
        0.2044,
        0.3971,
        0.3474,
        0.2475,
        0.1264,
        0.1765
      ],
      [
        0.1722,
        0.0447,
        0.284,
        0.3437,
        0.0286,
        0.0286,
        0.194,
        0.5979,
        0.0286,
        0.0286,
        0.25,
        0.1375,
        0.0996,
        0.4401,
        0.273,
        -0.3034,
        -0.0945,
        0.1157,
        1.0,
        0.6311,
        0.0286,
        -0.1538,
        0.4821,
        0.3206,
        0.2915,
        0.2617,
        0.2737,
        0.8109,
        0.8098,
        0.0448,
        0.4589,
        0.0286,
        -0.0624,
        0.0286,
        0.0286,
        -0.0165,
        0.6671,
        0.4533,
        0.3706,
        0.246,
        0.2479
      ],
      [
        0.2171,
        0.2182,
        0.2963,
        0.326,
        0.0359,
        0.0359,
        0.2129,
        0.4805,
        0.0359,
        0.0359,
        0.2622,
        0.1862,
        0.0175,
        0.399,
        0.2586,
        0.0015,
        -0.0012,
        0.3163,
        0.6311,
        1.0,
        0.0359,
        -0.0336,
        0.42,
        0.3107,
        0.2957,
        0.2641,
        0.1783,
        0.7121,
        0.6979,
        0.1014,
        0.4541,
        0.0359,
        0.0094,
        0.0359,
        0.0359,
        0.0827,
        0.7204,
        0.4159,
        0.3641,
        0.2403,
        0.2494
      ],
      [
        0.097,
        0.0781,
        0.0688,
        0.0823,
        0.0195,
        0.0195,
        0.0707,
        0.063,
        0.0195,
        0.0195,
        0.1084,
        0.0767,
        0.0369,
        0.0517,
        0.0733,
        0.0306,
        0.07,
        0.0438,
        0.0286,
        0.0359,
        1.0,
        0.0686,
        0.0887,
        0.0822,
        0.1069,
        0.099,
        0.0473,
        0.0547,
        0.0576,
        0.0919,
        0.1013,
        0.0195,
        0.0344,
        0.0195,
        0.0195,
        0.0815,
        0.0165,
        0.0922,
        0.0827,
        0.0819,
        0.0907
      ],
      [
        0.3337,
        0.3167,
        0.1882,
        0.2213,
        0.0686,
        0.0686,
        0.2241,
        0.0585,
        0.0686,
        0.0686,
        0.3512,
        0.266,
        0.0971,
        0.0718,
        0.2068,
        0.2483,
        0.3111,
        0.1657,
        -0.1538,
        -0.0336,
        0.0686,
        1.0,
        0.1964,
        0.2245,
        0.3344,
        0.3092,
        0.0864,
        -0.0287,
        -0.0193,
        0.3519,
        0.264,
        0.0686,
        0.1613,
        0.0686,
        0.0686,
        0.3351,
        -0.1141,
        0.2228,
        0.2158,
        0.2493,
        0.283
      ],
      [
        0.4838,
        0.2789,
        0.4659,
        0.4133,
        0.0887,
        0.0887,
        0.2402,
        0.6135,
        0.0887,
        0.0887,
        0.5586,
        0.3531,
        0.5469,
        0.3897,
        0.3125,
        0.0151,
        0.2258,
        0.3644,
        0.4821,
        0.42,
        0.0887,
        0.1964,
        1.0,
        0.649,
        0.4666,
        0.6062,
        0.7153,
        0.6027,
        0.6152,
        0.3531,
        0.5696,
        0.0887,
        0.0969,
        0.0887,
        0.0887,
        0.2977,
        0.4295,
        0.7208,
        0.4985,
        0.327,
        0.41
      ],
      [
        0.442,
        0.2839,
        0.3988,
        0.3543,
        0.0822,
        0.0822,
        0.2211,
        0.4785,
        0.0822,
        0.0822,
        0.5004,
        0.326,
        0.4587,
        0.3073,
        0.2725,
        0.0824,
        0.242,
        0.3322,
        0.3206,
        0.3107,
        0.0822,
        0.2245,
        0.649,
        1.0,
        0.4186,
        0.5331,
        0.5869,
        0.4466,
        0.4576,
        0.3435,
        0.4848,
        0.0822,
        0.1108,
        0.0822,
        0.0822,
        0.3011,
        0.3079,
        0.6035,
        0.4238,
        0.2925,
        0.3666
      ],
      [
        0.5265,
        0.4333,
        0.3832,
        0.5099,
        0.1069,
        0.1069,
        0.4451,
        0.3943,
        0.1069,
        0.1069,
        0.6002,
        0.4271,
        0.0829,
        0.3475,
        0.4624,
        0.1001,
        0.3523,
        0.2005,
        0.2915,
        0.2957,
        0.1069,
        0.3344,
        0.4666,
        0.4186,
        1.0,
        0.5257,
        0.1495,
        0.413,
        0.4272,
        0.4972,
        0.6175,
        0.1069,
        0.173,
        0.1069,
        0.1069,
        0.4287,
        0.176,
        0.5026,
        0.4912,
        0.5058,
        0.535
      ],
      [
        0.5102,
        0.3626,
        0.409,
        0.4226,
        0.099,
        0.099,
        0.3153,
        0.4421,
        0.099,
        0.099,
        0.5755,
        0.3894,
        0.3626,
        0.312,
        0.3525,
        0.1142,
        0.3238,
        0.2921,
        0.2617,
        0.2641,
        0.099,
        0.3092,
        0.6062,
        0.5331,
        0.5257,
        1.0,
        0.4619,
        0.3974,
        0.4124,
        0.4418,
        0.5456,
        0.099,
        0.153,
        0.099,
        0.099,
        0.3874,
        0.2058,
        0.5892,
        0.4614,
        0.3874,
        0.4525
      ],
      [
        0.2908,
        0.0427,
        0.332,
        0.1437,
        0.0473,
        0.0473,
        -0.0325,
        0.4727,
        0.0473,
        0.0473,
        0.3345,
        0.1705,
        0.7875,
        0.1928,
        0.0478,
        -0.0334,
        0.1048,
        0.3068,
        0.2737,
        0.1783,
        0.0473,
        0.0864,
        0.7153,
        0.5869,
        0.1495,
        0.4619,
        1.0,
        0.3474,
        0.3618,
        0.1553,
        0.259,
        0.0473,
        0.0267,
        0.0473,
        0.0473,
        0.1279,
        0.2516,
        0.5938,
        0.276,
        0.0473,
        0.1531
      ],
      [
        0.312,
        0.2118,
        0.3892,
        0.4334,
        0.0547,
        0.0547,
        0.2731,
        0.653,
        0.0547,
        0.0547,
        0.3892,
        0.2506,
        0.1523,
        0.4979,
        0.3461,
        -0.1296,
        0.0214,
        0.2894,
        0.8109,
        0.7121,
        0.0547,
        -0.0287,
        0.6027,
        0.4466,
        0.413,
        0.3974,
        0.3474,
        1.0,
        0.8638,
        0.1706,
        0.586,
        0.0547,
        0.0058,
        0.0547,
        0.0547,
        0.118,
        0.7577,
        0.5798,
        0.4776,
        0.3303,
        0.3518
      ],
      [
        0.3248,
        0.2114,
        0.3952,
        0.4425,
        0.0576,
        0.0576,
        0.2803,
        0.66,
        0.0576,
        0.0576,
        0.4052,
        0.2592,
        0.1684,
        0.4992,
        0.3548,
        -0.1417,
        0.0318,
        0.2775,
        0.8098,
        0.6979,
        0.0576,
        -0.0193,
        0.6152,
        0.4576,
        0.4272,
        0.4124,
        0.3618,
        0.8638,
        1.0,
        0.1848,
        0.5946,
        0.0576,
        0.0088,
        0.0576,
        0.0576,
        0.1278,
        0.7347,
        0.5912,
        0.4854,
        0.341,
        0.3642
      ],
      [
        0.45,
        0.3789,
        0.295,
        0.3691,
        0.0919,
        0.0919,
        0.3357,
        0.2283,
        0.0919,
        0.0919,
        0.4974,
        0.3588,
        0.13,
        0.2026,
        0.3368,
        0.177,
        0.3523,
        0.1816,
        0.0448,
        0.1014,
        0.0919,
        0.3519,
        0.3531,
        0.3435,
        0.4972,
        0.4418,
        0.1553,
        0.1706,
        0.1848,
        1.0,
        0.4443,
        0.0919,
        0.1753,
        0.0919,
        0.0919,
        0.4004,
        -0.0063,
        0.3804,
        0.3595,
        0.383,
