{
  "_meta": {
    "generated": "2026-06-02T12:32:03",
    "portfolio_generated": "2026-06-02T12:28:10.271682",
    "n_assets": 46,
    "n_with_returns": 34,
    "covariance_method": "hybrid_shrunk",
    "condition_number": 364.42,
    "pca_factors": 6
  },
  "profiles": {
    "Agressif": {
      "n_assets": 20,
      "weighted_avg_correlation": 0.256,
      "most_correlated": [
        {
          "t1": "PICK",
          "t2": "COPX",
          "corr": 0.7775,
          "w1": 7.6,
          "w2": 6.4,
          "combined_weight": 14.0
        },
        {
          "t1": "FLKR",
          "t2": "XCEM",
          "corr": 0.7287,
          "w1": 5.3,
          "w2": 4.4,
          "combined_weight": 9.6
        },
        {
          "t1": "XCEM",
          "t2": "SOXX",
          "corr": 0.7047,
          "w1": 4.4,
          "w2": 2.9,
          "combined_weight": 7.3
        },
        {
          "t1": "PICK",
          "t2": "XCEM",
          "corr": 0.7032,
          "w1": 7.6,
          "w2": 4.4,
          "combined_weight": 12.0
        },
        {
          "t1": "XLK",
          "t2": "SOXX",
          "corr": 0.6976,
          "w1": 3.3,
          "w2": 2.9,
          "combined_weight": 6.2
        },
        {
          "t1": "COPX",
          "t2": "XCEM",
          "corr": 0.6828,
          "w1": 6.4,
          "w2": 4.4,
          "combined_weight": 10.8
        },
        {
          "t1": "FLKR",
          "t2": "SOXX",
          "corr": 0.6811,
          "w1": 5.3,
          "w2": 2.9,
          "combined_weight": 8.1
        },
        {
          "t1": "XLK",
          "t2": "XCEM",
          "corr": 0.6694,
          "w1": 3.3,
          "w2": 4.4,
          "combined_weight": 7.7
        },
        {
          "t1": "SOXX",
          "t2": "FIX",
          "corr": 0.6675,
          "w1": 2.9,
          "w2": 6.1,
          "combined_weight": 9.0
        },
        {
          "t1": "FLKR",
          "t2": "XLK",
          "corr": 0.6485,
          "w1": 5.3,
          "w2": 3.3,
          "combined_weight": 8.5
        }
      ],
      "least_correlated": [
        {
          "t1": "FLRN",
          "t2": "FSLR",
          "corr": 0.03,
          "w1": 5.3,
          "w2": 4.7,
          "combined_weight": 10.0
        },
        {
          "t1": "FLTR",
          "t2": "FLRN",
          "corr": 0.0186,
          "w1": 5.3,
          "w2": 5.3,
          "combined_weight": 10.5
        },
        {
          "t1": "NVDA",
          "t2": "LLY",
          "corr": 0.009,
          "w1": 3.5,
          "w2": 5.1,
          "combined_weight": 8.6
        },
        {
          "t1": "PLTR",
          "t2": "LLY",
          "corr": -0.0305,
          "w1": 6.1,
          "w2": 5.1,
          "combined_weight": 11.2
        },
        {
          "t1": "LLY",
          "t2": "FIX",
          "corr": -0.0446,
          "w1": 5.1,
          "w2": 6.1,
          "combined_weight": 11.1
        }
      ],
      "high_corr_high_weight": [
        {
          "t1": "PICK",
          "t2": "COPX",
          "corr": 0.7775,
          "w1": 7.6,
          "w2": 6.4,
          "combined_weight": 14.0
        },
        {
          "t1": "PICK",
          "t2": "XCEM",
          "corr": 0.7032,
          "w1": 7.6,
          "w2": 4.4,
          "combined_weight": 12.0
        }
      ]
    },
    "Mod\u00e9r\u00e9": {
      "n_assets": 14,
      "weighted_avg_correlation": 0.1028,
      "most_correlated": [
        {
          "t1": "FNDF",
          "t2": "EEMV",
          "corr": 0.6844,
          "w1": 9.0,
          "w2": 9.0,
          "combined_weight": 18.0
        },
        {
          "t1": "GPIQ",
          "t2": "EEMV",
          "corr": 0.6165,
          "w1": 5.7,
          "w2": 9.0,
          "combined_weight": 14.7
        },
        {
          "t1": "FNDF",
          "t2": "GPIQ",
          "corr": 0.569,
          "w1": 9.0,
          "w2": 5.7,
          "combined_weight": 14.7
        },
        {
          "t1": "FNDF",
          "t2": "XLV",
          "corr": 0.4317,
          "w1": 9.0,
          "w2": 3.1,
          "combined_weight": 12.1
        },
        {
          "t1": "EEMV",
          "t2": "XLV",
          "corr": 0.4217,
          "w1": 9.0,
          "w2": 3.1,
          "combined_weight": 12.1
        },
        {
          "t1": "FNDF",
          "t2": "GLD",
          "corr": 0.3765,
          "w1": 9.0,
          "w2": 5.2,
          "combined_weight": 14.2
        },
        {
          "t1": "EEMV",
          "t2": "GLD",
          "corr": 0.3558,
          "w1": 9.0,
          "w2": 5.2,
          "combined_weight": 14.2
        },
        {
          "t1": "SCHD",
          "t2": "XLV",
          "corr": 0.3414,
          "w1": 9.0,
          "w2": 3.1,
          "combined_weight": 12.1
        },
        {
          "t1": "FNDF",
          "t2": "SCHD",
          "corr": 0.3356,
          "w1": 9.0,
          "w2": 9.0,
          "combined_weight": 18.0
        },
        {
          "t1": "SCHD",
          "t2": "EEMV",
          "corr": 0.3081,
          "w1": 9.0,
          "w2": 9.0,
          "combined_weight": 18.0
        }
      ],
      "least_correlated": [
        {
          "t1": "CF",
          "t2": "GLD",
          "corr": -0.0609,
          "w1": 9.0,
          "w2": 5.2,
          "combined_weight": 14.2
        },
        {
          "t1": "CF",
          "t2": "XLV",
          "corr": -0.2058,
          "w1": 9.0,
          "w2": 3.1,
          "combined_weight": 12.1
        },
        {
          "t1": "CF",
          "t2": "GPIQ",
          "corr": -0.2512,
          "w1": 9.0,
          "w2": 5.7,
          "combined_weight": 14.7
        },
        {
          "t1": "FNDF",
          "t2": "CF",
          "corr": -0.3032,
          "w1": 9.0,
          "w2": 9.0,
          "combined_weight": 18.0
        },
        {
          "t1": "CF",
          "t2": "EEMV",
          "corr": -0.3704,
          "w1": 9.0,
          "w2": 9.0,
          "combined_weight": 18.0
        }
      ],
      "high_corr_high_weight": []
    },
    "Stable": {
      "n_assets": 16,
      "weighted_avg_correlation": 0.1088,
      "most_correlated": [
        {
          "t1": "CS",
          "t2": "GLD",
          "corr": 0.4542,
          "w1": 4.1,
          "w2": 4.2,
          "combined_weight": 8.3
        },
        {
          "t1": "ACWV",
          "t2": "XLV",
          "corr": 0.4232,
          "w1": 4.3,
          "w2": 4.6,
          "combined_weight": 8.9
        },
        {
          "t1": "PG",
          "t2": "XLV",
          "corr": 0.3994,
          "w1": 4.5,
          "w2": 4.6,
          "combined_weight": 9.1
        },
        {
          "t1": "ACWV",
          "t2": "SPYV",
          "corr": 0.3987,
          "w1": 4.3,
          "w2": 4.7,
          "combined_weight": 9.0
        },
        {
          "t1": "SCHP",
          "t2": "VICI",
          "corr": 0.3957,
          "w1": 4.7,
          "w2": 4.7,
          "combined_weight": 9.4
        },
        {
          "t1": "SPYV",
          "t2": "XLV",
          "corr": 0.3852,
          "w1": 4.7,
          "w2": 4.6,
          "combined_weight": 9.3
        },
        {
          "t1": "PG",
          "t2": "KO",
          "corr": 0.3763,
          "w1": 4.5,
          "w2": 4.3,
          "combined_weight": 8.8
        },
        {
          "t1": "PG",
          "t2": "SPLV",
          "corr": 0.3658,
          "w1": 4.5,
          "w2": 4.3,
          "combined_weight": 8.8
        },
        {
          "t1": "SCHP",
          "t2": "GD",
          "corr": 0.3636,
          "w1": 4.7,
          "w2": 5.4,
          "combined_weight": 10.1
        },
        {
          "t1": "VICI",
          "t2": "PG",
          "corr": 0.3574,
          "w1": 4.7,
          "w2": 4.5,
          "combined_weight": 9.2
        }
      ],
      "least_correlated": [
        {
          "t1": "VGSH",
          "t2": "BSV",
          "corr": 0.0186,
          "w1": 11.8,
          "w2": 8.3,
          "combined_weight": 20.1
        },
        {
          "t1": "VGSH",
          "t2": "STIP",
          "corr": 0.0186,
          "w1": 11.8,
          "w2": 13.0,
          "combined_weight": 24.8
        },
        {
          "t1": "BSV",
          "t2": "STIP",
          "corr": 0.0186,
          "w1": 8.3,
          "w2": 13.0,
          "combined_weight": 21.3
        },
        {
          "t1": "NOVN",
          "t2": "CS",
          "corr": 0.0153,
          "w1": 4.2,
          "w2": 4.1,
          "combined_weight": 8.2
        },
        {
          "t1": "NOVN",
          "t2": "GLD",
          "corr": -0.002,
          "w1": 4.2,
          "w2": 4.2,
          "combined_weight": 8.4
        }
      ],
      "high_corr_high_weight": []
    }
  },
  "all_pairs_top_30": [
    {
      "t1": "COPX",
      "t2": "PICK",
      "corr_hybrid": 0.7775,
      "corr_structured": 0.2,
      "cat1": "ETF",
      "cat2": "ETF",
      "exp1": "copper",
      "exp2": "metals_mining",
      "fam1": "commodities",
      "fam2": null
    },
    {
      "t1": "EEMV",
      "t2": "XCEM",
      "corr_hybrid": 0.7337,
      "corr_structured": 0.95,
      "cat1": "ETF",
      "cat2": "ETF",
      "exp1": "emerging_markets",
      "exp2": "emerging_markets",
      "fam1": "em_equity",
      "fam2": "em_equity"
    },
    {
      "t1": "FLKR",
      "t2": "XCEM",
      "corr_hybrid": 0.7287,
      "corr_structured": 0.9,
      "cat1": "ETF",
      "cat2": "ETF",
      "exp1": "south_korea",
      "exp2": "emerging_markets",
      "fam1": "em_equity",
      "fam2": "em_equity"
    },
    {
      "t1": "COPX",
      "t2": "CS",
      "corr_hybrid": 0.7205,
      "corr_structured": null,
      "cat1": "ETF",
      "cat2": "Act",
      "exp1": "copper",
      "exp2": null,
      "fam1": "commodities",
      "fam2": null
    },
    {
      "t1": "SOXX",
      "t2": "XCEM",
      "corr_hybrid": 0.7047,
      "corr_structured": 0.2,
      "cat1": "ETF",
      "cat2": "ETF",
      "exp1": "semiconductor",
      "exp2": "emerging_markets",
      "fam1": "sector_tech",
      "fam2": "em_equity"
    },
    {
      "t1": "PICK",
      "t2": "XCEM",
      "corr_hybrid": 0.7032,
      "corr_structured": 0.2,
      "cat1": "ETF",
      "cat2": "ETF",
      "exp1": "metals_mining",
      "exp2": "emerging_markets",
      "fam1": null,
      "fam2": "em_equity"
    },
    {
      "t1": "SOXX",
      "t2": "XLK",
      "corr_hybrid": 0.6976,
      "corr_structured": 0.9,
      "cat1": "ETF",
      "cat2": "ETF",
      "exp1": "semiconductor",
      "exp2": "tech",
      "fam1": "sector_tech",
      "fam2": "sector_tech"
    },
    {
      "t1": "FNDF",
      "t2": "XCEM",
      "corr_hybrid": 0.6972,
      "corr_structured": 0.62,
      "cat1": "ETF",
      "cat2": "ETF",
      "exp1": "international",
      "exp2": "emerging_markets",
      "fam1": "intl_equity",
      "fam2": "em_equity"
    },
    {
      "t1": "FNDF",
      "t2": "PICK",
      "corr_hybrid": 0.6874,
      "corr_structured": 0.2,
      "cat1": "ETF",
      "cat2": "ETF",
      "exp1": "international",
      "exp2": "metals_mining",
      "fam1": "intl_equity",
      "fam2": null
    },
    {
      "t1": "EEMV",
      "t2": "FNDF",
      "corr_hybrid": 0.6844,
      "corr_structured": 0.62,
      "cat1": "ETF",
      "cat2": "ETF",
      "exp1": "emerging_markets",
      "exp2": "international",
      "fam1": "em_equity",
      "fam2": "intl_equity"
    },
    {
      "t1": "CS",
      "t2": "PICK",
      "corr_hybrid": 0.6842,
      "corr_structured": null,
      "cat1": "Act",
      "cat2": "ETF",
      "exp1": null,
      "exp2": "metals_mining",
      "fam1": null,
      "fam2": null
    },
    {
      "t1": "COPX",
      "t2": "XCEM",
      "corr_hybrid": 0.6828,
      "corr_structured": 0.2,
      "cat1": "ETF",
      "cat2": "ETF",
      "exp1": "copper",
      "exp2": "emerging_markets",
      "fam1": "commodities",
      "fam2": "em_equity"
    },
    {
      "t1": "FLKR",
      "t2": "SOXX",
      "corr_hybrid": 0.6811,
      "corr_structured": 0.2,
      "cat1": "ETF",
      "cat2": "ETF",
      "exp1": "south_korea",
      "exp2": "semiconductor",
      "fam1": "em_equity",
      "fam2": "sector_tech"
    },
    {
      "t1": "GPIQ",
      "t2": "XLK",
      "corr_hybrid": 0.6794,
      "corr_structured": 0.9,
      "cat1": "ETF",
      "cat2": "ETF",
      "exp1": "nasdaq100",
      "exp2": "tech",
      "fam1": "sector_tech",
      "fam2": "sector_tech"
    },
    {
      "t1": "EEMV",
      "t2": "PICK",
      "corr_hybrid": 0.6768,
      "corr_structured": 0.2,
      "cat1": "ETF",
      "cat2": "ETF",
      "exp1": "emerging_markets",
      "exp2": "metals_mining",
      "fam1": "em_equity",
      "fam2": null
    },
    {
      "t1": "EEMV",
      "t2": "FLKR",
      "corr_hybrid": 0.6753,
      "corr_structured": 0.9,
      "cat1": "ETF",
      "cat2": "ETF",
      "exp1": "emerging_markets",
      "exp2": "south_korea",
      "fam1": "em_equity",
      "fam2": "em_equity"
    },
    {
      "t1": "XCEM",
      "t2": "XLK",
      "corr_hybrid": 0.6694,
      "corr_structured": 0.2,
      "cat1": "ETF",
      "cat2": "ETF",
      "exp1": "emerging_markets",
      "exp2": "tech",
      "fam1": "em_equity",
      "fam2": "sector_tech"
    },
    {
      "t1": "FIX",
      "t2": "SOXX",
      "corr_hybrid": 0.6675,
      "corr_structured": null,
      "cat1": "Act",
      "cat2": "ETF",
      "exp1": null,
      "exp2": "semiconductor",
      "fam1": null,
      "fam2": "sector_tech"
    },
    {
      "t1": "COPX",
      "t2": "FNDF",
      "corr_hybrid": 0.664,
      "corr_structured": 0.2,
      "cat1": "ETF",
      "cat2": "ETF",
      "exp1": "copper",
      "exp2": "international",
      "fam1": "commodities",
      "fam2": "intl_equity"
    },
    {
      "t1": "GPIQ",
      "t2": "XCEM",
      "corr_hybrid": 0.654,
      "corr_structured": 0.2,
      "cat1": "ETF",
      "cat2": "ETF",
      "exp1": "nasdaq100",
      "exp2": "emerging_markets",
      "fam1": "sector_tech",
      "fam2": "em_equity"
    },
    {
      "t1": "COPX",
      "t2": "EEMV",
      "corr_hybrid": 0.65,
      "corr_structured": 0.2,
      "cat1": "ETF",
      "cat2": "ETF",
      "exp1": "copper",
      "exp2": "emerging_markets",
      "fam1": "commodities",
      "fam2": "em_equity"
    },
    {
      "t1": "FLKR",
      "t2": "XLK",
      "corr_hybrid": 0.6485,
      "corr_structured": 0.2,
      "cat1": "ETF",
      "cat2": "ETF",
      "exp1": "south_korea",
      "exp2": "tech",
      "fam1": "em_equity",
      "fam2": "sector_tech"
    },
    {
      "t1": "FLKR",
      "t2": "PICK",
      "corr_hybrid": 0.6467,
      "corr_structured": 0.2,
      "cat1": "ETF",
      "cat2": "ETF",
      "exp1": "south_korea",
      "exp2": "metals_mining",
      "fam1": "em_equity",
      "fam2": null
    },
    {
      "t1": "GPIQ",
      "t2": "SOXX",
      "corr_hybrid": 0.6463,
      "corr_structured": 0.9,
      "cat1": "ETF",
      "cat2": "ETF",
      "exp1": "nasdaq100",
      "exp2": "semiconductor",
      "fam1": "sector_tech",
      "fam2": "sector_tech"
    },
    {
      "t1": "EEMV",
      "t2": "SOXX",
      "corr_hybrid": 0.6375,
      "corr_structured": 0.2,
      "cat1": "ETF",
      "cat2": "ETF",
      "exp1": "emerging_markets",
      "exp2": "semiconductor",
      "fam1": "em_equity",
      "fam2": "sector_tech"
    },
    {
      "t1": "COPX",
      "t2": "FLKR",
      "corr_hybrid": 0.634,
      "corr_structured": 0.2,
      "cat1": "ETF",
      "cat2": "ETF",
      "exp1": "copper",
      "exp2": "south_korea",
      "fam1": "commodities",
      "fam2": "em_equity"
    },
    {
      "t1": "FLKR",
      "t2": "FNDF",
      "corr_hybrid": 0.6299,
      "corr_structured": 0.62,
      "cat1": "ETF",
      "cat2": "ETF",
      "exp1": "south_korea",
      "exp2": "international",
      "fam1": "em_equity",
      "fam2": "intl_equity"
    },
    {
      "t1": "FSLR",
      "t2": "ICLN",
      "corr_hybrid": 0.6293,
      "corr_structured": null,
      "cat1": "Act",
      "cat2": "ETF",
      "exp1": null,
      "exp2": "clean_energy",
      "fam1": null,
      "fam2": null
    },
    {
      "t1": "FLKR",
      "t2": "GPIQ",
      "corr_hybrid": 0.6204,
      "corr_structured": 0.2,
      "cat1": "ETF",
      "cat2": "ETF",
      "exp1": "south_korea",
      "exp2": "nasdaq100",
      "fam1": "em_equity",
      "fam2": "sector_tech"
    },
    {
      "t1": "EEMV",
      "t2": "GPIQ",
      "corr_hybrid": 0.6165,
      "corr_structured": 0.2,
      "cat1": "ETF",
      "cat2": "ETF",
      "exp1": "emerging_markets",
      "exp2": "nasdaq100",
      "fam1": "em_equity",
      "fam2": "sector_tech"
    }
  ],
  "all_pairs_bottom_10": [
    {
      "t1": "PLTR",
      "t2": "XLV",
      "corr_hybrid": -0.0043,
      "corr_structured": null,
      "cat1": "Act",
      "cat2": "ETF",
      "exp1": null,
      "exp2": "healthcare",
      "fam1": null,
      "fam2": "sector_healthcare"
    },
    {
      "t1": "FSLR",
      "t2": "LUPIN",
      "corr_hybrid": 0.0042,
      "corr_structured": null,
      "cat1": "Act",
      "cat2": "Act",
      "exp1": null,
      "exp2": null,
      "fam1": null,
      "fam2": null
    },
    {
      "t1": "FSLR",
      "t2": "KO",
      "corr_hybrid": 0.0035,
      "corr_structured": null,
      "cat1": "Act",
      "cat2": "Act",
      "exp1": null,
      "exp2": null,
      "fam1": null,
      "fam2": null
    },
    {
      "t1": "COPX",
      "t2": "KO",
      "corr_hybrid": 0.0031,
      "corr_structured": null,
      "cat1": "ETF",
      "cat2": "Act",
      "exp1": "copper",
      "exp2": null,
      "fam1": "commodities",
      "fam2": null
    },
    {
      "t1": "GALP",
      "t2": "ICLN",
      "corr_hybrid": 0.0028,
      "corr_structured": null,
      "cat1": "Act",
      "cat2": "ETF",
      "exp1": null,
      "exp2": "clean_energy",
      "fam1": null,
      "fam2": null
    },
    {
      "t1": "EXPD",
      "t2": "PLTR",
      "corr_hybrid": 0.0025,
      "corr_structured": null,
      "cat1": "Act",
      "cat2": "Act",
      "exp1": null,
      "exp2": null,
      "fam1": null,
      "fam2": null
    },
    {
      "t1": "GLD",
      "t2": "NOVN",
      "corr_hybrid": -0.002,
      "corr_structured": null,
      "cat1": "ETF",
      "cat2": "Act",
      "exp1": "gold_physical",
      "exp2": null,
      "fam1": "gold",
      "fam2": null
    },
    {
      "t1": "PG",
      "t2": "SOXX",
      "corr_hybrid": 0.0015,
      "corr_structured": null,
      "cat1": "Act",
      "cat2": "ETF",
      "exp1": null,
      "exp2": "semiconductor",
      "fam1": null,
      "fam2": "sector_tech"
    },
    {
      "t1": "FNDF",
      "t2": "GALP",
      "corr_hybrid": 0.0005,
      "corr_structured": null,
      "cat1": "ETF",
      "cat2": "Act",
      "exp1": "international",
      "exp2": null,
      "fam1": "intl_equity",
      "fam2": null
    },
    {
      "t1": "LUPIN",
      "t2": "XLK",
      "corr_hybrid": 0.0005,
      "corr_structured": null,
      "cat1": "Act",
      "cat2": "ETF",
      "exp1": null,
      "exp2": "tech",
      "fam1": null,
      "fam2": "sector_tech"
    }
  ],
  "correlation_matrix": {
    "tickers": [
      "000660",
      "2059",
      "ACWV",
      "BSV",
      "CF",
      "CLTL",
      "COPX",
      "CS",
      "CUMMINSIND",
      "EEMV",
      "EXPD",
      "FIX",
      "FLKR",
      "FLRN",
      "FLTR",
      "FNDF",
      "FSLR",
      "GALP",
      "GD",
      "GLD",
      "GPIQ",
      "GVT&D",
      "ICLN",
      "ITX",
      "KO",
      "LLY",
      "LUPIN",
      "NOVN",
      "NVDA",
      "PAAA",
      "PG",
      "PICK",
      "PLTR",
      "SCHD",
      "SCHP",
      "SOXX",
      "SPLV",
      "SPYV",
      "STIP",
      "TDTT",
      "VGSH",
      "VICI",
      "XBI",
      "XCEM",
      "XLK",
      "XLV"
    ],
    "matrix": [
      [
        1.0,
        0.5738,
        0.3405,
        0.0819,
        0.2478,
        0.0819,
        0.117,
        0.1576,
        0.5738,
        0.2175,
        0.3278,
        0.2018,
        0.0809,
        0.0819,
        0.0819,
        0.2441,
        0.1629,
        0.2934,
        0.4031,
        0.1015,
        0.222,
        0.5738,
        0.1974,
        0.3131,
        0.3407,
        0.3048,
        0.314,
        0.2784,
        0.1894,
        0.0819,
        0.3227,
        0.1575,
        0.1921,
        0.3263,
        0.5329,
        0.1163,
        0.3058,
        0.3301,
        0.0819,
        0.0819,
        0.0819,
        0.4023,
        0.195,
        0.1505,
        0.1725,
        0.3081
      ],
      [
        0.5738,
        1.0,
        0.3405,
        0.0819,
        0.2478,
        0.0819,
        0.117,
        0.1576,
        0.5738,
        0.2175,
        0.3278,
        0.2018,
        0.0809,
        0.0819,
        0.0819,
        0.2441,
        0.1629,
        0.2934,
        0.4031,
        0.1015,
        0.222,
        0.5738,
        0.1974,
        0.3131,
        0.3407,
        0.3048,
        0.314,
        0.2784,
        0.1894,
        0.0819,
        0.3227,
        0.1575,
        0.1921,
        0.3263,
        0.5329,
        0.1163,
        0.3058,
        0.3301,
        0.0819,
        0.0819,
        0.0819,
        0.4023,
        0.195,
        0.1505,
        0.1725,
        0.3081
      ],
      [
        0.3405,
        0.3405,
        1.0,
        0.0845,
        -0.1346,
        0.0845,
        0.3553,
        0.3119,
        0.3405,
        0.4348,
        0.193,
        0.1203,
        0.3237,
        0.0845,
        0.0845,
        0.4516,
        0.1338,
        0.1192,
        0.2502,
        0.2311,
        0.3169,
        0.3405,
        0.2757,
        0.2109,
        0.2722,
        0.3538,
        0.1865,
        0.1217,
        0.165,
        0.0845,
        0.3567,
        0.3971,
        0.0847,
        0.3385,
        0.3289,
        0.2626,
        0.3177,
        0.3987,
        0.0845,
        0.0845,
        0.0845,
        0.3133,
        0.3617,
        0.3961,
        0.2633,
        0.4232
      ],
      [
        0.0819,
        0.0819,
        0.0845,
        1.0,
        -0.0229,
        0.0186,
        0.0627,
        0.0439,
        0.0819,
        0.0886,
        0.0433,
        0.0374,
        0.0663,
        0.0186,
        0.0186,
        0.0887,
        0.03,
        0.0338,
        0.0602,
        0.0399,
        0.0745,
        0.0819,
        0.0595,
        0.0453,
        0.0544,
        0.0737,
        0.0451,
        0.0312,
        0.0476,
        0.0186,
        0.068,
        0.0724,
        0.0395,
        0.0676,
        0.0783,
        0.0586,
        0.0612,
        0.0846,
        0.0186,
        0.0186,
        0.0186,
        0.0665,
        0.0758,
        0.0805,
        0.0649,
        0.0843
      ],
      [
        0.2478,
        0.2478,
        -0.1346,
        -0.0229,
        1.0,
        -0.0229,
        -0.204,
        0.0633,
        0.2478,
        -0.3704,
        0.1677,
        -0.0601,
        -0.4173,
        -0.0229,
        -0.0229,
        -0.3032,
        0.0117,
        0.178,
        0.1795,
        -0.0609,
        -0.2512,
        0.2478,
        -0.1693,
        0.0966,
        0.0766,
        -0.1504,
        0.1036,
        0.1861,
        -0.0935,
        -0.0229,
        -0.0638,
        -0.2446,
        0.0813,
        -0.0095,
        0.1979,
        -0.3098,
        -0.0048,
        -0.1584,
        -0.0229,
        -0.0229,
        -0.0229,
        0.0992,
        -0.2917,
        -0.4179,
        -0.249,
        -0.2058
      ],
      [
        0.0819,
        0.0819,
        0.0845,
        0.0186,
        -0.0229,
        1.0,
        0.0627,
        0.0439,
        0.0819,
        0.0886,
        0.0433,
        0.0374,
        0.0663,
        0.0186,
        0.0186,
        0.0887,
        0.03,
        0.0338,
        0.0602,
        0.0399,
        0.0745,
        0.0819,
        0.0595,
        0.0453,
        0.0544,
        0.0737,
        0.0451,
        0.0312,
        0.0476,
        0.0186,
        0.068,
        0.0724,
        0.0395,
        0.0676,
        0.0783,
        0.0586,
        0.0612,
        0.0846,
        0.0186,
        0.0186,
        0.0186,
        0.0665,
        0.0758,
        0.0805,
        0.0649,
        0.0843
      ],
      [
        0.117,
        0.117,
        0.3553,
        0.0627,
        -0.204,
        0.0627,
        1.0,
        0.7205,
        0.117,
        0.65,
        0.0797,
        0.3702,
        0.634,
        0.0627,
        0.0627,
        0.664,
        0.2552,
        -0.0893,
        0.163,
        0.4747,
        0.5596,
        0.117,
        0.5312,
        -0.0233,
        0.0031,
        0.1242,
        -0.0456,
        -0.0402,
        0.3789,
        0.0627,
        0.1043,
        0.7775,
        0.2999,
        0.2657,
        0.0603,
        0.6026,
        0.1501,
        0.4443,
        0.0627,
        0.0627,
        0.0627,
        0.0845,
        0.4759,
        0.6828,
        0.5792,
        0.3042
      ],
      [
        0.1576,
        0.1576,
        0.3119,
        0.0439,
        0.0633,
        0.0439,
        0.7205,
        1.0,
        0.1576,
        0.4532,
        0.154,
        0.2409,
        0.4006,
        0.0439,
        0.0439,
        0.5407,
        0.1055,
        -0.0674,
        0.1674,
        0.4542,
        0.3175,
        0.1576,
        0.3457,
        0.1027,
        0.1168,
        0.0631,
        -0.013,
        0.0153,
        0.1964,
        0.0439,
        0.1802,
        0.6842,
        0.0262,
        0.2881,
        0.1041,
        0.3799,
        0.2196,
        0.3386,
        0.0439,
        0.0439,
        0.0439,
        0.1504,
        0.2973,
        0.4626,
        0.3145,
        0.2463
      ],
      [
        0.5738,
        0.5738,
        0.3405,
        0.0819,
        0.2478,
        0.0819,
        0.117,
        0.1576,
        1.0,
        0.2175,
        0.3278,
        0.2018,
        0.0809,
        0.0819,
        0.0819,
        0.2441,
        0.1629,
        0.2934,
        0.4031,
        0.1015,
        0.222,
        0.5738,
        0.1974,
        0.3131,
        0.3407,
        0.3048,
        0.314,
        0.2784,
        0.1894,
        0.0819,
        0.3227,
        0.1575,
        0.1921,
        0.3263,
        0.5329,
        0.1163,
        0.3058,
        0.3301,
        0.0819,
        0.0819,
        0.0819,
        0.4023,
        0.195,
        0.1505,
        0.1725,
        0.3081
      ],
      [
        0.2175,
        0.2175,
        0.4348,
        0.0886,
        -0.3704,
        0.0886,
        0.65,
        0.4532,
        0.2175,
        1.0,
        0.1199,
        0.4386,
        0.6753,
        0.0886,
        0.0886,
        0.6844,
        0.2803,
        -0.0085,
        0.1996,
        0.3558,
        0.6165,
        0.2175,
        0.5561,
        0.0671,
        0.101,
        0.2838,
        0.0619,
        0.0088,
        0.4152,
        0.0886,
        0.2206,
        0.6768,
        0.2542,
        0.3081,
        0.1826,
        0.6375,
        0.2132,
        0.519,
        0.0886,
        0.0886,
        0.0886,
        0.1717,
        0.5386,
        0.7337,
        0.6139,
        0.4217
      ],
      [
        0.3278,
        0.3278,
        0.193,
        0.0433,
        0.1677,
        0.0433,
        0.0797,
        0.154,
        0.3278,
        0.1199,
        1.0,
        0.1543,
        0.0413,
        0.0433,
        0.0433,
        0.1462,
        0.1182,
        0.1561,
        0.2215,
        0.0604,
        0.0999,
        0.3278,
        0.129,
        0.1999,
        0.2195,
        0.1639,
        0.177,
        0.1615,
        0.0838,
        0.0433,
        0.2076,
        0.1025,
        0.0025,
        0.1988,
        0.3019,
        0.0713,
        0.1914,
        0.1857,
        0.0433,
        0.0433,
        0.0433,
        0.2371,
        0.0854,
        0.0847,
        0.0697,
        0.1744
      ],
      [
        0.2018,
        0.2018,
        0.1203,
        0.0374,
        -0.0601,
        0.0374,
        0.3702,
        0.2409,
        0.2018,
        0.4386,
        0.1543,
        1.0,
        0.5074,
        0.0374,
        0.0374,
        0.388,
        0.318,
        0.0086,
        0.1647,
        0.1129,
        0.5431,
        0.2018,
        0.5415,
        0.0435,
        -0.0523,
        -0.0446,
        0.0226,
        0.0378,
        0.5528,
        0.0374,
        -0.0784,
        0.3765,
        0.2213,
        0.0834,
        0.1276,
        0.6675,
        -0.0418,
        0.3108,
        0.0374,
        0.0374,
        0.0374,
        -0.0052,
        0.234,
        0.5156,
        0.6161,
        0.0436
      ],
      [
        0.0809,
        0.0809,
        0.3237,
        0.0663,
        -0.4173,
        0.0663,
        0.634,
        0.4006,
        0.0809,
        0.6753,
        0.0413,
        0.5074,
        1.0,
        0.0663,
        0.0663,
        0.6299,
        0.2669,
        -0.0827,
        0.1092,
        0.3218,
        0.6204,
        0.0809,
        0.556,
        -0.028,
        -0.0262,
        0.1631,
        -0.027,
        -0.0617,
        0.449,
        0.0663,
        0.081,
        0.6467,
        0.2733,
        0.2011,
        0.0448,
        0.6811,
        0.0917,
        0.4436,
        0.0663,
        0.0663,
        0.0663,
        0.0392,
        0.4918,
        0.7287,
        0.6485,
        0.303
      ],
      [
        0.0819,
        0.0819,
        0.0845,
        0.0186,
        -0.0229,
        0.0186,
        0.0627,
        0.0439,
        0.0819,
        0.0886,
        0.0433,
        0.0374,
        0.0663,
        1.0,
        0.0186,
        0.0887,
        0.03,
        0.0338,
        0.0602,
        0.0399,
        0.0745,
        0.0819,
        0.0595,
        0.0453,
        0.0544,
        0.0737,
        0.0451,
        0.0312,
        0.0476,
        0.0186,
        0.068,
        0.0724,
        0.0395,
        0.0676,
        0.0783,
        0.0586,
        0.0612,
        0.0846,
        0.0186,
        0.0186,
        0.0186,
        0.0665,
        0.0758,
        0.0805,
        0.0649,
        0.0843
      ],
      [
        0.0819,
        0.0819,
        0.0845,
        0.0186,
        -0.0229,
        0.0186,
        0.0627,
        0.0439,
        0.0819,
        0.0886,
        0.0433,
        0.0374,
        0.0663,
        0.0186,
        1.0,
        0.0887,
        0.03,
        0.0338,
        0.0602,
        0.0399,
        0.0745,
        0.0819,
        0.0595,
        0.0453,
        0.0544,
        0.0737,
        0.0451,
        0.0312,
        0.0476,
        0.0186,
        0.068,
        0.0724,
        0.0395,
        0.0676,
        0.0783,
        0.0586,
        0.0612,
        0.0846,
        0.0186,
        0.0186,
        0.0186,
        0.0665,
        0.0758,
        0.0805,
        0.0649,
        0.0843
      ],
      [
        0.2441,
        0.2441,
        0.4516,
        0.0887,
        -0.3032,
        0.0887,
        0.664,
        0.5407,
        0.2441,
        0.6844,
        0.1462,
        0.388,
        0.6299,
        0.0887,
        0.0887,
        1.0,
        0.2088,
        0.0005,
        0.2155,
        0.3765,
        0.569,
        0.2441,
        0.5026,
        0.1188,
        0.1463,
        0.2833,
        0.0788,
        0.0281,
        0.3755,
        0.0887,
        0.2619,
        0.6874,
        0.1993,
        0.3356,
        0.2112,
        0.5852,
        0.2535,
        0.5134,
        0.0887,
        0.0887,
        0.0887,
        0.2084,
        0.5169,
        0.6972,
        0.5567,
        0.4317
      ],
      [
        0.1629,
        0.1629,
        0.1338,
        0.03,
        0.0117,
        0.03,
        0.2552,
        0.1055,
        0.1629,
        0.2803,
        0.1182,
        0.318,
        0.2669,
        0.03,
        0.03,
        0.2088,
        1.0,
        0.047,
        0.1469,
        0.1645,
        0.2475,
        0.1629,
        0.6293,
        -0.2207,
        0.0035,
        0.1692,
        0.0042,
        0.0468,
        0.0972,
        0.03,
        0.0407,
        0.2511,
        0.1209,
        0.1546,
        0.0815,
        0.3147,
        0.0528,
        0.2292,
        0.03,
        0.03,
        0.03,
        0.066,
        0.1715,
        0.2774,
        0.2554,
        0.159
      ],
      [
        0.2934,
        0.2934,
        0.1192,
        0.0338,
        0.178,
        0.0338,
        -0.0893,
        -0.0674,
        0.2934,
        -0.0085,
        0.1561,
        0.0086,
        -0.0827,
        0.0338,
        0.0338,
        0.0005,
        0.047,
        1.0,
        0.1963,
        -0.0283,
        0.0182,
        0.2934,
        0.0028,
        0.1598,
        0.1761,
        0.1482,
        0.1799,
        0.1606,
        0.0309,
        0.0338,
        0.1476,
        -0.0648,
        0.0959,
        0.1261,
        0.281,
        -0.0631,
        0.1343,
        0.0949,
        0.0338,
        0.0338,
        0.0338,
        0.2034,
        0.0238,
        -0.0551,
        -0.0129,
        0.1113
      ],
      [
        0.4031,
        0.4031,
        0.2502,
        0.0602,
        0.1795,
        0.0602,
        0.163,
        0.1674,
        0.4031,
        0.1996,
        0.2215,
        0.1647,
        0.1092,
        0.0602,
        0.0602,
        0.2155,
        0.1469,
        0.1963,
        1.0,
        0.1246,
        0.2179,
        0.4031,
        0.1884,
        0.1828,
        0.2024,
        0.1988,
        0.2006,
        0.1861,
        0.1849,
        0.0602,
        0.1917,
        0.1807,
        0.2422,
        0.2336,
        0.3636,
        0.1355,
        0.1987,
        0.2594,
        0.0602,
        0.0602,
        0.0602,
        0.2671,
        0.1784,
        0.1568,
        0.1927,
        0.2152
      ],
      [
        0.1015,
        0.1015,
        0.2311,
        0.0399,
        -0.0609,
        0.0399,
        0.4747,
        0.4542,
        0.1015,
        0.3558,
        0.0604,
        0.1129,
        0.3218,
        0.0399,
        0.0399,
        0.3765,
        0.1645,
        -0.0283,
        0.1246,
        1.0,
        0.2885,
        0.1015,
        0.2859,
        -0.0106,
        0.0322,
        0.103,
        -0.0092,
        -0.002,
        0.1699,
        0.0399,
        0.0941,
        0.4563,
        0.1989,
        0.1858,
        0.0666,
        0.2849,
        0.124,
        0.2602,
        0.0399,
        0.0399,
        0.0399,
        0.0888,
        0.2769,
        0.3569,
        0.2875,
        0.2033
      ],
      [
        0.222,
        0.222,
        0.3169,
        0.0745,
        -0.2512,
        0.0745,
        0.5596,
        0.3175,
        0.222,
        0.6165,
        0.0999,
        0.5431,
        0.6204,
        0.0745,
        0.0745,
        0.569,
        0.2475,
        0.0182,
        0.2179,
        0.2885,
        1.0,
        0.222,
        0.5281,
        0.0168,
        -0.0104,
        0.1551,
        0.0448,
        0.0198,
        0.5256,
        0.0745,
        0.0499,
        0.5703,
        0.4703,
        0.2053,
        0.1693,
        0.6463,
        0.0834,
        0.4479,
        0.0745,
        0.0745,
        0.0745,
        0.0907,
        0.4691,
        0.654,
        0.6794,
        0.2678
      ],
      [
        0.5738,
        0.5738,
        0.3405,
        0.0819,
        0.2478,
        0.0819,
        0.117,
        0.1576,
        0.5738,
        0.2175,
        0.3278,
        0.2018,
        0.0809,
        0.0819,
        0.0819,
        0.2441,
        0.1629,
        0.2934,
        0.4031,
        0.1015,
        0.222,
        1.0,
        0.1974,
        0.3131,
        0.3407,
        0.3048,
        0.314,
        0.2784,
        0.1894,
        0.0819,
        0.3227,
        0.1575,
        0.1921,
        0.3263,
        0.5329,
        0.1163,
        0.3058,
        0.3301,
        0.0819,
        0.0819,
        0.0819,
        0.4023,
        0.195,
        0.1505,
        0.1725,
        0.3081
      ],
      [
        0.1974,
        0.1974,
        0.2757,
        0.0595,
        -0.1693,
        0.0595,
        0.5312,
        0.3457,
        0.1974,
        0.5561,
        0.129,
        0.5415,
        0.556,
        0.0595,
        0.0595,
        0.5026,
        0.6293,
        0.0028,
        0.1884,
        0.2859,
        0.5281,
        0.1974,
        1.0,
        -0.0814,
        0.0082,
        0.1694,
        0.0137,
        0.0202,
        0.3716,
        0.0595,
        0.0728,
        0.5349,
        0.2569,
        0.219,
        0.1244,
        0.5967,
        0.0941,
        0.4062,
        0.0595,
        0.0595,
        0.0595,
        0.0856,
        0.3809,
        0.5866,
        0.5533,
        0.2565
      ],
      [
        0.3131,
        0.3131,
        0.2109,
        0.0453,
        0.0966,
        0.0453,
        -0.0233,
        0.1027,
        0.3131,
        0.0671,
        0.1999,
        0.0435,
        -0.028,
        0.0453,
        0.0453,
        0.1188,
        -0.2207,
        0.1598,
        0.1828,
        -0.0106,
        0.0168,
        0.3131,
        -0.0814,
        1.0,
        0.2958,
        0.1892,
        0.2205,
        0.1644,
        0.0278,
        0.0453,
        0.2912,
        0.0212,
        -0.1395,
        0.1968,
        0.327,
        -0.0321,
        0.2415,
        0.1526,
        0.0453,
        0.0453,
        0.0453,
        0.2757,
        0.0594,
        0.0247,
        -0.035,
        0.2023
      ],
      [
        0.3407,
        0.3407,
        0.2722,
        0.0544,
        0.0766,
        0.0544,
        0.0031,
        0.1168,
        0.3407,
        0.101,
        0.2195,
        -0.0523,
        -0.0262,
        0.0544,
        0.0544,
        0.1463,
        0.0035,
        0.1761,
        0.2024,
        0.0322,
        -0.0104,
        0.3407,
        0.0082,
        0.2958,
        1.0,
        0.2957,
        0.2355,
        0.1771,
        -0.0675,
        0.0544,
        0.3763,
        0.0528,
        -0.1939,
        0.2635,
        0.3503,
        -0.064,
        0.3101,
        0.1924,
        0.0544,
        0.0544,
        0.0544,
        0.3319,
        0.0943,
        0.037,
        -0.0855,
        0.295
      ],
      [
        0.3048,
        0.3048,
        0.3538,
        0.0737,
        -0.1504,
        0.0737,
        0.1242,
        0.0631,
        0.3048,
        0.2838,
        0.1639,
        -0.0446,
        0.1631,
        0.0737,
        0.0737,
        0.2833,
        0.1692,
        0.1482,
        0.1988,
        0.103,
        0.1551,
        0.3048,
        0.1694,
        0.1892,
        0.2957,
        1.0,
        0.2074,
        0.1287,
        0.009,
        0.0737,
        0.3783,
        0.1826,
        -0.0305,
        0.2925,
        0.3145,
        0.0831,
        0.3092,
        0.2988,
        0.0737,
        0.0737,
        0.0737,
        0.3133,
        0.263,
        0.226,
        0.0816,
        0.4017
      ],
      [
        0.314,
        0.314,
        0.1865,
        0.0451,
        0.1036,
        0.0451,
        -0.0456,
        -0.013,
        0.314,
        0.0619,
        0.177,
        0.0226,
        -0.027,
        0.0451,
        0.0451,
        0.0788,
        0.0042,
        0.1799,
        0.2006,
        -0.0092,
        0.0448,
        0.314,
        0.0137,
        0.2205,
        0.2355,
        0.2074,
        1.0,
        0.1635,
        0.0321,
        0.0451,
        0.2302,
        -0.0076,
        0.0109,
        0.1764,
        0.3118,
