{
  "_meta": {
    "generated": "2026-06-05T12:07:25",
    "portfolio_generated": "2026-06-05T12:04:12.734097",
    "n_assets": 16,
    "n_with_returns": 9,
    "covariance_method": "hybrid_shrunk",
    "condition_number": 92.72,
    "pca_factors": 3
  },
  "profiles": {
    "Agressif": {
      "n_assets": 9,
      "weighted_avg_correlation": 0.2554,
      "most_correlated": [
        {
          "t1": "VWCE.DE",
          "t2": "HEROMOTOCO",
          "corr": 0.4691,
          "w1": 50.0,
          "w2": 5.0,
          "combined_weight": 55.0
        },
        {
          "t1": "IWDA.AS",
          "t2": "HEROMOTOCO",
          "corr": 0.4691,
          "w1": 15.0,
          "w2": 5.0,
          "combined_weight": 20.0
        },
        {
          "t1": "HEROMOTOCO",
          "t2": "SGLN.AS",
          "corr": 0.4691,
          "w1": 5.0,
          "w2": 5.0,
          "combined_weight": 10.0
        },
        {
          "t1": "HEROMOTOCO",
          "t2": "LUPIN",
          "corr": 0.4057,
          "w1": 5.0,
          "w2": 5.0,
          "combined_weight": 10.0
        },
        {
          "t1": "HEROMOTOCO",
          "t2": "EXPD",
          "corr": 0.3842,
          "w1": 5.0,
          "w2": 5.0,
          "combined_weight": 10.0
        },
        {
          "t1": "HEROMOTOCO",
          "t2": "LOGN",
          "corr": 0.3599,
          "w1": 5.0,
          "w2": 5.0,
          "combined_weight": 10.0
        },
        {
          "t1": "VWCE.DE",
          "t2": "IWDA.AS",
          "corr": 0.3142,
          "w1": 50.0,
          "w2": 15.0,
          "combined_weight": 65.0
        },
        {
          "t1": "VWCE.DE",
          "t2": "SGLN.AS",
          "corr": 0.3142,
          "w1": 50.0,
          "w2": 5.0,
          "combined_weight": 55.0
        },
        {
          "t1": "IWDA.AS",
          "t2": "SGLN.AS",
          "corr": 0.3142,
          "w1": 15.0,
          "w2": 5.0,
          "combined_weight": 20.0
        },
        {
          "t1": "VWCE.DE",
          "t2": "LUPIN",
          "corr": 0.274,
          "w1": 50.0,
          "w2": 5.0,
          "combined_weight": 55.0
        }
      ],
      "least_correlated": [
        {
          "t1": "LUPIN",
          "t2": "IBGS.AS",
          "corr": 0.0607,
          "w1": 5.0,
          "w2": 5.0,
          "combined_weight": 10.0
        },
        {
          "t1": "EXPD",
          "t2": "IBGS.AS",
          "corr": 0.0593,
          "w1": 5.0,
          "w2": 5.0,
          "combined_weight": 10.0
        },
        {
          "t1": "LOGN",
          "t2": "IBGS.AS",
          "corr": 0.0532,
          "w1": 5.0,
          "w2": 5.0,
          "combined_weight": 10.0
        },
        {
          "t1": "CF",
          "t2": "LUPIN",
          "corr": 0.0436,
          "w1": 5.0,
          "w2": 5.0,
          "combined_weight": 10.0
        },
        {
          "t1": "CF",
          "t2": "IBGS.AS",
          "corr": 0.0313,
          "w1": 5.0,
          "w2": 5.0,
          "combined_weight": 10.0
        }
      ],
      "high_corr_high_weight": []
    },
    "Mod\u00e9r\u00e9": {
      "n_assets": 9,
      "weighted_avg_correlation": 0.1522,
      "most_correlated": [
        {
          "t1": "VWCE.DE",
          "t2": "HEROMOTOCO",
          "corr": 0.4691,
          "w1": 50.0,
          "w2": 5.0,
          "combined_weight": 55.0
        },
        {
          "t1": "HEROMOTOCO",
          "t2": "SGLN.AS",
          "corr": 0.4691,
          "w1": 5.0,
          "w2": 5.0,
          "combined_weight": 10.0
        },
        {
          "t1": "HEROMOTOCO",
          "t2": "EXPD",
          "corr": 0.3842,
          "w1": 5.0,
          "w2": 5.0,
          "combined_weight": 10.0
        },
        {
          "t1": "HEROMOTOCO",
          "t2": "NOVN",
          "corr": 0.3451,
          "w1": 5.0,
          "w2": 5.0,
          "combined_weight": 10.0
        },
        {
          "t1": "VWCE.DE",
          "t2": "SGLN.AS",
          "corr": 0.3142,
          "w1": 50.0,
          "w2": 5.0,
          "combined_weight": 55.0
        },
        {
          "t1": "VWCE.DE",
          "t2": "EXPD",
          "corr": 0.2711,
          "w1": 50.0,
          "w2": 5.0,
          "combined_weight": 55.0
        },
        {
          "t1": "EXPD",
          "t2": "SGLN.AS",
          "corr": 0.2711,
          "w1": 5.0,
          "w2": 5.0,
          "combined_weight": 10.0
        },
        {
          "t1": "HEROMOTOCO",
          "t2": "CF",
          "corr": 0.2518,
          "w1": 5.0,
          "w2": 5.0,
          "combined_weight": 10.0
        },
        {
          "t1": "VWCE.DE",
          "t2": "NOVN",
          "corr": 0.228,
          "w1": 50.0,
          "w2": 5.0,
          "combined_weight": 55.0
        },
        {
          "t1": "NOVN",
          "t2": "SGLN.AS",
          "corr": 0.228,
          "w1": 5.0,
          "w2": 5.0,
          "combined_weight": 10.0
        }
      ],
      "least_correlated": [
        {
          "t1": "CF",
          "t2": "IBCI.AS",
          "corr": 0.0313,
          "w1": 5.0,
          "w2": 5.0,
          "combined_weight": 10.0
        },
        {
          "t1": "CF",
          "t2": "IBGS.AS",
          "corr": 0.0313,
          "w1": 5.0,
          "w2": 5.0,
          "combined_weight": 10.0
        },
        {
          "t1": "AGGH.AS",
          "t2": "IBCI.AS",
          "corr": 0.0155,
          "w1": 15.0,
          "w2": 5.0,
          "combined_weight": 20.0
        },
        {
          "t1": "AGGH.AS",
          "t2": "IBGS.AS",
          "corr": 0.0155,
          "w1": 15.0,
          "w2": 5.0,
          "combined_weight": 20.0
        },
        {
          "t1": "IBCI.AS",
          "t2": "IBGS.AS",
          "corr": 0.0155,
          "w1": 5.0,
          "w2": 5.0,
          "combined_weight": 10.0
        }
      ],
      "high_corr_high_weight": []
    },
    "Stable": {
      "n_assets": 9,
      "weighted_avg_correlation": 0.0762,
      "most_correlated": [
        {
          "t1": "BVI",
          "t2": "PUB",
          "corr": 0.5252,
          "w1": 2.5,
          "w2": 2.5,
          "combined_weight": 5.0
        },
        {
          "t1": "VWCE.DE",
          "t2": "SGLN.AS",
          "corr": 0.3142,
          "w1": 20.0,
          "w2": 10.0,
          "combined_weight": 30.0
        },
        {
          "t1": "VWCE.DE",
          "t2": "PUB",
          "corr": 0.2748,
          "w1": 20.0,
          "w2": 2.5,
          "combined_weight": 22.5
        },
        {
          "t1": "SGLN.AS",
          "t2": "PUB",
          "corr": 0.2748,
          "w1": 10.0,
          "w2": 2.5,
          "combined_weight": 12.5
        },
        {
          "t1": "VWCE.DE",
          "t2": "BVI",
          "corr": 0.2723,
          "w1": 20.0,
          "w2": 2.5,
          "combined_weight": 22.5
        },
        {
          "t1": "SGLN.AS",
          "t2": "BVI",
          "corr": 0.2723,
          "w1": 10.0,
          "w2": 2.5,
          "combined_weight": 12.5
        },
        {
          "t1": "VWCE.DE",
          "t2": "ADM",
          "corr": 0.189,
          "w1": 20.0,
          "w2": 2.5,
          "combined_weight": 22.5
        },
        {
          "t1": "SGLN.AS",
          "t2": "ADM",
          "corr": 0.189,
          "w1": 10.0,
          "w2": 2.5,
          "combined_weight": 12.5
        },
        {
          "t1": "VWCE.DE",
          "t2": "NTGY",
          "corr": 0.188,
          "w1": 20.0,
          "w2": 2.5,
          "combined_weight": 22.5
        },
        {
          "t1": "SGLN.AS",
          "t2": "NTGY",
          "corr": 0.188,
          "w1": 10.0,
          "w2": 2.5,
          "combined_weight": 12.5
        }
      ],
      "least_correlated": [
        {
          "t1": "ADM",
          "t2": "BVI",
          "corr": 0.0226,
          "w1": 2.5,
          "w2": 2.5,
          "combined_weight": 5.0
        },
        {
          "t1": "AGGH.AS",
          "t2": "IBCI.AS",
          "corr": 0.0155,
          "w1": 25.0,
          "w2": 20.0,
          "combined_weight": 45.0
        },
        {
          "t1": "AGGH.AS",
          "t2": "IBGS.AS",
          "corr": 0.0155,
          "w1": 25.0,
          "w2": 15.0,
          "combined_weight": 40.0
        },
        {
          "t1": "IBCI.AS",
          "t2": "IBGS.AS",
          "corr": 0.0155,
          "w1": 20.0,
          "w2": 15.0,
          "combined_weight": 35.0
        },
        {
          "t1": "ADM",
          "t2": "PUB",
          "corr": 0.0072,
          "w1": 2.5,
          "w2": 2.5,
          "combined_weight": 5.0
        }
      ],
      "high_corr_high_weight": []
    }
  },
  "all_pairs_top_30": [
    {
      "t1": "BVI",
      "t2": "PUB",
      "corr_hybrid": 0.5252,
      "corr_structured": null,
      "cat1": "Act",
      "cat2": "Act",
      "exp1": null,
      "exp2": null,
      "fam1": null,
      "fam2": null
    },
    {
      "t1": "HEROMOTOCO",
      "t2": "IWDA.AS",
      "corr_hybrid": 0.4691,
      "corr_structured": null,
      "cat1": "Act",
      "cat2": "ETF",
      "exp1": null,
      "exp2": null,
      "fam1": null,
      "fam2": null
    },
    {
      "t1": "HEROMOTOCO",
      "t2": "SGLN.AS",
      "corr_hybrid": 0.4691,
      "corr_structured": null,
      "cat1": "Act",
      "cat2": "ETF",
      "exp1": null,
      "exp2": null,
      "fam1": null,
      "fam2": null
    },
    {
      "t1": "HEROMOTOCO",
      "t2": "VWCE.DE",
      "corr_hybrid": 0.4691,
      "corr_structured": null,
      "cat1": "Act",
      "cat2": "ETF",
      "exp1": null,
      "exp2": null,
      "fam1": null,
      "fam2": null
    },
    {
      "t1": "ADM",
      "t2": "CF",
      "corr_hybrid": 0.4658,
      "corr_structured": null,
      "cat1": "Act",
      "cat2": "Act",
      "exp1": null,
      "exp2": null,
      "fam1": null,
      "fam2": null
    },
    {
      "t1": "HEROMOTOCO",
      "t2": "PUB",
      "corr_hybrid": 0.4251,
      "corr_structured": null,
      "cat1": "Act",
      "cat2": "Act",
      "exp1": null,
      "exp2": null,
      "fam1": null,
      "fam2": null
    },
    {
      "t1": "BVI",
      "t2": "HEROMOTOCO",
      "corr_hybrid": 0.4129,
      "corr_structured": null,
      "cat1": "Act",
      "cat2": "Act",
      "exp1": null,
      "exp2": null,
      "fam1": null,
      "fam2": null
    },
    {
      "t1": "HEROMOTOCO",
      "t2": "LUPIN",
      "corr_hybrid": 0.4057,
      "corr_structured": null,
      "cat1": "Act",
      "cat2": "Act",
      "exp1": null,
      "exp2": null,
      "fam1": null,
      "fam2": null
    },
    {
      "t1": "EXPD",
      "t2": "HEROMOTOCO",
      "corr_hybrid": 0.3842,
      "corr_structured": null,
      "cat1": "Act",
      "cat2": "Act",
      "exp1": null,
      "exp2": null,
      "fam1": null,
      "fam2": null
    },
    {
      "t1": "HEROMOTOCO",
      "t2": "LOGN",
      "corr_hybrid": 0.3599,
      "corr_structured": null,
      "cat1": "Act",
      "cat2": "Act",
      "exp1": null,
      "exp2": null,
      "fam1": null,
      "fam2": null
    },
    {
      "t1": "HEROMOTOCO",
      "t2": "NOVN",
      "corr_hybrid": 0.3451,
      "corr_structured": null,
      "cat1": "Act",
      "cat2": "Act",
      "exp1": null,
      "exp2": null,
      "fam1": null,
      "fam2": null
    },
    {
      "t1": "ADM",
      "t2": "EXPD",
      "corr_hybrid": 0.3235,
      "corr_structured": null,
      "cat1": "Act",
      "cat2": "Act",
      "exp1": null,
      "exp2": null,
      "fam1": null,
      "fam2": null
    },
    {
      "t1": "IWDA.AS",
      "t2": "SGLN.AS",
      "corr_hybrid": 0.3142,
      "corr_structured": null,
      "cat1": "ETF",
      "cat2": "ETF",
      "exp1": null,
      "exp2": null,
      "fam1": null,
      "fam2": null
    },
    {
      "t1": "IWDA.AS",
      "t2": "VWCE.DE",
      "corr_hybrid": 0.3142,
      "corr_structured": null,
      "cat1": "ETF",
      "cat2": "ETF",
      "exp1": null,
      "exp2": null,
      "fam1": null,
      "fam2": null
    },
    {
      "t1": "SGLN.AS",
      "t2": "VWCE.DE",
      "corr_hybrid": 0.3142,
      "corr_structured": null,
      "cat1": "ETF",
      "cat2": "ETF",
      "exp1": null,
      "exp2": null,
      "fam1": null,
      "fam2": null
    },
    {
      "t1": "ADM",
      "t2": "HEROMOTOCO",
      "corr_hybrid": 0.3056,
      "corr_structured": null,
      "cat1": "Act",
      "cat2": "Act",
      "exp1": null,
      "exp2": null,
      "fam1": null,
      "fam2": null
    },
    {
      "t1": "HEROMOTOCO",
      "t2": "NTGY",
      "corr_hybrid": 0.2782,
      "corr_structured": null,
      "cat1": "Act",
      "cat2": "Act",
      "exp1": null,
      "exp2": null,
      "fam1": null,
      "fam2": null
    },
    {
      "t1": "IWDA.AS",
      "t2": "PUB",
      "corr_hybrid": 0.2748,
      "corr_structured": null,
      "cat1": "ETF",
      "cat2": "Act",
      "exp1": null,
      "exp2": null,
      "fam1": null,
      "fam2": null
    },
    {
      "t1": "PUB",
      "t2": "SGLN.AS",
      "corr_hybrid": 0.2748,
      "corr_structured": null,
      "cat1": "Act",
      "cat2": "ETF",
      "exp1": null,
      "exp2": null,
      "fam1": null,
      "fam2": null
    },
    {
      "t1": "PUB",
      "t2": "VWCE.DE",
      "corr_hybrid": 0.2748,
      "corr_structured": null,
      "cat1": "Act",
      "cat2": "ETF",
      "exp1": null,
      "exp2": null,
      "fam1": null,
      "fam2": null
    },
    {
      "t1": "IWDA.AS",
      "t2": "LUPIN",
      "corr_hybrid": 0.274,
      "corr_structured": null,
      "cat1": "ETF",
      "cat2": "Act",
      "exp1": null,
      "exp2": null,
      "fam1": null,
      "fam2": null
    },
    {
      "t1": "LUPIN",
      "t2": "SGLN.AS",
      "corr_hybrid": 0.274,
      "corr_structured": null,
      "cat1": "Act",
      "cat2": "ETF",
      "exp1": null,
      "exp2": null,
      "fam1": null,
      "fam2": null
    },
    {
      "t1": "LUPIN",
      "t2": "VWCE.DE",
      "corr_hybrid": 0.274,
      "corr_structured": null,
      "cat1": "Act",
      "cat2": "ETF",
      "exp1": null,
      "exp2": null,
      "fam1": null,
      "fam2": null
    },
    {
      "t1": "LUPIN",
      "t2": "PUB",
      "corr_hybrid": 0.2737,
      "corr_structured": null,
      "cat1": "Act",
      "cat2": "Act",
      "exp1": null,
      "exp2": null,
      "fam1": null,
      "fam2": null
    },
    {
      "t1": "BVI",
      "t2": "IWDA.AS",
      "corr_hybrid": 0.2723,
      "corr_structured": null,
      "cat1": "Act",
      "cat2": "ETF",
      "exp1": null,
      "exp2": null,
      "fam1": null,
      "fam2": null
    },
    {
      "t1": "BVI",
      "t2": "SGLN.AS",
      "corr_hybrid": 0.2723,
      "corr_structured": null,
      "cat1": "Act",
      "cat2": "ETF",
      "exp1": null,
      "exp2": null,
      "fam1": null,
      "fam2": null
    },
    {
      "t1": "BVI",
      "t2": "VWCE.DE",
      "corr_hybrid": 0.2723,
      "corr_structured": null,
      "cat1": "Act",
      "cat2": "ETF",
      "exp1": null,
      "exp2": null,
      "fam1": null,
      "fam2": null
    },
    {
      "t1": "EXPD",
      "t2": "IWDA.AS",
      "corr_hybrid": 0.2711,
      "corr_structured": null,
      "cat1": "Act",
      "cat2": "ETF",
      "exp1": null,
      "exp2": null,
      "fam1": null,
      "fam2": null
    },
    {
      "t1": "EXPD",
      "t2": "SGLN.AS",
      "corr_hybrid": 0.2711,
      "corr_structured": null,
      "cat1": "Act",
      "cat2": "ETF",
      "exp1": null,
      "exp2": null,
      "fam1": null,
      "fam2": null
    },
    {
      "t1": "EXPD",
      "t2": "VWCE.DE",
      "corr_hybrid": 0.2711,
      "corr_structured": null,
      "cat1": "Act",
      "cat2": "ETF",
      "exp1": null,
      "exp2": null,
      "fam1": null,
      "fam2": null
    }
  ],
  "all_pairs_bottom_10": [
    {
      "t1": "IBGS.AS",
      "t2": "NTGY",
      "corr_hybrid": 0.0416,
      "corr_structured": null,
      "cat1": "Obl",
      "cat2": "Act",
      "exp1": null,
      "exp2": null,
      "fam1": null,
      "fam2": null
    },
    {
      "t1": "BVI",
      "t2": "CF",
      "corr_hybrid": 0.0385,
      "corr_structured": null,
      "cat1": "Act",
      "cat2": "Act",
      "exp1": null,
      "exp2": null,
      "fam1": null,
      "fam2": null
    },
    {
      "t1": "AGGH.AS",
      "t2": "CF",
      "corr_hybrid": 0.0313,
      "corr_structured": null,
      "cat1": "Obl",
      "cat2": "Act",
      "exp1": null,
      "exp2": null,
      "fam1": null,
      "fam2": null
    },
    {
      "t1": "CF",
      "t2": "IBCI.AS",
      "corr_hybrid": 0.0313,
      "corr_structured": null,
      "cat1": "Act",
      "cat2": "Obl",
      "exp1": null,
      "exp2": null,
      "fam1": null,
      "fam2": null
    },
    {
      "t1": "CF",
      "t2": "IBGS.AS",
      "corr_hybrid": 0.0313,
      "corr_structured": null,
      "cat1": "Act",
      "cat2": "Obl",
      "exp1": null,
      "exp2": null,
      "fam1": null,
      "fam2": null
    },
    {
      "t1": "ADM",
      "t2": "BVI",
      "corr_hybrid": 0.0226,
      "corr_structured": null,
      "cat1": "Act",
      "cat2": "Act",
      "exp1": null,
      "exp2": null,
      "fam1": null,
      "fam2": null
    },
    {
      "t1": "AGGH.AS",
      "t2": "IBCI.AS",
      "corr_hybrid": 0.0155,
      "corr_structured": null,
      "cat1": "Obl",
      "cat2": "Obl",
      "exp1": null,
      "exp2": null,
      "fam1": null,
      "fam2": null
    },
    {
      "t1": "AGGH.AS",
      "t2": "IBGS.AS",
      "corr_hybrid": 0.0155,
      "corr_structured": null,
      "cat1": "Obl",
      "cat2": "Obl",
      "exp1": null,
      "exp2": null,
      "fam1": null,
      "fam2": null
    },
    {
      "t1": "IBCI.AS",
      "t2": "IBGS.AS",
      "corr_hybrid": 0.0155,
      "corr_structured": null,
      "cat1": "Obl",
      "cat2": "Obl",
      "exp1": null,
      "exp2": null,
      "fam1": null,
      "fam2": null
    },
    {
      "t1": "ADM",
      "t2": "PUB",
      "corr_hybrid": 0.0072,
      "corr_structured": null,
      "cat1": "Act",
      "cat2": "Act",
      "exp1": null,
      "exp2": null,
      "fam1": null,
      "fam2": null
    }
  ],
  "correlation_matrix": {
    "tickers": [
      "ADM",
      "AGGH.AS",
      "BVI",
      "CF",
      "EXPD",
      "HEROMOTOCO",
      "IBCI.AS",
      "IBGS.AS",
      "IWDA.AS",
      "LOGN",
      "LUPIN",
      "NOVN",
      "NTGY",
      "PUB",
      "SGLN.AS",
      "VWCE.DE"
    ],
    "matrix": [
      [
        1.0,
        0.0435,
        0.0226,
        0.4658,
        0.3235,
        0.3056,
        0.0435,
        0.0435,
        0.189,
        0.1495,
        0.1251,
        0.1269,
        0.1046,
        0.0072,
        0.189,
        0.189
      ],
      [
        0.0435,
        1.0,
        0.0607,
        0.0313,
        0.0593,
        0.1046,
        0.0155,
        0.0155,
        0.0698,
        0.0532,
        0.0607,
        0.0509,
        0.0416,
        0.0617,
        0.0698,
        0.0698
      ],
      [
        0.0226,
        0.0607,
        1.0,
        0.0385,
        -0.0888,
        0.4129,
        0.0607,
        0.0607,
        0.2723,
        0.223,
        0.2664,
        0.2391,
        0.1586,
        0.5252,
        0.2723,
        0.2723
      ],
      [
        0.4658,
        0.0313,
        0.0385,
        1.0,
        0.0706,
        0.2518,
        0.0313,
        0.0313,
        0.1219,
        0.1312,
        0.0436,
        0.1197,
        0.0451,
        0.0964,
        0.1219,
        0.1219
      ],
      [
        0.3235,
        0.0593,
        -0.0888,
        0.0706,
        1.0,
        0.3842,
        0.0593,
        0.0593,
        0.2711,
        0.1744,
        0.2008,
        0.1274,
        0.1731,
        -0.208,
        0.2711,
        0.2711
      ],
      [
        0.3056,
        0.1046,
        0.4129,
        0.2518,
        0.3842,
        1.0,
        0.1046,
        0.1046,
        0.4691,
        0.3599,
        0.4057,
        0.3451,
        0.2782,
        0.4251,
        0.4691,
        0.4691
      ],
      [
        0.0435,
        0.0155,
        0.0607,
        0.0313,
        0.0593,
        0.1046,
        1.0,
        0.0155,
        0.0698,
        0.0532,
        0.0607,
        0.0509,
        0.0416,
        0.0617,
        0.0698,
        0.0698
      ],
      [
        0.0435,
        0.0155,
        0.0607,
        0.0313,
        0.0593,
        0.1046,
        0.0155,
        1.0,
        0.0698,
        0.0532,
        0.0607,
        0.0509,
        0.0416,
        0.0617,
        0.0698,
        0.0698
      ],
      [
        0.189,
        0.0698,
        0.2723,
        0.1219,
        0.2711,
        0.4691,
        0.0698,
        0.0698,
        1.0,
        0.2385,
        0.274,
        0.228,
        0.188,
        0.2748,
        0.3142,
        0.3142
      ],
      [
        0.1495,
        0.0532,
        0.223,
        0.1312,
        0.1744,
        0.3599,
        0.0532,
        0.0532,
        0.2385,
        1.0,
        0.2076,
        0.1783,
        0.1409,
        0.2344,
        0.2385,
        0.2385
      ],
      [
        0.1251,
        0.0607,
        0.2664,
        0.0436,
        0.2008,
        0.4057,
        0.0607,
        0.0607,
        0.274,
        0.2076,
        1.0,
        0.2018,
        0.1651,
        0.2737,
        0.274,
        0.274
      ],
      [
        0.1269,
        0.0509,
        0.2391,
        0.1197,
        0.1274,
        0.3451,
        0.0509,
        0.0509,
        0.228,
        0.1783,
        0.2018,
        1.0,
        0.1341,
        0.2588,
        0.228,
        0.228
      ],
      [
        0.1046,
        0.0416,
        0.1586,
        0.0451,
        0.1731,
        0.2782,
        0.0416,
        0.0416,
        0.188,
        0.1409,
        0.1651,
        0.1341,
        1.0,
        0.156,
        0.188,
        0.188
      ],
      [
        0.0072,
        0.0617,
        0.5252,
        0.0964,
        -0.208,
        0.4251,
        0.0617,
        0.0617,
        0.2748,
        0.2344,
        0.2737,
        0.2588,
        0.156,
        1.0,
        0.2748,
        0.2748
      ],
      [
        0.189,
        0.0698,
        0.2723,
        0.1219,
        0.2711,
        0.4691,
        0.0698,
        0.0698,
        0.3142,
        0.2385,
        0.274,
        0.228,
        0.188,
        0.2748,
        1.0,
        0.3142
      ],
      [
        0.189,
        0.0698,
        0.2723,
        0.1219,
        0.2711,
        0.4691,
        0.0698,
        0.0698,
        0.3142,
        0.2385,
        0.274,
        0.228,
        0.188,
        0.2748,
        0.3142,
        1.0
      ]
    ]
  }
}