{
  "_meta": {
    "generated": "2026-06-19T12:07:14",
    "portfolio_generated": "2026-06-19T12:04:28.464079",
    "n_assets": 16,
    "n_with_returns": 11,
    "covariance_method": "hybrid_shrunk",
    "condition_number": 85.31,
    "pca_factors": 3
  },
  "profiles": {
    "Agressif": {
      "n_assets": 9,
      "weighted_avg_correlation": 0.202,
      "most_correlated": [
        {
          "t1": "VWCE.DE",
          "t2": "RYA",
          "corr": 0.3949,
          "w1": 50.0,
          "w2": 5.0,
          "combined_weight": 55.0
        },
        {
          "t1": "RYA",
          "t2": "SGLN.AS",
          "corr": 0.3949,
          "w1": 5.0,
          "w2": 5.0,
          "combined_weight": 10.0
        },
        {
          "t1": "VWCE.DE",
          "t2": "SGLN.AS",
          "corr": 0.387,
          "w1": 50.0,
          "w2": 5.0,
          "combined_weight": 55.0
        },
        {
          "t1": "IEMG",
          "t2": "RYA",
          "corr": 0.349,
          "w1": 15.0,
          "w2": 5.0,
          "combined_weight": 20.0
        },
        {
          "t1": "VWCE.DE",
          "t2": "IEMG",
          "corr": 0.2653,
          "w1": 50.0,
          "w2": 15.0,
          "combined_weight": 65.0
        },
        {
          "t1": "IEMG",
          "t2": "SGLN.AS",
          "corr": 0.2653,
          "w1": 15.0,
          "w2": 5.0,
          "combined_weight": 20.0
        },
        {
          "t1": "EXPD",
          "t2": "RYA",
          "corr": 0.2647,
          "w1": 5.0,
          "w2": 5.0,
          "combined_weight": 10.0
        },
        {
          "t1": "VWCE.DE",
          "t2": "ITX",
          "corr": 0.2209,
          "w1": 50.0,
          "w2": 5.0,
          "combined_weight": 55.0
        },
        {
          "t1": "ITX",
          "t2": "SGLN.AS",
          "corr": 0.2209,
          "w1": 5.0,
          "w2": 5.0,
          "combined_weight": 10.0
        },
        {
          "t1": "VWCE.DE",
          "t2": "EXPD",
          "corr": 0.2192,
          "w1": 50.0,
          "w2": 5.0,
          "combined_weight": 55.0
        }
      ],
      "least_correlated": [
        {
          "t1": "ITX",
          "t2": "CF",
          "corr": 0.0005,
          "w1": 5.0,
          "w2": 5.0,
          "combined_weight": 10.0
        },
        {
          "t1": "RYA",
          "t2": "CF",
          "corr": -0.0032,
          "w1": 5.0,
          "w2": 5.0,
          "combined_weight": 10.0
        },
        {
          "t1": "EXPD",
          "t2": "ITX",
          "corr": -0.0302,
          "w1": 5.0,
          "w2": 5.0,
          "combined_weight": 10.0
        },
        {
          "t1": "ITX",
          "t2": "RYA",
          "corr": -0.097,
          "w1": 5.0,
          "w2": 5.0,
          "combined_weight": 10.0
        },
        {
          "t1": "IEMG",
          "t2": "CF",
          "corr": -0.2824,
          "w1": 15.0,
          "w2": 5.0,
          "combined_weight": 20.0
        }
      ],
      "high_corr_high_weight": []
    },
    "Mod\u00e9r\u00e9": {
      "n_assets": 9,
      "weighted_avg_correlation": 0.1319,
      "most_correlated": [
        {
          "t1": "VWCE.DE",
          "t2": "SGLN.AS",
          "corr": 0.387,
          "w1": 50.0,
          "w2": 5.0,
          "combined_weight": 55.0
        },
        {
          "t1": "VWCE.DE",
          "t2": "ITX",
          "corr": 0.2209,
          "w1": 50.0,
          "w2": 5.0,
          "combined_weight": 55.0
        },
        {
          "t1": "ITX",
          "t2": "SGLN.AS",
          "corr": 0.2209,
          "w1": 5.0,
          "w2": 5.0,
          "combined_weight": 10.0
        },
        {
          "t1": "VWCE.DE",
          "t2": "EXPD",
          "corr": 0.2192,
          "w1": 50.0,
          "w2": 5.0,
          "combined_weight": 55.0
        },
        {
          "t1": "EXPD",
          "t2": "SGLN.AS",
          "corr": 0.2192,
          "w1": 5.0,
          "w2": 5.0,
          "combined_weight": 10.0
        },
        {
          "t1": "NOVN",
          "t2": "ITX",
          "corr": 0.2171,
          "w1": 5.0,
          "w2": 5.0,
          "combined_weight": 10.0
        },
        {
          "t1": "VWCE.DE",
          "t2": "LOGN",
          "corr": 0.1877,
          "w1": 50.0,
          "w2": 5.0,
          "combined_weight": 55.0
        },
        {
          "t1": "LOGN",
          "t2": "SGLN.AS",
          "corr": 0.1877,
          "w1": 5.0,
          "w2": 5.0,
          "combined_weight": 10.0
        },
        {
          "t1": "VWCE.DE",
          "t2": "NOVN",
          "corr": 0.1552,
          "w1": 50.0,
          "w2": 5.0,
          "combined_weight": 55.0
        },
        {
          "t1": "NOVN",
          "t2": "SGLN.AS",
          "corr": 0.1552,
          "w1": 5.0,
          "w2": 5.0,
          "combined_weight": 10.0
        }
      ],
      "least_correlated": [
        {
          "t1": "NOVN",
          "t2": "IBGS.AS",
          "corr": 0.0346,
          "w1": 5.0,
          "w2": 5.0,
          "combined_weight": 10.0
        },
        {
          "t1": "AGGH.AS",
          "t2": "IBCI.AS",
          "corr": 0.0185,
          "w1": 15.0,
          "w2": 5.0,
          "combined_weight": 20.0
        },
        {
          "t1": "AGGH.AS",
          "t2": "IBGS.AS",
          "corr": 0.0185,
          "w1": 15.0,
          "w2": 5.0,
          "combined_weight": 20.0
        },
        {
          "t1": "IBCI.AS",
          "t2": "IBGS.AS",
          "corr": 0.0185,
          "w1": 5.0,
          "w2": 5.0,
          "combined_weight": 10.0
        },
        {
          "t1": "EXPD",
          "t2": "ITX",
          "corr": -0.0302,
          "w1": 5.0,
          "w2": 5.0,
          "combined_weight": 10.0
        }
      ],
      "high_corr_high_weight": []
    },
    "Stable": {
      "n_assets": 9,
      "weighted_avg_correlation": 0.0832,
      "most_correlated": [
        {
          "t1": "VWCE.DE",
          "t2": "SGLN.AS",
          "corr": 0.387,
          "w1": 20.0,
          "w2": 10.0,
          "combined_weight": 30.0
        },
        {
          "t1": "VWCE.DE",
          "t2": "PUB",
          "corr": 0.2558,
          "w1": 20.0,
          "w2": 2.5,
          "combined_weight": 22.5
        },
        {
          "t1": "SGLN.AS",
          "t2": "PUB",
          "corr": 0.2558,
          "w1": 10.0,
          "w2": 2.5,
          "combined_weight": 12.5
        },
        {
          "t1": "VWCE.DE",
          "t2": "BVI",
          "corr": 0.2546,
          "w1": 20.0,
          "w2": 2.5,
          "combined_weight": 22.5
        },
        {
          "t1": "SGLN.AS",
          "t2": "BVI",
          "corr": 0.2546,
          "w1": 10.0,
          "w2": 2.5,
          "combined_weight": 12.5
        },
        {
          "t1": "BVI",
          "t2": "PUB",
          "corr": 0.1909,
          "w1": 2.5,
          "w2": 2.5,
          "combined_weight": 5.0
        },
        {
          "t1": "VWCE.DE",
          "t2": "ADM",
          "corr": 0.1688,
          "w1": 20.0,
          "w2": 2.5,
          "combined_weight": 22.5
        },
        {
          "t1": "SGLN.AS",
          "t2": "ADM",
          "corr": 0.1688,
          "w1": 10.0,
          "w2": 2.5,
          "combined_weight": 12.5
        },
        {
          "t1": "VWCE.DE",
          "t2": "NTGY",
          "corr": 0.1245,
          "w1": 20.0,
          "w2": 2.5,
          "combined_weight": 22.5
        },
        {
          "t1": "SGLN.AS",
          "t2": "NTGY",
          "corr": 0.1245,
          "w1": 10.0,
          "w2": 2.5,
          "combined_weight": 12.5
        }
      ],
      "least_correlated": [
        {
          "t1": "IBCI.AS",
          "t2": "NTGY",
          "corr": 0.0273,
          "w1": 20.0,
          "w2": 2.5,
          "combined_weight": 22.5
        },
        {
          "t1": "IBGS.AS",
          "t2": "NTGY",
          "corr": 0.0273,
          "w1": 15.0,
          "w2": 2.5,
          "combined_weight": 17.5
        },
        {
          "t1": "AGGH.AS",
          "t2": "IBCI.AS",
          "corr": 0.0185,
          "w1": 25.0,
          "w2": 20.0,
          "combined_weight": 45.0
        },
        {
          "t1": "AGGH.AS",
          "t2": "IBGS.AS",
          "corr": 0.0185,
          "w1": 25.0,
          "w2": 15.0,
          "combined_weight": 40.0
        },
        {
          "t1": "IBCI.AS",
          "t2": "IBGS.AS",
          "corr": 0.0185,
          "w1": 20.0,
          "w2": 15.0,
          "combined_weight": 35.0
        }
      ],
      "high_corr_high_weight": []
    }
  },
  "all_pairs_top_30": [
    {
      "t1": "ADM",
      "t2": "CF",
      "corr_hybrid": 0.4804,
      "corr_structured": null,
      "cat1": "Act",
      "cat2": "Act",
      "exp1": null,
      "exp2": null,
      "fam1": null,
      "fam2": null
    },
    {
      "t1": "RYA",
      "t2": "SGLN.AS",
      "corr_hybrid": 0.3949,
      "corr_structured": null,
      "cat1": "Act",
      "cat2": "ETF",
      "exp1": null,
      "exp2": null,
      "fam1": null,
      "fam2": null
    },
    {
      "t1": "RYA",
      "t2": "VWCE.DE",
      "corr_hybrid": 0.3949,
      "corr_structured": null,
      "cat1": "Act",
      "cat2": "ETF",
      "exp1": null,
      "exp2": null,
      "fam1": null,
      "fam2": null
    },
    {
      "t1": "SGLN.AS",
      "t2": "VWCE.DE",
      "corr_hybrid": 0.387,
      "corr_structured": null,
      "cat1": "ETF",
      "cat2": "ETF",
      "exp1": null,
      "exp2": null,
      "fam1": null,
      "fam2": null
    },
    {
      "t1": "IEMG",
      "t2": "RYA",
      "corr_hybrid": 0.349,
      "corr_structured": null,
      "cat1": "ETF",
      "cat2": "Act",
      "exp1": "emerging_markets",
      "exp2": null,
      "fam1": "em_equity",
      "fam2": null
    },
    {
      "t1": "BVI",
      "t2": "RYA",
      "corr_hybrid": 0.3196,
      "corr_structured": null,
      "cat1": "Act",
      "cat2": "Act",
      "exp1": null,
      "exp2": null,
      "fam1": null,
      "fam2": null
    },
    {
      "t1": "PUB",
      "t2": "RYA",
      "corr_hybrid": 0.3118,
      "corr_structured": null,
      "cat1": "Act",
      "cat2": "Act",
      "exp1": null,
      "exp2": null,
      "fam1": null,
      "fam2": null
    },
    {
      "t1": "CF",
      "t2": "IEMG",
      "corr_hybrid": -0.2824,
      "corr_structured": null,
      "cat1": "Act",
      "cat2": "ETF",
      "exp1": null,
      "exp2": "emerging_markets",
      "fam1": null,
      "fam2": "em_equity"
    },
    {
      "t1": "IEMG",
      "t2": "SGLN.AS",
      "corr_hybrid": 0.2653,
      "corr_structured": null,
      "cat1": "ETF",
      "cat2": "ETF",
      "exp1": "emerging_markets",
      "exp2": null,
      "fam1": "em_equity",
      "fam2": null
    },
    {
      "t1": "IEMG",
      "t2": "VWCE.DE",
      "corr_hybrid": 0.2653,
      "corr_structured": null,
      "cat1": "ETF",
      "cat2": "ETF",
      "exp1": "emerging_markets",
      "exp2": null,
      "fam1": "em_equity",
      "fam2": null
    },
    {
      "t1": "EXPD",
      "t2": "RYA",
      "corr_hybrid": 0.2647,
      "corr_structured": null,
      "cat1": "Act",
      "cat2": "Act",
      "exp1": null,
      "exp2": null,
      "fam1": null,
      "fam2": null
    },
    {
      "t1": "PUB",
      "t2": "SGLN.AS",
      "corr_hybrid": 0.2558,
      "corr_structured": null,
      "cat1": "Act",
      "cat2": "ETF",
      "exp1": null,
      "exp2": null,
      "fam1": null,
      "fam2": null
    },
    {
      "t1": "PUB",
      "t2": "VWCE.DE",
      "corr_hybrid": 0.2558,
      "corr_structured": null,
      "cat1": "Act",
      "cat2": "ETF",
      "exp1": null,
      "exp2": null,
      "fam1": null,
      "fam2": null
    },
    {
      "t1": "BVI",
      "t2": "SGLN.AS",
      "corr_hybrid": 0.2546,
      "corr_structured": null,
      "cat1": "Act",
      "cat2": "ETF",
      "exp1": null,
      "exp2": null,
      "fam1": null,
      "fam2": null
    },
    {
      "t1": "BVI",
      "t2": "VWCE.DE",
      "corr_hybrid": 0.2546,
      "corr_structured": null,
      "cat1": "Act",
      "cat2": "ETF",
      "exp1": null,
      "exp2": null,
      "fam1": null,
      "fam2": null
    },
    {
      "t1": "ITX",
      "t2": "SGLN.AS",
      "corr_hybrid": 0.2209,
      "corr_structured": null,
      "cat1": "Act",
      "cat2": "ETF",
      "exp1": null,
      "exp2": null,
      "fam1": null,
      "fam2": null
    },
    {
      "t1": "ITX",
      "t2": "VWCE.DE",
      "corr_hybrid": 0.2209,
      "corr_structured": null,
      "cat1": "Act",
      "cat2": "ETF",
      "exp1": null,
      "exp2": null,
      "fam1": null,
      "fam2": null
    },
    {
      "t1": "EXPD",
      "t2": "SGLN.AS",
      "corr_hybrid": 0.2192,
      "corr_structured": null,
      "cat1": "Act",
      "cat2": "ETF",
      "exp1": null,
      "exp2": null,
      "fam1": null,
      "fam2": null
    },
    {
      "t1": "EXPD",
      "t2": "VWCE.DE",
      "corr_hybrid": 0.2192,
      "corr_structured": null,
      "cat1": "Act",
      "cat2": "ETF",
      "exp1": null,
      "exp2": null,
      "fam1": null,
      "fam2": null
    },
    {
      "t1": "ITX",
      "t2": "NOVN",
      "corr_hybrid": 0.2171,
      "corr_structured": null,
      "cat1": "Act",
      "cat2": "Act",
      "exp1": null,
      "exp2": null,
      "fam1": null,
      "fam2": null
    },
    {
      "t1": "BVI",
      "t2": "PUB",
      "corr_hybrid": 0.1909,
      "corr_structured": null,
      "cat1": "Act",
      "cat2": "Act",
      "exp1": null,
      "exp2": null,
      "fam1": null,
      "fam2": null
    },
    {
      "t1": "CF",
      "t2": "EXPD",
      "corr_hybrid": 0.1909,
      "corr_structured": null,
      "cat1": "Act",
      "cat2": "Act",
      "exp1": null,
      "exp2": null,
      "fam1": null,
      "fam2": null
    },
    {
      "t1": "BVI",
      "t2": "IEMG",
      "corr_hybrid": 0.1901,
      "corr_structured": null,
      "cat1": "Act",
      "cat2": "ETF",
      "exp1": null,
      "exp2": "emerging_markets",
      "fam1": null,
      "fam2": "em_equity"
    },
    {
      "t1": "LOGN",
      "t2": "SGLN.AS",
      "corr_hybrid": 0.1877,
      "corr_structured": null,
      "cat1": "Act",
      "cat2": "ETF",
      "exp1": null,
      "exp2": null,
      "fam1": null,
      "fam2": null
    },
    {
      "t1": "LOGN",
      "t2": "VWCE.DE",
      "corr_hybrid": 0.1877,
      "corr_structured": null,
      "cat1": "Act",
      "cat2": "ETF",
      "exp1": null,
      "exp2": null,
      "fam1": null,
      "fam2": null
    },
    {
      "t1": "IEMG",
      "t2": "PUB",
      "corr_hybrid": 0.1809,
      "corr_structured": null,
      "cat1": "ETF",
      "cat2": "Act",
      "exp1": "emerging_markets",
      "exp2": null,
      "fam1": "em_equity",
      "fam2": null
    },
    {
      "t1": "ADM",
      "t2": "ITX",
      "corr_hybrid": 0.1799,
      "corr_structured": null,
      "cat1": "Act",
      "cat2": "Act",
      "exp1": null,
      "exp2": null,
      "fam1": null,
      "fam2": null
    },
    {
      "t1": "EXPD",
      "t2": "PUB",
      "corr_hybrid": 0.1691,
      "corr_structured": null,
      "cat1": "Act",
      "cat2": "Act",
      "exp1": null,
      "exp2": null,
      "fam1": null,
      "fam2": null
    },
    {
      "t1": "ADM",
      "t2": "SGLN.AS",
      "corr_hybrid": 0.1688,
      "corr_structured": null,
      "cat1": "Act",
      "cat2": "ETF",
      "exp1": null,
      "exp2": null,
      "fam1": null,
      "fam2": null
    },
    {
      "t1": "ADM",
      "t2": "VWCE.DE",
      "corr_hybrid": 0.1688,
      "corr_structured": null,
      "cat1": "Act",
      "cat2": "ETF",
      "exp1": null,
      "exp2": null,
      "fam1": null,
      "fam2": null
    }
  ],
  "all_pairs_bottom_10": [
    {
      "t1": "AGGH.AS",
      "t2": "NTGY",
      "corr_hybrid": 0.0273,
      "corr_structured": null,
      "cat1": "Obl",
      "cat2": "Act",
      "exp1": null,
      "exp2": null,
      "fam1": null,
      "fam2": null
    },
    {
      "t1": "IBCI.AS",
      "t2": "NTGY",
      "corr_hybrid": 0.0273,
      "corr_structured": null,
      "cat1": "Obl",
      "cat2": "Act",
      "exp1": null,
      "exp2": null,
      "fam1": null,
      "fam2": null
    },
    {
      "t1": "IBGS.AS",
      "t2": "NTGY",
      "corr_hybrid": 0.0273,
      "corr_structured": null,
      "cat1": "Obl",
      "cat2": "Act",
      "exp1": null,
      "exp2": null,
      "fam1": null,
      "fam2": null
    },
    {
      "t1": "AGGH.AS",
      "t2": "IBCI.AS",
      "corr_hybrid": 0.0185,
      "corr_structured": null,
      "cat1": "Obl",
      "cat2": "Obl",
      "exp1": null,
      "exp2": null,
      "fam1": null,
      "fam2": null
    },
    {
      "t1": "AGGH.AS",
      "t2": "IBGS.AS",
      "corr_hybrid": 0.0185,
      "corr_structured": null,
      "cat1": "Obl",
      "cat2": "Obl",
      "exp1": null,
      "exp2": null,
      "fam1": null,
      "fam2": null
    },
    {
      "t1": "IBCI.AS",
      "t2": "IBGS.AS",
      "corr_hybrid": 0.0185,
      "corr_structured": null,
      "cat1": "Obl",
      "cat2": "Obl",
      "exp1": null,
      "exp2": null,
      "fam1": null,
      "fam2": null
    },
    {
      "t1": "ITX",
      "t2": "PUB",
      "corr_hybrid": 0.0145,
      "corr_structured": null,
      "cat1": "Act",
      "cat2": "Act",
      "exp1": null,
      "exp2": null,
      "fam1": null,
      "fam2": null
    },
    {
      "t1": "CF",
      "t2": "RYA",
      "corr_hybrid": -0.0032,
      "corr_structured": null,
      "cat1": "Act",
      "cat2": "Act",
      "exp1": null,
      "exp2": null,
      "fam1": null,
      "fam2": null
    },
    {
      "t1": "BVI",
      "t2": "ITX",
      "corr_hybrid": 0.0011,
      "corr_structured": null,
      "cat1": "Act",
      "cat2": "Act",
      "exp1": null,
      "exp2": null,
      "fam1": null,
      "fam2": null
    },
    {
      "t1": "CF",
      "t2": "ITX",
      "corr_hybrid": 0.0005,
      "corr_structured": null,
      "cat1": "Act",
      "cat2": "Act",
      "exp1": null,
      "exp2": null,
      "fam1": null,
      "fam2": null
    }
  ],
  "correlation_matrix": {
    "tickers": [
      "ADM",
      "AGGH.AS",
      "BVI",
      "CF",
      "EXPD",
      "IBCI.AS",
      "IBGS.AS",
      "IEMG",
      "ITX",
      "LOGN",
      "NOVN",
      "NTGY",
      "PUB",
      "RYA",
      "SGLN.AS",
      "VWCE.DE"
    ],
    "matrix": [
      [
        1.0,
        0.0395,
        0.0849,
        0.4804,
        0.1303,
        0.0395,
        0.0395,
        -0.0648,
        0.1799,
        0.1345,
        0.1178,
        0.0571,
        0.0977,
        0.0635,
        0.1688,
        0.1688
      ],
      [
        0.0395,
        1.0,
        0.0552,
        0.0329,
        0.0482,
        0.0185,
        0.0185,
        0.0558,
        0.05,
        0.0417,
        0.0346,
        0.0273,
        0.0557,
        0.0848,
        0.0846,
        0.0846
      ],
      [
        0.0849,
        0.0552,
        1.0,
        0.0716,
        0.1681,
        0.0552,
        0.0552,
        0.1901,
        0.0011,
        0.1172,
        0.0779,
        0.0741,
        0.1909,
        0.3196,
        0.2546,
        0.2546
      ],
      [
        0.4804,
        0.0329,
        0.0716,
        1.0,
        0.1909,
        0.0329,
        0.0329,
        -0.2824,
        0.0005,
        0.1666,
        0.1186,
        0.0334,
        0.0941,
        -0.0032,
        0.1275,
        0.1275
      ],
      [
        0.1303,
        0.0482,
        0.1681,
        0.1909,
        1.0,
        0.0482,
        0.0482,
        0.1129,
        -0.0302,
        0.115,
        0.0733,
        0.0616,
        0.1691,
        0.2647,
        0.2192,
        0.2192
      ],
      [
        0.0395,
        0.0185,
        0.0552,
        0.0329,
        0.0482,
        1.0,
        0.0185,
        0.0558,
        0.05,
        0.0417,
        0.0346,
        0.0273,
        0.0557,
        0.0848,
        0.0846,
        0.0846
      ],
      [
        0.0395,
        0.0185,
        0.0552,
        0.0329,
        0.0482,
        0.0185,
        1.0,
        0.0558,
        0.05,
        0.0417,
        0.0346,
        0.0273,
        0.0557,
        0.0848,
        0.0846,
        0.0846
      ],
      [
        -0.0648,
        0.0558,
        0.1901,
        -0.2824,
        0.1129,
        0.0558,
        0.0558,
        1.0,
        0.1199,
        0.0842,
        0.0694,
        0.0851,
        0.1809,
        0.349,
        0.2653,
        0.2653
      ],
      [
        0.1799,
        0.05,
        0.0011,
        0.0005,
        -0.0302,
        0.05,
        0.05,
        0.1199,
        1.0,
        0.127,
        0.2171,
        0.117,
        0.0145,
        -0.097,
        0.2209,
        0.2209
      ],
      [
        0.1345,
        0.0417,
        0.1172,
        0.1666,
        0.115,
        0.0417,
        0.0417,
        0.0842,
        0.127,
        1.0,
        0.0875,
        0.061,
        0.1208,
        0.165,
        0.1877,
        0.1877
      ],
      [
        0.1178,
        0.0346,
        0.0779,
        0.1186,
        0.0733,
        0.0346,
        0.0346,
        0.0694,
        0.2171,
        0.0875,
        1.0,
        0.0566,
        0.0823,
        0.0951,
        0.1552,
        0.1552
      ],
      [
        0.0571,
        0.0273,
        0.0741,
        0.0334,
        0.0616,
        0.0273,
        0.0273,
        0.0851,
        0.117,
        0.061,
        0.0566,
        1.0,
        0.0751,
        0.11,
        0.1245,
        0.1245
      ],
      [
        0.0977,
        0.0557,
        0.1909,
        0.0941,
        0.1691,
        0.0557,
        0.0557,
        0.1809,
        0.0145,
        0.1208,
        0.0823,
        0.0751,
        1.0,
        0.3118,
        0.2558,
        0.2558
      ],
      [
        0.0635,
        0.0848,
        0.3196,
        -0.0032,
        0.2647,
        0.0848,
        0.0848,
        0.349,
        -0.097,
        0.165,
        0.0951,
        0.11,
        0.3118,
        1.0,
        0.3949,
        0.3949
      ],
      [
        0.1688,
        0.0846,
        0.2546,
        0.1275,
        0.2192,
        0.0846,
        0.0846,
        0.2653,
        0.2209,
        0.1877,
        0.1552,
        0.1245,
        0.2558,
        0.3949,
        1.0,
        0.387
      ],
      [
        0.1688,
        0.0846,
        0.2546,
        0.1275,
        0.2192,
        0.0846,
        0.0846,
        0.2653,
        0.2209,
        0.1877,
        0.1552,
        0.1245,
        0.2558,
        0.3949,
        0.387,
        1.0
      ]
    ]
  }
}