{
  "_meta": {
    "generated": "2026-06-01T13:03:27",
    "portfolio_generated": "2026-06-01T12:58:57.546636",
    "n_assets": 46,
    "n_with_returns": 35,
    "covariance_method": "hybrid_shrunk",
    "condition_number": 393.58,
    "pca_factors": 7
  },
  "profiles": {
    "Agressif": {
      "n_assets": 18,
      "weighted_avg_correlation": 0.2779,
      "most_correlated": [
        {
          "t1": "CDE",
          "t2": "GLD",
          "corr": 0.7256,
          "w1": 4.8,
          "w2": 7.3,
          "combined_weight": 12.1
        },
        {
          "t1": "FLKR",
          "t2": "XCEM",
          "corr": 0.7,
          "w1": 5.1,
          "w2": 7.2,
          "combined_weight": 12.3
        },
        {
          "t1": "SOXX",
          "t2": "FIX",
          "corr": 0.6952,
          "w1": 4.8,
          "w2": 4.8,
          "combined_weight": 9.6
        },
        {
          "t1": "XLK",
          "t2": "SOXX",
          "corr": 0.6929,
          "w1": 5.9,
          "w2": 4.8,
          "combined_weight": 10.8
        },
        {
          "t1": "XCEM",
          "t2": "SOXX",
          "corr": 0.6902,
          "w1": 7.2,
          "w2": 4.8,
          "combined_weight": 12.1
        },
        {
          "t1": "FLKR",
          "t2": "SOXX",
          "corr": 0.6724,
          "w1": 5.1,
          "w2": 4.8,
          "combined_weight": 9.9
        },
        {
          "t1": "XLK",
          "t2": "XCEM",
          "corr": 0.6584,
          "w1": 5.9,
          "w2": 7.2,
          "combined_weight": 13.2
        },
        {
          "t1": "XCEM",
          "t2": "PICK",
          "corr": 0.6507,
          "w1": 7.2,
          "w2": 7.2,
          "combined_weight": 14.5
        },
        {
          "t1": "PICK",
          "t2": "CDE",
          "corr": 0.6464,
          "w1": 7.2,
          "w2": 4.8,
          "combined_weight": 12.1
        },
        {
          "t1": "XLK",
          "t2": "FLKR",
          "corr": 0.6403,
          "w1": 5.9,
          "w2": 5.1,
          "combined_weight": 11.0
        }
      ],
      "least_correlated": [
        {
          "t1": "FLTR",
          "t2": "CDE",
          "corr": 0.0243,
          "w1": 5.2,
          "w2": 4.8,
          "combined_weight": 10.0
        },
        {
          "t1": "PAAA",
          "t2": "CDE",
          "corr": 0.0243,
          "w1": 5.2,
          "w2": 4.8,
          "combined_weight": 10.0
        },
        {
          "t1": "FLTR",
          "t2": "PAAA",
          "corr": 0.0185,
          "w1": 5.2,
          "w2": 5.2,
          "combined_weight": 10.4
        },
        {
          "t1": "FLTR",
          "t2": "GLD",
          "corr": 0.0177,
          "w1": 5.2,
          "w2": 7.3,
          "combined_weight": 12.5
        },
        {
          "t1": "PAAA",
          "t2": "GLD",
          "corr": 0.0177,
          "w1": 5.2,
          "w2": 7.3,
          "combined_weight": 12.5
        }
      ],
      "high_corr_high_weight": [
        {
          "t1": "CDE",
          "t2": "GLD",
          "corr": 0.7256,
          "w1": 4.8,
          "w2": 7.3,
          "combined_weight": 12.1
        }
      ]
    },
    "Mod\u00e9r\u00e9": {
      "n_assets": 17,
      "weighted_avg_correlation": 0.145,
      "most_correlated": [
        {
          "t1": "CF",
          "t2": "EOG",
          "corr": 0.5343,
          "w1": 4.1,
          "w2": 3.8,
          "combined_weight": 8.0
        },
        {
          "t1": "FNDF",
          "t2": "FNDX",
          "corr": 0.5309,
          "w1": 5.9,
          "w2": 8.5,
          "combined_weight": 14.4
        },
        {
          "t1": "FNDF",
          "t2": "BMED",
          "corr": 0.4961,
          "w1": 5.9,
          "w2": 5.0,
          "combined_weight": 10.9
        },
        {
          "t1": "FNDX",
          "t2": "BMED",
          "corr": 0.4813,
          "w1": 8.5,
          "w2": 5.0,
          "combined_weight": 13.5
        },
        {
          "t1": "FNDF",
          "t2": "DIVB",
          "corr": 0.4678,
          "w1": 5.9,
          "w2": 4.7,
          "combined_weight": 10.6
        },
        {
          "t1": "BMED",
          "t2": "DIVB",
          "corr": 0.4566,
          "w1": 5.0,
          "w2": 4.7,
          "combined_weight": 9.7
        },
        {
          "t1": "FNDX",
          "t2": "DIVB",
          "corr": 0.4383,
          "w1": 8.5,
          "w2": 4.7,
          "combined_weight": 13.3
        },
        {
          "t1": "BMED",
          "t2": "XLV",
          "corr": 0.3925,
          "w1": 5.0,
          "w2": 3.0,
          "combined_weight": 8.0
        },
        {
          "t1": "SCHD",
          "t2": "BMED",
          "corr": 0.3764,
          "w1": 8.5,
          "w2": 5.0,
          "combined_weight": 13.5
        },
        {
          "t1": "FNDF",
          "t2": "XLV",
          "corr": 0.3754,
          "w1": 5.9,
          "w2": 3.0,
          "combined_weight": 8.9
        }
      ],
      "least_correlated": [
        {
          "t1": "DIVB",
          "t2": "CF",
          "corr": -0.1237,
          "w1": 4.7,
          "w2": 4.1,
          "combined_weight": 8.9
        },
        {
          "t1": "BMED",
          "t2": "CF",
          "corr": -0.1631,
          "w1": 5.0,
          "w2": 4.1,
          "combined_weight": 9.1
        },
        {
          "t1": "FNDX",
          "t2": "CF",
          "corr": -0.1633,
          "w1": 8.5,
          "w2": 4.1,
          "combined_weight": 12.7
        },
        {
          "t1": "CF",
          "t2": "XLV",
          "corr": -0.1815,
          "w1": 4.1,
          "w2": 3.0,
          "combined_weight": 7.1
        },
        {
          "t1": "FNDF",
          "t2": "CF",
          "corr": -0.302,
          "w1": 5.9,
          "w2": 4.1,
          "combined_weight": 10.0
        }
      ],
      "high_corr_high_weight": []
    },
    "Stable": {
      "n_assets": 17,
      "weighted_avg_correlation": 0.142,
      "most_correlated": [
        {
          "t1": "IG",
          "t2": "SUNPHARMA",
          "corr": 0.5476,
          "w1": 5.6,
          "w2": 4.5,
          "combined_weight": 10.0
        },
        {
          "t1": "IG",
          "t2": "VICI",
          "corr": 0.4461,
          "w1": 5.6,
          "w2": 5.4,
          "combined_weight": 11.0
        },
        {
          "t1": "PG",
          "t2": "KO",
          "corr": 0.4459,
          "w1": 2.9,
          "w2": 4.4,
          "combined_weight": 7.4
        },
        {
          "t1": "SUNPHARMA",
          "t2": "VICI",
          "corr": 0.4402,
          "w1": 4.5,
          "w2": 5.4,
          "combined_weight": 9.9
        },
        {
          "t1": "SUNPHARMA",
          "t2": "GD",
          "corr": 0.4292,
          "w1": 4.5,
          "w2": 4.6,
          "combined_weight": 9.1
        },
        {
          "t1": "SPLV",
          "t2": "PG",
          "corr": 0.4256,
          "w1": 5.8,
          "w2": 2.9,
          "combined_weight": 8.8
        },
        {
          "t1": "PG",
          "t2": "VICI",
          "corr": 0.4199,
          "w1": 2.9,
          "w2": 5.4,
          "combined_weight": 8.3
        },
        {
          "t1": "IG",
          "t2": "ACWV",
          "corr": 0.4174,
          "w1": 5.6,
          "w2": 5.9,
          "combined_weight": 11.5
        },
        {
          "t1": "IG",
          "t2": "PG",
          "corr": 0.4158,
          "w1": 5.6,
          "w2": 2.9,
          "combined_weight": 8.5
        },
        {
          "t1": "ACWV",
          "t2": "SPYV",
          "corr": 0.4098,
          "w1": 5.9,
          "w2": 5.2,
          "combined_weight": 11.0
        }
      ],
      "least_correlated": [
        {
          "t1": "BSV",
          "t2": "CLTL",
          "corr": 0.0185,
          "w1": 12.6,
          "w2": 12.9,
          "combined_weight": 25.4
        },
        {
          "t1": "VGSH",
          "t2": "STIP",
          "corr": 0.0185,
          "w1": 3.7,
          "w2": 13.0,
          "combined_weight": 16.7
        },
        {
          "t1": "VGSH",
          "t2": "CLTL",
          "corr": 0.0185,
          "w1": 3.7,
          "w2": 12.9,
          "combined_weight": 16.6
        },
        {
          "t1": "STIP",
          "t2": "CLTL",
          "corr": 0.0185,
          "w1": 13.0,
          "w2": 12.9,
          "combined_weight": 25.9
        },
        {
          "t1": "CS",
          "t2": "NOVN",
          "corr": -0.0291,
          "w1": 2.9,
          "w2": 2.9,
          "combined_weight": 5.8
        }
      ],
      "high_corr_high_weight": []
    }
  },
  "all_pairs_top_30": [
    {
      "t1": "CDE",
      "t2": "GLD",
      "corr_hybrid": 0.7256,
      "corr_structured": null,
      "cat1": "Act",
      "cat2": "ETF",
      "exp1": null,
      "exp2": "gold_physical",
      "fam1": null,
      "fam2": "gold"
    },
    {
      "t1": "FLKR",
      "t2": "XCEM",
      "corr_hybrid": 0.7,
      "corr_structured": 0.9,
      "cat1": "ETF",
      "cat2": "ETF",
      "exp1": "south_korea",
      "exp2": "emerging_markets",
      "fam1": "em_equity",
      "fam2": "em_equity"
    },
    {
      "t1": "FIX",
      "t2": "SOXX",
      "corr_hybrid": 0.6952,
      "corr_structured": null,
      "cat1": "Act",
      "cat2": "ETF",
      "exp1": null,
      "exp2": "semiconductor",
      "fam1": null,
      "fam2": "sector_tech"
    },
    {
      "t1": "SOXX",
      "t2": "XLK",
      "corr_hybrid": 0.6929,
      "corr_structured": 0.9,
      "cat1": "ETF",
      "cat2": "ETF",
      "exp1": "semiconductor",
      "exp2": "tech",
      "fam1": "sector_tech",
      "fam2": "sector_tech"
    },
    {
      "t1": "SOXX",
      "t2": "XCEM",
      "corr_hybrid": 0.6902,
      "corr_structured": 0.2,
      "cat1": "ETF",
      "cat2": "ETF",
      "exp1": "semiconductor",
      "exp2": "emerging_markets",
      "fam1": "sector_tech",
      "fam2": "em_equity"
    },
    {
      "t1": "FLKR",
      "t2": "SOXX",
      "corr_hybrid": 0.6724,
      "corr_structured": 0.2,
      "cat1": "ETF",
      "cat2": "ETF",
      "exp1": "south_korea",
      "exp2": "semiconductor",
      "fam1": "em_equity",
      "fam2": "sector_tech"
    },
    {
      "t1": "FNDF",
      "t2": "XCEM",
      "corr_hybrid": 0.6666,
      "corr_structured": 0.62,
      "cat1": "ETF",
      "cat2": "ETF",
      "exp1": "international",
      "exp2": "emerging_markets",
      "fam1": "intl_equity",
      "fam2": "em_equity"
    },
    {
      "t1": "XCEM",
      "t2": "XLK",
      "corr_hybrid": 0.6584,
      "corr_structured": 0.2,
      "cat1": "ETF",
      "cat2": "ETF",
      "exp1": "emerging_markets",
      "exp2": "tech",
      "fam1": "em_equity",
      "fam2": "sector_tech"
    },
    {
      "t1": "PICK",
      "t2": "XCEM",
      "corr_hybrid": 0.6507,
      "corr_structured": 0.2,
      "cat1": "ETF",
      "cat2": "ETF",
      "exp1": "metals_mining",
      "exp2": "emerging_markets",
      "fam1": null,
      "fam2": "em_equity"
    },
    {
      "t1": "CDE",
      "t2": "PICK",
      "corr_hybrid": 0.6464,
      "corr_structured": null,
      "cat1": "Act",
      "cat2": "ETF",
      "exp1": null,
      "exp2": "metals_mining",
      "fam1": null,
      "fam2": null
    },
    {
      "t1": "FLKR",
      "t2": "XLK",
      "corr_hybrid": 0.6403,
      "corr_structured": 0.2,
      "cat1": "ETF",
      "cat2": "ETF",
      "exp1": "south_korea",
      "exp2": "tech",
      "fam1": "em_equity",
      "fam2": "sector_tech"
    },
    {
      "t1": "FIX",
      "t2": "XLK",
      "corr_hybrid": 0.6341,
      "corr_structured": null,
      "cat1": "Act",
      "cat2": "ETF",
      "exp1": null,
      "exp2": "tech",
      "fam1": null,
      "fam2": "sector_tech"
    },
    {
      "t1": "CS",
      "t2": "PICK",
      "corr_hybrid": 0.6228,
      "corr_structured": null,
      "cat1": "Act",
      "cat2": "ETF",
      "exp1": null,
      "exp2": "metals_mining",
      "fam1": null,
      "fam2": null
    },
    {
      "t1": "FSLR",
      "t2": "ICLN",
      "corr_hybrid": 0.6221,
      "corr_structured": null,
      "cat1": "Act",
      "cat2": "ETF",
      "exp1": null,
      "exp2": "clean_energy",
      "fam1": null,
      "fam2": null
    },
    {
      "t1": "FNDF",
      "t2": "PICK",
      "corr_hybrid": 0.6202,
      "corr_structured": 0.2,
      "cat1": "ETF",
      "cat2": "ETF",
      "exp1": "international",
      "exp2": "metals_mining",
      "fam1": "intl_equity",
      "fam2": null
    },
    {
      "t1": "ICLN",
      "t2": "SOXX",
      "corr_hybrid": 0.5979,
      "corr_structured": 0.2,
      "cat1": "ETF",
      "cat2": "ETF",
      "exp1": "clean_energy",
      "exp2": "semiconductor",
      "fam1": null,
      "fam2": "sector_tech"
    },
    {
      "t1": "000660",
      "t2": "2059",
      "corr_hybrid": 0.5934,
      "corr_structured": null,
      "cat1": "Act",
      "cat2": "Act",
      "exp1": null,
      "exp2": null,
      "fam1": null,
      "fam2": null
    },
    {
      "t1": "000660",
      "t2": "BNB/USD",
      "corr_hybrid": 0.5934,
      "corr_structured": null,
      "cat1": "Act",
      "cat2": "Act",
      "exp1": null,
      "exp2": null,
      "fam1": null,
      "fam2": null
    },
    {
      "t1": "000660",
      "t2": "SUNPHARMA",
      "corr_hybrid": 0.5934,
      "corr_structured": null,
      "cat1": "Act",
      "cat2": "Act",
      "exp1": null,
      "exp2": null,
      "fam1": null,
      "fam2": null
    },
    {
      "t1": "2059",
      "t2": "BNB/USD",
      "corr_hybrid": 0.5934,
      "corr_structured": null,
      "cat1": "Act",
      "cat2": "Act",
      "exp1": null,
      "exp2": null,
      "fam1": null,
      "fam2": null
    },
    {
      "t1": "2059",
      "t2": "SUNPHARMA",
      "corr_hybrid": 0.5934,
      "corr_structured": null,
      "cat1": "Act",
      "cat2": "Act",
      "exp1": null,
      "exp2": null,
      "fam1": null,
      "fam2": null
    },
    {
      "t1": "BNB/USD",
      "t2": "SUNPHARMA",
      "corr_hybrid": 0.5934,
      "corr_structured": null,
      "cat1": "Act",
      "cat2": "Act",
      "exp1": null,
      "exp2": null,
      "fam1": null,
      "fam2": null
    },
    {
      "t1": "FLKR",
      "t2": "FNDF",
      "corr_hybrid": 0.5912,
      "corr_structured": 0.62,
      "cat1": "ETF",
      "cat2": "ETF",
      "exp1": "south_korea",
      "exp2": "international",
      "fam1": "em_equity",
      "fam2": "intl_equity"
    },
    {
      "t1": "FLKR",
      "t2": "PICK",
      "corr_hybrid": 0.5806,
      "corr_structured": 0.2,
      "cat1": "ETF",
      "cat2": "ETF",
      "exp1": "south_korea",
      "exp2": "metals_mining",
      "fam1": "em_equity",
      "fam2": null
    },
    {
      "t1": "PICK",
      "t2": "SOXX",
      "corr_hybrid": 0.5801,
      "corr_structured": 0.2,
      "cat1": "ETF",
      "cat2": "ETF",
      "exp1": "metals_mining",
      "exp2": "semiconductor",
      "fam1": null,
      "fam2": "sector_tech"
    },
    {
      "t1": "NVDA",
      "t2": "XLK",
      "corr_hybrid": 0.5775,
      "corr_structured": null,
      "cat1": "Act",
      "cat2": "ETF",
      "exp1": null,
      "exp2": "tech",
      "fam1": null,
      "fam2": "sector_tech"
    },
    {
      "t1": "ICLN",
      "t2": "XCEM",
      "corr_hybrid": 0.5749,
      "corr_structured": 0.2,
      "cat1": "ETF",
      "cat2": "ETF",
      "exp1": "clean_energy",
      "exp2": "emerging_markets",
      "fam1": null,
      "fam2": "em_equity"
    },
    {
      "t1": "FNDF",
      "t2": "SOXX",
      "corr_hybrid": 0.5711,
      "corr_structured": 0.2,
      "cat1": "ETF",
      "cat2": "ETF",
      "exp1": "international",
      "exp2": "semiconductor",
      "fam1": "intl_equity",
      "fam2": "sector_tech"
    },
    {
      "t1": "FIX",
      "t2": "ICLN",
      "corr_hybrid": 0.5698,
      "corr_structured": null,
      "cat1": "Act",
      "cat2": "ETF",
      "exp1": null,
      "exp2": "clean_energy",
      "fam1": null,
      "fam2": null
    },
    {
      "t1": "FIX",
      "t2": "NVDA",
      "corr_hybrid": 0.56,
      "corr_structured": null,
      "cat1": "Act",
      "cat2": "Act",
      "exp1": null,
      "exp2": null,
      "fam1": null,
      "fam2": null
    }
  ],
  "all_pairs_bottom_10": [
    {
      "t1": "EOG",
      "t2": "XLV",
      "corr_hybrid": -0.0055,
      "corr_structured": null,
      "cat1": "Act",
      "cat2": "ETF",
      "exp1": null,
      "exp2": "healthcare",
      "fam1": null,
      "fam2": "sector_healthcare"
    },
    {
      "t1": "CF",
      "t2": "CS",
      "corr_hybrid": -0.0041,
      "corr_structured": null,
      "cat1": "Act",
      "cat2": "Act",
      "exp1": null,
      "exp2": null,
      "fam1": null,
      "fam2": null
    },
    {
      "t1": "CF",
      "t2": "FIX",
      "corr_hybrid": -0.0039,
      "corr_structured": null,
      "cat1": "Act",
      "cat2": "Act",
      "exp1": null,
      "exp2": null,
      "fam1": null,
      "fam2": null
    },
    {
      "t1": "EOG",
      "t2": "FSLR",
      "corr_hybrid": -0.0033,
      "corr_structured": null,
      "cat1": "Act",
      "cat2": "Act",
      "exp1": null,
      "exp2": null,
      "fam1": null,
      "fam2": null
    },
    {
      "t1": "NVDA",
      "t2": "SPLV",
      "corr_hybrid": -0.003,
      "corr_structured": null,
      "cat1": "Act",
      "cat2": "ETF",
      "exp1": null,
      "exp2": "sp500",
      "fam1": null,
      "fam2": "us_equity_large"
    },
    {
      "t1": "PG",
      "t2": "SOXX",
      "corr_hybrid": -0.0027,
      "corr_structured": null,
      "cat1": "Act",
      "cat2": "ETF",
      "exp1": null,
      "exp2": "semiconductor",
      "fam1": null,
      "fam2": "sector_tech"
    },
    {
      "t1": "FLKR",
      "t2": "ITX",
      "corr_hybrid": -0.0019,
      "corr_structured": null,
      "cat1": "ETF",
      "cat2": "Act",
      "exp1": "south_korea",
      "exp2": null,
      "fam1": "em_equity",
      "fam2": null
    },
    {
      "t1": "EOG",
      "t2": "SPYV",
      "corr_hybrid": 0.0018,
      "corr_structured": null,
      "cat1": "Act",
      "cat2": "ETF",
      "exp1": null,
      "exp2": "sp500_value",
      "fam1": null,
      "fam2": "factor_value"
    },
    {
      "t1": "EOG",
      "t2": "FNDX",
      "corr_hybrid": -0.0005,
      "corr_structured": null,
      "cat1": "Act",
      "cat2": "ETF",
      "exp1": null,
      "exp2": "value",
      "fam1": null,
      "fam2": "factor_value"
    },
    {
      "t1": "FLKR",
      "t2": "KO",
      "corr_hybrid": -0.0005,
      "corr_structured": null,
      "cat1": "ETF",
      "cat2": "Act",
      "exp1": "south_korea",
      "exp2": null,
      "fam1": "em_equity",
      "fam2": null
    }
  ],
  "correlation_matrix": {
    "tickers": [
      "000660",
      "2059",
      "ACWV",
      "BMED",
      "BNB/USD",
      "BSV",
      "CDE",
      "CF",
      "CLTL",
      "CS",
      "DIVB",
      "EOG",
      "FIX",
      "FLKR",
      "FLTR",
      "FNDF",
      "FNDX",
      "FSLR",
      "GD",
      "GGG",
      "GLD",
      "ICLN",
      "IG",
      "ITX",
      "KO",
      "NOVN",
      "NVDA",
      "PAAA",
      "PEG",
      "PG",
      "PICK",
      "PLTR",
      "SCHD",
      "SCHN",
      "SOXX",
      "SPLV",
      "SPYV",
      "STIP",
      "SUNPHARMA",
      "TDTT",
      "VGSH",
      "VICI",
      "XBI",
      "XCEM",
      "XLK",
      "XLV"
    ],
    "matrix": [
      [
        1.0,
        0.5934,
        0.3762,
        0.45,
        0.5934,
        0.0912,
        0.1354,
        0.2436,
        0.0912,
        0.1575,
        0.3674,
        0.3352,
        0.1777,
        0.1104,
        0.0912,
        0.2796,
        0.3633,
        0.1697,
        0.4292,
        0.4098,
        0.1107,
        0.1979,
        0.5476,
        0.3118,
        0.3795,
        0.3052,
        0.1903,
        0.0912,
        0.3763,
        0.3541,
        0.1918,
        0.1897,
        0.3726,
        0.3275,
        0.1279,
        0.3522,
        0.3681,
        0.0912,
        0.5934,
        0.0912,
        0.0912,
        0.4402,
        0.1906,
        0.1881,
        0.1796,
        0.294
      ],
      [
        0.5934,
        1.0,
        0.3762,
        0.45,
        0.5934,
        0.0912,
        0.1354,
        0.2436,
        0.0912,
        0.1575,
        0.3674,
        0.3352,
        0.1777,
        0.1104,
        0.0912,
        0.2796,
        0.3633,
        0.1697,
        0.4292,
        0.4098,
        0.1107,
        0.1979,
        0.5476,
        0.3118,
        0.3795,
        0.3052,
        0.1903,
        0.0912,
        0.3763,
        0.3541,
        0.1918,
        0.1897,
        0.3726,
        0.3275,
        0.1279,
        0.3522,
        0.3681,
        0.0912,
        0.5934,
        0.0912,
        0.0912,
        0.4402,
        0.1906,
        0.1881,
        0.1796,
        0.294
      ],
      [
        0.3762,
        0.3762,
        1.0,
        0.4655,
        0.3762,
        0.0829,
        0.2128,
        -0.1657,
        0.0829,
        0.3207,
        0.3978,
        0.0261,
        0.131,
        0.3059,
        0.0829,
        0.4314,
        0.4052,
        0.1461,
        0.2738,
        0.4036,
        0.1708,
        0.2505,
        0.4174,
        0.2481,
        0.3298,
        0.1545,
        0.1781,
        0.0829,
        0.2731,
        0.401,
        0.3566,
        0.0807,
        0.3459,
        0.2106,
        0.2524,
        0.3496,
        0.4098,
        0.0829,
        0.3762,
        0.0829,
        0.0829,
        0.349,
        0.3178,
        0.3944,
        0.2607,
        0.3637
      ],
      [
        0.45,
        0.45,
        0.4655,
        1.0,
        0.45,
        0.0964,
        0.2625,
        -0.1631,
        0.0964,
        0.323,
        0.4566,
        0.046,
        0.2315,
        0.3828,
        0.0964,
        0.4961,
        0.4813,
        0.209,
        0.3415,
        0.4487,
        0.1971,
        0.3372,
        0.4852,
        0.2485,
        0.3266,
        0.1815,
        0.2825,
        0.0964,
        0.3125,
        0.3922,
        0.4142,
        0.2249,
        0.3764,
        0.2542,
        0.3457,
        0.3546,
        0.4811,
        0.0964,
        0.45,
        0.0964,
        0.0964,
        0.3738,
        0.3843,
        0.474,
        0.3802,
        0.3925
      ],
      [
        0.5934,
        0.5934,
        0.3762,
        0.45,
        1.0,
        0.0912,
        0.1354,
        0.2436,
        0.0912,
        0.1575,
        0.3674,
        0.3352,
        0.1777,
        0.1104,
        0.0912,
        0.2796,
        0.3633,
        0.1697,
        0.4292,
        0.4098,
        0.1107,
        0.1979,
        0.5476,
        0.3118,
        0.3795,
        0.3052,
        0.1903,
        0.0912,
        0.3763,
        0.3541,
        0.1918,
        0.1897,
        0.3726,
        0.3275,
        0.1279,
        0.3522,
        0.3681,
        0.0912,
        0.5934,
        0.0912,
        0.0912,
        0.4402,
        0.1906,
        0.1881,
        0.1796,
        0.294
      ],
      [
        0.0912,
        0.0912,
        0.0829,
        0.0964,
        0.0912,
        1.0,
        0.0243,
        -0.0161,
        0.0185,
        0.0434,
        0.0811,
        0.0227,
        0.0469,
        0.0599,
        0.0185,
        0.0813,
        0.0849,
        0.0322,
        0.0659,
        0.0842,
        0.0177,
        0.053,
        0.0963,
        0.0542,
        0.068,
        0.0394,
        0.0508,
        0.0185,
        0.0624,
        0.0732,
        0.058,
        0.03,
        0.0706,
        0.0492,
        0.0558,
        0.0672,
        0.0852,
        0.0185,
        0.0912,
        0.0185,
        0.0185,
        0.0734,
        0.06,
        0.0753,
        0.0609,
        0.0701
      ],
      [
        0.1354,
        0.1354,
        0.2128,
        0.2625,
        0.1354,
        0.0243,
        1.0,
        -0.0867,
        0.0243,
        0.3384,
        0.2402,
        -0.1056,
        0.2806,
        0.3649,
        0.0243,
        0.4206,
        0.292,
        0.1867,
        0.1585,
        0.1615,
        0.7256,
        0.4255,
        0.119,
        0.0213,
        -0.0703,
        0.0651,
        0.2147,
        0.0243,
        0.1981,
        0.1051,
        0.6464,
        0.2476,
        0.1174,
        0.1253,
        0.3917,
        0.0856,
        0.2616,
        0.0243,
        0.1354,
        0.0243,
        0.0243,
        0.1166,
        0.3396,
        0.4437,
        0.38,
        0.1196
      ],
      [
        0.2436,
        0.2436,
        -0.1657,
        -0.1631,
        0.2436,
        -0.0161,
        -0.0867,
        1.0,
        -0.0161,
        -0.0041,
        -0.1237,
        0.5343,
        -0.0039,
        -0.4136,
        -0.0161,
        -0.302,
        -0.1633,
        -0.0266,
        0.1716,
        -0.0784,
        -0.0196,
        -0.1495,
        0.0474,
        0.043,
        0.0186,
        0.1854,
        -0.0995,
        -0.0161,
        0.0991,
        -0.1497,
        -0.2316,
        0.0201,
        0.0113,
        0.1296,
        -0.2903,
        -0.0391,
        -0.1767,
        -0.0161,
        0.2436,
        -0.0161,
        -0.0161,
        0.0645,
        -0.2954,
        -0.4451,
        -0.268,
        -0.1815
      ],
      [
        0.0912,
        0.0912,
        0.0829,
        0.0964,
        0.0912,
        0.0185,
        0.0243,
        -0.0161,
        1.0,
        0.0434,
        0.0811,
        0.0227,
        0.0469,
        0.0599,
        0.0185,
        0.0813,
        0.0849,
        0.0322,
        0.0659,
        0.0842,
        0.0177,
        0.053,
        0.0963,
        0.0542,
        0.068,
        0.0394,
        0.0508,
        0.0185,
        0.0624,
        0.0732,
        0.058,
        0.03,
        0.0706,
        0.0492,
        0.0558,
        0.0672,
        0.0852,
        0.0185,
        0.0912,
        0.0185,
        0.0185,
        0.0734,
        0.06,
        0.0753,
        0.0609,
        0.0701
      ],
      [
        0.1575,
        0.1575,
        0.3207,
        0.323,
        0.1575,
        0.0434,
        0.3384,
        -0.0041,
        0.0434,
        1.0,
        0.3756,
        -0.0432,
        0.2263,
        0.4138,
        0.0434,
        0.5373,
        0.3959,
        0.1145,
        0.1471,
        0.2884,
        0.3426,
        0.3384,
        0.1157,
        0.053,
        0.1227,
        -0.0291,
        0.2113,
        0.0434,
        0.1234,
        0.1814,
        0.6228,
        0.0527,
        0.3067,
        0.0881,
        0.3871,
        0.2193,
        0.3548,
        0.0434,
        0.1575,
        0.0434,
        0.0434,
        0.1206,
        0.348,
        0.465,
        0.3336,
        0.3033
      ],
      [
        0.3674,
        0.3674,
        0.3978,
        0.4566,
        0.3674,
        0.0811,
        0.2402,
        -0.1237,
        0.0811,
        0.3756,
        1.0,
        0.031,
        0.273,
        0.3791,
        0.0811,
        0.4678,
        0.4383,
        0.2271,
        0.2778,
        0.3939,
        0.1898,
        0.3501,
        0.388,
        0.1895,
        0.2627,
        0.1323,
        0.2646,
        0.0811,
        0.2652,
        0.3169,
        0.4116,
        0.144,
        0.3335,
        0.2047,
        0.3584,
        0.2954,
        0.4277,
        0.0811,
        0.3674,
        0.0811,
        0.0811,
        0.2955,
        0.3417,
        0.4521,
        0.3587,
        0.3432
      ],
      [
        0.3352,
        0.3352,
        0.0261,
        0.046,
        0.3352,
        0.0227,
        -0.1056,
        0.5343,
        0.0227,
        -0.0432,
        0.031,
        1.0,
        0.0102,
        -0.2423,
        0.0227,
        -0.1232,
        -0.0005,
        -0.0033,
        0.2274,
        0.09,
        -0.0562,
        -0.0831,
        0.225,
        0.1598,
        0.1724,
        0.2152,
        -0.0271,
        0.0227,
        0.1791,
        0.0599,
        -0.1516,
        0.0219,
        0.1239,
        0.1761,
        -0.1772,
        0.1085,
        0.0018,
        0.0227,
        0.3352,
        0.0227,
        0.0227,
        0.1986,
        -0.1388,
        -0.2352,
        -0.1465,
        -0.0055
      ],
      [
        0.1777,
        0.1777,
        0.131,
        0.2315,
        0.1777,
        0.0469,
        0.2806,
        -0.0039,
        0.0469,
        0.2263,
        0.273,
        0.0102,
        1.0,
        0.5574,
        0.0469,
        0.4314,
        0.3948,
        0.2937,
        0.1542,
        0.2009,
        0.171,
        0.5698,
        0.1464,
        -0.0216,
        -0.1061,
        0.0072,
        0.56,
        0.0469,
        0.1851,
        -0.1285,
        0.43,
        0.2229,
        0.1135,
        0.0786,
        0.6952,
        -0.0483,
        0.3269,
        0.0469,
        0.1777,
        0.0469,
        0.0469,
        -0.0252,
        0.2924,
        0.5422,
        0.6341,
        0.1023
      ],
      [
        0.1104,
        0.1104,
        0.3059,
        0.3828,
        0.1104,
        0.0599,
        0.3649,
        -0.4136,
        0.0599,
        0.4138,
        0.3791,
        -0.2423,
        0.5574,
        1.0,
        0.0599,
        0.5912,
        0.4748,
        0.2802,
        0.1177,
        0.2876,
        0.2505,
        0.5457,
        0.1735,
        -0.0019,
        -0.0005,
        -0.0519,
        0.4638,
        0.0599,
        0.135,
        0.0941,
        0.5806,
        0.2432,
        0.1919,
        0.0613,
        0.6724,
        0.0947,
        0.4343,
        0.0599,
        0.1104,
        0.0599,
        0.0599,
        0.0476,
        0.462,
        0.7,
        0.6403,
        0.2755
      ],
      [
        0.0912,
        0.0912,
        0.0829,
        0.0964,
        0.0912,
        0.0185,
        0.0243,
        -0.0161,
        0.0185,
        0.0434,
        0.0811,
        0.0227,
        0.0469,
        0.0599,
        1.0,
        0.0813,
        0.0849,
        0.0322,
        0.0659,
        0.0842,
        0.0177,
        0.053,
        0.0963,
        0.0542,
        0.068,
        0.0394,
        0.0508,
        0.0185,
        0.0624,
        0.0732,
        0.058,
        0.03,
        0.0706,
        0.0492,
        0.0558,
        0.0672,
        0.0852,
        0.0185,
        0.0912,
        0.0185,
        0.0185,
        0.0734,
        0.06,
        0.0753,
        0.0609,
        0.0701
      ],
      [
        0.2796,
        0.2796,
        0.4314,
        0.4961,
        0.2796,
        0.0813,
        0.4206,
        -0.302,
        0.0813,
        0.5373,
        0.4678,
        -0.1232,
        0.4314,
        0.5912,
        0.0813,
        1.0,
        0.5309,
        0.2148,
        0.2293,
        0.4061,
        0.3187,
        0.4818,
        0.3262,
        0.1481,
        0.1778,
        0.0519,
        0.3881,
        0.0813,
        0.248,
        0.2823,
        0.6202,
        0.1752,
        0.3247,
        0.1565,
        0.5711,
        0.2616,
        0.5022,
        0.0813,
        0.2796,
        0.0813,
        0.0813,
        0.2257,
        0.4735,
        0.6666,
        0.5445,
        0.3754
      ],
      [
        0.3633,
        0.3633,
        0.4052,
        0.4813,
        0.3633,
        0.0849,
        0.292,
        -0.1633,
        0.0849,
        0.3959,
        0.4383,
        -0.0005,
        0.3948,
        0.4748,
        0.0849,
        0.5309,
        1.0,
        0.2549,
        0.2841,
        0.4033,
        0.2182,
        0.431,
        0.3864,
        0.1665,
        0.2182,
        0.1149,
        0.359,
        0.0849,
        0.2711,
        0.2751,
        0.479,
        0.2127,
        0.3285,
        0.2012,
        0.4715,
        0.2658,
        0.4685,
        0.0849,
        0.3633,
        0.0849,
        0.0849,
        0.2667,
        0.396,
        0.5426,
        0.4716,
        0.3473
      ],
      [
        0.1697,
        0.1697,
        0.1461,
        0.209,
        0.1697,
        0.0322,
        0.1867,
        -0.0266,
        0.0322,
        0.1145,
        0.2271,
        -0.0033,
        0.2937,
        0.2802,
        0.0322,
        0.2148,
        0.2549,
        1.0,
        0.145,
        0.2084,
        0.1381,
        0.6221,
        0.1504,
        -0.2133,
        0.0263,
        0.0514,
        0.1068,
        0.0322,
        0.0795,
        0.0606,
        0.247,
        0.1318,
        0.1574,
        0.1356,
        0.3107,
        0.0613,
        0.2371,
        0.0322,
        0.1697,
        0.0322,
        0.0322,
        0.0725,
        0.162,
        0.2939,
        0.2653,
        0.1488
      ],
      [
        0.4292,
        0.4292,
        0.2738,
        0.3415,
        0.4292,
        0.0659,
        0.1585,
        0.1716,
        0.0659,
        0.1471,
        0.2778,
        0.2274,
        0.1542,
        0.1177,
        0.0659,
        0.2293,
        0.2841,
        0.145,
        1.0,
        0.2884,
        0.123,
        0.1824,
        0.3893,
        0.1916,
        0.2338,
        0.2122,
        0.1861,
        0.0659,
        0.2622,
        0.2192,
        0.1866,
        0.2509,
        0.2622,
        0.243,
        0.136,
        0.2306,
        0.2839,
        0.0659,
        0.4292,
        0.0659,
        0.0659,
        0.2987,
        0.1769,
        0.1722,
        0.1957,
        0.2087
      ],
      [
        0.4098,
        0.4098,
        0.4036,
        0.4487,
        0.4098,
        0.0842,
        0.1615,
        -0.0784,
        0.0842,
        0.2884,
        0.3939,
        0.09,
        0.2009,
        0.2876,
        0.0842,
        0.4061,
        0.4033,
        0.2084,
        0.2884,
        1.0,
        0.1324,
        0.28,
        0.4331,
        0.2502,
        0.3399,
        0.1759,
        0.1838,
        0.0842,
        0.2962,
        0.3844,
        0.3193,
        0.0281,
        0.3535,
        0.2238,
        0.2588,
        0.3442,
        0.4028,
        0.0842,
        0.4098,
        0.0842,
        0.0842,
        0.3545,
        0.2777,
        0.3677,
        0.2469,
        0.349
      ],
      [
        0.1107,
        0.1107,
        0.1708,
        0.1971,
        0.1107,
        0.0177,
        0.7256,
        -0.0196,
        0.0177,
        0.3426,
        0.1898,
        -0.0562,
        0.171,
        0.2505,
        0.0177,
        0.3187,
        0.2182,
        0.1381,
        0.123,
        0.1324,
        1.0,
        0.3035,
        0.0866,
        0.0232,
        -0.0263,
        0.0503,
        0.1267,
        0.0177,
        0.1485,
        0.1008,
        0.4954,
        0.146,
        0.1131,
        0.0985,
        0.2635,
        0.0895,
        0.1951,
        0.0177,
        0.1107,
        0.0177,
        0.0177,
        0.1016,
        0.2441,
        0.3124,
        0.2468,
        0.1048
      ],
      [
        0.1979,
        0.1979,
        0.2505,
        0.3372,
        0.1979,
        0.053,
        0.4255,
        -0.1495,
        0.053,
        0.3384,
        0.3501,
        -0.0831,
        0.5698,
        0.5457,
        0.053,
        0.4818,
        0.431,
        0.6221,
        0.1824,
        0.28,
        0.3035,
        1.0,
        0.1959,
        -0.0846,
        -0.0085,
        0.0243,
        0.3806,
        0.053,
        0.1671,
        0.0573,
        0.5253,
        0.2419,
        0.1999,
        0.1302,
        0.5979,
        0.0774,
        0.3876,
        0.053,
        0.1979,
        0.053,
        0.053,
        0.0755,
        0.3619,
        0.5749,
        0.553,
        0.2181
      ],
      [
        0.5476,
        0.5476,
        0.4174,
        0.4852,
        0.5476,
        0.0963,
        0.119,
        0.0474,
        0.0963,
        0.1157,
        0.388,
        0.225,
        0.1464,
        0.1735,
        0.0963,
        0.3262,
        0.3864,
        0.1504,
        0.3893,
        0.4331,
        0.0866,
        0.1959,
        1.0,
        0.3291,
        0.4045,
        0.2757,
        0.1849,
        0.0963,
        0.3623,
        0.4158,
        0.2059,
        0.1432,
        0.374,
        0.3009,
        0.1567,
        0.3791,
        0.399,
        0.0963,
        0.5476,
        0.0963,
        0.0963,
        0.4461,
        0.2372,
        0.2613,
        0.2008,
        0.3388
      ],
      [
        0.3118,
        0.3118,
        0.2481,
        0.2485,
        0.3118,
        0.0542,
        0.0213,
        0.043,
        0.0542,
        0.053,
        0.1895,
        0.1598,
        -0.0216,
        -0.0019,
        0.0542,
        0.1481,
        0.1665,
        -0.2133,
        0.1916,
        0.2502,
        0.0232,
        -0.0846,
        0.3291,
        1.0,
        0.3217,
        0.18,
        0.0124,
        0.0542,
        0.2449,
        0.3326,
        0.0535,
        -0.1381,
        0.2256,
        0.1537,
        -0.0324,
        0.2842,
        0.1827,
        0.0542,
        0.3118,
        0.0542,
        0.0542,
        0.3133,
        0.0712,
        0.0631,
        -0.0356,
        0.1987
      ],
      [
        0.3795,
        0.3795,
        0.3298,
        0.3266,
        0.3795,
        0.068,
        -0.0703,
        0.0186,
        0.068,
        0.1227,
        0.2627,
        0.1724,
        -0.1061,
        -0.0005,
        0.068,
        0.1778,
        0.2182,
        0.0263,
        0.2338,
        0.3399,
        -0.0263,
        -0.0085,
        0.4045,
        0.3217,
        1.0,
        0.2065,
        -0.0578,
        0.068,
        0.258,
        0.4459,
        0.0517,
        -0.1802,
        0.3155,
        0.1996,
        -0.065,
        0.3775,
        0.2446,
        0.068,
        0.3795,
        0.068,
        0.068,
        0.3909,
        0.0879,
        0.0787,
        -0.0753,
        0.2909
      ],
      [
        0.3052,
        0.3052,
        0.1545,
        0.1815,
        0.3052,
        0.0394,
        0.0651,
        0.1854,
        0.0394,
        -0.0291,
        0.1323,
        0.2152,
        0.0072,
        -0.0519,
        0.0394,
        0.0519,
        0.1149,
        0.0514,
        0.2122,
        0.1759,
        0.0503,
        0.0243,
        0.2757,
        0.18,
        0.2065,
        1.0,
        0.0165,
        0.0394,
        0.1961,
        0.1906,
        0.0134,
        0.0419,
        0.1645,
        0.1712,
        -0.0426,
        0.179,
        0.1256,
        0.0394,
        0.3052,
        0.0394,
        0.0394,
        0.2418,
        0.0255,
        -0.0103,
        -0.015,
        0.1091
      ],
      [
        0.1903,
        0.1903,
        0.1781,
        0.2825,
        0.1903,
        0.0508,
        0.2147,
        -0.0995,
        0.0508,
        0.2113,
        0.2646,
        -0.0271,
        0.56,
        0.4638,
        0.0508,
        0.3881,
        0.359,
        0.1068,
        0.1861,
        0.1838,
        0.1267,
        0.3806,
        0.1849,
        0.0124,
        -0.0578,
        0.0165,
        1.0,
        0.0508,
        0.1371,
        -0.0666,
        0.3631,
        0.4405,
        0.1177,
        0.0959,
        0.5342,
        -0.003,
        0.319,
        0.0508,
        0.1903,
        0.0508,
        0.0508,
        0.0216,
        0.3276,
        0.4659,
        0.5775,
        0.1372
      ],
      [
        0.0912,
        0.0912,
        0.0829,
        0.0964,
        0.0912,
        0.0185,
        0.0243,
        -0.0161,
        0.0185,
        0.0434,
        0.0811,
        0.0227,
        0.0469,
        0.0599,
        0.0185,
        0.0813,
        0.0849,
