{
  "_meta": {
    "generated": "2026-05-08T09:10:30",
    "portfolio_generated": "2026-05-08T09:07:03.537327",
    "n_assets": 43,
    "n_with_returns": 30,
    "covariance_method": "hybrid_shrunk",
    "condition_number": 351.53,
    "pca_factors": 6
  },
  "profiles": {
    "Agressif": {
      "n_assets": 16,
      "weighted_avg_correlation": 0.2794,
      "most_correlated": [
        {
          "t1": "REMX",
          "t2": "PICK",
          "corr": 0.7275,
          "w1": 5.7,
          "w2": 4.5,
          "combined_weight": 10.2
        },
        {
          "t1": "FLKR",
          "t2": "XCEM",
          "corr": 0.7024,
          "w1": 4.7,
          "w2": 5.7,
          "combined_weight": 10.3
        },
        {
          "t1": "XCEM",
          "t2": "PICK",
          "corr": 0.6966,
          "w1": 5.7,
          "w2": 4.5,
          "combined_weight": 10.2
        },
        {
          "t1": "SOXX",
          "t2": "XLK",
          "corr": 0.6859,
          "w1": 6.8,
          "w2": 3.3,
          "combined_weight": 10.1
        },
        {
          "t1": "SOXX",
          "t2": "XCEM",
          "corr": 0.6786,
          "w1": 6.8,
          "w2": 5.7,
          "combined_weight": 12.5
        },
        {
          "t1": "XCEM",
          "t2": "XLK",
          "corr": 0.6569,
          "w1": 5.7,
          "w2": 3.3,
          "combined_weight": 9.0
        },
        {
          "t1": "FLKR",
          "t2": "SOXX",
          "corr": 0.6489,
          "w1": 4.7,
          "w2": 6.8,
          "combined_weight": 11.5
        },
        {
          "t1": "URA",
          "t2": "REMX",
          "corr": 0.6436,
          "w1": 7.9,
          "w2": 5.7,
          "combined_weight": 13.6
        },
        {
          "t1": "SOXX",
          "t2": "FIX",
          "corr": 0.6429,
          "w1": 6.8,
          "w2": 9.0,
          "combined_weight": 15.8
        },
        {
          "t1": "URA",
          "t2": "PICK",
          "corr": 0.6381,
          "w1": 7.9,
          "w2": 4.5,
          "combined_weight": 12.5
        }
      ],
      "least_correlated": [
        {
          "t1": "URA",
          "t2": "FLTR",
          "corr": 0.0446,
          "w1": 7.9,
          "w2": 8.0,
          "combined_weight": 16.0
        },
        {
          "t1": "URA",
          "t2": "SGOV",
          "corr": 0.0446,
          "w1": 7.9,
          "w2": 5.4,
          "combined_weight": 13.3
        },
        {
          "t1": "FLTR",
          "t2": "FIX",
          "corr": 0.0252,
          "w1": 8.0,
          "w2": 9.0,
          "combined_weight": 17.0
        },
        {
          "t1": "FIX",
          "t2": "SGOV",
          "corr": 0.0252,
          "w1": 9.0,
          "w2": 5.4,
          "combined_weight": 14.3
        },
        {
          "t1": "FLTR",
          "t2": "SGOV",
          "corr": 0.0226,
          "w1": 8.0,
          "w2": 5.4,
          "combined_weight": 13.4
        }
      ],
      "high_corr_high_weight": [
        {
          "t1": "REMX",
          "t2": "PICK",
          "corr": 0.7275,
          "w1": 5.7,
          "w2": 4.5,
          "combined_weight": 10.2
        },
        {
          "t1": "FLKR",
          "t2": "XCEM",
          "corr": 0.7024,
          "w1": 4.7,
          "w2": 5.7,
          "combined_weight": 10.3
        }
      ]
    },
    "Mod\u00e9r\u00e9": {
      "n_assets": 17,
      "weighted_avg_correlation": 0.1288,
      "most_correlated": [
        {
          "t1": "VSS",
          "t2": "FNDF",
          "corr": 0.6683,
          "w1": 6.0,
          "w2": 6.3,
          "combined_weight": 12.3
        },
        {
          "t1": "VSS",
          "t2": "FDVV",
          "corr": 0.59,
          "w1": 6.0,
          "w2": 5.3,
          "combined_weight": 11.3
        },
        {
          "t1": "FNDF",
          "t2": "FDVV",
          "corr": 0.5726,
          "w1": 6.3,
          "w2": 5.3,
          "combined_weight": 11.6
        },
        {
          "t1": "5274",
          "t2": "VICI",
          "corr": 0.4238,
          "w1": 3.0,
          "w2": 4.0,
          "combined_weight": 7.0
        },
        {
          "t1": "IBE",
          "t2": "5274",
          "corr": 0.4107,
          "w1": 5.0,
          "w2": 3.0,
          "combined_weight": 8.0
        },
        {
          "t1": "FNDF",
          "t2": "XLV",
          "corr": 0.3998,
          "w1": 6.3,
          "w2": 3.0,
          "combined_weight": 9.3
        },
        {
          "t1": "VSS",
          "t2": "XLV",
          "corr": 0.3952,
          "w1": 6.0,
          "w2": 3.0,
          "combined_weight": 9.0
        },
        {
          "t1": "VSS",
          "t2": "GLD",
          "corr": 0.3816,
          "w1": 6.0,
          "w2": 7.0,
          "combined_weight": 13.0
        },
        {
          "t1": "FDVV",
          "t2": "XLV",
          "corr": 0.3802,
          "w1": 5.3,
          "w2": 3.0,
          "combined_weight": 8.3
        },
        {
          "t1": "NOVN",
          "t2": "5274",
          "corr": 0.3691,
          "w1": 6.0,
          "w2": 3.0,
          "combined_weight": 9.0
        }
      ],
      "least_correlated": [
        {
          "t1": "CF",
          "t2": "SCHO",
          "corr": -0.0082,
          "w1": 7.0,
          "w2": 5.3,
          "combined_weight": 12.3
        },
        {
          "t1": "CF",
          "t2": "XLV",
          "corr": -0.2016,
          "w1": 7.0,
          "w2": 3.0,
          "combined_weight": 10.0
        },
        {
          "t1": "CF",
          "t2": "FDVV",
          "corr": -0.2038,
          "w1": 7.0,
          "w2": 5.3,
          "combined_weight": 12.3
        },
        {
          "t1": "CF",
          "t2": "FNDF",
          "corr": -0.2593,
          "w1": 7.0,
          "w2": 6.3,
          "combined_weight": 13.3
        },
        {
          "t1": "VSS",
          "t2": "CF",
          "corr": -0.262,
          "w1": 6.0,
          "w2": 7.0,
          "combined_weight": 13.0
        }
      ],
      "high_corr_high_weight": []
    },
    "Stable": {
      "n_assets": 15,
      "weighted_avg_correlation": 0.1207,
      "most_correlated": [
        {
          "t1": "VICI",
          "t2": "SUNPHARMA",
          "corr": 0.4238,
          "w1": 5.4,
          "w2": 5.5,
          "combined_weight": 10.9
        },
        {
          "t1": "IBE",
          "t2": "SUNPHARMA",
          "corr": 0.4107,
          "w1": 6.6,
          "w2": 5.5,
          "combined_weight": 12.1
        },
        {
          "t1": "ACWV",
          "t2": "SPYV",
          "corr": 0.4106,
          "w1": 5.1,
          "w2": 4.6,
          "combined_weight": 9.6
        },
        {
          "t1": "GD",
          "t2": "SUNPHARMA",
          "corr": 0.3938,
          "w1": 5.4,
          "w2": 5.5,
          "combined_weight": 10.9
        },
        {
          "t1": "SUNPHARMA",
          "t2": "KO",
          "corr": 0.3826,
          "w1": 5.5,
          "w2": 4.4,
          "combined_weight": 9.9
        },
        {
          "t1": "ACWV",
          "t2": "XLV",
          "corr": 0.3682,
          "w1": 5.1,
          "w2": 4.1,
          "combined_weight": 9.2
        },
        {
          "t1": "SPYV",
          "t2": "XLV",
          "corr": 0.3679,
          "w1": 4.6,
          "w2": 4.1,
          "combined_weight": 8.6
        },
        {
          "t1": "VICI",
          "t2": "KO",
          "corr": 0.3651,
          "w1": 5.4,
          "w2": 4.4,
          "combined_weight": 9.8
        },
        {
          "t1": "CS",
          "t2": "GLD",
          "corr": 0.3389,
          "w1": 5.5,
          "w2": 4.1,
          "combined_weight": 9.6
        },
        {
          "t1": "ACWV",
          "t2": "SUNPHARMA",
          "corr": 0.3381,
          "w1": 5.1,
          "w2": 5.5,
          "combined_weight": 10.6
        }
      ],
      "least_correlated": [
        {
          "t1": "VGSH",
          "t2": "STIP",
          "corr": 0.0226,
          "w1": 10.0,
          "w2": 13.0,
          "combined_weight": 23.0
        },
        {
          "t1": "CLTL",
          "t2": "STIP",
          "corr": 0.0226,
          "w1": 8.5,
          "w2": 13.0,
          "combined_weight": 21.5
        },
        {
          "t1": "IBE",
          "t2": "CS",
          "corr": -0.003,
          "w1": 6.6,
          "w2": 5.5,
          "combined_weight": 12.1
        },
        {
          "t1": "IBE",
          "t2": "GLD",
          "corr": -0.0046,
          "w1": 6.6,
          "w2": 4.1,
          "combined_weight": 10.7
        },
        {
          "t1": "KO",
          "t2": "GLD",
          "corr": -0.0087,
          "w1": 4.4,
          "w2": 4.1,
          "combined_weight": 8.5
        }
      ],
      "high_corr_high_weight": []
    }
  },
  "all_pairs_top_30": [
    {
      "t1": "PICK",
      "t2": "REMX",
      "corr_hybrid": 0.7275,
      "corr_structured": 0.2,
      "cat1": "ETF",
      "cat2": "ETF",
      "exp1": "metals_mining",
      "exp2": "rare_earth",
      "fam1": null,
      "fam2": null
    },
    {
      "t1": "PICK",
      "t2": "VSS",
      "corr_hybrid": 0.7097,
      "corr_structured": 0.2,
      "cat1": "ETF",
      "cat2": "ETF",
      "exp1": "metals_mining",
      "exp2": "intl_small_cap",
      "fam1": null,
      "fam2": null
    },
    {
      "t1": "VSS",
      "t2": "XCEM",
      "corr_hybrid": 0.7092,
      "corr_structured": 0.2,
      "cat1": "ETF",
      "cat2": "ETF",
      "exp1": "intl_small_cap",
      "exp2": "emerging_markets",
      "fam1": null,
      "fam2": "em_equity"
    },
    {
      "t1": "FLKR",
      "t2": "XCEM",
      "corr_hybrid": 0.7024,
      "corr_structured": 0.9,
      "cat1": "ETF",
      "cat2": "ETF",
      "exp1": "south_korea",
      "exp2": "emerging_markets",
      "fam1": "em_equity",
      "fam2": "em_equity"
    },
    {
      "t1": "PICK",
      "t2": "XCEM",
      "corr_hybrid": 0.6966,
      "corr_structured": 0.2,
      "cat1": "ETF",
      "cat2": "ETF",
      "exp1": "metals_mining",
      "exp2": "emerging_markets",
      "fam1": null,
      "fam2": "em_equity"
    },
    {
      "t1": "SOXX",
      "t2": "XLK",
      "corr_hybrid": 0.6859,
      "corr_structured": 0.9,
      "cat1": "ETF",
      "cat2": "ETF",
      "exp1": "semiconductor",
      "exp2": "tech",
      "fam1": "sector_tech",
      "fam2": "sector_tech"
    },
    {
      "t1": "SOXX",
      "t2": "XCEM",
      "corr_hybrid": 0.6786,
      "corr_structured": 0.2,
      "cat1": "ETF",
      "cat2": "ETF",
      "exp1": "semiconductor",
      "exp2": "emerging_markets",
      "fam1": "sector_tech",
      "fam2": "em_equity"
    },
    {
      "t1": "FNDF",
      "t2": "XCEM",
      "corr_hybrid": 0.675,
      "corr_structured": 0.62,
      "cat1": "ETF",
      "cat2": "ETF",
      "exp1": "international",
      "exp2": "emerging_markets",
      "fam1": "intl_equity",
      "fam2": "em_equity"
    },
    {
      "t1": "FNDF",
      "t2": "VSS",
      "corr_hybrid": 0.6683,
      "corr_structured": 0.2,
      "cat1": "ETF",
      "cat2": "ETF",
      "exp1": "international",
      "exp2": "intl_small_cap",
      "fam1": "intl_equity",
      "fam2": null
    },
    {
      "t1": "FNDF",
      "t2": "PICK",
      "corr_hybrid": 0.666,
      "corr_structured": 0.2,
      "cat1": "ETF",
      "cat2": "ETF",
      "exp1": "international",
      "exp2": "metals_mining",
      "fam1": "intl_equity",
      "fam2": null
    },
    {
      "t1": "XCEM",
      "t2": "XLK",
      "corr_hybrid": 0.6569,
      "corr_structured": 0.2,
      "cat1": "ETF",
      "cat2": "ETF",
      "exp1": "emerging_markets",
      "exp2": "tech",
      "fam1": "em_equity",
      "fam2": "sector_tech"
    },
    {
      "t1": "FLKR",
      "t2": "SOXX",
      "corr_hybrid": 0.6489,
      "corr_structured": 0.2,
      "cat1": "ETF",
      "cat2": "ETF",
      "exp1": "south_korea",
      "exp2": "semiconductor",
      "fam1": "em_equity",
      "fam2": "sector_tech"
    },
    {
      "t1": "REMX",
      "t2": "URA",
      "corr_hybrid": 0.6436,
      "corr_structured": 0.2,
      "cat1": "ETF",
      "cat2": "ETF",
      "exp1": "rare_earth",
      "exp2": "uranium",
      "fam1": null,
      "fam2": "commodities"
    },
    {
      "t1": "FIX",
      "t2": "SOXX",
      "corr_hybrid": 0.6429,
      "corr_structured": null,
      "cat1": "Act",
      "cat2": "ETF",
      "exp1": null,
      "exp2": "semiconductor",
      "fam1": null,
      "fam2": "sector_tech"
    },
    {
      "t1": "FLKR",
      "t2": "VSS",
      "corr_hybrid": 0.639,
      "corr_structured": 0.2,
      "cat1": "ETF",
      "cat2": "ETF",
      "exp1": "south_korea",
      "exp2": "intl_small_cap",
      "fam1": "em_equity",
      "fam2": null
    },
    {
      "t1": "PICK",
      "t2": "URA",
      "corr_hybrid": 0.6381,
      "corr_structured": 0.2,
      "cat1": "ETF",
      "cat2": "ETF",
      "exp1": "metals_mining",
      "exp2": "uranium",
      "fam1": null,
      "fam2": "commodities"
    },
    {
      "t1": "FIX",
      "t2": "XLK",
      "corr_hybrid": 0.6367,
      "corr_structured": null,
      "cat1": "Act",
      "cat2": "ETF",
      "exp1": null,
      "exp2": "tech",
      "fam1": null,
      "fam2": "sector_tech"
    },
    {
      "t1": "FLKR",
      "t2": "PICK",
      "corr_hybrid": 0.6315,
      "corr_structured": 0.2,
      "cat1": "ETF",
      "cat2": "ETF",
      "exp1": "south_korea",
      "exp2": "metals_mining",
      "fam1": "em_equity",
      "fam2": null
    },
    {
      "t1": "FLKR",
      "t2": "XLK",
      "corr_hybrid": 0.6255,
      "corr_structured": 0.2,
      "cat1": "ETF",
      "cat2": "ETF",
      "exp1": "south_korea",
      "exp2": "tech",
      "fam1": "em_equity",
      "fam2": "sector_tech"
    },
    {
      "t1": "FIX",
      "t2": "NVDA",
      "corr_hybrid": 0.6032,
      "corr_structured": null,
      "cat1": "Act",
      "cat2": "Act",
      "exp1": null,
      "exp2": null,
      "fam1": null,
      "fam2": null
    },
    {
      "t1": "FLKR",
      "t2": "FNDF",
      "corr_hybrid": 0.6027,
      "corr_structured": 0.62,
      "cat1": "ETF",
      "cat2": "ETF",
      "exp1": "south_korea",
      "exp2": "international",
      "fam1": "em_equity",
      "fam2": "intl_equity"
    },
    {
      "t1": "FDVV",
      "t2": "XCEM",
      "corr_hybrid": 0.6023,
      "corr_structured": 0.2,
      "cat1": "ETF",
      "cat2": "ETF",
      "exp1": "dividend",
      "exp2": "emerging_markets",
      "fam1": "factor_dividend",
      "fam2": "em_equity"
    },
    {
      "t1": "SOXX",
      "t2": "URA",
      "corr_hybrid": 0.5953,
      "corr_structured": 0.2,
      "cat1": "ETF",
      "cat2": "ETF",
      "exp1": "semiconductor",
      "exp2": "uranium",
      "fam1": "sector_tech",
      "fam2": "commodities"
    },
    {
      "t1": "SOXX",
      "t2": "VSS",
      "corr_hybrid": 0.5951,
      "corr_structured": 0.2,
      "cat1": "ETF",
      "cat2": "ETF",
      "exp1": "semiconductor",
      "exp2": "intl_small_cap",
      "fam1": "sector_tech",
      "fam2": null
    },
    {
      "t1": "FDVV",
      "t2": "VSS",
      "corr_hybrid": 0.59,
      "corr_structured": 0.2,
      "cat1": "ETF",
      "cat2": "ETF",
      "exp1": "dividend",
      "exp2": "intl_small_cap",
      "fam1": "factor_dividend",
      "fam2": null
    },
    {
      "t1": "REMX",
      "t2": "VSS",
      "corr_hybrid": 0.5882,
      "corr_structured": 0.2,
      "cat1": "ETF",
      "cat2": "ETF",
      "exp1": "rare_earth",
      "exp2": "intl_small_cap",
      "fam1": null,
      "fam2": null
    },
    {
      "t1": "PICK",
      "t2": "SOXX",
      "corr_hybrid": 0.5815,
      "corr_structured": 0.2,
      "cat1": "ETF",
      "cat2": "ETF",
      "exp1": "metals_mining",
      "exp2": "semiconductor",
      "fam1": null,
      "fam2": "sector_tech"
    },
    {
      "t1": "VSS",
      "t2": "XLK",
      "corr_hybrid": 0.5794,
      "corr_structured": 0.2,
      "cat1": "ETF",
      "cat2": "ETF",
      "exp1": "intl_small_cap",
      "exp2": "tech",
      "fam1": null,
      "fam2": "sector_tech"
    },
    {
      "t1": "URA",
      "t2": "XLK",
      "corr_hybrid": 0.5733,
      "corr_structured": 0.2,
      "cat1": "ETF",
      "cat2": "ETF",
      "exp1": "uranium",
      "exp2": "tech",
      "fam1": "commodities",
      "fam2": "sector_tech"
    },
    {
      "t1": "FDVV",
      "t2": "FNDF",
      "corr_hybrid": 0.5726,
      "corr_structured": 0.2,
      "cat1": "ETF",
      "cat2": "ETF",
      "exp1": "dividend",
      "exp2": "international",
      "fam1": "factor_dividend",
      "fam2": "intl_equity"
    }
  ],
  "all_pairs_bottom_10": [
    {
      "t1": "CF",
      "t2": "JAAA",
      "corr_hybrid": -0.0082,
      "corr_structured": null,
      "cat1": "Act",
      "cat2": "Obl",
      "exp1": null,
      "exp2": "bonds_clo_aaa",
      "fam1": null,
      "fam2": "bonds_short"
    },
    {
      "t1": "CF",
      "t2": "SCHO",
      "corr_hybrid": -0.0082,
      "corr_structured": null,
      "cat1": "Act",
      "cat2": "Obl",
      "exp1": null,
      "exp2": "bonds_short_treasury",
      "fam1": null,
      "fam2": "bonds_short"
    },
    {
      "t1": "CF",
      "t2": "SGOV",
      "corr_hybrid": -0.0082,
      "corr_structured": null,
      "cat1": "Act",
      "cat2": "Obl",
      "exp1": null,
      "exp2": "bonds_tbill",
      "fam1": null,
      "fam2": "bonds_short"
    },
    {
      "t1": "CF",
      "t2": "STIP",
      "corr_hybrid": -0.0082,
      "corr_structured": null,
      "cat1": "Act",
      "cat2": "Obl",
      "exp1": null,
      "exp2": "bonds_tips",
      "fam1": null,
      "fam2": "bonds_gov"
    },
    {
      "t1": "CF",
      "t2": "VGSH",
      "corr_hybrid": -0.0082,
      "corr_structured": null,
      "cat1": "Act",
      "cat2": "Obl",
      "exp1": null,
      "exp2": "bonds_short_treasury",
      "fam1": null,
      "fam2": "bonds_short"
    },
    {
      "t1": "CF",
      "t2": "KO",
      "corr_hybrid": 0.0068,
      "corr_structured": null,
      "cat1": "Act",
      "cat2": "Act",
      "exp1": null,
      "exp2": null,
      "fam1": null,
      "fam2": null
    },
    {
      "t1": "GLD",
      "t2": "IBE",
      "corr_hybrid": -0.0046,
      "corr_structured": null,
      "cat1": "ETF",
      "cat2": "Act",
      "exp1": "gold_physical",
      "exp2": null,
      "fam1": "gold",
      "fam2": null
    },
    {
      "t1": "CF",
      "t2": "SCHD",
      "corr_hybrid": 0.0031,
      "corr_structured": null,
      "cat1": "Act",
      "cat2": "ETF",
      "exp1": null,
      "exp2": "dividend",
      "fam1": null,
      "fam2": "factor_dividend"
    },
    {
      "t1": "CS",
      "t2": "IBE",
      "corr_hybrid": -0.003,
      "corr_structured": null,
      "cat1": "Act",
      "cat2": "Act",
      "exp1": null,
      "exp2": null,
      "fam1": null,
      "fam2": null
    },
    {
      "t1": "ML",
      "t2": "REMX",
      "corr_hybrid": 0.0029,
      "corr_structured": null,
      "cat1": "Act",
      "cat2": "ETF",
      "exp1": null,
      "exp2": "rare_earth",
      "fam1": null,
      "fam2": null
    }
  ],
  "correlation_matrix": {
    "tickers": [
      "000660",
      "2059",
      "5274",
      "ACWV",
      "BSV",
      "CF",
      "CLTL",
      "CS",
      "FDVV",
      "FIX",
      "FLKR",
      "FLTR",
      "FNDF",
      "GBIL",
      "GD",
      "GLD",
      "GOOGL",
      "IBE",
      "ITX",
      "JAAA",
      "KO",
      "LI",
      "ML",
      "NOVN",
      "NVDA",
      "PICK",
      "REMX",
      "SCHD",
      "SCHO",
      "SGOV",
      "SOXX",
      "SPLV",
      "SPYV",
      "STIP",
      "SUNPHARMA",
      "URA",
      "VGSH",
      "VICI",
      "VSS",
      "XBI",
      "XCEM",
      "XLK",
      "XLV"
    ],
    "matrix": [
      [
        1.0,
        0.5683,
        0.5683,
        0.3381,
        0.0821,
        0.2557,
        0.0821,
        0.1747,
        0.3316,
        0.2001,
        0.1327,
        0.0821,
        0.2711,
        0.0821,
        0.3938,
        0.0782,
        0.2324,
        0.4107,
        0.2763,
        0.0821,
        0.3826,
        0.2722,
        0.3423,
        0.3691,
        0.2331,
        0.1671,
        0.0764,
        0.3287,
        0.0821,
        0.0821,
        0.1542,
        0.3177,
        0.3353,
        0.0821,
        0.5683,
        0.0474,
        0.0821,
        0.4238,
        0.2586,
        0.1853,
        0.1986,
        0.1956,
        0.269
      ],
      [
        0.5683,
        1.0,
        0.5683,
        0.3381,
        0.0821,
        0.2557,
        0.0821,
        0.1747,
        0.3316,
        0.2001,
        0.1327,
        0.0821,
        0.2711,
        0.0821,
        0.3938,
        0.0782,
        0.2324,
        0.4107,
        0.2763,
        0.0821,
        0.3826,
        0.2722,
        0.3423,
        0.3691,
        0.2331,
        0.1671,
        0.0764,
        0.3287,
        0.0821,
        0.0821,
        0.1542,
        0.3177,
        0.3353,
        0.0821,
        0.5683,
        0.0474,
        0.0821,
        0.4238,
        0.2586,
        0.1853,
        0.1986,
        0.1956,
        0.269
      ],
      [
        0.5683,
        0.5683,
        1.0,
        0.3381,
        0.0821,
        0.2557,
        0.0821,
        0.1747,
        0.3316,
        0.2001,
        0.1327,
        0.0821,
        0.2711,
        0.0821,
        0.3938,
        0.0782,
        0.2324,
        0.4107,
        0.2763,
        0.0821,
        0.3826,
        0.2722,
        0.3423,
        0.3691,
        0.2331,
        0.1671,
        0.0764,
        0.3287,
        0.0821,
        0.0821,
        0.1542,
        0.3177,
        0.3353,
        0.0821,
        0.5683,
        0.0474,
        0.0821,
        0.4238,
        0.2586,
        0.1853,
        0.1986,
        0.1956,
        0.269
      ],
      [
        0.3381,
        0.3381,
        0.3381,
        1.0,
        0.0885,
        -0.1309,
        0.0885,
        0.288,
        0.425,
        0.1004,
        0.3411,
        0.0885,
        0.4459,
        0.0885,
        0.2547,
        0.198,
        0.2914,
        0.2305,
        0.1385,
        0.0885,
        0.304,
        0.2922,
        0.2368,
        0.2268,
        0.1946,
        0.3964,
        0.289,
        0.3488,
        0.0885,
        0.0885,
        0.277,
        0.3323,
        0.4106,
        0.0885,
        0.3381,
        0.1395,
        0.0885,
        0.329,
        0.4449,
        0.3318,
        0.415,
        0.2834,
        0.3682
      ],
      [
        0.0821,
        0.0821,
        0.0821,
        0.0885,
        1.0,
        -0.0082,
        0.0226,
        0.0252,
        0.0954,
        0.0252,
        0.0754,
        0.0226,
        0.0947,
        0.0226,
        0.0676,
        0.0496,
        0.0605,
        0.0605,
        0.0427,
        0.0226,
        0.059,
        0.0694,
        0.0555,
        0.057,
        0.0514,
        0.088,
        0.0798,
        0.0787,
        0.0226,
        0.0226,
        0.0671,
        0.0702,
        0.0933,
        0.0226,
        0.0821,
        0.0446,
        0.0226,
        0.0764,
        0.0984,
        0.0704,
        0.091,
        0.0715,
        0.0768
      ],
      [
        0.2557,
        0.2557,
        0.2557,
        -0.1309,
        -0.0082,
        1.0,
        -0.0082,
        -0.0484,
        -0.2038,
        -0.0724,
        -0.3806,
        -0.0082,
        -0.2593,
        -0.0082,
        0.1969,
        0.0395,
        -0.2363,
        0.1893,
        0.0499,
        -0.0082,
        0.0068,
        0.0973,
        0.0882,
        0.1299,
        -0.0973,
        -0.1842,
        -0.0226,
        0.0031,
        -0.0082,
        -0.0082,
        -0.2748,
        -0.0224,
        -0.1601,
        -0.0082,
        0.2557,
        0.0533,
        -0.0082,
        0.1335,
        -0.262,
        -0.2668,
        -0.3827,
        -0.231,
        -0.2016
      ],
      [
        0.0821,
        0.0821,
        0.0821,
        0.0885,
        0.0226,
        -0.0082,
        1.0,
        0.0252,
        0.0954,
        0.0252,
        0.0754,
        0.0226,
        0.0947,
        0.0226,
        0.0676,
        0.0496,
        0.0605,
        0.0605,
        0.0427,
        0.0226,
        0.059,
        0.0694,
        0.0555,
        0.057,
        0.0514,
        0.088,
        0.0798,
        0.0787,
        0.0226,
        0.0226,
        0.0671,
        0.0702,
        0.0933,
        0.0226,
        0.0821,
        0.0446,
        0.0226,
        0.0764,
        0.0984,
        0.0704,
        0.091,
        0.0715,
        0.0768
      ],
      [
        0.1747,
        0.1747,
        0.1747,
        0.288,
        0.0252,
        -0.0484,
        0.0252,
        1.0,
        0.348,
        0.2831,
        0.3651,
        0.0252,
        0.4905,
        0.0252,
        0.1352,
        0.3389,
        0.2674,
        -0.003,
        -0.0146,
        0.0252,
        0.1503,
        0.2048,
        0.0553,
        0.043,
        0.1688,
        0.5705,
        0.3696,
        0.2434,
        0.0252,
        0.0252,
        0.3021,
        0.1996,
        0.2901,
        0.0252,
        0.1747,
        0.385,
        0.0252,
        0.1454,
        0.4759,
        0.2935,
        0.4253,
        0.2607,
        0.2398
      ],
      [
        0.3316,
        0.3316,
        0.3316,
        0.425,
        0.0954,
        -0.2038,
        0.0954,
        0.348,
        1.0,
        0.3673,
        0.5347,
        0.0954,
        0.5726,
        0.0954,
        0.2722,
        0.2593,
        0.4144,
        0.218,
        0.1225,
        0.0954,
        0.2131,
        0.3441,
        0.211,
        0.21,
        0.3859,
        0.5467,
        0.4076,
        0.3491,
        0.0954,
        0.0954,
        0.5128,
        0.2764,
        0.4987,
        0.0954,
        0.3316,
        0.3654,
        0.0954,
        0.2676,
        0.59,
        0.4292,
        0.6023,
        0.5115,
        0.3802
      ],
      [
        0.2001,
        0.2001,
        0.2001,
        0.1004,
        0.0252,
        -0.0724,
        0.0252,
        0.2831,
        0.3673,
        1.0,
        0.4966,
        0.0252,
        0.3602,
        0.0252,
        0.1649,
        0.0972,
        0.4071,
        0.1161,
        0.0471,
        0.0252,
        -0.096,
        0.1786,
        0.0499,
        0.0855,
        0.6032,
        0.3484,
        0.176,
        0.0605,
        0.0252,
        0.0252,
        0.6429,
        -0.0804,
        0.2926,
        0.0252,
        0.2001,
        0.5482,
        0.0252,
        -0.0461,
        0.389,
        0.2715,
        0.4926,
        0.6367,
        0.0745
      ],
      [
        0.1327,
        0.1327,
        0.1327,
        0.3411,
        0.0754,
        -0.3806,
        0.0754,
        0.3651,
        0.5347,
        0.4966,
        1.0,
        0.0754,
        0.6027,
        0.0754,
        0.1541,
        0.2953,
        0.4403,
        0.0608,
        0.0412,
        0.0754,
        0.0272,
        0.2775,
        0.0746,
        0.0729,
        0.4509,
        0.6315,
        0.4931,
        0.2493,
        0.0754,
        0.0754,
        0.6489,
        0.1414,
        0.4662,
        0.0754,
        0.1327,
        0.5221,
        0.0754,
        0.0856,
        0.639,
        0.4579,
        0.7024,
        0.6255,
        0.3172
      ],
      [
        0.0821,
        0.0821,
        0.0821,
        0.0885,
        0.0226,
        -0.0082,
        0.0226,
        0.0252,
        0.0954,
        0.0252,
        0.0754,
        1.0,
        0.0947,
        0.0226,
        0.0676,
        0.0496,
        0.0605,
        0.0605,
        0.0427,
        0.0226,
        0.059,
        0.0694,
        0.0555,
        0.057,
        0.0514,
        0.088,
        0.0798,
        0.0787,
        0.0226,
        0.0226,
        0.0671,
        0.0702,
        0.0933,
        0.0226,
        0.0821,
        0.0446,
        0.0226,
        0.0764,
        0.0984,
        0.0704,
        0.091,
        0.0715,
        0.0768
      ],
      [
        0.2711,
        0.2711,
        0.2711,
        0.4459,
        0.0947,
        -0.2593,
        0.0947,
        0.4905,
        0.5726,
        0.3602,
        0.6027,
        0.0947,
        1.0,
        0.0947,
        0.2445,
        0.3448,
        0.4269,
        0.1509,
        0.0852,
        0.0947,
        0.1786,
        0.3545,
        0.168,
        0.1609,
        0.3753,
        0.666,
        0.5235,
        0.3624,
        0.0947,
        0.0947,
        0.556,
        0.2794,
        0.5195,
        0.0947,
        0.2711,
        0.4544,
        0.0947,
        0.2406,
        0.6683,
        0.4716,
        0.675,
        0.5407,
        0.3998
      ],
      [
        0.0821,
        0.0821,
        0.0821,
        0.0885,
        0.0226,
        -0.0082,
        0.0226,
        0.0252,
        0.0954,
        0.0252,
        0.0754,
        0.0226,
        0.0947,
        1.0,
        0.0676,
        0.0496,
        0.0605,
        0.0605,
        0.0427,
        0.0226,
        0.059,
        0.0694,
        0.0555,
        0.057,
        0.0514,
        0.088,
        0.0798,
        0.0787,
        0.0226,
        0.0226,
        0.0671,
        0.0702,
        0.0933,
        0.0226,
        0.0821,
        0.0446,
        0.0226,
        0.0764,
        0.0984,
        0.0704,
        0.091,
        0.0715,
        0.0768
      ],
      [
        0.3938,
        0.3938,
        0.3938,
        0.2547,
        0.0676,
        0.1969,
        0.0676,
        0.1352,
        0.2722,
        0.1649,
        0.1541,
        0.0676,
        0.2445,
        0.0676,
        1.0,
        0.1447,
        0.1691,
        0.2696,
        0.2635,
        0.0676,
        0.2319,
        0.1778,
        0.2208,
        0.2563,
        0.1925,
        0.2179,
        0.1955,
        0.2489,
        0.0676,
        0.0676,
        0.1642,
        0.2222,
        0.2633,
        0.0676,
        0.3938,
        0.1429,
        0.0676,
        0.2999,
        0.2531,
        0.1558,
        0.202,
        0.1928,
        0.1946
      ],
      [
        0.0782,
        0.0782,
        0.0782,
        0.198,
        0.0496,
        0.0395,
        0.0496,
        0.3389,
        0.2593,
        0.0972,
        0.2953,
        0.0496,
        0.3448,
        0.0496,
        0.1447,
        1.0,
        0.1196,
        -0.0046,
        0.0991,
        0.0496,
        -0.0087,
        0.1501,
        0.0105,
        0.0307,
        0.1215,
        0.4857,
        0.5304,
        0.1876,
        0.0496,
        0.0496,
        0.254,
        0.1191,
        0.224,
        0.0496,
        0.0782,
        0.4144,
        0.0496,
        0.1056,
        0.3816,
        0.203,
        0.3325,
        0.2417,
        0.1478
      ],
      [
        0.2324,
        0.2324,
        0.2324,
        0.2914,
        0.0605,
        -0.2363,
        0.0605,
        0.2674,
        0.4144,
        0.4071,
        0.4403,
        0.0605,
        0.4269,
        0.0605,
        0.1691,
        0.1196,
        1.0,
        0.1594,
        0.0364,
        0.0605,
        0.1378,
        0.2573,
        0.15,
        0.1419,
        0.3645,
        0.369,
        0.2027,
        0.2217,
        0.0605,
        0.0605,
        0.4518,
        0.1602,
        0.3757,
        0.0605,
        0.2324,
        0.2695,
        0.0605,
        0.1457,
        0.4331,
        0.3381,
        0.4812,
        0.4463,
        0.2722
      ],
      [
        0.4107,
        0.4107,
        0.4107,
        0.2305,
        0.0605,
        0.1893,
        0.0605,
        -0.003,
        0.218,
        0.1161,
        0.0608,
        0.0605,
        0.1509,
        0.0605,
        0.2696,
        -0.0046,
        0.1594,
        1.0,
        0.1206,
        0.0605,
        0.2753,
        0.2538,
        0.2681,
        0.2727,
        0.1637,
        0.0473,
        -0.0142,
        0.23,
        0.0605,
        0.0605,
        0.093,
        0.222,
        0.236,
        0.0605,
        0.4107,
        -0.0183,
        0.0605,
        0.3031,
        0.1369,
        0.1199,
        0.1057,
        0.1287,
        0.1881
      ],
      [
        0.2763,
        0.2763,
        0.2763,
        0.1385,
        0.0427,
        0.0499,
        0.0427,
        -0.0146,
        0.1225,
        0.0471,
        0.0412,
        0.0427,
        0.0852,
        0.0427,
        0.2635,
        0.0991,
        0.0364,
        0.1206,
        1.0,
        0.0427,
        0.2189,
        -0.3501,
        0.1067,
        0.2237,
        0.0625,
        0.0683,
        0.126,
        0.1035,
        0.0427,
        0.0427,
        -0.0169,
        0.1537,
        0.0803,
        0.0427,
        0.2763,
        -0.063,
        0.0427,
        0.2372,
        0.1171,
        0.0153,
        0.0598,
        0.0156,
        0.0947
      ],
      [
        0.0821,
        0.0821,
        0.0821,
        0.0885,
        0.0226,
        -0.0082,
        0.0226,
        0.0252,
        0.0954,
        0.0252,
        0.0754,
        0.0226,
        0.0947,
        0.0226,
        0.0676,
        0.0496,
        0.0605,
        0.0605,
        0.0427,
        1.0,
        0.059,
        0.0694,
        0.0555,
        0.057,
        0.0514,
        0.088,
        0.0798,
        0.0787,
        0.0226,
        0.0226,
        0.0671,
        0.0702,
        0.0933,
        0.0226,
        0.0821,
        0.0446,
        0.0226,
        0.0764,
        0.0984,
        0.0704,
        0.091,
        0.0715,
        0.0768
      ],
      [
        0.3826,
        0.3826,
        0.3826,
        0.304,
        0.059,
        0.0068,
        0.059,
        0.1503,
        0.2131,
        -0.096,
        0.0272,
        0.059,
        0.1786,
        0.059,
        0.2319,
        -0.0087,
        0.1378,
        0.2753,
        0.2189,
        0.059,
        1.0,
        0.13,
        0.2728,
        0.2695,
        0.0106,
        0.0467,
        -0.059,
        0.267,
        0.059,
        0.059,
        -0.04,
        0.3289,
        0.2292,
        0.059,
        0.3826,
        -0.2189,
        0.059,
        0.3651,
        0.1467,
        0.1365,
        0.0895,
        -0.0157,
        0.2744
      ],
      [
        0.2722,
        0.2722,
        0.2722,
        0.2922,
        0.0694,
        0.0973,
        0.0694,
        0.2048,
        0.3441,
        0.1786,
        0.2775,
        0.0694,
        0.3545,
        0.0694,
        0.1778,
        0.1501,
        0.2573,
        0.2538,
        -0.3501,
        0.0694,
        0.13,
        1.0,
        0.2139,
        0.1442,
        0.2369,
        0.3333,
        0.2376,
        0.2945,
        0.0694,
        0.0694,
        0.3213,
        0.2051,
        0.3661,
        0.0694,
        0.2722,
        0.2928,
        0.0694,
        0.2094,
        0.3421,
        0.2834,
        0.3361,
        0.3253,
        0.2536
      ],
      [
        0.3423,
        0.3423,
        0.3423,
        0.2368,
        0.0555,
        0.0882,
        0.0555,
        0.0553,
        0.211,
        0.0499,
        0.0746,
        0.0555,
        0.168,
        0.0555,
        0.2208,
        0.0105,
        0.15,
        0.2681,
        0.1067,
        0.0555,
        0.2728,
        0.2139,
        1.0,
        0.2306,
        0.1121,
        0.0739,
        0.0029,
        0.2224,
        0.0555,
        0.0555,
        0.0723,
        0.2291,
        0.225,
        0.0555,
        0.3423,
        -0.0466,
        0.0555,
        0.2793,
        0.1519,
        0.1328,
        0.121,
        0.0977,
        0.204
      ],
      [
        0.3691,
        0.3691,
        0.3691,
        0.2268,
        0.057,
        0.1299,
        0.057,
        0.043,
        0.21,
        0.0855,
        0.0729,
        0.057,
        0.1609,
        0.057,
        0.2563,
        0.0307,
        0.1419,
        0.2727,
        0.2237,
        0.057,
        0.2695,
        0.1442,
        0.2306,
        1.0,
        0.1316,
        0.0789,
        0.0304,
        0.2145,
        0.057,
        0.057,
        0.075,
        0.2202,
        0.2149,
        0.057,
        0.3691,
        -0.0238,
        0.057,
        0.2893,
        0.1539,
        0.1156,
        0.116,
        0.1054,
        0.1858
      ],
      [
        0.2331,
        0.2331,
        0.2331,
        0.1946,
        0.0514,
        -0.0973,
        0.0514,
        0.1688,
        0.3859,
        0.6032,
        0.4509,
        0.0514,
        0.3753,
        0.0514,
        0.1925,
        0.1215,
        0.3645,
        0.1637,
        0.0625,
        0.0514,
        0.0106,
        0.2369,
        0.1121,
        0.1316,
        1.0,
        0.3502,
        0.2258,
        0.1506,
        0.0514,
        0.0514,
        0.5377,
        0.0425,
        0.3361,
        0.0514,
        0.2331,
        0.4213,
        0.0514,
        0.0683,
        0.4007,
        0.2915,
        0.4692,
        0.5399,
        0.1659
      ],
      [
        0.1671,
        0.1671,
        0.1671,
        0.3964,
        0.088,
        -0.1842,
        0.088,
        0.5705,
        0.5467,
        0.3484,
        0.6315,
        0.088,
        0.666,
        0.088,
        0.2179,
        0.4857,
        0.369,
        0.0473,
        0.0683,
        0.088,
        0.0467,
        0.3333,
        0.0739,
        0.0789,
        0.3502,
        1.0,
        0.7275,
        0.3329,
        0.088,
        0.088,
        0.5815,
        0.2174,
        0.4812,
        0.088,
        0.1671,
        0.6381,
        0.088,
        0.1677,
        0.7097,
        0.4548,
        0.6966,
        0.5553,
        0.3382
      ],
      [
        0.0764,
        0.0764,
        0.0764,
        0.289,
        0.0798,
        -0.0226,
        0.0798,
        0.3696,
        0.4076,
        0.176,
        0.4931,
        0.0798,
        0.5235,
        0.0798,
        0.1955,
        0.5304,
        0.2027,
        -0.0142,
        0.126,
        0.0798,
        -0.059,
        0.2376,
        0.0029,
        0.0304,
        0.2258,
        0.7275,
        1.0,
        0.265,
        0.0798,
        0.0798,
        0.4424,
        0.1494,
        0.3541,
        0.0798,
        0.0764,
        0.6436,
        0.0798,
        0.1218,
        0.5882,
        0.3285,
        0.5422,
        0.4251,
        0.2234
      ],
      [
        0.3287,
        0.3287,
        0.3287,
        0.3488,
        0.0787,
        0.0031,
        0.0787,
        0.2434,
        0.3491,
        0.0605,
        0.2493,
        0.0787,
        0.3624,
        0.0787,
        0.2489,
        0.1876,
        0.2217,
        0.23,
        0.1035,
        0.0787,
        0.267,
        0.2945,
        0.2224,
        0.2145,
        0.1506,
        0.3329,
        0.265,
        1.0,
        0.0787,
        0.0787,
        0.2055,
        0.2953,
        0.3454,
        0.0787,
        0.3287,
        0.1358,
        0.0787,
        0.311,
        0.3609,
        0.2605,
        0.3159,
        0.2167,
        0.3022
      ],
      [
        0.0821,
        0.0821,
        0.0821,
        0.0885,
        0.0226,
        -0.0082,
        0.0226,
        0.0252,
        0.0954,
        0.0252,
        0.0754,
        0.0226,
        0.0947,
        0.0226,
        0.0676,
        0.0496,
        0.0605,
        0.0605,
        0.0427,
        0.0226,
        0.059,
        0.0694,
        0.0555,
        0.057,
        0.0514,
        0.088,
        0.0798,
        0.0787,
        1.0,
        0.0226,
        0.0671,
        0.0702,
        0.0933,
        0.0226,
