{
  "_meta": {
    "generated": "2026-05-15T13:35:45",
    "portfolio_generated": "2026-05-15T13:32:04.349910",
    "n_assets": 40,
    "n_with_returns": 31,
    "covariance_method": "hybrid_shrunk",
    "condition_number": 243.77,
    "pca_factors": 6
  },
  "profiles": {
    "Agressif": {
      "n_assets": 16,
      "weighted_avg_correlation": 0.195,
      "most_correlated": [
        {
          "t1": "SLV",
          "t2": "GLD",
          "corr": 0.8251,
          "w1": 2.6,
          "w2": 8.6,
          "combined_weight": 11.2
        },
        {
          "t1": "BKR",
          "t2": "OIH",
          "corr": 0.7382,
          "w1": 10.9,
          "w2": 6.5,
          "combined_weight": 17.4
        },
        {
          "t1": "XLK",
          "t2": "SOXX",
          "corr": 0.7204,
          "w1": 3.3,
          "w2": 5.4,
          "combined_weight": 8.7
        },
        {
          "t1": "FLKR",
          "t2": "SOXX",
          "corr": 0.7082,
          "w1": 4.6,
          "w2": 5.4,
          "combined_weight": 10.0
        },
        {
          "t1": "XCEM",
          "t2": "SOXX",
          "corr": 0.7005,
          "w1": 6.5,
          "w2": 5.4,
          "combined_weight": 12.0
        },
        {
          "t1": "FLKR",
          "t2": "XCEM",
          "corr": 0.6961,
          "w1": 4.6,
          "w2": 6.5,
          "combined_weight": 11.1
        },
        {
          "t1": "XCEM",
          "t2": "XLK",
          "corr": 0.6659,
          "w1": 6.5,
          "w2": 3.3,
          "combined_weight": 9.8
        },
        {
          "t1": "FLKR",
          "t2": "XLK",
          "corr": 0.6631,
          "w1": 4.6,
          "w2": 3.3,
          "combined_weight": 7.8
        },
        {
          "t1": "FIX",
          "t2": "SOXX",
          "corr": 0.6459,
          "w1": 8.7,
          "w2": 5.4,
          "combined_weight": 14.1
        },
        {
          "t1": "FIX",
          "t2": "XLK",
          "corr": 0.6356,
          "w1": 8.7,
          "w2": 3.3,
          "combined_weight": 12.0
        }
      ],
      "least_correlated": [
        {
          "t1": "BKR",
          "t2": "XBI",
          "corr": -0.0544,
          "w1": 10.9,
          "w2": 3.2,
          "combined_weight": 14.1
        },
        {
          "t1": "OIH",
          "t2": "SLV",
          "corr": -0.0627,
          "w1": 6.5,
          "w2": 2.6,
          "combined_weight": 9.1
        },
        {
          "t1": "OIH",
          "t2": "GLD",
          "corr": -0.0632,
          "w1": 6.5,
          "w2": 8.6,
          "combined_weight": 15.2
        },
        {
          "t1": "NVDA",
          "t2": "GLD",
          "corr": -0.0701,
          "w1": 6.5,
          "w2": 8.6,
          "combined_weight": 15.2
        },
        {
          "t1": "OIH",
          "t2": "XBI",
          "corr": -0.0806,
          "w1": 6.5,
          "w2": 3.2,
          "combined_weight": 9.8
        }
      ],
      "high_corr_high_weight": [
        {
          "t1": "SLV",
          "t2": "GLD",
          "corr": 0.8251,
          "w1": 2.6,
          "w2": 8.6,
          "combined_weight": 11.2
        },
        {
          "t1": "BKR",
          "t2": "OIH",
          "corr": 0.7382,
          "w1": 10.9,
          "w2": 6.5,
          "combined_weight": 17.4
        },
        {
          "t1": "XCEM",
          "t2": "SOXX",
          "corr": 0.7005,
          "w1": 6.5,
          "w2": 5.4,
          "combined_weight": 12.0
        }
      ]
    },
    "Mod\u00e9r\u00e9": {
      "n_assets": 15,
      "weighted_avg_correlation": 0.1268,
      "most_correlated": [
        {
          "t1": "FNDF",
          "t2": "VSS",
          "corr": 0.6367,
          "w1": 6.3,
          "w2": 9.0,
          "combined_weight": 15.3
        },
        {
          "t1": "FNDF",
          "t2": "FDVV",
          "corr": 0.5216,
          "w1": 6.3,
          "w2": 5.5,
          "combined_weight": 11.8
        },
        {
          "t1": "FDVV",
          "t2": "VSS",
          "corr": 0.5181,
          "w1": 5.5,
          "w2": 9.0,
          "combined_weight": 14.5
        },
        {
          "t1": "SCHD",
          "t2": "EOG",
          "corr": 0.3752,
          "w1": 9.0,
          "w2": 4.0,
          "combined_weight": 13.0
        },
        {
          "t1": "SCHD",
          "t2": "FNDF",
          "corr": 0.3562,
          "w1": 9.0,
          "w2": 6.3,
          "combined_weight": 15.3
        },
        {
          "t1": "LI",
          "t2": "VSS",
          "corr": 0.3446,
          "w1": 4.5,
          "w2": 9.0,
          "combined_weight": 13.5
        },
        {
          "t1": "SCHD",
          "t2": "FDVV",
          "corr": 0.3283,
          "w1": 9.0,
          "w2": 5.5,
          "combined_weight": 14.5
        },
        {
          "t1": "VICI",
          "t2": "ITX",
          "corr": 0.3261,
          "w1": 7.8,
          "w2": 6.0,
          "combined_weight": 13.9
        },
        {
          "t1": "LI",
          "t2": "FNDF",
          "corr": 0.3198,
          "w1": 4.5,
          "w2": 6.3,
          "combined_weight": 10.7
        },
        {
          "t1": "SCHD",
          "t2": "VSS",
          "corr": 0.3092,
          "w1": 9.0,
          "w2": 9.0,
          "combined_weight": 18.0
        }
      ],
      "least_correlated": [
        {
          "t1": "ITX",
          "t2": "FNDF",
          "corr": 0.0147,
          "w1": 6.0,
          "w2": 6.3,
          "combined_weight": 12.3
        },
        {
          "t1": "LI",
          "t2": "GLD",
          "corr": -0.0056,
          "w1": 4.5,
          "w2": 7.1,
          "combined_weight": 11.6
        },
        {
          "t1": "LI",
          "t2": "EOG",
          "corr": -0.0372,
          "w1": 4.5,
          "w2": 4.0,
          "combined_weight": 8.4
        },
        {
          "t1": "LI",
          "t2": "ITX",
          "corr": -0.0728,
          "w1": 4.5,
          "w2": 6.0,
          "combined_weight": 10.5
        },
        {
          "t1": "EOG",
          "t2": "GLD",
          "corr": -0.1022,
          "w1": 4.0,
          "w2": 7.1,
          "combined_weight": 11.1
        }
      ],
      "high_corr_high_weight": []
    },
    "Stable": {
      "n_assets": 14,
      "weighted_avg_correlation": 0.1305,
      "most_correlated": [
        {
          "t1": "VICI",
          "t2": "SUNPHARMA",
          "corr": 0.4295,
          "w1": 7.4,
          "w2": 5.3,
          "combined_weight": 12.6
        },
        {
          "t1": "IBE",
          "t2": "SUNPHARMA",
          "corr": 0.4069,
          "w1": 7.4,
          "w2": 5.3,
          "combined_weight": 12.6
        },
        {
          "t1": "GD",
          "t2": "SUNPHARMA",
          "corr": 0.3896,
          "w1": 7.4,
          "w2": 5.3,
          "combined_weight": 12.6
        },
        {
          "t1": "SUNPHARMA",
          "t2": "KO",
          "corr": 0.389,
          "w1": 5.3,
          "w2": 5.3,
          "combined_weight": 10.6
        },
        {
          "t1": "SHEL",
          "t2": "SUNPHARMA",
          "corr": 0.3798,
          "w1": 7.4,
          "w2": 5.3,
          "combined_weight": 12.6
        },
        {
          "t1": "ACWV",
          "t2": "SUNPHARMA",
          "corr": 0.3327,
          "w1": 6.7,
          "w2": 5.3,
          "combined_weight": 11.9
        },
        {
          "t1": "SPLV",
          "t2": "SUNPHARMA",
          "corr": 0.32,
          "w1": 6.7,
          "w2": 5.3,
          "combined_weight": 11.9
        },
        {
          "t1": "SUNPHARMA",
          "t2": "SPYV",
          "corr": 0.3188,
          "w1": 5.3,
          "w2": 4.8,
          "combined_weight": 10.1
        },
        {
          "t1": "ACWV",
          "t2": "SPYV",
          "corr": 0.317,
          "w1": 6.7,
          "w2": 4.8,
          "combined_weight": 11.5
        },
        {
          "t1": "GD",
          "t2": "SHEL",
          "corr": 0.3121,
          "w1": 7.4,
          "w2": 7.4,
          "combined_weight": 14.7
        }
      ],
      "least_correlated": [
        {
          "t1": "VGSH",
          "t2": "BSV",
          "corr": 0.0208,
          "w1": 6.0,
          "w2": 13.0,
          "combined_weight": 19.0
        },
        {
          "t1": "VGSH",
          "t2": "STIP",
          "corr": 0.0208,
          "w1": 6.0,
          "w2": 13.0,
          "combined_weight": 19.0
        },
        {
          "t1": "BSV",
          "t2": "STIP",
          "corr": 0.0208,
          "w1": 13.0,
          "w2": 13.0,
          "combined_weight": 26.0
        },
        {
          "t1": "IBE",
          "t2": "GLD",
          "corr": -0.0074,
          "w1": 7.4,
          "w2": 5.1,
          "combined_weight": 12.4
        },
        {
          "t1": "SHEL",
          "t2": "GLD",
          "corr": -0.0635,
          "w1": 7.4,
          "w2": 5.1,
          "combined_weight": 12.4
        }
      ],
      "high_corr_high_weight": []
    }
  },
  "all_pairs_top_30": [
    {
      "t1": "GLD",
      "t2": "SLV",
      "corr_hybrid": 0.8251,
      "corr_structured": 0.85,
      "cat1": "ETF",
      "cat2": "ETF",
      "exp1": "gold_physical",
      "exp2": "silver_physical",
      "fam1": "gold",
      "fam2": "precious_metals"
    },
    {
      "t1": "BKR",
      "t2": "OIH",
      "corr_hybrid": 0.7382,
      "corr_structured": null,
      "cat1": "Act",
      "cat2": "ETF",
      "exp1": null,
      "exp2": "energy",
      "fam1": null,
      "fam2": "sector_energy"
    },
    {
      "t1": "SOXX",
      "t2": "XLK",
      "corr_hybrid": 0.7204,
      "corr_structured": 0.9,
      "cat1": "ETF",
      "cat2": "ETF",
      "exp1": "semiconductor",
      "exp2": "tech",
      "fam1": "sector_tech",
      "fam2": "sector_tech"
    },
    {
      "t1": "FLKR",
      "t2": "SOXX",
      "corr_hybrid": 0.7082,
      "corr_structured": 0.2,
      "cat1": "ETF",
      "cat2": "ETF",
      "exp1": "south_korea",
      "exp2": "semiconductor",
      "fam1": "em_equity",
      "fam2": "sector_tech"
    },
    {
      "t1": "SOXX",
      "t2": "XCEM",
      "corr_hybrid": 0.7005,
      "corr_structured": 0.2,
      "cat1": "ETF",
      "cat2": "ETF",
      "exp1": "semiconductor",
      "exp2": "emerging_markets",
      "fam1": "sector_tech",
      "fam2": "em_equity"
    },
    {
      "t1": "FLKR",
      "t2": "XCEM",
      "corr_hybrid": 0.6961,
      "corr_structured": 0.9,
      "cat1": "ETF",
      "cat2": "ETF",
      "exp1": "south_korea",
      "exp2": "emerging_markets",
      "fam1": "em_equity",
      "fam2": "em_equity"
    },
    {
      "t1": "VSS",
      "t2": "XCEM",
      "corr_hybrid": 0.6677,
      "corr_structured": 0.2,
      "cat1": "ETF",
      "cat2": "ETF",
      "exp1": "intl_small_cap",
      "exp2": "emerging_markets",
      "fam1": null,
      "fam2": "em_equity"
    },
    {
      "t1": "XCEM",
      "t2": "XLK",
      "corr_hybrid": 0.6659,
      "corr_structured": 0.2,
      "cat1": "ETF",
      "cat2": "ETF",
      "exp1": "emerging_markets",
      "exp2": "tech",
      "fam1": "em_equity",
      "fam2": "sector_tech"
    },
    {
      "t1": "FLKR",
      "t2": "XLK",
      "corr_hybrid": 0.6631,
      "corr_structured": 0.2,
      "cat1": "ETF",
      "cat2": "ETF",
      "exp1": "south_korea",
      "exp2": "tech",
      "fam1": "em_equity",
      "fam2": "sector_tech"
    },
    {
      "t1": "GDXJ",
      "t2": "VSS",
      "corr_hybrid": 0.6523,
      "corr_structured": 0.2,
      "cat1": "ETF",
      "cat2": "ETF",
      "exp1": "gold_miners",
      "exp2": "intl_small_cap",
      "fam1": "gold",
      "fam2": null
    },
    {
      "t1": "FIX",
      "t2": "SOXX",
      "corr_hybrid": 0.6459,
      "corr_structured": null,
      "cat1": "Act",
      "cat2": "ETF",
      "exp1": null,
      "exp2": "semiconductor",
      "fam1": null,
      "fam2": "sector_tech"
    },
    {
      "t1": "FNDF",
      "t2": "XCEM",
      "corr_hybrid": 0.6434,
      "corr_structured": 0.62,
      "cat1": "ETF",
      "cat2": "ETF",
      "exp1": "international",
      "exp2": "emerging_markets",
      "fam1": "intl_equity",
      "fam2": "em_equity"
    },
    {
      "t1": "FNDF",
      "t2": "VSS",
      "corr_hybrid": 0.6367,
      "corr_structured": 0.2,
      "cat1": "ETF",
      "cat2": "ETF",
      "exp1": "international",
      "exp2": "intl_small_cap",
      "fam1": "intl_equity",
      "fam2": null
    },
    {
      "t1": "FIX",
      "t2": "XLK",
      "corr_hybrid": 0.6356,
      "corr_structured": null,
      "cat1": "Act",
      "cat2": "ETF",
      "exp1": null,
      "exp2": "tech",
      "fam1": null,
      "fam2": "sector_tech"
    },
    {
      "t1": "FLKR",
      "t2": "VSS",
      "corr_hybrid": 0.6212,
      "corr_structured": 0.2,
      "cat1": "ETF",
      "cat2": "ETF",
      "exp1": "south_korea",
      "exp2": "intl_small_cap",
      "fam1": "em_equity",
      "fam2": null
    },
    {
      "t1": "000660",
      "t2": "2059",
      "corr_hybrid": 0.6163,
      "corr_structured": null,
      "cat1": "Act",
      "cat2": "Act",
      "exp1": null,
      "exp2": null,
      "fam1": null,
      "fam2": null
    },
    {
      "t1": "000660",
      "t2": "SUNPHARMA",
      "corr_hybrid": 0.6163,
      "corr_structured": null,
      "cat1": "Act",
      "cat2": "Act",
      "exp1": null,
      "exp2": null,
      "fam1": null,
      "fam2": null
    },
    {
      "t1": "2059",
      "t2": "SUNPHARMA",
      "corr_hybrid": 0.6163,
      "corr_structured": null,
      "cat1": "Act",
      "cat2": "Act",
      "exp1": null,
      "exp2": null,
      "fam1": null,
      "fam2": null
    },
    {
      "t1": "FLKR",
      "t2": "FNDF",
      "corr_hybrid": 0.6032,
      "corr_structured": 0.62,
      "cat1": "ETF",
      "cat2": "ETF",
      "exp1": "south_korea",
      "exp2": "international",
      "fam1": "em_equity",
      "fam2": "intl_equity"
    },
    {
      "t1": "SOXX",
      "t2": "VSS",
      "corr_hybrid": 0.5956,
      "corr_structured": 0.2,
      "cat1": "ETF",
      "cat2": "ETF",
      "exp1": "semiconductor",
      "exp2": "intl_small_cap",
      "fam1": "sector_tech",
      "fam2": null
    },
    {
      "t1": "FNDF",
      "t2": "SOXX",
      "corr_hybrid": 0.5845,
      "corr_structured": 0.2,
      "cat1": "ETF",
      "cat2": "ETF",
      "exp1": "international",
      "exp2": "semiconductor",
      "fam1": "intl_equity",
      "fam2": "sector_tech"
    },
    {
      "t1": "FIX",
      "t2": "NVDA",
      "corr_hybrid": 0.5777,
      "corr_structured": null,
      "cat1": "Act",
      "cat2": "Act",
      "exp1": null,
      "exp2": null,
      "fam1": null,
      "fam2": null
    },
    {
      "t1": "VSS",
      "t2": "XLK",
      "corr_hybrid": 0.5724,
      "corr_structured": 0.2,
      "cat1": "ETF",
      "cat2": "ETF",
      "exp1": "intl_small_cap",
      "exp2": "tech",
      "fam1": null,
      "fam2": "sector_tech"
    },
    {
      "t1": "FNDF",
      "t2": "GDXJ",
      "corr_hybrid": 0.5614,
      "corr_structured": 0.18,
      "cat1": "ETF",
      "cat2": "ETF",
      "exp1": "international",
      "exp2": "gold_miners",
      "fam1": "intl_equity",
      "fam2": "gold"
    },
    {
      "t1": "GDXJ",
      "t2": "XCEM",
      "corr_hybrid": 0.5581,
      "corr_structured": 0.2,
      "cat1": "ETF",
      "cat2": "ETF",
      "exp1": "gold_miners",
      "exp2": "emerging_markets",
      "fam1": "gold",
      "fam2": "em_equity"
    },
    {
      "t1": "FNDF",
      "t2": "XLK",
      "corr_hybrid": 0.5561,
      "corr_structured": 0.2,
      "cat1": "ETF",
      "cat2": "ETF",
      "exp1": "international",
      "exp2": "tech",
      "fam1": "intl_equity",
      "fam2": "sector_tech"
    },
    {
      "t1": "NVDA",
      "t2": "SOXX",
      "corr_hybrid": 0.5529,
      "corr_structured": null,
      "cat1": "Act",
      "cat2": "ETF",
      "exp1": null,
      "exp2": "semiconductor",
      "fam1": null,
      "fam2": "sector_tech"
    },
    {
      "t1": "000660",
      "t2": "SCHP",
      "corr_hybrid": 0.5502,
      "corr_structured": null,
      "cat1": "Act",
      "cat2": "Act",
      "exp1": null,
      "exp2": "bonds_tips",
      "fam1": null,
      "fam2": "bonds_gov"
    },
    {
      "t1": "2059",
      "t2": "SCHP",
      "corr_hybrid": 0.5502,
      "corr_structured": null,
      "cat1": "Act",
      "cat2": "Act",
      "exp1": null,
      "exp2": "bonds_tips",
      "fam1": null,
      "fam2": "bonds_gov"
    },
    {
      "t1": "SCHP",
      "t2": "SUNPHARMA",
      "corr_hybrid": 0.5502,
      "corr_structured": null,
      "cat1": "Act",
      "cat2": "Act",
      "exp1": "bonds_tips",
      "exp2": null,
      "fam1": "bonds_gov",
      "fam2": null
    }
  ],
  "all_pairs_bottom_10": [
    {
      "t1": "LI",
      "t2": "SLV",
      "corr_hybrid": 0.0045,
      "corr_structured": null,
      "cat1": "Act",
      "cat2": "ETF",
      "exp1": null,
      "exp2": "silver_physical",
      "fam1": null,
      "fam2": "precious_metals"
    },
    {
      "t1": "FNDF",
      "t2": "XBI",
      "corr_hybrid": -0.0042,
      "corr_structured": 0.2,
      "cat1": "ETF",
      "cat2": "ETF",
      "exp1": "international",
      "exp2": "biotech",
      "fam1": "intl_equity",
      "fam2": "sector_healthcare"
    },
    {
      "t1": "EOG",
      "t2": "FLKR",
      "corr_hybrid": 0.0037,
      "corr_structured": null,
      "cat1": "Act",
      "cat2": "ETF",
      "exp1": null,
      "exp2": "south_korea",
      "fam1": null,
      "fam2": "em_equity"
    },
    {
      "t1": "SOXX",
      "t2": "XLV",
      "corr_hybrid": -0.0033,
      "corr_structured": 0.45,
      "cat1": "ETF",
      "cat2": "ETF",
      "exp1": "semiconductor",
      "exp2": "healthcare",
      "fam1": "sector_tech",
      "fam2": "sector_healthcare"
    },
    {
      "t1": "OIH",
      "t2": "XLV",
      "corr_hybrid": 0.0027,
      "corr_structured": 0.2,
      "cat1": "ETF",
      "cat2": "ETF",
      "exp1": "energy",
      "exp2": "healthcare",
      "fam1": "sector_energy",
      "fam2": "sector_healthcare"
    },
    {
      "t1": "GDXJ",
      "t2": "NOVN",
      "corr_hybrid": 0.0024,
      "corr_structured": null,
      "cat1": "ETF",
      "cat2": "Act",
      "exp1": "gold_miners",
      "exp2": null,
      "fam1": "gold",
      "fam2": null
    },
    {
      "t1": "FIX",
      "t2": "SPLV",
      "corr_hybrid": -0.0022,
      "corr_structured": null,
      "cat1": "Act",
      "cat2": "ETF",
      "exp1": null,
      "exp2": "sp500",
      "fam1": null,
      "fam2": "us_equity_large"
    },
    {
      "t1": "KO",
      "t2": "NVDA",
      "corr_hybrid": 0.0013,
      "corr_structured": null,
      "cat1": "Act",
      "cat2": "Act",
      "exp1": null,
      "exp2": null,
      "fam1": null,
      "fam2": null
    },
    {
      "t1": "NVDA",
      "t2": "XLV",
      "corr_hybrid": -0.0012,
      "corr_structured": null,
      "cat1": "Act",
      "cat2": "ETF",
      "exp1": null,
      "exp2": "healthcare",
      "fam1": null,
      "fam2": "sector_healthcare"
    },
    {
      "t1": "VSS",
      "t2": "XBI",
      "corr_hybrid": -0.0009,
      "corr_structured": 0.2,
      "cat1": "ETF",
      "cat2": "ETF",
      "exp1": "intl_small_cap",
      "exp2": "biotech",
      "fam1": null,
      "fam2": "sector_healthcare"
    }
  ],
  "correlation_matrix": {
    "tickers": [
      "000660",
      "2059",
      "ACWV",
      "BKR",
      "BSV",
      "EOG",
      "FDVV",
      "FIX",
      "FLKR",
      "FLTR",
      "FNDF",
      "GD",
      "GDXJ",
      "GLD",
      "GTIP",
      "IBE",
      "ITX",
      "KO",
      "LI",
      "MTBA",
      "NOVN",
      "NVDA",
      "OIH",
      "PEG",
      "SCHD",
      "SCHP",
      "SHEL",
      "SLV",
      "SOXX",
      "SPLV",
      "SPYV",
      "STIP",
      "SUNPHARMA",
      "VGSH",
      "VICI",
      "VSS",
      "XBI",
      "XCEM",
      "XLK",
      "XLV"
    ],
    "matrix": [
      [
        1.0,
        0.6163,
        0.3327,
        0.2917,
        0.0821,
        0.328,
        0.3131,
        0.2013,
        0.101,
        0.0821,
        0.2643,
        0.3896,
        0.0643,
        0.0904,
        0.0821,
        0.4069,
        0.3747,
        0.389,
        0.3182,
        0.0821,
        0.3051,
        0.2054,
        0.2144,
        0.405,
        0.3247,
        0.5502,
        0.3798,
        0.0672,
        0.1251,
        0.32,
        0.3188,
        0.0821,
        0.6163,
        0.0821,
        0.4295,
        0.2298,
        0.1067,
        0.1808,
        0.1565,
        0.1802
      ],
      [
        0.6163,
        1.0,
        0.3327,
        0.2917,
        0.0821,
        0.328,
        0.3131,
        0.2013,
        0.101,
        0.0821,
        0.2643,
        0.3896,
        0.0643,
        0.0904,
        0.0821,
        0.4069,
        0.3747,
        0.389,
        0.3182,
        0.0821,
        0.3051,
        0.2054,
        0.2144,
        0.405,
        0.3247,
        0.5502,
        0.3798,
        0.0672,
        0.1251,
        0.32,
        0.3188,
        0.0821,
        0.6163,
        0.0821,
        0.4295,
        0.2298,
        0.1067,
        0.1808,
        0.1565,
        0.1802
      ],
      [
        0.3327,
        0.3327,
        1.0,
        0.2565,
        0.0768,
        0.1551,
        0.3324,
        0.1743,
        0.2714,
        0.0768,
        0.3755,
        0.2504,
        0.3699,
        0.0912,
        0.0768,
        0.1881,
        0.1794,
        0.1951,
        0.236,
        0.0768,
        0.1452,
        0.1646,
        0.2391,
        0.2515,
        0.2778,
        0.2757,
        0.2591,
        0.0965,
        0.2444,
        0.2416,
        0.317,
        0.0768,
        0.3327,
        0.0768,
        0.2722,
        0.3793,
        0.0647,
        0.3338,
        0.2507,
        0.1345
      ],
      [
        0.2917,
        0.2917,
        0.2565,
        1.0,
        0.0844,
        0.5431,
        0.3879,
        0.1388,
        0.3582,
        0.0844,
        0.4197,
        0.2951,
        0.0886,
        -0.0467,
        0.0844,
        0.1464,
        0.0045,
        0.097,
        0.0357,
        0.0844,
        0.0692,
        0.1911,
        0.7382,
        0.1479,
        0.471,
        0.1744,
        0.5257,
        -0.051,
        0.357,
        0.1827,
        0.4118,
        0.0844,
        0.2917,
        0.0844,
        0.1678,
        0.3348,
        -0.0544,
        0.361,
        0.3053,
        0.0299
      ],
      [
        0.0821,
        0.0821,
        0.0768,
        0.0844,
        1.0,
        0.0553,
        0.0857,
        0.0348,
        0.0715,
        0.0208,
        0.0947,
        0.0661,
        0.0754,
        0.0413,
        0.0208,
        0.0439,
        0.0325,
        0.0459,
        0.054,
        0.0208,
        0.0346,
        0.0388,
        0.0821,
        0.0564,
        0.0805,
        0.0647,
        0.0744,
        0.0473,
        0.0656,
        0.059,
        0.0844,
        0.0208,
        0.0821,
        0.0208,
        0.0626,
        0.0905,
        0.0195,
        0.0845,
        0.0654,
        0.0332
      ],
      [
        0.328,
        0.328,
        0.1551,
        0.5431,
        0.0553,
        1.0,
        0.1611,
        -0.1409,
        0.0037,
        0.0553,
        0.1335,
        0.2613,
        -0.1681,
        -0.1022,
        0.0553,
        0.2027,
        0.1263,
        0.1986,
        -0.0372,
        0.0553,
        0.1413,
        -0.0231,
        0.5446,
        0.146,
        0.3752,
        0.2528,
        0.5048,
        -0.149,
        -0.0108,
        0.1946,
        0.2149,
        0.0553,
        0.328,
        0.0553,
        0.2232,
        0.0351,
        -0.0323,
        0.0127,
        -0.0365,
        0.0403
      ],
      [
        0.3131,
        0.3131,
        0.3324,
        0.3879,
        0.0857,
        0.1611,
        1.0,
        0.4035,
        0.4936,
        0.0857,
        0.5216,
        0.2634,
        0.3913,
        0.058,
        0.0857,
        0.1691,
        0.0678,
        0.11,
        0.2821,
        0.0857,
        0.0886,
        0.3558,
        0.3932,
        0.2379,
        0.3283,
        0.2236,
        0.2814,
        0.0819,
        0.5038,
        0.1888,
        0.4325,
        0.0857,
        0.3131,
        0.0857,
        0.1999,
        0.5181,
        0.016,
        0.5333,
        0.4859,
        0.0911
      ],
      [
        0.2013,
        0.2013,
        0.1743,
        0.1388,
        0.0348,
        -0.1409,
        0.4035,
        1.0,
        0.502,
        0.0348,
        0.4045,
        0.1984,
        0.2304,
        -0.0053,
        0.0348,
        0.1146,
        0.0918,
        -0.0414,
        0.1224,
        0.0348,
        0.0068,
        0.5777,
        0.1455,
        0.2092,
        0.0825,
        0.128,
        0.0225,
        0.0273,
        0.6459,
        -0.0022,
        0.3328,
        0.0348,
        0.2013,
        0.0348,
        0.0243,
        0.4335,
        -0.0375,
        0.5214,
        0.6356,
        -0.0109
      ],
      [
        0.101,
        0.101,
        0.2714,
        0.3582,
        0.0715,
        0.0037,
        0.4936,
        0.502,
        1.0,
        0.0715,
        0.6032,
        0.1211,
        0.4784,
        -0.0066,
        0.0715,
        0.0325,
        -0.178,
        -0.0744,
        0.3557,
        0.0715,
        -0.053,
        0.4722,
        0.3974,
        0.1053,
        0.2571,
        0.0129,
        0.1414,
        0.0416,
        0.7082,
        0.0536,
        0.441,
        0.0715,
        0.101,
        0.0715,
        0.0177,
        0.6212,
        -0.0497,
        0.6961,
        0.6631,
        0.0157
      ],
      [
        0.0821,
        0.0821,
        0.0768,
        0.0844,
        0.0208,
        0.0553,
        0.0857,
        0.0348,
        0.0715,
        1.0,
        0.0947,
        0.0661,
        0.0754,
        0.0413,
        0.0208,
        0.0439,
        0.0325,
        0.0459,
        0.054,
        0.0208,
        0.0346,
        0.0388,
        0.0821,
        0.0564,
        0.0805,
        0.0647,
        0.0744,
        0.0473,
        0.0656,
        0.059,
        0.0844,
        0.0208,
        0.0821,
        0.0208,
        0.0626,
        0.0905,
        0.0195,
        0.0845,
        0.0654,
        0.0332
      ],
      [
        0.2643,
        0.2643,
        0.3755,
        0.4197,
        0.0947,
        0.1335,
        0.5216,
        0.4045,
        0.6032,
        0.0947,
        1.0,
        0.2419,
        0.5614,
        0.0231,
        0.0947,
        0.1275,
        0.0147,
        0.0729,
        0.3198,
        0.0947,
        0.0525,
        0.3725,
        0.4421,
        0.2216,
        0.3562,
        0.1706,
        0.2855,
        0.0487,
        0.5845,
        0.1973,
        0.4815,
        0.0947,
        0.2643,
        0.0947,
        0.1893,
        0.6367,
        -0.0042,
        0.6434,
        0.5561,
        0.0902
      ],
      [
        0.3896,
        0.3896,
        0.2504,
        0.2951,
        0.0661,
        0.2613,
        0.2634,
        0.1984,
        0.1211,
        0.0661,
        0.2419,
        1.0,
        0.1157,
        0.1263,
        0.0661,
        0.2257,
        0.2653,
        0.2257,
        0.0647,
        0.0661,
        0.1807,
        0.128,
        0.2715,
        0.264,
        0.2762,
        0.326,
        0.3121,
        0.1268,
        0.1438,
        0.2296,
        0.267,
        0.0661,
        0.3896,
        0.0661,
        0.2748,
        0.2113,
        0.0725,
        0.1799,
        0.1555,
        0.1179
      ],
      [
        0.0643,
        0.0643,
        0.3699,
        0.0886,
        0.0754,
        -0.1681,
        0.3913,
        0.2304,
        0.4784,
        0.0754,
        0.5614,
        0.1157,
        1.0,
        0.0543,
        0.0754,
        -0.024,
        0.0918,
        0.0294,
        0.1922,
        0.0754,
        0.0024,
        0.1366,
        0.1236,
        0.166,
        0.1873,
        0.0332,
        0.0761,
        0.0744,
        0.3785,
        0.2146,
        0.3287,
        0.0754,
        0.0643,
        0.0754,
        0.1819,
        0.6523,
        0.0335,
        0.5581,
        0.3755,
        0.126
      ],
      [
        0.0904,
        0.0904,
        0.0912,
        -0.0467,
        0.0413,
        -0.1022,
        0.058,
        -0.0053,
        -0.0066,
        0.0413,
        0.0231,
        0.1263,
        0.0543,
        1.0,
        0.0413,
        -0.0074,
        0.066,
        0.083,
        -0.0056,
        0.0413,
        0.0849,
        -0.0701,
        -0.0632,
        0.0493,
        0.055,
        0.0763,
        -0.0635,
        0.8251,
        0.0067,
        0.0967,
        0.0602,
        0.0413,
        0.0904,
        0.0413,
        0.0572,
        0.0184,
        0.2561,
        0.0379,
        0.046,
        0.1496
      ],
      [
        0.0821,
        0.0821,
        0.0768,
        0.0844,
        0.0208,
        0.0553,
        0.0857,
        0.0348,
        0.0715,
        0.0208,
        0.0947,
        0.0661,
        0.0754,
        0.0413,
        1.0,
        0.0439,
        0.0325,
        0.0459,
        0.054,
        0.0208,
        0.0346,
        0.0388,
        0.0821,
        0.0564,
        0.0805,
        0.0647,
        0.0744,
        0.0473,
        0.0656,
        0.059,
        0.0844,
        0.0208,
        0.0821,
        0.0208,
        0.0626,
        0.0905,
        0.0195,
        0.0845,
        0.0654,
        0.0332
      ],
      [
        0.4069,
        0.4069,
        0.1881,
        0.1464,
        0.0439,
        0.2027,
        0.1691,
        0.1146,
        0.0325,
        0.0439,
        0.1275,
        0.2257,
        -0.024,
        -0.0074,
        0.0439,
        1.0,
        0.2346,
        0.2613,
        0.2621,
        0.0439,
        0.2041,
        0.1466,
        0.0838,
        0.2618,
        0.1758,
        0.373,
        0.2217,
        -0.0363,
        0.0519,
        0.1879,
        0.1737,
        0.0439,
        0.4069,
        0.0439,
        0.2751,
        0.1059,
        0.0537,
        0.0774,
        0.0745,
        0.1053
      ],
      [
        0.3747,
        0.3747,
        0.1794,
        0.0045,
        0.0325,
        0.1263,
        0.0678,
        0.0918,
        -0.178,
        0.0325,
        0.0147,
        0.2653,
        0.0918,
        0.066,
        0.0325,
        0.2346,
        1.0,
        0.2884,
        -0.0728,
        0.0325,
        0.2263,
        -0.0492,
        -0.048,
        0.2888,
        0.1063,
        0.3659,
        0.1894,
        0.0256,
        -0.1628,
        0.2405,
        0.071,
        0.0325,
        0.3747,
        0.0325,
        0.3261,
        0.0175,
        0.0949,
        -0.0891,
        -0.1151,
        0.1343
      ],
      [
        0.389,
        0.389,
        0.1951,
        0.097,
        0.0459,
        0.1986,
        0.11,
        -0.0414,
        -0.0744,
        0.0459,
        0.0729,
        0.2257,
        0.0294,
        0.083,
        0.0459,
        0.2613,
        0.2884,
        1.0,
        0.1862,
        0.0459,
        0.2232,
        0.0013,
        0.0342,
        0.2536,
        0.1706,
        0.3696,
        0.218,
        0.0588,
        -0.0883,
        0.2314,
        0.1237,
        0.0459,
        0.389,
        0.0459,
        0.3097,
        0.0561,
        0.0996,
        -0.0119,
        -0.054,
        0.1411
      ],
      [
        0.3182,
        0.3182,
        0.236,
        0.0357,
        0.054,
        -0.0372,
        0.2821,
        0.1224,
        0.3557,
        0.054,
        0.3198,
        0.0647,
        0.1922,
        -0.0056,
        0.054,
        0.2621,
        -0.0728,
        0.1862,
        1.0,
        0.054,
        0.1367,
        0.3552,
        -0.0444,
        0.2058,
        0.1269,
        0.2954,
        0.0305,
        0.0045,
        0.3262,
        0.1211,
        0.2526,
        0.054,
        0.3182,
        0.054,
        0.1936,
        0.3446,
        0.058,
        0.372,
        0.3388,
        0.1159
      ],
      [
        0.0821,
        0.0821,
        0.0768,
        0.0844,
        0.0208,
        0.0553,
        0.0857,
        0.0348,
        0.0715,
        0.0208,
        0.0947,
        0.0661,
        0.0754,
        0.0413,
        0.0208,
        0.0439,
        0.0325,
        0.0459,
        0.054,
        1.0,
        0.0346,
        0.0388,
        0.0821,
        0.0564,
        0.0805,
        0.0647,
        0.0744,
        0.0473,
        0.0656,
        0.059,
        0.0844,
        0.0208,
        0.0821,
        0.0208,
        0.0626,
        0.0905,
        0.0195,
        0.0845,
        0.0654,
        0.0332
      ],
      [
        0.3051,
        0.3051,
        0.1452,
        0.0692,
        0.0346,
        0.1413,
        0.0886,
        0.0068,
        -0.053,
        0.0346,
        0.0525,
        0.1807,
        0.0024,
        0.0849,
        0.0346,
        0.2041,
        0.2263,
        0.2232,
        0.1367,
        0.0346,
        1.0,
        0.0208,
        0.0197,
        0.1991,
        0.1246,
        0.2883,
        0.1578,
        0.0716,
        -0.0518,
        0.1706,
        0.0975,
        0.0346,
        0.3051,
        0.0346,
        0.2317,
        0.0388,
        0.0819,
        -0.0053,
        -0.0241,
        0.1073
      ],
      [
        0.2054,
        0.2054,
        0.1646,
        0.1911,
        0.0388,
        -0.0231,
        0.3558,
        0.5777,
        0.4722,
        0.0388,
        0.3725,
        0.128,
        0.1366,
        -0.0701,
        0.0388,
        0.1466,
        -0.0492,
        0.0013,
        0.3552,
        0.0388,
        0.0208,
        1.0,
        0.18,
        0.1602,
        0.1275,
        0.141,
        0.0683,
        -0.0511,
        0.5529,
        0.0086,
        0.3097,
        0.0388,
        0.2054,
        0.0388,
        0.0392,
        0.3804,
        -0.0437,
        0.4682,
        0.5341,
        -0.0012
      ],
      [
        0.2144,
        0.2144,
        0.2391,
        0.7382,
        0.0821,
        0.5446,
        0.3932,
        0.1455,
        0.3974,
        0.0821,
        0.4421,
        0.2715,
        0.1236,
        -0.0632,
        0.0821,
        0.0838,
        -0.048,
        0.0342,
        -0.0444,
        0.0821,
        0.0197,
        0.18,
        1.0,
        0.0989,
        0.4764,
        0.0922,
        0.5271,
        -0.0627,
        0.3927,
        0.1539,
        0.4162,
        0.0821,
        0.2144,
        0.0821,
        0.1142,
        0.356,
        -0.0806,
        0.3903,
        0.3286,
        0.0027
      ],
      [
        0.405,
        0.405,
        0.2515,
        0.1479,
        0.0564,
        0.146,
        0.2379,
        0.2092,
        0.1053,
        0.0564,
        0.2216,
        0.264,
        0.166,
        0.0493,
        0.0564,
        0.2618,
        0.2888,
        0.2536,
        0.2058,
        0.0564,
        0.1991,
        0.1602,
        0.0989,
        1.0,
        0.1981,
        0.3645,
        0.2232,
        0.0321,
        0.1195,
        0.2257,
        0.2279,
        0.0564,
        0.405,
        0.0564,
        0.3001,
        0.2198,
        0.0709,
        0.1716,
        0.1446,
        0.1288
      ],
      [
        0.3247,
        0.3247,
        0.2778,
        0.471,
        0.0805,
        0.3752,
        0.3283,
        0.0825,
        0.2571,
        0.0805,
        0.3562,
        0.2762,
        0.1873,
        0.055,
        0.0805,
        0.1758,
        0.1063,
        0.1706,
        0.1269,
        0.0805,
        0.1246,
        0.1275,
        0.4764,
        0.1981,
        1.0,
        0.2417,
        0.402,
        0.0561,
        0.2357,
        0.2253,
        0.3407,
        0.0805,
        0.3247,
        0.0805,
        0.2354,
        0.3092,
        0.0235,
        0.292,
        0.2176,
        0.0941
      ],
      [
        0.5502,
        0.5502,
        0.2757,
        0.1744,
        0.0647,
        0.2528,
        0.2236,
        0.128,
        0.0129,
        0.0647,
        0.1706,
        0.326,
        0.0332,
        0.0763,
        0.0647,
        0.373,
        0.3659,
        0.3696,
        0.2954,
        0.0647,
        0.2883,
        0.141,
        0.0922,
        0.3645,
        0.2417,
        1.0,
        0.2959,
        0.048,
        0.0292,
        0.2856,
        0.2297,
        0.0647,
        0.5502,
        0.0647,
        0.3958,
        0.1477,
        0.1083,
        0.0892,
        0.0677,
        0.1693
      ],
      [
        0.3798,
        0.3798,
        0.2591,
        0.5257,
        0.0744,
        0.5048,
        0.2814,
        0.0225,
        0.1414,
        0.0744,
        0.2855,
        0.3121,
        0.0761,
        -0.0635,
        0.0744,
        0.2217,
        0.1894,
        0.218,
        0.0305,
        0.0744,
        0.1578,
        0.0683,
        0.5271,
        0.2232,
        0.402,
        0.2959,
        1.0,
        -0.1002,
        0.1239,
        0.2493,
        0.3101,
        0.0744,
        0.3798,
        0.0744,
        0.2814,
        0.2182,
        -0.0107,
        0.178,
        0.1048,
        0.0803
      ],
      [
        0.0672,
        0.0672,
        0.0965,
        -0.051,
        0.0473,
        -0.149,
        0.0819,
        0.0273,
        0.0416,
        0.0473,
        0.0487,
        0.1268,
        0.0744,
        0.8251,
        0.0473,
        -0.0363,
        0.0256,
        0.0588,
        0.0045,
        0.0473,
        0.0716,
        -0.0511,
        -0.0627,
        0.0321,
        0.0561,
        0.048,
        -0.1002,
        1.0,
        0.0616,
        0.0859,
        0.08,
        0.0473,
        0.0672,
        0.0473,
        0.0279,
        0.0454,
        0.2929,
        0.0853,
        0.1021,
        0.1618
      ],
      [
        0.1251,
        0.1251,
        0.2444,
        0.357,
        0.0656,
        -0.0108,
        0.5038,
        0.6459,
        0.7082,
        0.0656,
        0.5845,
        0.1438,
        0.3785,
        0.0067,
        0.0656,
        0.0519,
        -0.1628,
        -0.0883,
        0.3262,
        0.0656,
        -0.0518,
        0.5529,
        0.3927,
        0.1195,
        0.2357,
        0.0292,
        0.1239,
        0.0616,
        1.0,
        0.0197,
        0.4467,
        0.0656,
        0.1251,
        0.0656,
        -0.0077,
        0.5956,
        -0.0542,
        0.7005,
        0.7204,
        -0.0033
      ],
      [
        0.32,
        0.32,
        0.2416,
        0.1827,
        0.059,
        0.1946,
        0.1888,
        -0.0022,
        0.0536,
        0.059,
        0.1973,
        0.2296,
        0.2146,
        0.0967,
        0.059,
        0.1879,
        0.2405,
        0.2314,
        0.1211,
        0.059,
        0.1706,
        0.0086,
        0.1539,
        0.2257,
        0.2253,
        0.2856,
        0.2493,
        0.0859,
        0.0197,
        1.0,
        0.194,
        0.059,
        0.32,
        0.059,
        0.2815,
        0.1887,
        0.0815,
        0.1176,
        0.0384,
        0.1346
      ],
      [
        0.3188,
        0.3188,
        0.317,
        0.4118,
        0.0844,
        0.2149,
        0.4325,
        0.3328,
        0.441,
        0.0844,
        0.4815,
        0.267,
        0.3287,
        0.0602,
        0.0844,
        0.1737,
        0.071,
        0.1237,
        0.2526,
        0.0844,
        0.0975,
        0.3097,
        0.4162,
        0.2279,
