{
  "_meta": {
    "generated": "2026-04-01T15:57:47",
    "portfolio_generated": "2026-04-01T15:56:18.653253",
    "n_assets": 40,
    "n_with_returns": 32,
    "covariance_method": "hybrid_shrunk",
    "condition_number": 502.46,
    "pca_factors": 4
  },
  "profiles": {
    "Agressif": {
      "n_assets": 16,
      "weighted_avg_correlation": 0.2376,
      "most_correlated": [
        {
          "t1": "SOXX",
          "t2": "MU",
          "corr": 0.8178,
          "w1": 8.3,
          "w2": 6.5,
          "combined_weight": 14.8
        },
        {
          "t1": "VRT",
          "t2": "MU",
          "corr": 0.7838,
          "w1": 4.5,
          "w2": 6.5,
          "combined_weight": 11.0
        },
        {
          "t1": "VRT",
          "t2": "SOXX",
          "corr": 0.7749,
          "w1": 4.5,
          "w2": 8.3,
          "combined_weight": 12.8
        },
        {
          "t1": "SOXX",
          "t2": "NVDA",
          "corr": 0.7172,
          "w1": 8.3,
          "w2": 3.2,
          "combined_weight": 11.5
        },
        {
          "t1": "SLV",
          "t2": "GLD",
          "corr": 0.7171,
          "w1": 5.8,
          "w2": 10.1,
          "combined_weight": 15.9
        },
        {
          "t1": "NVDA",
          "t2": "MU",
          "corr": 0.7036,
          "w1": 3.2,
          "w2": 6.5,
          "combined_weight": 9.7
        },
        {
          "t1": "VRT",
          "t2": "NVDA",
          "corr": 0.6804,
          "w1": 4.5,
          "w2": 3.2,
          "combined_weight": 7.7
        },
        {
          "t1": "SLVP",
          "t2": "SLV",
          "corr": 0.6637,
          "w1": 3.9,
          "w2": 5.8,
          "combined_weight": 9.7
        },
        {
          "t1": "SOXX",
          "t2": "FLKR",
          "corr": 0.6429,
          "w1": 8.3,
          "w2": 5.8,
          "combined_weight": 14.2
        },
        {
          "t1": "MU",
          "t2": "FLKR",
          "corr": 0.5961,
          "w1": 6.5,
          "w2": 5.8,
          "combined_weight": 12.3
        }
      ],
      "least_correlated": [
        {
          "t1": "INCY",
          "t2": "CF",
          "corr": -0.0612,
          "w1": 8.1,
          "w2": 5.2,
          "combined_weight": 13.3
        },
        {
          "t1": "MU",
          "t2": "CF",
          "corr": -0.0655,
          "w1": 6.5,
          "w2": 5.2,
          "combined_weight": 11.7
        },
        {
          "t1": "CF",
          "t2": "FLKR",
          "corr": -0.0998,
          "w1": 5.2,
          "w2": 5.8,
          "combined_weight": 11.0
        },
        {
          "t1": "CF",
          "t2": "GOOGL",
          "corr": -0.1038,
          "w1": 5.2,
          "w2": 3.9,
          "combined_weight": 9.1
        },
        {
          "t1": "CF",
          "t2": "SLVP",
          "corr": -0.2155,
          "w1": 5.2,
          "w2": 3.9,
          "combined_weight": 9.1
        }
      ],
      "high_corr_high_weight": [
        {
          "t1": "SOXX",
          "t2": "MU",
          "corr": 0.8178,
          "w1": 8.3,
          "w2": 6.5,
          "combined_weight": 14.8
        },
        {
          "t1": "VRT",
          "t2": "MU",
          "corr": 0.7838,
          "w1": 4.5,
          "w2": 6.5,
          "combined_weight": 11.0
        },
        {
          "t1": "VRT",
          "t2": "SOXX",
          "corr": 0.7749,
          "w1": 4.5,
          "w2": 8.3,
          "combined_weight": 12.8
        },
        {
          "t1": "SOXX",
          "t2": "NVDA",
          "corr": 0.7172,
          "w1": 8.3,
          "w2": 3.2,
          "combined_weight": 11.5
        },
        {
          "t1": "SLV",
          "t2": "GLD",
          "corr": 0.7171,
          "w1": 5.8,
          "w2": 10.1,
          "combined_weight": 15.9
        }
      ]
    },
    "Mod\u00e9r\u00e9": {
      "n_assets": 15,
      "weighted_avg_correlation": 0.2614,
      "most_correlated": [
        {
          "t1": "SCHD",
          "t2": "HDV",
          "corr": 0.6259,
          "w1": 6.8,
          "w2": 7.5,
          "combined_weight": 14.3
        },
        {
          "t1": "SCHD",
          "t2": "GGG",
          "corr": 0.5875,
          "w1": 6.8,
          "w2": 3.2,
          "combined_weight": 10.0
        },
        {
          "t1": "SCHD",
          "t2": "VSS",
          "corr": 0.5737,
          "w1": 6.8,
          "w2": 8.4,
          "combined_weight": 15.1
        },
        {
          "t1": "RIO",
          "t2": "VSS",
          "corr": 0.5723,
          "w1": 6.8,
          "w2": 8.4,
          "combined_weight": 15.1
        },
        {
          "t1": "SCHY",
          "t2": "VSS",
          "corr": 0.5723,
          "w1": 8.4,
          "w2": 8.4,
          "combined_weight": 16.8
        },
        {
          "t1": "SCHD",
          "t2": "XLV",
          "corr": 0.5689,
          "w1": 6.8,
          "w2": 3.1,
          "combined_weight": 9.9
        },
        {
          "t1": "SCHD",
          "t2": "SCHY",
          "corr": 0.5528,
          "w1": 6.8,
          "w2": 8.4,
          "combined_weight": 15.1
        },
        {
          "t1": "HDV",
          "t2": "GGG",
          "corr": 0.5305,
          "w1": 7.5,
          "w2": 3.2,
          "combined_weight": 10.7
        },
        {
          "t1": "HDV",
          "t2": "XLV",
          "corr": 0.5272,
          "w1": 7.5,
          "w2": 3.1,
          "combined_weight": 10.6
        },
        {
          "t1": "SCHY",
          "t2": "HDV",
          "corr": 0.5253,
          "w1": 8.4,
          "w2": 7.5,
          "combined_weight": 15.9
        }
      ],
      "least_correlated": [
        {
          "t1": "STIP",
          "t2": "GLD",
          "corr": 0.0353,
          "w1": 9.0,
          "w2": 8.1,
          "combined_weight": 17.1
        },
        {
          "t1": "VGSH",
          "t2": "ITX",
          "corr": 0.0287,
          "w1": 9.0,
          "w2": 3.2,
          "combined_weight": 12.2
        },
        {
          "t1": "STIP",
          "t2": "ITX",
          "corr": 0.0287,
          "w1": 9.0,
          "w2": 3.2,
          "combined_weight": 12.2
        },
        {
          "t1": "VGSH",
          "t2": "STIP",
          "corr": 0.0184,
          "w1": 9.0,
          "w2": 9.0,
          "combined_weight": 18.0
        },
        {
          "t1": "ITX",
          "t2": "GLD",
          "corr": -0.0151,
          "w1": 3.2,
          "w2": 8.1,
          "combined_weight": 11.3
        }
      ],
      "high_corr_high_weight": []
    },
    "Stable": {
      "n_assets": 16,
      "weighted_avg_correlation": 0.1223,
      "most_correlated": [
        {
          "t1": "SPYV",
          "t2": "XLV",
          "corr": 0.5827,
          "w1": 4.2,
          "w2": 4.1,
          "combined_weight": 8.3
        },
        {
          "t1": "ACWV",
          "t2": "SPYV",
          "corr": 0.5756,
          "w1": 4.6,
          "w2": 4.2,
          "combined_weight": 8.9
        },
        {
          "t1": "ACWV",
          "t2": "XLV",
          "corr": 0.542,
          "w1": 4.6,
          "w2": 4.1,
          "combined_weight": 8.7
        },
        {
          "t1": "ACWV",
          "t2": "SPLV",
          "corr": 0.5362,
          "w1": 4.6,
          "w2": 4.6,
          "combined_weight": 9.3
        },
        {
          "t1": "SPLV",
          "t2": "SPYV",
          "corr": 0.5291,
          "w1": 4.6,
          "w2": 4.2,
          "combined_weight": 8.9
        },
        {
          "t1": "SPLV",
          "t2": "XLV",
          "corr": 0.519,
          "w1": 4.6,
          "w2": 4.1,
          "combined_weight": 8.7
        },
        {
          "t1": "SPYV",
          "t2": "GD",
          "corr": 0.5022,
          "w1": 4.2,
          "w2": 3.8,
          "combined_weight": 8.0
        },
        {
          "t1": "ACWV",
          "t2": "GD",
          "corr": 0.4561,
          "w1": 4.6,
          "w2": 3.8,
          "combined_weight": 8.4
        },
        {
          "t1": "SPLV",
          "t2": "VICI",
          "corr": 0.4531,
          "w1": 4.6,
          "w2": 4.4,
          "combined_weight": 9.1
        },
        {
          "t1": "SPLV",
          "t2": "GD",
          "corr": 0.4507,
          "w1": 4.6,
          "w2": 3.8,
          "combined_weight": 8.4
        }
      ],
      "least_correlated": [
        {
          "t1": "BSV",
          "t2": "VGSH",
          "corr": 0.0184,
          "w1": 9.8,
          "w2": 12.7,
          "combined_weight": 22.5
        },
        {
          "t1": "BSV",
          "t2": "STIP",
          "corr": 0.0184,
          "w1": 9.8,
          "w2": 13.0,
          "combined_weight": 22.8
        },
        {
          "t1": "CLTL",
          "t2": "VGSH",
          "corr": 0.0184,
          "w1": 10.2,
          "w2": 12.7,
          "combined_weight": 22.9
        },
        {
          "t1": "CLTL",
          "t2": "STIP",
          "corr": 0.0184,
          "w1": 10.2,
          "w2": 13.0,
          "combined_weight": 23.2
        },
        {
          "t1": "VGSH",
          "t2": "STIP",
          "corr": 0.0184,
          "w1": 12.7,
          "w2": 13.0,
          "combined_weight": 25.7
        }
      ],
      "high_corr_high_weight": []
    }
  },
  "all_pairs_top_30": [
    {
      "t1": "MU",
      "t2": "SOXX",
      "corr_hybrid": 0.8178,
      "corr_structured": null,
      "cat1": "Act",
      "cat2": "ETF",
      "exp1": null,
      "exp2": "semiconductor",
      "fam1": null,
      "fam2": "sector_tech"
    },
    {
      "t1": "MU",
      "t2": "VRT",
      "corr_hybrid": 0.7838,
      "corr_structured": null,
      "cat1": "Act",
      "cat2": "Act",
      "exp1": null,
      "exp2": null,
      "fam1": null,
      "fam2": null
    },
    {
      "t1": "SOXX",
      "t2": "VRT",
      "corr_hybrid": 0.7749,
      "corr_structured": null,
      "cat1": "ETF",
      "cat2": "Act",
      "exp1": "semiconductor",
      "exp2": null,
      "fam1": "sector_tech",
      "fam2": null
    },
    {
      "t1": "NVDA",
      "t2": "SOXX",
      "corr_hybrid": 0.7172,
      "corr_structured": null,
      "cat1": "Act",
      "cat2": "ETF",
      "exp1": null,
      "exp2": "semiconductor",
      "fam1": null,
      "fam2": "sector_tech"
    },
    {
      "t1": "GLD",
      "t2": "SLV",
      "corr_hybrid": 0.7171,
      "corr_structured": 0.85,
      "cat1": "ETF",
      "cat2": "ETF",
      "exp1": "gold_physical",
      "exp2": "silver_physical",
      "fam1": "gold",
      "fam2": "precious_metals"
    },
    {
      "t1": "MU",
      "t2": "NVDA",
      "corr_hybrid": 0.7036,
      "corr_structured": null,
      "cat1": "Act",
      "cat2": "Act",
      "exp1": null,
      "exp2": null,
      "fam1": null,
      "fam2": null
    },
    {
      "t1": "NVDA",
      "t2": "VRT",
      "corr_hybrid": 0.6804,
      "corr_structured": null,
      "cat1": "Act",
      "cat2": "Act",
      "exp1": null,
      "exp2": null,
      "fam1": null,
      "fam2": null
    },
    {
      "t1": "SCHD",
      "t2": "SPYV",
      "corr_hybrid": 0.6681,
      "corr_structured": 0.8,
      "cat1": "ETF",
      "cat2": "ETF",
      "exp1": "dividend",
      "exp2": "sp500_value",
      "fam1": "factor_dividend",
      "fam2": "factor_value"
    },
    {
      "t1": "SLV",
      "t2": "SLVP",
      "corr_hybrid": 0.6637,
      "corr_structured": 0.9,
      "cat1": "ETF",
      "cat2": "ETF",
      "exp1": "silver_physical",
      "exp2": "silver_miners",
      "fam1": "precious_metals",
      "fam2": "precious_metals"
    },
    {
      "t1": "FLKR",
      "t2": "SOXX",
      "corr_hybrid": 0.6429,
      "corr_structured": 0.2,
      "cat1": "ETF",
      "cat2": "ETF",
      "exp1": "south_korea",
      "exp2": "semiconductor",
      "fam1": "em_equity",
      "fam2": "sector_tech"
    },
    {
      "t1": "SPYV",
      "t2": "VSS",
      "corr_hybrid": 0.6393,
      "corr_structured": 0.2,
      "cat1": "ETF",
      "cat2": "ETF",
      "exp1": "sp500_value",
      "exp2": "intl_small_cap",
      "fam1": "factor_value",
      "fam2": null
    },
    {
      "t1": "SOXX",
      "t2": "SPYV",
      "corr_hybrid": 0.6358,
      "corr_structured": 0.2,
      "cat1": "ETF",
      "cat2": "ETF",
      "exp1": "semiconductor",
      "exp2": "sp500_value",
      "fam1": "sector_tech",
      "fam2": "factor_value"
    },
    {
      "t1": "HDV",
      "t2": "SCHD",
      "corr_hybrid": 0.6259,
      "corr_structured": 0.95,
      "cat1": "ETF",
      "cat2": "ETF",
      "exp1": "dividend",
      "exp2": "dividend",
      "fam1": "factor_dividend",
      "fam2": "factor_dividend"
    },
    {
      "t1": "SOXX",
      "t2": "VSS",
      "corr_hybrid": 0.6122,
      "corr_structured": 0.2,
      "cat1": "ETF",
      "cat2": "ETF",
      "exp1": "semiconductor",
      "exp2": "intl_small_cap",
      "fam1": "sector_tech",
      "fam2": null
    },
    {
      "t1": "GGG",
      "t2": "SPYV",
      "corr_hybrid": 0.5982,
      "corr_structured": null,
      "cat1": "Act",
      "cat2": "ETF",
      "exp1": null,
      "exp2": "sp500_value",
      "fam1": null,
      "fam2": "factor_value"
    },
    {
      "t1": "FLKR",
      "t2": "MU",
      "corr_hybrid": 0.5961,
      "corr_structured": null,
      "cat1": "ETF",
      "cat2": "Act",
      "exp1": "south_korea",
      "exp2": null,
      "fam1": "em_equity",
      "fam2": null
    },
    {
      "t1": "HDV",
      "t2": "SPYV",
      "corr_hybrid": 0.5878,
      "corr_structured": 0.8,
      "cat1": "ETF",
      "cat2": "ETF",
      "exp1": "dividend",
      "exp2": "sp500_value",
      "fam1": "factor_dividend",
      "fam2": "factor_value"
    },
    {
      "t1": "GGG",
      "t2": "SCHD",
      "corr_hybrid": 0.5875,
      "corr_structured": null,
      "cat1": "Act",
      "cat2": "ETF",
      "exp1": null,
      "exp2": "dividend",
      "fam1": null,
      "fam2": "factor_dividend"
    },
    {
      "t1": "SPYV",
      "t2": "XLV",
      "corr_hybrid": 0.5827,
      "corr_structured": 0.2,
      "cat1": "ETF",
      "cat2": "ETF",
      "exp1": "sp500_value",
      "exp2": "healthcare",
      "fam1": "factor_value",
      "fam2": "sector_healthcare"
    },
    {
      "t1": "ACWV",
      "t2": "SCHD",
      "corr_hybrid": 0.5817,
      "corr_structured": 0.72,
      "cat1": "ETF",
      "cat2": "ETF",
      "exp1": "min_vol",
      "exp2": "dividend",
      "fam1": "factor_min_vol",
      "fam2": "factor_dividend"
    },
    {
      "t1": "ACWV",
      "t2": "SPYV",
      "corr_hybrid": 0.5756,
      "corr_structured": 0.2,
      "cat1": "ETF",
      "cat2": "ETF",
      "exp1": "min_vol",
      "exp2": "sp500_value",
      "fam1": "factor_min_vol",
      "fam2": "factor_value"
    },
    {
      "t1": "SPYV",
      "t2": "XBI",
      "corr_hybrid": 0.5749,
      "corr_structured": 0.2,
      "cat1": "ETF",
      "cat2": "ETF",
      "exp1": "sp500_value",
      "exp2": "biotech",
      "fam1": "factor_value",
      "fam2": "sector_healthcare"
    },
    {
      "t1": "SCHD",
      "t2": "VSS",
      "corr_hybrid": 0.5737,
      "corr_structured": 0.2,
      "cat1": "ETF",
      "cat2": "ETF",
      "exp1": "dividend",
      "exp2": "intl_small_cap",
      "fam1": "factor_dividend",
      "fam2": null
    },
    {
      "t1": "RIO",
      "t2": "VSS",
      "corr_hybrid": 0.5723,
      "corr_structured": null,
      "cat1": "Act",
      "cat2": "ETF",
      "exp1": null,
      "exp2": "intl_small_cap",
      "fam1": null,
      "fam2": null
    },
    {
      "t1": "SCHY",
      "t2": "VSS",
      "corr_hybrid": 0.5723,
      "corr_structured": 0.2,
      "cat1": "ETF",
      "cat2": "ETF",
      "exp1": "international",
      "exp2": "intl_small_cap",
      "fam1": "intl_equity",
      "fam2": null
    },
    {
      "t1": "REMX",
      "t2": "SLV",
      "corr_hybrid": 0.5722,
      "corr_structured": 0.2,
      "cat1": "ETF",
      "cat2": "ETF",
      "exp1": "rare_earth",
      "exp2": "silver_physical",
      "fam1": null,
      "fam2": "precious_metals"
    },
    {
      "t1": "SCHY",
      "t2": "SPYV",
      "corr_hybrid": 0.5701,
      "corr_structured": 0.2,
      "cat1": "ETF",
      "cat2": "ETF",
      "exp1": "international",
      "exp2": "sp500_value",
      "fam1": "intl_equity",
      "fam2": "factor_value"
    },
    {
      "t1": "SCHD",
      "t2": "XLV",
      "corr_hybrid": 0.5689,
      "corr_structured": 0.2,
      "cat1": "ETF",
      "cat2": "ETF",
      "exp1": "dividend",
      "exp2": "healthcare",
      "fam1": "factor_dividend",
      "fam2": "sector_healthcare"
    },
    {
      "t1": "SCHD",
      "t2": "SPLV",
      "corr_hybrid": 0.5686,
      "corr_structured": 0.82,
      "cat1": "ETF",
      "cat2": "ETF",
      "exp1": "dividend",
      "exp2": "sp500",
      "fam1": "factor_dividend",
      "fam2": "us_equity_large"
    },
    {
      "t1": "REMX",
      "t2": "VSS",
      "corr_hybrid": 0.5677,
      "corr_structured": 0.2,
      "cat1": "ETF",
      "cat2": "ETF",
      "exp1": "rare_earth",
      "exp2": "intl_small_cap",
      "fam1": null,
      "fam2": null
    }
  ],
  "all_pairs_bottom_10": [
    {
      "t1": "SCHO",
      "t2": "VRT",
      "corr_hybrid": 0.0132,
      "corr_structured": null,
      "cat1": "Obl",
      "cat2": "Act",
      "exp1": "bonds_short_treasury",
      "exp2": null,
      "fam1": "bonds_short",
      "fam2": null
    },
    {
      "t1": "SGOV",
      "t2": "VRT",
      "corr_hybrid": 0.0132,
      "corr_structured": null,
      "cat1": "Obl",
      "cat2": "Act",
      "exp1": "bonds_tbill",
      "exp2": null,
      "fam1": "bonds_short",
      "fam2": null
    },
    {
      "t1": "STIP",
      "t2": "VRT",
      "corr_hybrid": 0.0132,
      "corr_structured": null,
      "cat1": "Obl",
      "cat2": "Act",
      "exp1": "bonds_tips",
      "exp2": null,
      "fam1": "bonds_gov",
      "fam2": null
    },
    {
      "t1": "VGSH",
      "t2": "VRT",
      "corr_hybrid": 0.0132,
      "corr_structured": null,
      "cat1": "Obl",
      "cat2": "Act",
      "exp1": "bonds_short_treasury",
      "exp2": null,
      "fam1": "bonds_short",
      "fam2": null
    },
    {
      "t1": "INCY",
      "t2": "SLV",
      "corr_hybrid": -0.0121,
      "corr_structured": null,
      "cat1": "Act",
      "cat2": "ETF",
      "exp1": null,
      "exp2": "silver_physical",
      "fam1": null,
      "fam2": "precious_metals"
    },
    {
      "t1": "AGS",
      "t2": "SLVP",
      "corr_hybrid": 0.0111,
      "corr_structured": null,
      "cat1": "Act",
      "cat2": "ETF",
      "exp1": null,
      "exp2": "silver_miners",
      "fam1": null,
      "fam2": "precious_metals"
    },
    {
      "t1": "SCHP",
      "t2": "SLV",
      "corr_hybrid": 0.0083,
      "corr_structured": 0.2,
      "cat1": "Act",
      "cat2": "ETF",
      "exp1": "bonds_tips",
      "exp2": "silver_physical",
      "fam1": "bonds_gov",
      "fam2": "precious_metals"
    },
    {
      "t1": "JNJ",
      "t2": "NVDA",
      "corr_hybrid": 0.0081,
      "corr_structured": null,
      "cat1": "Act",
      "cat2": "Act",
      "exp1": null,
      "exp2": null,
      "fam1": null,
      "fam2": null
    },
    {
      "t1": "CF",
      "t2": "XLV",
      "corr_hybrid": 0.0056,
      "corr_structured": null,
      "cat1": "Act",
      "cat2": "ETF",
      "exp1": null,
      "exp2": "healthcare",
      "fam1": null,
      "fam2": "sector_healthcare"
    },
    {
      "t1": "CF",
      "t2": "SOXX",
      "corr_hybrid": 0.0021,
      "corr_structured": null,
      "cat1": "Act",
      "cat2": "ETF",
      "exp1": null,
      "exp2": "semiconductor",
      "fam1": null,
      "fam2": "sector_tech"
    }
  ],
  "correlation_matrix": {
    "tickers": [
      "ACWV",
      "AGS",
      "BKR",
      "BSV",
      "CF",
      "CLTL",
      "EOG",
      "FLKR",
      "GD",
      "GGG",
      "GLD",
      "GOOGL",
      "HDV",
      "INCY",
      "ITX",
      "JNJ",
      "MU",
      "NVDA",
      "PAAA",
      "PG",
      "REMX",
      "RIO",
      "SCHD",
      "SCHO",
      "SCHP",
      "SCHY",
      "SGOV",
      "SLV",
      "SLVP",
      "SOXX",
      "SPLV",
      "SPYV",
      "STIP",
      "ULVR",
      "VGSH",
      "VICI",
      "VRT",
      "VSS",
      "XBI",
      "XLV"
    ],
    "matrix": [
      [
        1.0,
        0.4021,
        0.4238,
        0.0994,
        0.0928,
        0.0994,
        0.3226,
        0.3621,
        0.4561,
        0.5141,
        0.1724,
        0.3324,
        0.5553,
        0.4174,
        0.1625,
        0.3891,
        0.246,
        0.2587,
        0.0994,
        0.3913,
        0.3917,
        0.4374,
        0.5817,
        0.0994,
        0.256,
        0.534,
        0.0994,
        0.1999,
        0.2291,
        0.3749,
        0.5362,
        0.5756,
        0.0994,
        0.127,
        0.0994,
        0.4379,
        0.1729,
        0.5318,
        0.4898,
        0.542
      ],
      [
        0.4021,
        1.0,
        0.3726,
        0.0719,
        0.2229,
        0.0719,
        0.3519,
        0.1858,
        0.3667,
        0.3942,
        0.0519,
        0.1973,
        0.4485,
        0.294,
        0.1079,
        0.3004,
        0.1191,
        0.1659,
        0.0719,
        0.3034,
        0.2175,
        0.2885,
        0.4669,
        0.0719,
        0.2169,
        0.3616,
        0.0719,
        0.0476,
        0.0111,
        0.2218,
        0.4173,
        0.422,
        0.0719,
        0.0808,
        0.0719,
        0.3584,
        0.0858,
        0.3367,
        0.3169,
        0.385
      ],
      [
        0.4238,
        0.3726,
        1.0,
        0.0685,
        0.3911,
        0.0685,
        0.5581,
        0.3513,
        0.4343,
        0.4659,
        0.1715,
        0.2984,
        0.5039,
        0.2915,
        0.0887,
        0.226,
        0.4003,
        0.4233,
        0.0685,
        0.2065,
        0.3818,
        0.4534,
        0.5666,
        0.0685,
        0.1959,
        0.4205,
        0.0685,
        0.23,
        0.0351,
        0.4993,
        0.405,
        0.5626,
        0.0685,
        0.0659,
        0.0685,
        0.3552,
        0.4162,
        0.4876,
        0.3834,
        0.3951
      ],
      [
        0.0994,
        0.0719,
        0.0685,
        1.0,
        0.0155,
        0.0184,
        0.0518,
        0.0558,
        0.0803,
        0.0879,
        0.0353,
        0.0516,
        0.0993,
        0.0721,
        0.0287,
        0.0751,
        0.0263,
        0.0308,
        0.0184,
        0.0763,
        0.0675,
        0.0759,
        0.1003,
        0.0184,
        0.0475,
        0.0955,
        0.0184,
        0.0387,
        0.0467,
        0.0511,
        0.0982,
        0.0958,
        0.0184,
        0.0235,
        0.0184,
        0.0812,
        0.0132,
        0.0906,
        0.0835,
        0.0958
      ],
      [
        0.0928,
        0.2229,
        0.3911,
        0.0155,
        1.0,
        0.0155,
        0.5676,
        -0.0998,
        0.2187,
        0.1223,
        0.1434,
        -0.1038,
        0.2613,
        -0.0612,
        -0.0597,
        0.0751,
        -0.0655,
        0.046,
        0.0155,
        0.06,
        0.0835,
        0.1962,
        0.25,
        0.0155,
        0.1052,
        0.0738,
        0.0155,
        0.1572,
        -0.2155,
        0.0021,
        0.1473,
        0.1322,
        0.0155,
        -0.0289,
        0.0155,
        0.2029,
        0.0689,
        0.0676,
        -0.0488,
        0.0056
      ],
      [
        0.0994,
        0.0719,
        0.0685,
        0.0184,
        0.0155,
        1.0,
        0.0518,
        0.0558,
        0.0803,
        0.0879,
        0.0353,
        0.0516,
        0.0993,
        0.0721,
        0.0287,
        0.0751,
        0.0263,
        0.0308,
        0.0184,
        0.0763,
        0.0675,
        0.0759,
        0.1003,
        0.0184,
        0.0475,
        0.0955,
        0.0184,
        0.0387,
        0.0467,
        0.0511,
        0.0982,
        0.0958,
        0.0184,
        0.0235,
        0.0184,
        0.0812,
        0.0132,
        0.0906,
        0.0835,
        0.0958
      ],
      [
        0.3226,
        0.3519,
        0.5581,
        0.0518,
        0.5676,
        0.0518,
        1.0,
        0.1867,
        0.387,
        0.3715,
        0.1429,
        0.1585,
        0.452,
        0.176,
        0.0362,
        0.1828,
        0.2443,
        0.31,
        0.0518,
        0.1639,
        0.272,
        0.3729,
        0.4932,
        0.0518,
        0.1799,
        0.3056,
        0.0518,
        0.1814,
        -0.1054,
        0.3378,
        0.3364,
        0.4381,
        0.0518,
        0.0305,
        0.0518,
        0.3259,
        0.3097,
        0.3453,
        0.2353,
        0.2699
      ],
      [
        0.3621,
        0.1858,
        0.3513,
        0.0558,
        -0.0998,
        0.0558,
        0.1867,
        1.0,
        0.2864,
        0.3857,
        0.2125,
        0.4288,
        0.3145,
        0.3194,
        0.1195,
        0.1252,
        0.5961,
        0.5084,
        0.0558,
        0.104,
        0.4572,
        0.4249,
        0.3993,
        0.0558,
        0.0884,
        0.4127,
        0.0558,
        0.3124,
        0.3232,
        0.6429,
        0.2718,
        0.5188,
        0.0558,
        0.0844,
        0.0558,
        0.1851,
        0.5382,
        0.5428,
        0.4602,
        0.3867
      ],
      [
        0.4561,
        0.3667,
        0.4343,
        0.0803,
        0.2187,
        0.0803,
        0.387,
        0.2864,
        1.0,
        0.4452,
        0.142,
        0.263,
        0.4943,
        0.328,
        0.119,
        0.3109,
        0.2255,
        0.2539,
        0.0803,
        0.3077,
        0.3263,
        0.3862,
        0.5234,
        0.0803,
        0.2218,
        0.436,
        0.0803,
        0.1676,
        0.1111,
        0.3369,
        0.4507,
        0.5022,
        0.0803,
        0.0927,
        0.0803,
        0.3822,
        0.1935,
        0.4426,
        0.3887,
        0.4355
      ],
      [
        0.5141,
        0.3942,
        0.4659,
        0.0879,
        0.1223,
        0.0879,
        0.3715,
        0.3857,
        0.4452,
        1.0,
        0.0728,
        0.3672,
        0.5305,
        0.4189,
        0.1576,
        0.3274,
        0.3554,
        0.3603,
        0.0879,
        0.3242,
        0.3499,
        0.402,
        0.5875,
        0.0879,
        0.2372,
        0.4875,
        0.0879,
        0.0969,
        0.1028,
        0.4633,
        0.4934,
        0.5982,
        0.0879,
        0.1103,
        0.0879,
        0.3975,
        0.2859,
        0.5109,
        0.4834,
        0.5203
      ],
      [
        0.1724,
        0.0519,
        0.1715,
        0.0353,
        0.1434,
        0.0353,
        0.1429,
        0.2125,
        0.142,
        0.0728,
        1.0,
        0.0521,
        0.1685,
        -0.0143,
        -0.0151,
        0.0889,
        0.0931,
        0.0718,
        0.0353,
        0.0695,
        0.4492,
        0.4168,
        0.1316,
        0.0353,
        0.0216,
        0.2719,
        0.0353,
        0.7171,
        0.5424,
        0.1606,
        0.1218,
        0.1501,
        0.0353,
        0.0369,
        0.0353,
        0.1275,
        0.1618,
        0.3426,
        0.141,
        0.0916
      ],
      [
        0.3324,
        0.1973,
        0.2984,
        0.0516,
        -0.1038,
        0.0516,
        0.1585,
        0.4288,
        0.263,
        0.3672,
        0.0521,
        1.0,
        0.2949,
        0.3223,
        0.1245,
        0.1414,
        0.4812,
        0.4192,
        0.0516,
        0.1302,
        0.3127,
        0.3019,
        0.3738,
        0.0516,
        0.1057,
        0.3449,
        0.0516,
        0.1037,
        0.163,
        0.5226,
        0.2712,
        0.462,
        0.0516,
        0.0786,
        0.0516,
        0.1853,
        0.406,
        0.4283,
        0.4065,
        0.3698
      ],
      [
        0.5553,
        0.4485,
        0.5039,
        0.0993,
        0.2613,
        0.0993,
        0.452,
        0.3145,
        0.4943,
        0.5305,
        0.1685,
        0.2949,
        1.0,
        0.3944,
        0.145,
        0.3962,
        0.2156,
        0.2585,
        0.0993,
        0.3959,
        0.3763,
        0.4522,
        0.6259,
        0.0993,
        0.2771,
        0.5253,
        0.0993,
        0.1906,
        0.1353,
        0.3554,
        0.5564,
        0.5878,
        0.0993,
        0.115,
        0.0993,
        0.474,
        0.174,
        0.5163,
        0.4583,
        0.5272
      ],
      [
        0.4174,
        0.294,
        0.2915,
        0.0721,
        -0.0612,
        0.0721,
        0.176,
        0.3194,
        0.328,
        0.4189,
        -0.0143,
        0.3223,
        0.3944,
        1.0,
        0.1525,
        0.2768,
        0.276,
        0.2634,
        0.0721,
        0.2813,
        0.24,
        0.2653,
        0.4418,
        0.0721,
        0.1882,
        0.3869,
        0.0721,
        -0.0121,
        0.0977,
        0.3537,
        0.3966,
        0.4669,
        0.0721,
        0.1019,
        0.0721,
        0.3006,
        0.1784,
        0.3911,
        0.4131,
        0.4457
      ],
      [
        0.1625,
        0.1079,
        0.0887,
        0.0287,
        -0.0597,
        0.0287,
        0.0362,
        0.1195,
        0.119,
        0.1576,
        -0.0151,
        0.1245,
        0.145,
        0.1525,
        1.0,
        0.1138,
        0.0915,
        0.0843,
        0.0287,
        0.1176,
        0.0836,
        0.0896,
        0.1607,
        0.0287,
        0.073,
        0.149,
        0.0287,
        -0.0185,
        0.0485,
        0.1209,
        0.1545,
        0.1717,
        0.0287,
        0.0429,
        0.0287,
        0.1138,
        0.045,
        0.1444,
        0.162,
        0.177
      ],
      [
        0.3891,
        0.3004,
        0.226,
        0.0751,
        0.0751,
        0.0751,
        0.1828,
        0.1252,
        0.3109,
        0.3274,
        0.0889,
        0.1414,
        0.3962,
        0.2768,
        0.1138,
        1.0,
        -0.0359,
        0.0081,
        0.0751,
        0.3507,
        0.1905,
        0.2395,
        0.3795,
        0.0751,
        0.21,
        0.3516,
        0.0751,
        0.0724,
        0.1299,
        0.0705,
        0.4085,
        0.3268,
        0.0751,
        0.0944,
        0.0751,
        0.3447,
        -0.0937,
        0.2878,
        0.2879,
        0.3705
      ],
      [
        0.246,
        0.1191,
        0.4003,
        0.0263,
        -0.0655,
        0.0263,
        0.2443,
        0.5961,
        0.2255,
        0.3554,
        0.0931,
        0.4812,
        0.2156,
        0.276,
        0.0915,
        -0.0359,
        1.0,
        0.7036,
        0.0263,
        -0.0715,
        0.4096,
        0.3716,
        0.3551,
        0.0263,
        0.017,
        0.3039,
        0.0263,
        0.2073,
        0.155,
        0.8178,
        0.1356,
        0.5221,
        0.0263,
        0.0441,
        0.0263,
        0.0625,
        0.7838,
        0.5026,
        0.4222,
        0.2972
      ],
      [
        0.2587,
        0.1659,
        0.4233,
        0.0308,
        0.046,
        0.0308,
        0.31,
        0.5084,
        0.2539,
        0.3603,
        0.0718,
        0.4192,
        0.2585,
        0.2634,
        0.0843,
        0.0081,
        0.7036,
        1.0,
        0.0308,
        -0.0228,
        0.3619,
        0.3528,
        0.3806,
        0.0308,
        0.051,
        0.2962,
        0.0308,
        0.1641,
        0.0796,
        0.7172,
        0.1752,
        0.5032,
        0.0308,
        0.0416,
        0.0308,
        0.1123,
        0.6804,
        0.4589,
        0.3845,
        0.2944
      ],
      [
        0.0994,
        0.0719,
        0.0685,
        0.0184,
        0.0155,
        0.0184,
        0.0518,
        0.0558,
        0.0803,
        0.0879,
        0.0353,
        0.0516,
        0.0993,
        0.0721,
        0.0287,
        0.0751,
        0.0263,
        0.0308,
        1.0,
        0.0763,
        0.0675,
        0.0759,
        0.1003,
        0.0184,
        0.0475,
        0.0955,
        0.0184,
        0.0387,
        0.0467,
        0.0511,
        0.0982,
        0.0958,
        0.0184,
        0.0235,
        0.0184,
        0.0812,
        0.0132,
        0.0906,
        0.0835,
        0.0958
      ],
      [
        0.3913,
        0.3034,
        0.2065,
        0.0763,
        0.06,
        0.0763,
        0.1639,
        0.104,
        0.3077,
        0.3242,
        0.0695,
        0.1302,
        0.3959,
        0.2813,
        0.1176,
        0.3507,
        -0.0715,
        -0.0228,
        0.0763,
        1.0,
        0.1688,
        0.2198,
        0.374,
        0.0763,
        0.2164,
        0.3473,
        0.0763,
        0.0437,
        0.1203,
        0.0366,
        0.4161,
        0.3144,
        0.0763,
        0.097,
        0.0763,
        0.3505,
        -0.1359,
        0.2706,
        0.2824,
        0.3741
      ],
      [
        0.3917,
        0.2175,
        0.3818,
        0.0675,
        0.0835,
        0.0675,
        0.272,
        0.4572,
        0.3263,
        0.3499,
        0.4492,
        0.3127,
        0.3763,
        0.24,
        0.0836,
        0.1905,
        0.4096,
        0.3619,
        0.0675,
        0.1688,
        1.0,
        0.5319,
        0.408,
        0.0675,
        0.1142,
        0.4634,
        0.0675,
        0.5722,
        0.4711,
        0.4974,
        0.3187,
        0.4723,
        0.0675,
        0.0858,
        0.0675,
        0.26,
        0.4079,
        0.5677,
        0.4073,
        0.357
      ],
      [
        0.4374,
        0.2885,
        0.4534,
        0.0759,
        0.1962,
        0.0759,
        0.3729,
        0.4249,
        0.3862,
        0.402,
        0.4168,
        0.3019,
        0.4522,
        0.2653,
        0.0896,
        0.2395,
        0.3716,
        0.3528,
        0.0759,
        0.2198,
        0.5319,
        1.0,
        0.482,
        0.0759,
        0.1579,
        0.4885,
        0.0759,
        0.5237,
        0.3883,
        0.4776,
        0.3835,
        0.5148,
        0.0759,
        0.089,
        0.0759,
        0.3258,
        0.3773,
        0.5723,
        0.4164,
        0.3939
      ],
      [
        0.5817,
        0.4669,
        0.5666,
        0.1003,
        0.25,
        0.1003,
        0.4932,
        0.3993,
        0.5234,
        0.5875,
        0.1316,
        0.3738,
        0.6259,
        0.4418,
        0.1607,
        0.3795,
        0.3551,
        0.3806,
        0.1003,
        0.374,
        0.408,
        0.482,
        1.0,
        0.1003,
        0.2782,
        0.5528,
        0.1003,
        0.1629,
        0.1061,
        0.4883,
        0.5686,
        0.6681,
        0.1003,
        0.1179,
        0.1003,
        0.4741,
        0.3036,
        0.5737,
        0.5178,
        0.5689
      ],
      [
        0.0994,
        0.0719,
        0.0685,
        0.0184,
        0.0155,
        0.0184,
        0.0518,
        0.0558,
        0.0803,
        0.0879,
        0.0353,
        0.0516,
        0.0993,
        0.0721,
        0.0287,
        0.0751,
        0.0263,
        0.0308,
        0.0184,
        0.0763,
        0.0675,
        0.0759,
        0.1003,
        1.0,
        0.0475,
        0.0955,
        0.0184,
        0.0387,
        0.0467,
        0.0511,
        0.0982,
        0.0958,
        0.0184,
        0.0235,
        0.0184,
        0.0812,
        0.0132,
        0.0906,
        0.0835,
        0.0958
      ],
      [
        0.256,
        0.2169,
        0.1959,
        0.0475,
        0.1052,
        0.0475,
        0.1799,
        0.0884,
        0.2218,
        0.2372,
        0.0216,
        0.1057,
        0.2771,
        0.1882,
        0.073,
        0.21,
        0.017,
        0.051,
        0.0475,
        0.2164,
        0.1142,
        0.1579,
        0.2782,
        0.0475,
        1.0,
        0.2247,
        0.0475,
        0.0083,
        0.0173,
        0.0848,
        0.2715,
        0.2417,
        0.0475,
        0.056,
        0.0475,
        0.2317,
        -0.014,
        0.1904,
        0.1917,
        0.2459
      ],
      [
        0.534,
        0.3616,
        0.4205,
        0.0955,
        0.0738,
        0.0955,
        0.3056,
        0.4127,
        0.436,
        0.4875,
        0.2719,
        0.3449,
        0.5253,
        0.3869,
        0.149,
        0.3516,
        0.3039,
        0.2962,
        0.0955,
        0.3473,
        0.4634,
        0.4885,
        0.5528,
        0.0955,
        0.2247,
        1.0,
        0.0955,
        0.3306,
        0.3327,
        0.427,
        0.4976,
        0.5701,
        0.0955,
        0.1233,
        0.0955,
        0.4045,
        0.2451,
        0.5723,
        0.4932,
        0.5161
      ],
      [
        0.0994,
        0.0719,
        0.0685,
        0.0184,
        0.0155,
        0.0184,
        0.0518,
        0.0558,
        0.0803,
        0.0879,
        0.0353,
        0.0516,
        0.0993,
        0.0721,
        0.0287,
        0.0751,
        0.0263,
        0.0308,
        0.0184,
        0.0763,
        0.0675,
        0.0759,
        0.1003,
        0.0184,
        0.0475,
        0.0955,
        1.0,
        0.0387,
        0.0467,
        0.0511,
        0.0982,
        0.0958,
        0.0184,
        0.0235,
        0.0184,
        0.0812,
        0.0132,
        0.0906,
        0.0835,
        0.0958
      ],
      [
        0.1999,
        0.0476,
        0.23,
        0.0387,
        0.1572,
        0.0387,
        0.1814,
        0.3124,
        0.1676,
        0.0969,
        0.7171,
        0.1037,
        0.1906,
        -0.0121,
        -0.0185,
        0.0724,
        0.2073,
        0.1641,
        0.0387,
        0.0437,
        0.5722,
        0.5237,
        0.1629,
        0.0387,
        0.0083,
        0.3306,
        0.0387,
        1.0,
        0.6637,
        0.2788,
        0.1244,
        0.2091,
        0.0387,
        0.041,
        0.0387,
        0.1289,
        0.2914,
        0.4443,
        0.1912,
        0.1097
      ],
      [
        0.2291,
        0.0111,
        0.0351,
        0.0467,
        -0.2155,
        0.0467,
        -0.1054,
        0.3232,
        0.1111,
        0.1028,
        0.5424,
        0.163,
        0.1353,
        0.0977,
        0.0485,
        0.1299,
        0.155,
        0.0796,
        0.0467,
        0.1203,
        0.4711,
        0.3883,
        0.1061,
        0.0467,
        0.0173,
        0.3327,
        0.0467,
        0.6637,
        1.0,
        0.2125,
        0.149,
        0.1821,
        0.0467,
        0.0775,
        0.0467,
        0.1062,
        0.1363,
        0.4001,
        0.2562,
        0.1922
      ],
      [
        0.3749,
        0.2218,
        0.4993,
        0.0511,
        0.0021,
        0.0511,
        0.3378,
        0.6429,
        0.3369,
        0.4633,
        0.1606,
        0.5226,
        0.3554,
        0.3537,
        0.1209,
        0.0705,
        0.8178,
        0.7172,
        0.0511,
        0.0366,
        0.4974,
        0.4776,
        0.4883,
        0.0511,
        0.0848,
        0.427,
        0.0511,
        0.2788,
        0.2125,
        1.0,
        0.2695,
        0.6358,
        0.0511,
        0.0722,
        0.0511,
        0.1809,
        0.7749,
        0.6122,
        0.5136,
        0.4118
      ],
      [
        0.5362,
        0.4173,
        0.405,
        0.0982,
