{
  "_meta": {
    "generated": "2026-06-12T11:40:52",
    "portfolio_generated": "2026-06-12T11:37:42.363311",
    "n_assets": 16,
    "n_with_returns": 10,
    "covariance_method": "hybrid_shrunk",
    "condition_number": 90.8,
    "pca_factors": 3
  },
  "profiles": {
    "Agressif": {
      "n_assets": 9,
      "weighted_avg_correlation": 0.2488,
      "most_correlated": [
        {
          "t1": "VWCE.DE",
          "t2": "IWDA.AS",
          "corr": 0.4032,
          "w1": 50.0,
          "w2": 15.0,
          "combined_weight": 65.0
        },
        {
          "t1": "VWCE.DE",
          "t2": "SGLN.AS",
          "corr": 0.4032,
          "w1": 50.0,
          "w2": 5.0,
          "combined_weight": 55.0
        },
        {
          "t1": "IWDA.AS",
          "t2": "SGLN.AS",
          "corr": 0.4032,
          "w1": 15.0,
          "w2": 5.0,
          "combined_weight": 20.0
        },
        {
          "t1": "EXPD",
          "t2": "ITX",
          "corr": 0.336,
          "w1": 5.0,
          "w2": 5.0,
          "combined_weight": 10.0
        },
        {
          "t1": "VWCE.DE",
          "t2": "CBOE",
          "corr": 0.3189,
          "w1": 50.0,
          "w2": 5.0,
          "combined_weight": 55.0
        },
        {
          "t1": "IWDA.AS",
          "t2": "CBOE",
          "corr": 0.3189,
          "w1": 15.0,
          "w2": 5.0,
          "combined_weight": 20.0
        },
        {
          "t1": "CBOE",
          "t2": "SGLN.AS",
          "corr": 0.3189,
          "w1": 5.0,
          "w2": 5.0,
          "combined_weight": 10.0
        },
        {
          "t1": "VWCE.DE",
          "t2": "LOGN",
          "corr": 0.2265,
          "w1": 50.0,
          "w2": 5.0,
          "combined_weight": 55.0
        },
        {
          "t1": "IWDA.AS",
          "t2": "LOGN",
          "corr": 0.2265,
          "w1": 15.0,
          "w2": 5.0,
          "combined_weight": 20.0
        },
        {
          "t1": "LOGN",
          "t2": "SGLN.AS",
          "corr": 0.2265,
          "w1": 5.0,
          "w2": 5.0,
          "combined_weight": 10.0
        }
      ],
      "least_correlated": [
        {
          "t1": "LOGN",
          "t2": "IBGS.AS",
          "corr": 0.0497,
          "w1": 5.0,
          "w2": 5.0,
          "combined_weight": 10.0
        },
        {
          "t1": "ITX",
          "t2": "IBGS.AS",
          "corr": 0.0437,
          "w1": 5.0,
          "w2": 5.0,
          "combined_weight": 10.0
        },
        {
          "t1": "CF",
          "t2": "IBGS.AS",
          "corr": 0.0405,
          "w1": 5.0,
          "w2": 5.0,
          "combined_weight": 10.0
        },
        {
          "t1": "EXPD",
          "t2": "IBGS.AS",
          "corr": 0.04,
          "w1": 5.0,
          "w2": 5.0,
          "combined_weight": 10.0
        },
        {
          "t1": "CF",
          "t2": "ITX",
          "corr": 0.0017,
          "w1": 5.0,
          "w2": 5.0,
          "combined_weight": 10.0
        }
      ],
      "high_corr_high_weight": []
    },
    "Mod\u00e9r\u00e9": {
      "n_assets": 9,
      "weighted_avg_correlation": 0.1357,
      "most_correlated": [
        {
          "t1": "VWCE.DE",
          "t2": "SGLN.AS",
          "corr": 0.4032,
          "w1": 50.0,
          "w2": 5.0,
          "combined_weight": 55.0
        },
        {
          "t1": "VWCE.DE",
          "t2": "LOGN",
          "corr": 0.2265,
          "w1": 50.0,
          "w2": 5.0,
          "combined_weight": 55.0
        },
        {
          "t1": "LOGN",
          "t2": "SGLN.AS",
          "corr": 0.2265,
          "w1": 5.0,
          "w2": 5.0,
          "combined_weight": 10.0
        },
        {
          "t1": "VWCE.DE",
          "t2": "NOVN",
          "corr": 0.2167,
          "w1": 50.0,
          "w2": 5.0,
          "combined_weight": 55.0
        },
        {
          "t1": "NOVN",
          "t2": "SGLN.AS",
          "corr": 0.2167,
          "w1": 5.0,
          "w2": 5.0,
          "combined_weight": 10.0
        },
        {
          "t1": "CF",
          "t2": "EXPD",
          "corr": 0.1818,
          "w1": 5.0,
          "w2": 5.0,
          "combined_weight": 10.0
        },
        {
          "t1": "VWCE.DE",
          "t2": "EXPD",
          "corr": 0.1766,
          "w1": 50.0,
          "w2": 5.0,
          "combined_weight": 55.0
        },
        {
          "t1": "EXPD",
          "t2": "SGLN.AS",
          "corr": 0.1766,
          "w1": 5.0,
          "w2": 5.0,
          "combined_weight": 10.0
        },
        {
          "t1": "VWCE.DE",
          "t2": "CF",
          "corr": 0.1654,
          "w1": 50.0,
          "w2": 5.0,
          "combined_weight": 55.0
        },
        {
          "t1": "CF",
          "t2": "SGLN.AS",
          "corr": 0.1654,
          "w1": 5.0,
          "w2": 5.0,
          "combined_weight": 10.0
        }
      ],
      "least_correlated": [
        {
          "t1": "EXPD",
          "t2": "IBCI.AS",
          "corr": 0.04,
          "w1": 5.0,
          "w2": 5.0,
          "combined_weight": 10.0
        },
        {
          "t1": "EXPD",
          "t2": "IBGS.AS",
          "corr": 0.04,
          "w1": 5.0,
          "w2": 5.0,
          "combined_weight": 10.0
        },
        {
          "t1": "AGGH.AS",
          "t2": "IBCI.AS",
          "corr": 0.0191,
          "w1": 15.0,
          "w2": 5.0,
          "combined_weight": 20.0
        },
        {
          "t1": "AGGH.AS",
          "t2": "IBGS.AS",
          "corr": 0.0191,
          "w1": 15.0,
          "w2": 5.0,
          "combined_weight": 20.0
        },
        {
          "t1": "IBCI.AS",
          "t2": "IBGS.AS",
          "corr": 0.0191,
          "w1": 5.0,
          "w2": 5.0,
          "combined_weight": 10.0
        }
      ],
      "high_corr_high_weight": []
    },
    "Stable": {
      "n_assets": 9,
      "weighted_avg_correlation": 0.0917,
      "most_correlated": [
        {
          "t1": "BVI",
          "t2": "PUB",
          "corr": 0.4412,
          "w1": 2.5,
          "w2": 2.5,
          "combined_weight": 5.0
        },
        {
          "t1": "VWCE.DE",
          "t2": "SGLN.AS",
          "corr": 0.4032,
          "w1": 20.0,
          "w2": 10.0,
          "combined_weight": 30.0
        },
        {
          "t1": "VWCE.DE",
          "t2": "PUB",
          "corr": 0.3868,
          "w1": 20.0,
          "w2": 2.5,
          "combined_weight": 22.5
        },
        {
          "t1": "SGLN.AS",
          "t2": "PUB",
          "corr": 0.3868,
          "w1": 10.0,
          "w2": 2.5,
          "combined_weight": 12.5
        },
        {
          "t1": "VWCE.DE",
          "t2": "BVI",
          "corr": 0.3618,
          "w1": 20.0,
          "w2": 2.5,
          "combined_weight": 22.5
        },
        {
          "t1": "SGLN.AS",
          "t2": "BVI",
          "corr": 0.3618,
          "w1": 10.0,
          "w2": 2.5,
          "combined_weight": 12.5
        },
        {
          "t1": "VWCE.DE",
          "t2": "NTGY",
          "corr": 0.1638,
          "w1": 20.0,
          "w2": 2.5,
          "combined_weight": 22.5
        },
        {
          "t1": "SGLN.AS",
          "t2": "NTGY",
          "corr": 0.1638,
          "w1": 10.0,
          "w2": 2.5,
          "combined_weight": 12.5
        },
        {
          "t1": "PUB",
          "t2": "NTGY",
          "corr": 0.1511,
          "w1": 2.5,
          "w2": 2.5,
          "combined_weight": 5.0
        },
        {
          "t1": "BVI",
          "t2": "NTGY",
          "corr": 0.1404,
          "w1": 2.5,
          "w2": 2.5,
          "combined_weight": 5.0
        }
      ],
      "least_correlated": [
        {
          "t1": "ADM",
          "t2": "PUB",
          "corr": 0.0268,
          "w1": 2.5,
          "w2": 2.5,
          "combined_weight": 5.0
        },
        {
          "t1": "AGGH.AS",
          "t2": "IBCI.AS",
          "corr": 0.0191,
          "w1": 25.0,
          "w2": 20.0,
          "combined_weight": 45.0
        },
        {
          "t1": "AGGH.AS",
          "t2": "IBGS.AS",
          "corr": 0.0191,
          "w1": 25.0,
          "w2": 15.0,
          "combined_weight": 40.0
        },
        {
          "t1": "IBCI.AS",
          "t2": "IBGS.AS",
          "corr": 0.0191,
          "w1": 20.0,
          "w2": 15.0,
          "combined_weight": 35.0
        },
        {
          "t1": "ADM",
          "t2": "BVI",
          "corr": 0.0156,
          "w1": 2.5,
          "w2": 2.5,
          "combined_weight": 5.0
        }
      ],
      "high_corr_high_weight": []
    }
  },
  "all_pairs_top_30": [
    {
      "t1": "ADM",
      "t2": "CF",
      "corr_hybrid": 0.5282,
      "corr_structured": null,
      "cat1": "Act",
      "cat2": "Act",
      "exp1": null,
      "exp2": null,
      "fam1": null,
      "fam2": null
    },
    {
      "t1": "BVI",
      "t2": "PUB",
      "corr_hybrid": 0.4412,
      "corr_structured": null,
      "cat1": "Act",
      "cat2": "Act",
      "exp1": null,
      "exp2": null,
      "fam1": null,
      "fam2": null
    },
    {
      "t1": "IWDA.AS",
      "t2": "SGLN.AS",
      "corr_hybrid": 0.4032,
      "corr_structured": null,
      "cat1": "ETF",
      "cat2": "ETF",
      "exp1": null,
      "exp2": null,
      "fam1": null,
      "fam2": null
    },
    {
      "t1": "IWDA.AS",
      "t2": "VWCE.DE",
      "corr_hybrid": 0.4032,
      "corr_structured": null,
      "cat1": "ETF",
      "cat2": "ETF",
      "exp1": null,
      "exp2": null,
      "fam1": null,
      "fam2": null
    },
    {
      "t1": "SGLN.AS",
      "t2": "VWCE.DE",
      "corr_hybrid": 0.4032,
      "corr_structured": null,
      "cat1": "ETF",
      "cat2": "ETF",
      "exp1": null,
      "exp2": null,
      "fam1": null,
      "fam2": null
    },
    {
      "t1": "IWDA.AS",
      "t2": "PUB",
      "corr_hybrid": 0.3868,
      "corr_structured": null,
      "cat1": "ETF",
      "cat2": "Act",
      "exp1": null,
      "exp2": null,
      "fam1": null,
      "fam2": null
    },
    {
      "t1": "PUB",
      "t2": "SGLN.AS",
      "corr_hybrid": 0.3868,
      "corr_structured": null,
      "cat1": "Act",
      "cat2": "ETF",
      "exp1": null,
      "exp2": null,
      "fam1": null,
      "fam2": null
    },
    {
      "t1": "PUB",
      "t2": "VWCE.DE",
      "corr_hybrid": 0.3868,
      "corr_structured": null,
      "cat1": "Act",
      "cat2": "ETF",
      "exp1": null,
      "exp2": null,
      "fam1": null,
      "fam2": null
    },
    {
      "t1": "BVI",
      "t2": "IWDA.AS",
      "corr_hybrid": 0.3618,
      "corr_structured": null,
      "cat1": "Act",
      "cat2": "ETF",
      "exp1": null,
      "exp2": null,
      "fam1": null,
      "fam2": null
    },
    {
      "t1": "BVI",
      "t2": "SGLN.AS",
      "corr_hybrid": 0.3618,
      "corr_structured": null,
      "cat1": "Act",
      "cat2": "ETF",
      "exp1": null,
      "exp2": null,
      "fam1": null,
      "fam2": null
    },
    {
      "t1": "BVI",
      "t2": "VWCE.DE",
      "corr_hybrid": 0.3618,
      "corr_structured": null,
      "cat1": "Act",
      "cat2": "ETF",
      "exp1": null,
      "exp2": null,
      "fam1": null,
      "fam2": null
    },
    {
      "t1": "EXPD",
      "t2": "ITX",
      "corr_hybrid": 0.336,
      "corr_structured": null,
      "cat1": "Act",
      "cat2": "Act",
      "exp1": null,
      "exp2": null,
      "fam1": null,
      "fam2": null
    },
    {
      "t1": "CBOE",
      "t2": "PUB",
      "corr_hybrid": 0.3208,
      "corr_structured": null,
      "cat1": "Act",
      "cat2": "Act",
      "exp1": null,
      "exp2": null,
      "fam1": null,
      "fam2": null
    },
    {
      "t1": "CBOE",
      "t2": "IWDA.AS",
      "corr_hybrid": 0.3189,
      "corr_structured": null,
      "cat1": "Act",
      "cat2": "ETF",
      "exp1": null,
      "exp2": null,
      "fam1": null,
      "fam2": null
    },
    {
      "t1": "CBOE",
      "t2": "SGLN.AS",
      "corr_hybrid": 0.3189,
      "corr_structured": null,
      "cat1": "Act",
      "cat2": "ETF",
      "exp1": null,
      "exp2": null,
      "fam1": null,
      "fam2": null
    },
    {
      "t1": "CBOE",
      "t2": "VWCE.DE",
      "corr_hybrid": 0.3189,
      "corr_structured": null,
      "cat1": "Act",
      "cat2": "ETF",
      "exp1": null,
      "exp2": null,
      "fam1": null,
      "fam2": null
    },
    {
      "t1": "BVI",
      "t2": "CBOE",
      "corr_hybrid": 0.3025,
      "corr_structured": null,
      "cat1": "Act",
      "cat2": "Act",
      "exp1": null,
      "exp2": null,
      "fam1": null,
      "fam2": null
    },
    {
      "t1": "NOVN",
      "t2": "PUB",
      "corr_hybrid": 0.2369,
      "corr_structured": null,
      "cat1": "Act",
      "cat2": "Act",
      "exp1": null,
      "exp2": null,
      "fam1": null,
      "fam2": null
    },
    {
      "t1": "IWDA.AS",
      "t2": "LOGN",
      "corr_hybrid": 0.2265,
      "corr_structured": null,
      "cat1": "ETF",
      "cat2": "Act",
      "exp1": null,
      "exp2": null,
      "fam1": null,
      "fam2": null
    },
    {
      "t1": "LOGN",
      "t2": "SGLN.AS",
      "corr_hybrid": 0.2265,
      "corr_structured": null,
      "cat1": "Act",
      "cat2": "ETF",
      "exp1": null,
      "exp2": null,
      "fam1": null,
      "fam2": null
    },
    {
      "t1": "LOGN",
      "t2": "VWCE.DE",
      "corr_hybrid": 0.2265,
      "corr_structured": null,
      "cat1": "Act",
      "cat2": "ETF",
      "exp1": null,
      "exp2": null,
      "fam1": null,
      "fam2": null
    },
    {
      "t1": "BVI",
      "t2": "NOVN",
      "corr_hybrid": 0.2264,
      "corr_structured": null,
      "cat1": "Act",
      "cat2": "Act",
      "exp1": null,
      "exp2": null,
      "fam1": null,
      "fam2": null
    },
    {
      "t1": "IWDA.AS",
      "t2": "NOVN",
      "corr_hybrid": 0.2167,
      "corr_structured": null,
      "cat1": "ETF",
      "cat2": "Act",
      "exp1": null,
      "exp2": null,
      "fam1": null,
      "fam2": null
    },
    {
      "t1": "NOVN",
      "t2": "SGLN.AS",
      "corr_hybrid": 0.2167,
      "corr_structured": null,
      "cat1": "Act",
      "cat2": "ETF",
      "exp1": null,
      "exp2": null,
      "fam1": null,
      "fam2": null
    },
    {
      "t1": "NOVN",
      "t2": "VWCE.DE",
      "corr_hybrid": 0.2167,
      "corr_structured": null,
      "cat1": "Act",
      "cat2": "ETF",
      "exp1": null,
      "exp2": null,
      "fam1": null,
      "fam2": null
    },
    {
      "t1": "LOGN",
      "t2": "PUB",
      "corr_hybrid": 0.1954,
      "corr_structured": null,
      "cat1": "Act",
      "cat2": "Act",
      "exp1": null,
      "exp2": null,
      "fam1": null,
      "fam2": null
    },
    {
      "t1": "ITX",
      "t2": "IWDA.AS",
      "corr_hybrid": 0.1878,
      "corr_structured": null,
      "cat1": "Act",
      "cat2": "ETF",
      "exp1": null,
      "exp2": null,
      "fam1": null,
      "fam2": null
    },
    {
      "t1": "ITX",
      "t2": "SGLN.AS",
      "corr_hybrid": 0.1878,
      "corr_structured": null,
      "cat1": "Act",
      "cat2": "ETF",
      "exp1": null,
      "exp2": null,
      "fam1": null,
      "fam2": null
    },
    {
      "t1": "ITX",
      "t2": "VWCE.DE",
      "corr_hybrid": 0.1878,
      "corr_structured": null,
      "cat1": "Act",
      "cat2": "ETF",
      "exp1": null,
      "exp2": null,
      "fam1": null,
      "fam2": null
    },
    {
      "t1": "CF",
      "t2": "EXPD",
      "corr_hybrid": 0.1818,
      "corr_structured": null,
      "cat1": "Act",
      "cat2": "Act",
      "exp1": null,
      "exp2": null,
      "fam1": null,
      "fam2": null
    }
  ],
  "all_pairs_bottom_10": [
    {
      "t1": "ADM",
      "t2": "IBCI.AS",
      "corr_hybrid": 0.0291,
      "corr_structured": null,
      "cat1": "Act",
      "cat2": "Obl",
      "exp1": null,
      "exp2": null,
      "fam1": null,
      "fam2": null
    },
    {
      "t1": "ADM",
      "t2": "IBGS.AS",
      "corr_hybrid": 0.0291,
      "corr_structured": null,
      "cat1": "Act",
      "cat2": "Obl",
      "exp1": null,
      "exp2": null,
      "fam1": null,
      "fam2": null
    },
    {
      "t1": "ADM",
      "t2": "PUB",
      "corr_hybrid": 0.0268,
      "corr_structured": null,
      "cat1": "Act",
      "cat2": "Act",
      "exp1": null,
      "exp2": null,
      "fam1": null,
      "fam2": null
    },
    {
      "t1": "BVI",
      "t2": "CF",
      "corr_hybrid": 0.022,
      "corr_structured": null,
      "cat1": "Act",
      "cat2": "Act",
      "exp1": null,
      "exp2": null,
      "fam1": null,
      "fam2": null
    },
    {
      "t1": "ITX",
      "t2": "NOVN",
      "corr_hybrid": -0.0219,
      "corr_structured": null,
      "cat1": "Act",
      "cat2": "Act",
      "exp1": null,
      "exp2": null,
      "fam1": null,
      "fam2": null
    },
    {
      "t1": "AGGH.AS",
      "t2": "IBCI.AS",
      "corr_hybrid": 0.0191,
      "corr_structured": null,
      "cat1": "Obl",
      "cat2": "Obl",
      "exp1": null,
      "exp2": null,
      "fam1": null,
      "fam2": null
    },
    {
      "t1": "AGGH.AS",
      "t2": "IBGS.AS",
      "corr_hybrid": 0.0191,
      "corr_structured": null,
      "cat1": "Obl",
      "cat2": "Obl",
      "exp1": null,
      "exp2": null,
      "fam1": null,
      "fam2": null
    },
    {
      "t1": "IBCI.AS",
      "t2": "IBGS.AS",
      "corr_hybrid": 0.0191,
      "corr_structured": null,
      "cat1": "Obl",
      "cat2": "Obl",
      "exp1": null,
      "exp2": null,
      "fam1": null,
      "fam2": null
    },
    {
      "t1": "ADM",
      "t2": "BVI",
      "corr_hybrid": 0.0156,
      "corr_structured": null,
      "cat1": "Act",
      "cat2": "Act",
      "exp1": null,
      "exp2": null,
      "fam1": null,
      "fam2": null
    },
    {
      "t1": "CF",
      "t2": "ITX",
      "corr_hybrid": 0.0017,
      "corr_structured": null,
      "cat1": "Act",
      "cat2": "Act",
      "exp1": null,
      "exp2": null,
      "fam1": null,
      "fam2": null
    }
  ],
  "correlation_matrix": {
    "tickers": [
      "ADM",
      "AGGH.AS",
      "BVI",
      "CBOE",
      "CF",
      "EXPD",
      "IBCI.AS",
      "IBGS.AS",
      "ITX",
      "IWDA.AS",
      "LOGN",
      "NOVN",
      "NTGY",
      "PUB",
      "SGLN.AS",
      "VWCE.DE"
    ],
    "matrix": [
      [
        1.0,
        0.0291,
        0.0156,
        0.0962,
        0.5282,
        0.1366,
        0.0291,
        0.0291,
        0.091,
        0.1212,
        0.1033,
        0.0751,
        0.0476,
        0.0268,
        0.1212,
        0.1212
      ],
      [
        0.0291,
        1.0,
        0.077,
        0.0692,
        0.0405,
        0.04,
        0.0191,
        0.0191,
        0.0437,
        0.0877,
        0.0497,
        0.0469,
        0.0357,
        0.0825,
        0.0877,
        0.0877
      ],
      [
        0.0156,
        0.077,
        1.0,
        0.3025,
        0.022,
        0.0603,
        0.077,
        0.077,
        -0.0858,
        0.3618,
        0.18,
        0.2264,
        0.1404,
        0.4412,
        0.3618,
        0.3618
      ],
      [
        0.0962,
        0.0692,
        0.3025,
        1.0,
        0.1408,
        0.1233,
        0.0692,
        0.0692,
        0.0909,
        0.3189,
        0.1766,
        0.1798,
        0.1278,
        0.3208,
        0.3189,
        0.3189
      ],
      [
        0.5282,
        0.0405,
        0.022,
        0.1408,
        1.0,
        0.1818,
        0.0405,
        0.0405,
        0.0017,
        0.1654,
        0.1493,
        0.1266,
        0.0602,
        0.0354,
        0.1654,
        0.1654
      ],
      [
        0.1366,
        0.04,
        0.0603,
        0.1233,
        0.1818,
        1.0,
        0.04,
        0.04,
        0.336,
        0.1766,
        0.1212,
        0.0625,
        0.0784,
        0.0783,
        0.1766,
        0.1766
      ],
      [
        0.0291,
        0.0191,
        0.077,
        0.0692,
        0.0405,
        0.04,
        1.0,
        0.0191,
        0.0437,
        0.0877,
        0.0497,
        0.0469,
        0.0357,
        0.0825,
        0.0877,
        0.0877
      ],
      [
        0.0291,
        0.0191,
        0.077,
        0.0692,
        0.0405,
        0.04,
        0.0191,
        1.0,
        0.0437,
        0.0877,
        0.0497,
        0.0469,
        0.0357,
        0.0825,
        0.0877,
        0.0877
      ],
      [
        0.091,
        0.0437,
        -0.0858,
        0.0909,
        0.0017,
        0.336,
        0.0437,
        0.0437,
        1.0,
        0.1878,
        0.1487,
        -0.0219,
        0.1013,
        -0.053,
        0.1878,
        0.1878
      ],
      [
        0.1212,
        0.0877,
        0.3618,
        0.3189,
        0.1654,
        0.1766,
        0.0877,
        0.0877,
        0.1878,
        1.0,
        0.2265,
        0.2167,
        0.1638,
        0.3868,
        0.4032,
        0.4032
      ],
      [
        0.1033,
        0.0497,
        0.18,
        0.1766,
        0.1493,
        0.1212,
        0.0497,
        0.0497,
        0.1487,
        0.2265,
        1.0,
        0.1174,
        0.0929,
        0.1954,
        0.2265,
        0.2265
      ],
      [
        0.0751,
        0.0469,
        0.2264,
        0.1798,
        0.1266,
        0.0625,
        0.0469,
        0.0469,
        -0.0219,
        0.2167,
        0.1174,
        1.0,
        0.0843,
        0.2369,
        0.2167,
        0.2167
      ],
      [
        0.0476,
        0.0357,
        0.1404,
        0.1278,
        0.0602,
        0.0784,
        0.0357,
        0.0357,
        0.1013,
        0.1638,
        0.0929,
        0.0843,
        1.0,
        0.1511,
        0.1638,
        0.1638
      ],
      [
        0.0268,
        0.0825,
        0.4412,
        0.3208,
        0.0354,
        0.0783,
        0.0825,
        0.0825,
        -0.053,
        0.3868,
        0.1954,
        0.2369,
        0.1511,
        1.0,
        0.3868,
        0.3868
      ],
      [
        0.1212,
        0.0877,
        0.3618,
        0.3189,
        0.1654,
        0.1766,
        0.0877,
        0.0877,
        0.1878,
        0.4032,
        0.2265,
        0.2167,
        0.1638,
        0.3868,
        1.0,
        0.4032
      ],
      [
        0.1212,
        0.0877,
        0.3618,
        0.3189,
        0.1654,
        0.1766,
        0.0877,
        0.0877,
        0.1878,
        0.4032,
        0.2265,
        0.2167,
        0.1638,
        0.3868,
        0.4032,
        1.0
      ]
    ]
  }
}