{
  "_meta": {
    "generated": "2026-06-01T08:32:13",
    "portfolio_generated": "2026-06-01T08:28:12.277920",
    "n_assets": 42,
    "n_with_returns": 30,
    "covariance_method": "hybrid_shrunk",
    "condition_number": 322.54,
    "pca_factors": 5
  },
  "profiles": {
    "Agressif": {
      "n_assets": 17,
      "weighted_avg_correlation": 0.2842,
      "most_correlated": [
        {
          "t1": "XCEM",
          "t2": "FLKR",
          "corr": 0.7587,
          "w1": 7.8,
          "w2": 4.9,
          "combined_weight": 12.7
        },
        {
          "t1": "XCEM",
          "t2": "SOXX",
          "corr": 0.7484,
          "w1": 7.8,
          "w2": 6.5,
          "combined_weight": 14.3
        },
        {
          "t1": "FLKR",
          "t2": "SOXX",
          "corr": 0.7443,
          "w1": 4.9,
          "w2": 6.5,
          "combined_weight": 11.4
        },
        {
          "t1": "XLK",
          "t2": "SOXX",
          "corr": 0.7382,
          "w1": 5.8,
          "w2": 6.5,
          "combined_weight": 12.3
        },
        {
          "t1": "PICK",
          "t2": "XCEM",
          "corr": 0.7172,
          "w1": 7.8,
          "w2": 7.8,
          "combined_weight": 15.6
        },
        {
          "t1": "XLK",
          "t2": "XCEM",
          "corr": 0.7058,
          "w1": 5.8,
          "w2": 7.8,
          "combined_weight": 13.6
        },
        {
          "t1": "XLK",
          "t2": "FLKR",
          "corr": 0.695,
          "w1": 5.8,
          "w2": 4.9,
          "combined_weight": 10.7
        },
        {
          "t1": "PICK",
          "t2": "FLKR",
          "corr": 0.6786,
          "w1": 7.8,
          "w2": 4.9,
          "combined_weight": 12.7
        },
        {
          "t1": "PICK",
          "t2": "SOXX",
          "corr": 0.6418,
          "w1": 7.8,
          "w2": 6.5,
          "combined_weight": 14.3
        },
        {
          "t1": "ICLN",
          "t2": "SOXX",
          "corr": 0.6358,
          "w1": 4.9,
          "w2": 6.5,
          "combined_weight": 11.4
        }
      ],
      "least_correlated": [
        {
          "t1": "FSLR",
          "t2": "FLTR",
          "corr": 0.0274,
          "w1": 5.5,
          "w2": 5.3,
          "combined_weight": 10.9
        },
        {
          "t1": "FSLR",
          "t2": "PAAA",
          "corr": 0.0274,
          "w1": 5.5,
          "w2": 5.3,
          "combined_weight": 10.9
        },
        {
          "t1": "FLTR",
          "t2": "PAAA",
          "corr": 0.0232,
          "w1": 5.3,
          "w2": 5.3,
          "combined_weight": 10.6
        },
        {
          "t1": "FIX",
          "t2": "FLTR",
          "corr": 0.0161,
          "w1": 4.4,
          "w2": 5.3,
          "combined_weight": 9.7
        },
        {
          "t1": "FIX",
          "t2": "PAAA",
          "corr": 0.0161,
          "w1": 4.4,
          "w2": 5.3,
          "combined_weight": 9.7
        }
      ],
      "high_corr_high_weight": [
        {
          "t1": "XCEM",
          "t2": "FLKR",
          "corr": 0.7587,
          "w1": 7.8,
          "w2": 4.9,
          "combined_weight": 12.7
        },
        {
          "t1": "XCEM",
          "t2": "SOXX",
          "corr": 0.7484,
          "w1": 7.8,
          "w2": 6.5,
          "combined_weight": 14.3
        },
        {
          "t1": "FLKR",
          "t2": "SOXX",
          "corr": 0.7443,
          "w1": 4.9,
          "w2": 6.5,
          "combined_weight": 11.4
        },
        {
          "t1": "XLK",
          "t2": "SOXX",
          "corr": 0.7382,
          "w1": 5.8,
          "w2": 6.5,
          "combined_weight": 12.3
        },
        {
          "t1": "PICK",
          "t2": "XCEM",
          "corr": 0.7172,
          "w1": 7.8,
          "w2": 7.8,
          "combined_weight": 15.6
        }
      ]
    },
    "Mod\u00e9r\u00e9": {
      "n_assets": 15,
      "weighted_avg_correlation": 0.1512,
      "most_correlated": [
        {
          "t1": "FNDF",
          "t2": "FNDX",
          "corr": 0.5855,
          "w1": 7.6,
          "w2": 7.5,
          "combined_weight": 15.1
        },
        {
          "t1": "FNDF",
          "t2": "DIVB",
          "corr": 0.506,
          "w1": 7.6,
          "w2": 7.5,
          "combined_weight": 15.0
        },
        {
          "t1": "FNDX",
          "t2": "DIVB",
          "corr": 0.4641,
          "w1": 7.5,
          "w2": 7.5,
          "combined_weight": 15.0
        },
        {
          "t1": "FNDF",
          "t2": "XLV",
          "corr": 0.4048,
          "w1": 7.6,
          "w2": 3.0,
          "combined_weight": 10.6
        },
        {
          "t1": "FNDX",
          "t2": "XLV",
          "corr": 0.3791,
          "w1": 7.5,
          "w2": 3.0,
          "combined_weight": 10.5
        },
        {
          "t1": "SCHD",
          "t2": "FNDF",
          "corr": 0.3778,
          "w1": 8.4,
          "w2": 7.6,
          "combined_weight": 16.0
        },
        {
          "t1": "FNDF",
          "t2": "GLD",
          "corr": 0.3719,
          "w1": 7.6,
          "w2": 4.0,
          "combined_weight": 11.6
        },
        {
          "t1": "DIVB",
          "t2": "XLV",
          "corr": 0.3592,
          "w1": 7.5,
          "w2": 3.0,
          "combined_weight": 10.5
        },
        {
          "t1": "SCHD",
          "t2": "FNDX",
          "corr": 0.3588,
          "w1": 8.4,
          "w2": 7.5,
          "combined_weight": 16.0
        },
        {
          "t1": "SCHD",
          "t2": "DIVB",
          "corr": 0.3478,
          "w1": 8.4,
          "w2": 7.5,
          "combined_weight": 15.9
        }
      ],
      "least_correlated": [
        {
          "t1": "TDTF",
          "t2": "ITX",
          "corr": 0.0129,
          "w1": 8.0,
          "w2": 6.7,
          "combined_weight": 14.7
        },
        {
          "t1": "TDTT",
          "t2": "ITX",
          "corr": 0.0129,
          "w1": 8.0,
          "w2": 6.7,
          "combined_weight": 14.7
        },
        {
          "t1": "FNDF",
          "t2": "ITX",
          "corr": -0.0008,
          "w1": 7.6,
          "w2": 6.7,
          "combined_weight": 14.3
        },
        {
          "t1": "NOVN",
          "t2": "GLD",
          "corr": -0.01,
          "w1": 7.0,
          "w2": 4.0,
          "combined_weight": 11.0
        },
        {
          "t1": "ITX",
          "t2": "GLD",
          "corr": -0.0122,
          "w1": 6.7,
          "w2": 4.0,
          "combined_weight": 10.7
        }
      ],
      "high_corr_high_weight": []
    },
    "Stable": {
      "n_assets": 15,
      "weighted_avg_correlation": 0.1186,
      "most_correlated": [
        {
          "t1": "SUNPHARMA",
          "t2": "VICI",
          "corr": 0.4343,
          "w1": 5.1,
          "w2": 5.1,
          "combined_weight": 10.1
        },
        {
          "t1": "ACWV",
          "t2": "SPYV",
          "corr": 0.4189,
          "w1": 6.3,
          "w2": 4.5,
          "combined_weight": 10.8
        },
        {
          "t1": "GD",
          "t2": "SUNPHARMA",
          "corr": 0.4016,
          "w1": 7.0,
          "w2": 5.1,
          "combined_weight": 12.1
        },
        {
          "t1": "GLD",
          "t2": "CS",
          "corr": 0.3944,
          "w1": 3.1,
          "w2": 5.1,
          "combined_weight": 8.2
        },
        {
          "t1": "KO",
          "t2": "SUNPHARMA",
          "corr": 0.3799,
          "w1": 5.1,
          "w2": 5.1,
          "combined_weight": 10.2
        },
        {
          "t1": "XLV",
          "t2": "SPYV",
          "corr": 0.3727,
          "w1": 4.0,
          "w2": 4.5,
          "combined_weight": 8.5
        },
        {
          "t1": "XLV",
          "t2": "ACWV",
          "corr": 0.3677,
          "w1": 4.0,
          "w2": 6.3,
          "combined_weight": 10.2
        },
        {
          "t1": "KO",
          "t2": "VICI",
          "corr": 0.3544,
          "w1": 5.1,
          "w2": 5.1,
          "combined_weight": 10.1
        },
        {
          "t1": "SUNPHARMA",
          "t2": "ACWV",
          "corr": 0.3492,
          "w1": 5.1,
          "w2": 6.3,
          "combined_weight": 11.3
        },
        {
          "t1": "SPLV",
          "t2": "VICI",
          "corr": 0.3368,
          "w1": 5.1,
          "w2": 5.1,
          "combined_weight": 10.1
        }
      ],
      "least_correlated": [
        {
          "t1": "STIP",
          "t2": "CLTL",
          "corr": 0.0232,
          "w1": 12.4,
          "w2": 11.3,
          "combined_weight": 23.7
        },
        {
          "t1": "STIP",
          "t2": "VGSH",
          "corr": 0.0232,
          "w1": 12.4,
          "w2": 8.9,
          "combined_weight": 21.3
        },
        {
          "t1": "BSV",
          "t2": "CLTL",
          "corr": 0.0232,
          "w1": 11.3,
          "w2": 11.3,
          "combined_weight": 22.5
        },
        {
          "t1": "BSV",
          "t2": "VGSH",
          "corr": 0.0232,
          "w1": 11.3,
          "w2": 8.9,
          "combined_weight": 20.2
        },
        {
          "t1": "CLTL",
          "t2": "VGSH",
          "corr": 0.0232,
          "w1": 11.3,
          "w2": 8.9,
          "combined_weight": 20.2
        }
      ],
      "high_corr_high_weight": []
    }
  },
  "all_pairs_top_30": [
    {
      "t1": "FLKR",
      "t2": "XCEM",
      "corr_hybrid": 0.7587,
      "corr_structured": 0.9,
      "cat1": "ETF",
      "cat2": "ETF",
      "exp1": "south_korea",
      "exp2": "emerging_markets",
      "fam1": "em_equity",
      "fam2": "em_equity"
    },
    {
      "t1": "SOXX",
      "t2": "XCEM",
      "corr_hybrid": 0.7484,
      "corr_structured": 0.2,
      "cat1": "ETF",
      "cat2": "ETF",
      "exp1": "semiconductor",
      "exp2": "emerging_markets",
      "fam1": "sector_tech",
      "fam2": "em_equity"
    },
    {
      "t1": "FLKR",
      "t2": "SOXX",
      "corr_hybrid": 0.7443,
      "corr_structured": 0.2,
      "cat1": "ETF",
      "cat2": "ETF",
      "exp1": "south_korea",
      "exp2": "semiconductor",
      "fam1": "em_equity",
      "fam2": "sector_tech"
    },
    {
      "t1": "SOXX",
      "t2": "XLK",
      "corr_hybrid": 0.7382,
      "corr_structured": 0.9,
      "cat1": "ETF",
      "cat2": "ETF",
      "exp1": "semiconductor",
      "exp2": "tech",
      "fam1": "sector_tech",
      "fam2": "sector_tech"
    },
    {
      "t1": "PICK",
      "t2": "XCEM",
      "corr_hybrid": 0.7172,
      "corr_structured": 0.2,
      "cat1": "ETF",
      "cat2": "ETF",
      "exp1": "metals_mining",
      "exp2": "emerging_markets",
      "fam1": null,
      "fam2": "em_equity"
    },
    {
      "t1": "FNDF",
      "t2": "XCEM",
      "corr_hybrid": 0.7131,
      "corr_structured": 0.62,
      "cat1": "ETF",
      "cat2": "ETF",
      "exp1": "international",
      "exp2": "emerging_markets",
      "fam1": "intl_equity",
      "fam2": "em_equity"
    },
    {
      "t1": "XCEM",
      "t2": "XLK",
      "corr_hybrid": 0.7058,
      "corr_structured": 0.2,
      "cat1": "ETF",
      "cat2": "ETF",
      "exp1": "emerging_markets",
      "exp2": "tech",
      "fam1": "em_equity",
      "fam2": "sector_tech"
    },
    {
      "t1": "FLKR",
      "t2": "XLK",
      "corr_hybrid": 0.695,
      "corr_structured": 0.2,
      "cat1": "ETF",
      "cat2": "ETF",
      "exp1": "south_korea",
      "exp2": "tech",
      "fam1": "em_equity",
      "fam2": "sector_tech"
    },
    {
      "t1": "FNDF",
      "t2": "PICK",
      "corr_hybrid": 0.6916,
      "corr_structured": 0.2,
      "cat1": "ETF",
      "cat2": "ETF",
      "exp1": "international",
      "exp2": "metals_mining",
      "fam1": "intl_equity",
      "fam2": null
    },
    {
      "t1": "FLKR",
      "t2": "PICK",
      "corr_hybrid": 0.6786,
      "corr_structured": 0.2,
      "cat1": "ETF",
      "cat2": "ETF",
      "exp1": "south_korea",
      "exp2": "metals_mining",
      "fam1": "em_equity",
      "fam2": null
    },
    {
      "t1": "FLKR",
      "t2": "FNDF",
      "corr_hybrid": 0.6647,
      "corr_structured": 0.62,
      "cat1": "ETF",
      "cat2": "ETF",
      "exp1": "south_korea",
      "exp2": "international",
      "fam1": "em_equity",
      "fam2": "intl_equity"
    },
    {
      "t1": "PICK",
      "t2": "SOXX",
      "corr_hybrid": 0.6418,
      "corr_structured": 0.2,
      "cat1": "ETF",
      "cat2": "ETF",
      "exp1": "metals_mining",
      "exp2": "semiconductor",
      "fam1": null,
      "fam2": "sector_tech"
    },
    {
      "t1": "ICLN",
      "t2": "SOXX",
      "corr_hybrid": 0.6358,
      "corr_structured": 0.2,
      "cat1": "ETF",
      "cat2": "ETF",
      "exp1": "clean_energy",
      "exp2": "semiconductor",
      "fam1": null,
      "fam2": "sector_tech"
    },
    {
      "t1": "FNDF",
      "t2": "SOXX",
      "corr_hybrid": 0.6319,
      "corr_structured": 0.2,
      "cat1": "ETF",
      "cat2": "ETF",
      "exp1": "international",
      "exp2": "semiconductor",
      "fam1": "intl_equity",
      "fam2": "sector_tech"
    },
    {
      "t1": "FIX",
      "t2": "SOXX",
      "corr_hybrid": 0.6254,
      "corr_structured": null,
      "cat1": "Act",
      "cat2": "ETF",
      "exp1": null,
      "exp2": "semiconductor",
      "fam1": null,
      "fam2": "sector_tech"
    },
    {
      "t1": "ICLN",
      "t2": "XCEM",
      "corr_hybrid": 0.6241,
      "corr_structured": 0.2,
      "cat1": "ETF",
      "cat2": "ETF",
      "exp1": "clean_energy",
      "exp2": "emerging_markets",
      "fam1": null,
      "fam2": "em_equity"
    },
    {
      "t1": "CS",
      "t2": "PICK",
      "corr_hybrid": 0.6205,
      "corr_structured": null,
      "cat1": "Act",
      "cat2": "ETF",
      "exp1": null,
      "exp2": "metals_mining",
      "fam1": null,
      "fam2": null
    },
    {
      "t1": "FSLR",
      "t2": "ICLN",
      "corr_hybrid": 0.6161,
      "corr_structured": null,
      "cat1": "Act",
      "cat2": "ETF",
      "exp1": null,
      "exp2": "clean_energy",
      "fam1": null,
      "fam2": null
    },
    {
      "t1": "FLKR",
      "t2": "ICLN",
      "corr_hybrid": 0.6067,
      "corr_structured": 0.2,
      "cat1": "ETF",
      "cat2": "ETF",
      "exp1": "south_korea",
      "exp2": "clean_energy",
      "fam1": "em_equity",
      "fam2": null
    },
    {
      "t1": "FIX",
      "t2": "XLK",
      "corr_hybrid": 0.603,
      "corr_structured": null,
      "cat1": "Act",
      "cat2": "ETF",
      "exp1": null,
      "exp2": "tech",
      "fam1": null,
      "fam2": "sector_tech"
    },
    {
      "t1": "FNDF",
      "t2": "XLK",
      "corr_hybrid": 0.601,
      "corr_structured": 0.2,
      "cat1": "ETF",
      "cat2": "ETF",
      "exp1": "international",
      "exp2": "tech",
      "fam1": "intl_equity",
      "fam2": "sector_tech"
    },
    {
      "t1": "FNDX",
      "t2": "XCEM",
      "corr_hybrid": 0.5979,
      "corr_structured": 0.2,
      "cat1": "ETF",
      "cat2": "ETF",
      "exp1": "value",
      "exp2": "emerging_markets",
      "fam1": "factor_value",
      "fam2": "em_equity"
    },
    {
      "t1": "PICK",
      "t2": "XLK",
      "corr_hybrid": 0.5947,
      "corr_structured": 0.2,
      "cat1": "ETF",
      "cat2": "ETF",
      "exp1": "metals_mining",
      "exp2": "tech",
      "fam1": null,
      "fam2": "sector_tech"
    },
    {
      "t1": "FIX",
      "t2": "NVDA",
      "corr_hybrid": 0.5944,
      "corr_structured": null,
      "cat1": "Act",
      "cat2": "Act",
      "exp1": null,
      "exp2": null,
      "fam1": null,
      "fam2": null
    },
    {
      "t1": "ICLN",
      "t2": "XLK",
      "corr_hybrid": 0.5893,
      "corr_structured": 0.2,
      "cat1": "ETF",
      "cat2": "ETF",
      "exp1": "clean_energy",
      "exp2": "tech",
      "fam1": null,
      "fam2": "sector_tech"
    },
    {
      "t1": "FNDF",
      "t2": "FNDX",
      "corr_hybrid": 0.5855,
      "corr_structured": 0.2,
      "cat1": "ETF",
      "cat2": "ETF",
      "exp1": "international",
      "exp2": "value",
      "fam1": "intl_equity",
      "fam2": "factor_value"
    },
    {
      "t1": "FNDX",
      "t2": "PICK",
      "corr_hybrid": 0.5556,
      "corr_structured": 0.2,
      "cat1": "ETF",
      "cat2": "ETF",
      "exp1": "value",
      "exp2": "metals_mining",
      "fam1": "factor_value",
      "fam2": null
    },
    {
      "t1": "000660",
      "t2": "2059",
      "corr_hybrid": 0.5544,
      "corr_structured": null,
      "cat1": "Act",
      "cat2": "Act",
      "exp1": null,
      "exp2": null,
      "fam1": null,
      "fam2": null
    },
    {
      "t1": "000660",
      "t2": "BNB/USD",
      "corr_hybrid": 0.5544,
      "corr_structured": null,
      "cat1": "Act",
      "cat2": "Act",
      "exp1": null,
      "exp2": null,
      "fam1": null,
      "fam2": null
    },
    {
      "t1": "000660",
      "t2": "SUNPHARMA",
      "corr_hybrid": 0.5544,
      "corr_structured": null,
      "cat1": "Act",
      "cat2": "Act",
      "exp1": null,
      "exp2": null,
      "fam1": null,
      "fam2": null
    }
  ],
  "all_pairs_bottom_10": [
    {
      "t1": "ITX",
      "t2": "TDTT",
      "corr_hybrid": 0.0129,
      "corr_structured": null,
      "cat1": "Act",
      "cat2": "Obl",
      "exp1": null,
      "exp2": null,
      "fam1": null,
      "fam2": null
    },
    {
      "t1": "ITX",
      "t2": "VGSH",
      "corr_hybrid": 0.0129,
      "corr_structured": null,
      "cat1": "Act",
      "cat2": "Obl",
      "exp1": null,
      "exp2": "bonds_short_treasury",
      "fam1": null,
      "fam2": "bonds_short"
    },
    {
      "t1": "GLD",
      "t2": "ITX",
      "corr_hybrid": -0.0122,
      "corr_structured": null,
      "cat1": "ETF",
      "cat2": "Act",
      "exp1": "gold_physical",
      "exp2": null,
      "fam1": "gold",
      "fam2": null
    },
    {
      "t1": "KO",
      "t2": "XCEM",
      "corr_hybrid": -0.0119,
      "corr_structured": null,
      "cat1": "Act",
      "cat2": "ETF",
      "exp1": null,
      "exp2": "emerging_markets",
      "fam1": null,
      "fam2": "em_equity"
    },
    {
      "t1": "GLD",
      "t2": "NOVN",
      "corr_hybrid": -0.01,
      "corr_structured": null,
      "cat1": "ETF",
      "cat2": "Act",
      "exp1": "gold_physical",
      "exp2": null,
      "fam1": "gold",
      "fam2": null
    },
    {
      "t1": "FIX",
      "t2": "NOVN",
      "corr_hybrid": 0.0097,
      "corr_structured": null,
      "cat1": "Act",
      "cat2": "Act",
      "exp1": null,
      "exp2": null,
      "fam1": null,
      "fam2": null
    },
    {
      "t1": "FIX",
      "t2": "SCHD",
      "corr_hybrid": 0.009,
      "corr_structured": null,
      "cat1": "Act",
      "cat2": "ETF",
      "exp1": null,
      "exp2": "dividend",
      "fam1": null,
      "fam2": "factor_dividend"
    },
    {
      "t1": "ICLN",
      "t2": "NOVN",
      "corr_hybrid": 0.0043,
      "corr_structured": null,
      "cat1": "ETF",
      "cat2": "Act",
      "exp1": "clean_energy",
      "exp2": null,
      "fam1": null,
      "fam2": null
    },
    {
      "t1": "SOXX",
      "t2": "VICI",
      "corr_hybrid": 0.0013,
      "corr_structured": null,
      "cat1": "ETF",
      "cat2": "Act",
      "exp1": "semiconductor",
      "exp2": null,
      "fam1": "sector_tech",
      "fam2": null
    },
    {
      "t1": "FNDF",
      "t2": "ITX",
      "corr_hybrid": -0.0008,
      "corr_structured": null,
      "cat1": "ETF",
      "cat2": "Act",
      "exp1": "international",
      "exp2": null,
      "fam1": "intl_equity",
      "fam2": null
    }
  ],
  "correlation_matrix": {
    "tickers": [
      "000660",
      "2059",
      "ACWV",
      "BNB/USD",
      "BSV",
      "BZU",
      "CLTL",
      "CS",
      "DIVB",
      "FIX",
      "FLKR",
      "FLTR",
      "FNDF",
      "FNDX",
      "FSLR",
      "GD",
      "GLD",
      "ICLN",
      "INCY",
      "ITX",
      "KO",
      "LI",
      "NOVN",
      "NVDA",
      "PAAA",
      "PEG",
      "PICK",
      "SCHD",
      "SCHN",
      "SOXX",
      "SPLV",
      "SPYV",
      "STIP",
      "SUNPHARMA",
      "TDTF",
      "TDTT",
      "VGSH",
      "VICI",
      "XBI",
      "XCEM",
      "XLK",
      "XLV"
    ],
    "matrix": [
      [
        1.0,
        0.5544,
        0.3492,
        0.5544,
        0.0742,
        0.2797,
        0.0742,
        0.161,
        0.3155,
        0.1962,
        0.0863,
        0.0742,
        0.2479,
        0.32,
        0.1768,
        0.4016,
        0.0925,
        0.1831,
        0.3012,
        0.3376,
        0.3799,
        0.2471,
        0.3182,
        0.204,
        0.0742,
        0.3846,
        0.1687,
        0.297,
        0.3155,
        0.123,
        0.328,
        0.329,
        0.0742,
        0.5544,
        0.0742,
        0.0742,
        0.0742,
        0.4343,
        0.186,
        0.1798,
        0.167,
        0.2869
      ],
      [
        0.5544,
        1.0,
        0.3492,
        0.5544,
        0.0742,
        0.2797,
        0.0742,
        0.161,
        0.3155,
        0.1962,
        0.0863,
        0.0742,
        0.2479,
        0.32,
        0.1768,
        0.4016,
        0.0925,
        0.1831,
        0.3012,
        0.3376,
        0.3799,
        0.2471,
        0.3182,
        0.204,
        0.0742,
        0.3846,
        0.1687,
        0.297,
        0.3155,
        0.123,
        0.328,
        0.329,
        0.0742,
        0.5544,
        0.0742,
        0.0742,
        0.0742,
        0.4343,
        0.186,
        0.1798,
        0.167,
        0.2869
      ],
      [
        0.3492,
        0.3492,
        1.0,
        0.3492,
        0.0928,
        0.2478,
        0.0928,
        0.3193,
        0.4037,
        0.0656,
        0.3306,
        0.0928,
        0.4494,
        0.4257,
        0.1314,
        0.2912,
        0.2331,
        0.2813,
        0.3395,
        0.1268,
        0.247,
        0.2065,
        0.1604,
        0.183,
        0.0928,
        0.2453,
        0.4073,
        0.3624,
        0.1816,
        0.2862,
        0.3343,
        0.4189,
        0.0928,
        0.3492,
        0.0928,
        0.0928,
        0.0928,
        0.3264,
        0.3441,
        0.4009,
        0.2924,
        0.3677
      ],
      [
        0.5544,
        0.5544,
        0.3492,
        1.0,
        0.0742,
        0.2797,
        0.0742,
        0.161,
        0.3155,
        0.1962,
        0.0863,
        0.0742,
        0.2479,
        0.32,
        0.1768,
        0.4016,
        0.0925,
        0.1831,
        0.3012,
        0.3376,
        0.3799,
        0.2471,
        0.3182,
        0.204,
        0.0742,
        0.3846,
        0.1687,
        0.297,
        0.3155,
        0.123,
        0.328,
        0.329,
        0.0742,
        0.5544,
        0.0742,
        0.0742,
        0.0742,
        0.4343,
        0.186,
        0.1798,
        0.167,
        0.2869
      ],
      [
        0.0742,
        0.0742,
        0.0928,
        0.0742,
        1.0,
        0.0729,
        0.0232,
        0.037,
        0.0916,
        0.0161,
        0.0855,
        0.0232,
        0.1028,
        0.1006,
        0.0274,
        0.0644,
        0.0461,
        0.0677,
        0.0887,
        0.0129,
        0.0448,
        0.039,
        0.0343,
        0.0496,
        0.0232,
        0.0511,
        0.0878,
        0.0799,
        0.0351,
        0.0761,
        0.0705,
        0.0986,
        0.0232,
        0.0742,
        0.0232,
        0.0232,
        0.0232,
        0.0685,
        0.0837,
        0.0986,
        0.0784,
        0.0832
      ],
      [
        0.2797,
        0.2797,
        0.2478,
        0.2797,
        0.0729,
        1.0,
        0.0729,
        -0.1373,
        0.2206,
        0.0171,
        0.1504,
        0.0729,
        0.2017,
        0.249,
        -0.0562,
        0.2273,
        0.0277,
        0.0765,
        0.3123,
        0.0908,
        0.1605,
        0.0486,
        0.1664,
        0.1555,
        0.0729,
        0.1877,
        0.1049,
        0.2034,
        0.1215,
        0.1445,
        0.2068,
        0.2539,
        0.0729,
        0.2797,
        0.0729,
        0.0729,
        0.0729,
        0.2438,
        0.1928,
        0.1898,
        0.1801,
        0.2171
      ],
      [
        0.0742,
        0.0742,
        0.0928,
        0.0742,
        0.0232,
        0.0729,
        1.0,
        0.037,
        0.0916,
        0.0161,
        0.0855,
        0.0232,
        0.1028,
        0.1006,
        0.0274,
        0.0644,
        0.0461,
        0.0677,
        0.0887,
        0.0129,
        0.0448,
        0.039,
        0.0343,
        0.0496,
        0.0232,
        0.0511,
        0.0878,
        0.0799,
        0.0351,
        0.0761,
        0.0705,
        0.0986,
        0.0232,
        0.0742,
        0.0232,
        0.0232,
        0.0232,
        0.0685,
        0.0837,
        0.0986,
        0.0784,
        0.0832
      ],
      [
        0.161,
        0.161,
        0.3193,
        0.161,
        0.037,
        -0.1373,
        0.037,
        1.0,
        0.3558,
        0.2524,
        0.3942,
        0.037,
        0.5257,
        0.3658,
        0.1149,
        0.1354,
        0.3944,
        0.3354,
        0.0748,
        0.177,
        0.1565,
        0.3192,
        -0.0138,
        0.1914,
        0.037,
        0.1557,
        0.6205,
        0.2815,
        0.1135,
        0.3534,
        0.2203,
        0.3329,
        0.037,
        0.161,
        0.037,
        0.037,
        0.037,
        0.1466,
        0.3251,
        0.4564,
        0.3058,
        0.277
      ],
      [
        0.3155,
        0.3155,
        0.4037,
        0.3155,
        0.0916,
        0.2206,
        0.0916,
        0.3558,
        1.0,
        0.19,
        0.431,
        0.0916,
        0.506,
        0.4641,
        0.2083,
        0.27,
        0.2646,
        0.3845,
        0.3346,
        0.0725,
        0.1843,
        0.2472,
        0.1199,
        0.2598,
        0.0916,
        0.2282,
        0.4786,
        0.3478,
        0.1627,
        0.4022,
        0.2873,
        0.4453,
        0.0916,
        0.3155,
        0.0916,
        0.0916,
        0.0916,
        0.2702,
        0.3871,
        0.4906,
        0.3954,
        0.3592
      ],
      [
        0.1962,
        0.1962,
        0.0656,
        0.1962,
        0.0161,
        0.0171,
        0.0161,
        0.2524,
        0.19,
        1.0,
        0.4656,
        0.0161,
        0.3406,
        0.3063,
        0.3053,
        0.134,
        0.1373,
        0.5146,
        0.1028,
        0.0641,
        -0.0894,
        0.3526,
        0.0097,
        0.5944,
        0.0161,
        0.1864,
        0.3571,
        0.009,
        0.1092,
        0.6254,
        -0.1127,
        0.2487,
        0.0161,
        0.1962,
        0.0161,
        0.0161,
        0.0161,
        -0.049,
        0.2503,
        0.4671,
        0.603,
        0.0363
      ],
      [
        0.0863,
        0.0863,
        0.3306,
        0.0863,
        0.0855,
        0.1504,
        0.0855,
        0.3942,
        0.431,
        0.4656,
        1.0,
        0.0855,
        0.6647,
        0.5432,
        0.2564,
        0.1234,
        0.3417,
        0.6067,
        0.3161,
        -0.1669,
        -0.09,
        0.2751,
        -0.0751,
        0.4614,
        0.0855,
        0.0903,
        0.6786,
        0.2662,
        0.0148,
        0.7443,
        0.1032,
        0.4865,
        0.0855,
        0.0863,
        0.0855,
        0.0855,
        0.0855,
        0.0202,
        0.5199,
        0.7587,
        0.695,
        0.3063
      ],
      [
        0.0742,
        0.0742,
        0.0928,
        0.0742,
        0.0232,
        0.0729,
        0.0232,
        0.037,
        0.0916,
        0.0161,
        0.0855,
        1.0,
        0.1028,
        0.1006,
        0.0274,
        0.0644,
        0.0461,
        0.0677,
        0.0887,
        0.0129,
        0.0448,
        0.039,
        0.0343,
        0.0496,
        0.0232,
        0.0511,
        0.0878,
        0.0799,
        0.0351,
        0.0761,
        0.0705,
        0.0986,
        0.0232,
        0.0742,
        0.0232,
        0.0232,
        0.0232,
        0.0685,
        0.0837,
        0.0986,
        0.0784,
        0.0832
      ],
      [
        0.2479,
        0.2479,
        0.4494,
        0.2479,
        0.1028,
        0.2017,
        0.1028,
        0.5257,
        0.506,
        0.3406,
        0.6647,
        0.1028,
        1.0,
        0.5855,
        0.1946,
        0.2374,
        0.3719,
        0.5292,
        0.3723,
        -0.0008,
        0.093,
        0.3039,
        0.0336,
        0.3962,
        0.1028,
        0.1995,
        0.6916,
        0.3778,
        0.1124,
        0.6319,
        0.2608,
        0.544,
        0.1028,
        0.2479,
        0.1028,
        0.1028,
        0.1028,
        0.1968,
        0.5275,
        0.7131,
        0.601,
        0.4048
      ],
      [
        0.32,
        0.32,
        0.4257,
        0.32,
        0.1006,
        0.249,
        0.1006,
        0.3658,
        0.4641,
        0.3063,
        0.5432,
        0.1006,
        0.5855,
        1.0,
        0.2336,
        0.2795,
        0.2932,
        0.4729,
        0.3765,
        0.0422,
        0.1462,
        0.2835,
        0.1039,
        0.3576,
        0.1006,
        0.2379,
        0.5556,
        0.3588,
        0.1573,
        0.5284,
        0.2707,
        0.5022,
        0.1006,
        0.32,
        0.1006,
        0.1006,
        0.1006,
        0.2497,
        0.4539,
        0.5979,
        0.5161,
        0.3791
      ],
      [
        0.1768,
        0.1768,
        0.1314,
        0.1768,
        0.0274,
        -0.0562,
        0.0274,
        0.1149,
        0.2083,
        0.3053,
        0.2564,
        0.0274,
        0.1946,
        0.2336,
        1.0,
        0.1417,
        0.1529,
        0.6161,
        0.056,
        -0.1788,
        0.0361,
        0.2983,
        0.0653,
        0.1094,
        0.0274,
        0.0926,
        0.2356,
        0.1403,
        0.1533,
        0.2907,
        0.0498,
        0.2174,
        0.0274,
        0.1768,
        0.0274,
        0.0274,
        0.0274,
        0.0776,
        0.1415,
        0.271,
        0.2509,
        0.1244
      ],
      [
        0.4016,
        0.4016,
        0.2912,
        0.4016,
        0.0644,
        0.2273,
        0.0644,
        0.1354,
        0.27,
        0.134,
        0.1234,
        0.0644,
        0.2374,
        0.2795,
        0.1417,
        1.0,
        0.0971,
        0.173,
        0.2554,
        0.2167,
        0.2711,
        0.1868,
        0.2233,
        0.1638,
        0.0644,
        0.278,
        0.1781,
        0.2491,
        0.2238,
        0.1379,
        0.2599,
        0.2834,
        0.0644,
        0.4016,
        0.0644,
        0.0644,
        0.0644,
        0.3233,
        0.1827,
        0.1919,
        0.1661,
        0.2451
      ],
      [
        0.0925,
        0.0925,
        0.2331,
        0.0925,
        0.0461,
        0.0277,
        0.0461,
        0.3944,
        0.2646,
        0.1373,
        0.3417,
        0.0461,
        0.3719,
        0.2932,
        0.1529,
        0.0971,
        1.0,
        0.2918,
        0.1448,
        -0.0122,
        0.05,
        0.1727,
        -0.01,
        0.1542,
        0.0461,
        0.0784,
        0.3993,
        0.2045,
        0.0498,
        0.3072,
        0.1413,
        0.2711,
        0.0461,
        0.0925,
        0.0461,
        0.0461,
        0.0461,
        0.0879,
        0.2677,
        0.3684,
        0.279,
        0.2123
      ],
      [
        0.1831,
        0.1831,
        0.2813,
        0.1831,
        0.0677,
        0.0765,
        0.0677,
        0.3354,
        0.3845,
        0.5146,
        0.6067,
        0.0677,
        0.5292,
        0.4729,
        0.6161,
        0.173,
        0.2918,
        1.0,
        0.2357,
        -0.1421,
        -0.0199,
        0.3469,
        0.0043,
        0.3927,
        0.0677,
        0.1381,
        0.5543,
        0.2381,
        0.1076,
        0.6358,
        0.0927,
        0.4268,
        0.0677,
        0.1831,
        0.0677,
        0.0677,
        0.0677,
        0.0685,
        0.4049,
        0.6241,
        0.5893,
        0.2565
      ],
      [
        0.3012,
        0.3012,
        0.3395,
        0.3012,
        0.0887,
        0.3123,
        0.0887,
        0.0748,
        0.3346,
        0.1028,
        0.3161,
        0.0887,
        0.3723,
        0.3765,
        0.056,
        0.2554,
        0.1448,
        0.2357,
        1.0,
        0.069,
        0.1661,
        0.1402,
        0.1448,
        0.2256,
        0.0887,
        0.21,
        0.3005,
        0.2853,
        0.1376,
        0.2969,
        0.253,
        0.3689,
        0.0887,
        0.3012,
        0.0887,
        0.0887,
        0.0887,
        0.2611,
        0.3109,
        0.3643,
        0.3133,
        0.3015
      ],
      [
        0.3376,
        0.3376,
        0.1268,
        0.3376,
        0.0129,
        0.0908,
        0.0129,
        0.177,
        0.0725,
        0.0641,
        -0.1669,
        0.0129,
        -0.0008,
        0.0422,
        -0.1788,
        0.2167,
        -0.0122,
        -0.1421,
        0.069,
        1.0,
        0.2909,
        0.0972,
        0.2137,
        0.0495,
        0.0129,
        0.2489,
        -0.0405,
        0.1008,
        0.1986,
        -0.1301,
        0.1795,
        0.0588,
        0.0129,
        0.3376,
        0.0129,
        0.0129,
        0.0129,
        0.2693,
        -0.0272,
        -0.0996,
        -0.086,
        0.0846
      ],
      [
        0.3799,
        0.3799,
        0.247,
        0.3799,
        0.0448,
        0.1605,
        0.0448,
        0.1565,
        0.1843,
        -0.0894,
        -0.09,
        0.0448,
        0.093,
        0.1462,
        0.0361,
        0.2711,
        0.05,
        -0.0199,
        0.1661,
        0.2909,
        1.0,
        0.1127,
        0.2429,
        -0.0208,
        0.0448,
        0.255,
        0.0432,
        0.2243,
        0.2249,
        -0.1047,
        0.2896,
        0.1691,
        0.0448,
        0.3799,
        0.0448,
        0.0448,
        0.0448,
        0.3544,
        0.0567,
        -0.0119,
        -0.067,
        0.2041
      ],
      [
        0.2471,
        0.2471,
        0.2065,
        0.2471,
        0.039,
        0.0486,
        0.039,
        0.3192,
        0.2472,
        0.3526,
        0.2751,
        0.039,
        0.3039,
        0.2835,
        0.2983,
        0.1868,
        0.1727,
        0.3469,
        0.1402,
        0.0972,
        0.1127,
        1.0,
        0.0879,
        0.2506,
        0.039,
        0.1869,
        0.3126,
        0.1722,
        0.1509,
        0.3127,
        0.1206,
        0.2623,
        0.039,
        0.2471,
        0.039,
        0.039,
        0.039,
        0.1457,
        0.2138,
        0.3147,
        0.3013,
        0.1738
      ],
      [
        0.3182,
        0.3182,
        0.1604,
        0.3182,
        0.0343,
        0.1664,
        0.0343,
        -0.0138,
        0.1199,
        0.0097,
        -0.0751,
        0.0343,
        0.0336,
        0.1039,
        0.0653,
        0.2233,
        -0.01,
        0.0043,
        0.1448,
        0.2137,
        0.2429,
        0.0879,
        1.0,
        0.0346,
        0.0343,
        0.2118,
        -0.0241,
        0.1401,
        0.1838,
        -0.0572,
        0.1869,
        0.1208,
        0.0343,
        0.3182,
        0.0343,
        0.0343,
        0.0343,
        0.2637,
        0.0275,
        -0.0212,
        -0.0204,
        0.1282
      ],
      [
        0.204,
        0.204,
        0.183,
        0.204,
        0.0496,
        0.1555,
        0.0496,
        0.1914,
        0.2598,
        0.5944,
        0.4614,
        0.0496,
        0.3962,
        0.3576,
        0.1094,
        0.1638,
        0.1542,
        0.3927,
        0.2256,
        0.0495,
        -0.0208,
        0.2506,
        0.0346,
        1.0,
        0.0496,
        0.1788,
        0.3748,
        0.1205,
        0.0895,
        0.5438,
        0.0245,
        0.3149,
        0.0496,
        0.204,
        0.0496,
        0.0496,
        0.0496,
        0.0492,
        0.3118,
        0.476,
        0.5349,
        0.1511
      ],
      [
        0.0742,
        0.0742,
        0.0928,
        0.0742,
        0.0232,
        0.0729,
        0.0232,
        0.037,
        0.0916,
        0.0161,
        0.0855,
        0.0232,
        0.1028,
        0.1006,
        0.0274,
        0.0644,
        0.0461,
        0.0677,
        0.0887,
        0.0129,
        0.0448,
        0.039,
        0.0343,
        0.0496,
        1.0,
        0.0511,
        0.0878,
        0.0799,
        0.0351,
        0.0761,
        0.0705,
        0.0986,
        0.0232,
        0.0742,
        0.0232,
        0.0232,
        0.0232,
        0.0685,
        0.0837,
        0.0986,
        0.0784,
        0.0832
      ],
      [
        0.3846,
        0.3846,
        0.2453,
        0.3846,
        0.0511,
        0.1877,
        0.0511,
        0.1557,
        0.2282,
        0.1864,
        0.0903,
        0.0511,
        0.1995,
        0.2379,
        0.0926,
        0.278,
        0.0784,
        0.1381,
        0.21,
        0.2489,
        0.255,
        0.1869,
        0.2118,
        0.1788,
        0.0511,
        1.0,
        0.1486,
        0.2045,
        0.2168,
        0.1225,
        0.2198,
        0.2398,
        0.0511,
        0.3846,
        0.0511,
        0.0511,
        0.0511,
        0.2917,
        0.1469,
        0.1552,
        0.1511,
        0.2001
      ],
      [
        0.1687,
        0.1687,
        0.4073,
        0.1687,
        0.0878,
        0.1049,
        0.0878,
        0.6205,
        0.4786,
        0.3571,
        0.6786,
        0.0878,
        0.6916,
        0.5556,
        0.2356,
        0.1781,
        0.3993,
        0.5543,
        0.3005,
        -0.0405,
        0.0432,
        0.3126,
        -0.0241,
        0.3748,
        0.0878,
        0.1486,
        1.0,
        0.3449,
        0.0774,
        0.6418,
        0.2147,
        0.5085,
        0.0878,
        0.1687,
        0.0878,
        0.0878,
        0.0878,
        0.129,
        0.5128,
        0.7172,
        0.5947,
        0.3698
      ],
      [
        0.297,
        0.297,
        0.3624,
        0.297,
        0.0799,
        0.2034,
        0.0799,
        0.2815,
        0.3478,
        0.009,
        0.2662,
        0.0799,
        0.3778,
        0.3588,
        0.1403,
        0.2491,
        0.2045,
        0.2381,
        0.2853,
        0.1008,
        0.2243,
        0.1722,
        0.1401,
        0.1205,
        0.0799,
        0.2045,
        0.3449,
        1.0,
        0.158,
        0.2174,
        0.3014,
        0.356,
        0.0799,
        0.297,
        0.0799,
        0.0799,
        0.0799,
        0.2904,
        0.2876,
        0.3285,
        0.2216,
        0.3228
      ],
      [
        0.3155,
        0.3155,
        0.1816,
        0.3155,
        0.0351,
        0.1215,
        0.0351,
        0.1135,
        0.1627,
        0.1092,
        0.0148,
        0.0351,
        0.1124,
        0.1573,
        0.1533,
        0.2238,
        0.0498,
        0.1076,
        0.1376,
        0.1986,
        0.2249,
        0.1509,
        0.1838,
        0.0895,
        0.0351,
        0.2168,
        0.0774,
        0.158,
        1.0,
        0.0386,
        0.1799,
        0.1642,
        0.0351,
        0.3155,
        0.0351,
