{
  "_meta": {
    "generated": "2026-03-31T14:59:10",
    "portfolio_generated": "2026-03-31T14:57:37.915405",
    "n_assets": 36,
    "n_with_returns": 27,
    "covariance_method": "hybrid_shrunk",
    "condition_number": 471.68,
    "pca_factors": 4
  },
  "profiles": {
    "Agressif": {
      "n_assets": 15,
      "weighted_avg_correlation": 0.2436,
      "most_correlated": [
        {
          "t1": "SOXX",
          "t2": "MU",
          "corr": 0.8215,
          "w1": 8.9,
          "w2": 4.2,
          "combined_weight": 13.2
        },
        {
          "t1": "VRT",
          "t2": "SOXX",
          "corr": 0.7577,
          "w1": 5.1,
          "w2": 8.9,
          "combined_weight": 14.1
        },
        {
          "t1": "VRT",
          "t2": "MU",
          "corr": 0.7517,
          "w1": 5.1,
          "w2": 4.2,
          "combined_weight": 9.4
        },
        {
          "t1": "VRT",
          "t2": "NVDA",
          "corr": 0.7114,
          "w1": 5.1,
          "w2": 2.9,
          "combined_weight": 8.1
        },
        {
          "t1": "SLV",
          "t2": "GLD",
          "corr": 0.7091,
          "w1": 7.7,
          "w2": 8.6,
          "combined_weight": 16.3
        },
        {
          "t1": "SOXX",
          "t2": "NVDA",
          "corr": 0.7005,
          "w1": 8.9,
          "w2": 2.9,
          "combined_weight": 11.9
        },
        {
          "t1": "NVDA",
          "t2": "MU",
          "corr": 0.6825,
          "w1": 2.9,
          "w2": 4.2,
          "combined_weight": 7.2
        },
        {
          "t1": "SLVP",
          "t2": "SLV",
          "corr": 0.6564,
          "w1": 5.1,
          "w2": 7.7,
          "combined_weight": 12.8
        },
        {
          "t1": "FLKR",
          "t2": "SOXX",
          "corr": 0.6348,
          "w1": 6.6,
          "w2": 8.9,
          "combined_weight": 15.6
        },
        {
          "t1": "REMX",
          "t2": "SLV",
          "corr": 0.6171,
          "w1": 8.8,
          "w2": 7.7,
          "combined_weight": 16.5
        }
      ],
      "least_correlated": [
        {
          "t1": "HWM",
          "t2": "GLD",
          "corr": 0.0201,
          "w1": 8.5,
          "w2": 8.6,
          "combined_weight": 17.1
        },
        {
          "t1": "PAAA",
          "t2": "SGOV",
          "corr": 0.0162,
          "w1": 9.3,
          "w2": 6.2,
          "combined_weight": 15.6
        },
        {
          "t1": "3017",
          "t2": "SLV",
          "corr": 0.0157,
          "w1": 4.2,
          "w2": 7.7,
          "combined_weight": 11.9
        },
        {
          "t1": "3017",
          "t2": "GLD",
          "corr": 0.0127,
          "w1": 4.2,
          "w2": 8.6,
          "combined_weight": 12.8
        },
        {
          "t1": "INCY",
          "t2": "SLVP",
          "corr": -0.0547,
          "w1": 9.9,
          "w2": 5.1,
          "combined_weight": 15.0
        }
      ],
      "high_corr_high_weight": [
        {
          "t1": "SOXX",
          "t2": "MU",
          "corr": 0.8215,
          "w1": 8.9,
          "w2": 4.2,
          "combined_weight": 13.2
        },
        {
          "t1": "VRT",
          "t2": "SOXX",
          "corr": 0.7577,
          "w1": 5.1,
          "w2": 8.9,
          "combined_weight": 14.1
        },
        {
          "t1": "SLV",
          "t2": "GLD",
          "corr": 0.7091,
          "w1": 7.7,
          "w2": 8.6,
          "combined_weight": 16.3
        },
        {
          "t1": "SOXX",
          "t2": "NVDA",
          "corr": 0.7005,
          "w1": 8.9,
          "w2": 2.9,
          "combined_weight": 11.9
        }
      ]
    },
    "Mod\u00e9r\u00e9": {
      "n_assets": 14,
      "weighted_avg_correlation": 0.2451,
      "most_correlated": [
        {
          "t1": "VSS",
          "t2": "RIO",
          "corr": 0.5928,
          "w1": 6.7,
          "w2": 5.4,
          "combined_weight": 12.1
        },
        {
          "t1": "VSS",
          "t2": "SCHY",
          "corr": 0.5492,
          "w1": 6.7,
          "w2": 8.2,
          "combined_weight": 14.9
        },
        {
          "t1": "VSS",
          "t2": "SCHD",
          "corr": 0.543,
          "w1": 6.7,
          "w2": 8.1,
          "combined_weight": 14.8
        },
        {
          "t1": "SCHD",
          "t2": "HDV",
          "corr": 0.5398,
          "w1": 8.1,
          "w2": 7.5,
          "combined_weight": 15.7
        },
        {
          "t1": "SCHD",
          "t2": "XLV",
          "corr": 0.5235,
          "w1": 8.1,
          "w2": 3.1,
          "combined_weight": 11.2
        },
        {
          "t1": "SCHY",
          "t2": "RIO",
          "corr": 0.5165,
          "w1": 8.2,
          "w2": 5.4,
          "combined_weight": 13.6
        },
        {
          "t1": "SCHY",
          "t2": "SCHD",
          "corr": 0.5135,
          "w1": 8.2,
          "w2": 8.1,
          "combined_weight": 16.4
        },
        {
          "t1": "HDV",
          "t2": "XLV",
          "corr": 0.5058,
          "w1": 7.5,
          "w2": 3.1,
          "combined_weight": 10.6
        },
        {
          "t1": "SCHY",
          "t2": "HDV",
          "corr": 0.5041,
          "w1": 8.2,
          "w2": 7.5,
          "combined_weight": 15.8
        },
        {
          "t1": "VSS",
          "t2": "HDV",
          "corr": 0.5007,
          "w1": 6.7,
          "w2": 7.5,
          "combined_weight": 14.2
        }
      ],
      "least_correlated": [
        {
          "t1": "VGSH",
          "t2": "GLD",
          "corr": 0.0427,
          "w1": 9.0,
          "w2": 8.1,
          "combined_weight": 17.1
        },
        {
          "t1": "STIP",
          "t2": "GLD",
          "corr": 0.0427,
          "w1": 9.0,
          "w2": 8.1,
          "combined_weight": 17.1
        },
        {
          "t1": "VGSH",
          "t2": "STIP",
          "corr": 0.0162,
          "w1": 9.0,
          "w2": 9.0,
          "combined_weight": 18.0
        },
        {
          "t1": "AGS",
          "t2": "GLD",
          "corr": 0.0127,
          "w1": 5.2,
          "w2": 8.1,
          "combined_weight": 13.3
        },
        {
          "t1": "ITX",
          "t2": "GLD",
          "corr": -0.0366,
          "w1": 7.4,
          "w2": 8.1,
          "combined_weight": 15.5
        }
      ],
      "high_corr_high_weight": []
    },
    "Stable": {
      "n_assets": 15,
      "weighted_avg_correlation": 0.1292,
      "most_correlated": [
        {
          "t1": "SPYV",
          "t2": "SCHD",
          "corr": 0.5925,
          "w1": 5.8,
          "w2": 5.5,
          "combined_weight": 11.3
        },
        {
          "t1": "SCHD",
          "t2": "ACWV",
          "corr": 0.5275,
          "w1": 5.5,
          "w2": 4.4,
          "combined_weight": 9.9
        },
        {
          "t1": "SPYV",
          "t2": "ACWV",
          "corr": 0.5236,
          "w1": 5.8,
          "w2": 4.4,
          "combined_weight": 10.1
        },
        {
          "t1": "SCHD",
          "t2": "XLV",
          "corr": 0.5235,
          "w1": 5.5,
          "w2": 3.1,
          "combined_weight": 8.6
        },
        {
          "t1": "SPYV",
          "t2": "XLV",
          "corr": 0.5234,
          "w1": 5.8,
          "w2": 3.1,
          "combined_weight": 8.9
        },
        {
          "t1": "ACWV",
          "t2": "XLV",
          "corr": 0.4947,
          "w1": 4.4,
          "w2": 3.1,
          "combined_weight": 7.4
        },
        {
          "t1": "SPYV",
          "t2": "GD",
          "corr": 0.4608,
          "w1": 5.8,
          "w2": 3.8,
          "combined_weight": 9.6
        },
        {
          "t1": "SCHD",
          "t2": "GD",
          "corr": 0.4571,
          "w1": 5.5,
          "w2": 3.8,
          "combined_weight": 9.3
        },
        {
          "t1": "VICI",
          "t2": "ACWV",
          "corr": 0.454,
          "w1": 4.5,
          "w2": 4.4,
          "combined_weight": 8.8
        },
        {
          "t1": "ACWV",
          "t2": "GD",
          "corr": 0.4459,
          "w1": 4.4,
          "w2": 3.8,
          "combined_weight": 8.1
        }
      ],
      "least_correlated": [
        {
          "t1": "BSV",
          "t2": "STIP",
          "corr": 0.0162,
          "w1": 10.4,
          "w2": 14.0,
          "combined_weight": 24.4
        },
        {
          "t1": "CLTL",
          "t2": "VGSH",
          "corr": 0.0162,
          "w1": 10.7,
          "w2": 13.4,
          "combined_weight": 24.1
        },
        {
          "t1": "CLTL",
          "t2": "STIP",
          "corr": 0.0162,
          "w1": 10.7,
          "w2": 14.0,
          "combined_weight": 24.7
        },
        {
          "t1": "VGSH",
          "t2": "STIP",
          "corr": 0.0162,
          "w1": 13.4,
          "w2": 14.0,
          "combined_weight": 27.4
        },
        {
          "t1": "SCHP",
          "t2": "GLD",
          "corr": 0.0073,
          "w1": 4.5,
          "w2": 5.1,
          "combined_weight": 9.6
        }
      ],
      "high_corr_high_weight": []
    }
  },
  "all_pairs_top_30": [
    {
      "t1": "MU",
      "t2": "SOXX",
      "corr_hybrid": 0.8215,
      "corr_structured": null,
      "cat1": "Act",
      "cat2": "ETF",
      "exp1": null,
      "exp2": "semiconductor",
      "fam1": null,
      "fam2": "sector_tech"
    },
    {
      "t1": "SOXX",
      "t2": "VRT",
      "corr_hybrid": 0.7577,
      "corr_structured": null,
      "cat1": "ETF",
      "cat2": "Act",
      "exp1": "semiconductor",
      "exp2": null,
      "fam1": "sector_tech",
      "fam2": null
    },
    {
      "t1": "MU",
      "t2": "VRT",
      "corr_hybrid": 0.7517,
      "corr_structured": null,
      "cat1": "Act",
      "cat2": "Act",
      "exp1": null,
      "exp2": null,
      "fam1": null,
      "fam2": null
    },
    {
      "t1": "NVDA",
      "t2": "VRT",
      "corr_hybrid": 0.7114,
      "corr_structured": null,
      "cat1": "Act",
      "cat2": "Act",
      "exp1": null,
      "exp2": null,
      "fam1": null,
      "fam2": null
    },
    {
      "t1": "GLD",
      "t2": "SLV",
      "corr_hybrid": 0.7091,
      "corr_structured": 0.85,
      "cat1": "ETF",
      "cat2": "ETF",
      "exp1": "gold_physical",
      "exp2": "silver_physical",
      "fam1": "gold",
      "fam2": "precious_metals"
    },
    {
      "t1": "NVDA",
      "t2": "SOXX",
      "corr_hybrid": 0.7005,
      "corr_structured": null,
      "cat1": "Act",
      "cat2": "ETF",
      "exp1": null,
      "exp2": "semiconductor",
      "fam1": null,
      "fam2": "sector_tech"
    },
    {
      "t1": "MU",
      "t2": "NVDA",
      "corr_hybrid": 0.6825,
      "corr_structured": null,
      "cat1": "Act",
      "cat2": "Act",
      "exp1": null,
      "exp2": null,
      "fam1": null,
      "fam2": null
    },
    {
      "t1": "SLV",
      "t2": "SLVP",
      "corr_hybrid": 0.6564,
      "corr_structured": 0.9,
      "cat1": "ETF",
      "cat2": "ETF",
      "exp1": "silver_physical",
      "exp2": "silver_miners",
      "fam1": "precious_metals",
      "fam2": "precious_metals"
    },
    {
      "t1": "FLKR",
      "t2": "SOXX",
      "corr_hybrid": 0.6348,
      "corr_structured": 0.2,
      "cat1": "ETF",
      "cat2": "ETF",
      "exp1": "south_korea",
      "exp2": "semiconductor",
      "fam1": "em_equity",
      "fam2": "sector_tech"
    },
    {
      "t1": "REMX",
      "t2": "SLV",
      "corr_hybrid": 0.6171,
      "corr_structured": 0.2,
      "cat1": "ETF",
      "cat2": "ETF",
      "exp1": "rare_earth",
      "exp2": "silver_physical",
      "fam1": null,
      "fam2": "precious_metals"
    },
    {
      "t1": "SOXX",
      "t2": "SPYV",
      "corr_hybrid": 0.6166,
      "corr_structured": 0.2,
      "cat1": "ETF",
      "cat2": "ETF",
      "exp1": "semiconductor",
      "exp2": "sp500_value",
      "fam1": "sector_tech",
      "fam2": "factor_value"
    },
    {
      "t1": "HWM",
      "t2": "VRT",
      "corr_hybrid": 0.6133,
      "corr_structured": null,
      "cat1": "Act",
      "cat2": "Act",
      "exp1": null,
      "exp2": null,
      "fam1": null,
      "fam2": null
    },
    {
      "t1": "SOXX",
      "t2": "VSS",
      "corr_hybrid": 0.5993,
      "corr_structured": 0.2,
      "cat1": "ETF",
      "cat2": "ETF",
      "exp1": "semiconductor",
      "exp2": "intl_small_cap",
      "fam1": "sector_tech",
      "fam2": null
    },
    {
      "t1": "SPYV",
      "t2": "VSS",
      "corr_hybrid": 0.5989,
      "corr_structured": 0.2,
      "cat1": "ETF",
      "cat2": "ETF",
      "exp1": "sp500_value",
      "exp2": "intl_small_cap",
      "fam1": "factor_value",
      "fam2": null
    },
    {
      "t1": "FLKR",
      "t2": "MU",
      "corr_hybrid": 0.598,
      "corr_structured": null,
      "cat1": "ETF",
      "cat2": "Act",
      "exp1": "south_korea",
      "exp2": null,
      "fam1": "em_equity",
      "fam2": null
    },
    {
      "t1": "RIO",
      "t2": "VSS",
      "corr_hybrid": 0.5928,
      "corr_structured": null,
      "cat1": "Act",
      "cat2": "ETF",
      "exp1": null,
      "exp2": "intl_small_cap",
      "fam1": null,
      "fam2": null
    },
    {
      "t1": "SCHD",
      "t2": "SPYV",
      "corr_hybrid": 0.5925,
      "corr_structured": 0.8,
      "cat1": "ETF",
      "cat2": "ETF",
      "exp1": "dividend",
      "exp2": "sp500_value",
      "fam1": "factor_dividend",
      "fam2": "factor_value"
    },
    {
      "t1": "REMX",
      "t2": "VSS",
      "corr_hybrid": 0.5918,
      "corr_structured": 0.2,
      "cat1": "ETF",
      "cat2": "ETF",
      "exp1": "rare_earth",
      "exp2": "intl_small_cap",
      "fam1": null,
      "fam2": null
    },
    {
      "t1": "REMX",
      "t2": "RIO",
      "corr_hybrid": 0.5811,
      "corr_structured": null,
      "cat1": "ETF",
      "cat2": "Act",
      "exp1": "rare_earth",
      "exp2": null,
      "fam1": null,
      "fam2": null
    },
    {
      "t1": "HWM",
      "t2": "SOXX",
      "corr_hybrid": 0.5678,
      "corr_structured": null,
      "cat1": "Act",
      "cat2": "ETF",
      "exp1": null,
      "exp2": "semiconductor",
      "fam1": null,
      "fam2": "sector_tech"
    },
    {
      "t1": "HWM",
      "t2": "NVDA",
      "corr_hybrid": 0.5517,
      "corr_structured": null,
      "cat1": "Act",
      "cat2": "Act",
      "exp1": null,
      "exp2": null,
      "fam1": null,
      "fam2": null
    },
    {
      "t1": "SCHY",
      "t2": "VSS",
      "corr_hybrid": 0.5492,
      "corr_structured": 0.2,
      "cat1": "ETF",
      "cat2": "ETF",
      "exp1": "international",
      "exp2": "intl_small_cap",
      "fam1": "intl_equity",
      "fam2": null
    },
    {
      "t1": "SCHD",
      "t2": "VSS",
      "corr_hybrid": 0.543,
      "corr_structured": 0.2,
      "cat1": "ETF",
      "cat2": "ETF",
      "exp1": "dividend",
      "exp2": "intl_small_cap",
      "fam1": "factor_dividend",
      "fam2": null
    },
    {
      "t1": "HDV",
      "t2": "SCHD",
      "corr_hybrid": 0.5398,
      "corr_structured": 0.95,
      "cat1": "ETF",
      "cat2": "ETF",
      "exp1": "dividend",
      "exp2": "dividend",
      "fam1": "factor_dividend",
      "fam2": "factor_dividend"
    },
    {
      "t1": "HDV",
      "t2": "SPYV",
      "corr_hybrid": 0.5333,
      "corr_structured": 0.8,
      "cat1": "ETF",
      "cat2": "ETF",
      "exp1": "dividend",
      "exp2": "sp500_value",
      "fam1": "factor_dividend",
      "fam2": "factor_value"
    },
    {
      "t1": "RIO",
      "t2": "SLV",
      "corr_hybrid": 0.5309,
      "corr_structured": null,
      "cat1": "Act",
      "cat2": "ETF",
      "exp1": null,
      "exp2": "silver_physical",
      "fam1": null,
      "fam2": "precious_metals"
    },
    {
      "t1": "MU",
      "t2": "SPYV",
      "corr_hybrid": 0.5303,
      "corr_structured": null,
      "cat1": "Act",
      "cat2": "ETF",
      "exp1": null,
      "exp2": "sp500_value",
      "fam1": null,
      "fam2": "factor_value"
    },
    {
      "t1": "ACWV",
      "t2": "SCHD",
      "corr_hybrid": 0.5275,
      "corr_structured": 0.72,
      "cat1": "ETF",
      "cat2": "ETF",
      "exp1": "min_vol",
      "exp2": "dividend",
      "fam1": "factor_min_vol",
      "fam2": "factor_dividend"
    },
    {
      "t1": "FLKR",
      "t2": "VSS",
      "corr_hybrid": 0.5264,
      "corr_structured": 0.2,
      "cat1": "ETF",
      "cat2": "ETF",
      "exp1": "south_korea",
      "exp2": "intl_small_cap",
      "fam1": "em_equity",
      "fam2": null
    },
    {
      "t1": "SCHY",
      "t2": "SPYV",
      "corr_hybrid": 0.5252,
      "corr_structured": 0.2,
      "cat1": "ETF",
      "cat2": "ETF",
      "exp1": "international",
      "exp2": "sp500_value",
      "fam1": "intl_equity",
      "fam2": "factor_value"
    }
  ],
  "all_pairs_bottom_10": [
    {
      "t1": "SCHP",
      "t2": "VRT",
      "corr_hybrid": 0.0154,
      "corr_structured": null,
      "cat1": "Act",
      "cat2": "Act",
      "exp1": "bonds_tips",
      "exp2": null,
      "fam1": "bonds_gov",
      "fam2": null
    },
    {
      "t1": "ITX",
      "t2": "VRT",
      "corr_hybrid": 0.0151,
      "corr_structured": null,
      "cat1": "Act",
      "cat2": "Act",
      "exp1": null,
      "exp2": null,
      "fam1": null,
      "fam2": null
    },
    {
      "t1": "3017",
      "t2": "GLD",
      "corr_hybrid": 0.0127,
      "corr_structured": null,
      "cat1": "Act",
      "cat2": "ETF",
      "exp1": null,
      "exp2": "gold_physical",
      "fam1": null,
      "fam2": "gold"
    },
    {
      "t1": "AGS",
      "t2": "GLD",
      "corr_hybrid": 0.0127,
      "corr_structured": null,
      "cat1": "Act",
      "cat2": "ETF",
      "exp1": null,
      "exp2": "gold_physical",
      "fam1": null,
      "fam2": "gold"
    },
    {
      "t1": "PG",
      "t2": "SOXX",
      "corr_hybrid": 0.01,
      "corr_structured": null,
      "cat1": "Act",
      "cat2": "ETF",
      "exp1": null,
      "exp2": "semiconductor",
      "fam1": null,
      "fam2": "sector_tech"
    },
    {
      "t1": "SCHP",
      "t2": "SLV",
      "corr_hybrid": -0.0097,
      "corr_structured": 0.2,
      "cat1": "Act",
      "cat2": "ETF",
      "exp1": "bonds_tips",
      "exp2": "silver_physical",
      "fam1": "bonds_gov",
      "fam2": "precious_metals"
    },
    {
      "t1": "GLD",
      "t2": "SCHP",
      "corr_hybrid": 0.0073,
      "corr_structured": 0.04,
      "cat1": "ETF",
      "cat2": "Act",
      "exp1": "gold_physical",
      "exp2": "bonds_tips",
      "fam1": "gold",
      "fam2": "bonds_gov"
    },
    {
      "t1": "NVDA",
      "t2": "PG",
      "corr_hybrid": 0.007,
      "corr_structured": null,
      "cat1": "Act",
      "cat2": "Act",
      "exp1": null,
      "exp2": null,
      "fam1": null,
      "fam2": null
    },
    {
      "t1": "JNJ",
      "t2": "NVDA",
      "corr_hybrid": 0.0065,
      "corr_structured": null,
      "cat1": "Act",
      "cat2": "Act",
      "exp1": null,
      "exp2": null,
      "fam1": null,
      "fam2": null
    },
    {
      "t1": "MU",
      "t2": "SCHP",
      "corr_hybrid": 0.0017,
      "corr_structured": null,
      "cat1": "Act",
      "cat2": "Act",
      "exp1": null,
      "exp2": "bonds_tips",
      "fam1": null,
      "fam2": "bonds_gov"
    }
  ],
  "correlation_matrix": {
    "tickers": [
      "3017",
      "ACWV",
      "AGS",
      "BSV",
      "CLTL",
      "EOG",
      "FLKR",
      "GD",
      "GLD",
      "HDV",
      "HWM",
      "INCY",
      "ITX",
      "JNJ",
      "MU",
      "NVDA",
      "PAAA",
      "PG",
      "REMX",
      "RIO",
      "SCHD",
      "SCHO",
      "SCHP",
      "SCHY",
      "SGOV",
      "SLV",
      "SLVP",
      "SOXX",
      "SPYV",
      "STIP",
      "VGSH",
      "VICI",
      "VRT",
      "VSS",
      "XBI",
      "XLV"
    ],
    "matrix": [
      [
        1.0,
        0.4116,
        0.4047,
        0.0719,
        0.0719,
        0.2798,
        0.1469,
        0.3808,
        0.0127,
        0.4163,
        0.2988,
        0.3126,
        0.3566,
        0.3447,
        0.1001,
        0.2011,
        0.0719,
        0.3521,
        0.1604,
        0.259,
        0.4058,
        0.0719,
        0.3127,
        0.3517,
        0.0719,
        0.0157,
        0.0985,
        0.1915,
        0.3916,
        0.0719,
        0.0719,
        0.3993,
        0.149,
        0.3108,
        0.316,
        0.391
      ],
      [
        0.4116,
        1.0,
        0.4116,
        0.0903,
        0.0903,
        0.3705,
        0.3214,
        0.4459,
        0.1997,
        0.524,
        0.3302,
        0.3951,
        0.2636,
        0.4018,
        0.2465,
        0.2735,
        0.0903,
        0.3725,
        0.385,
        0.454,
        0.5275,
        0.0903,
        0.3192,
        0.4992,
        0.0903,
        0.2296,
        0.1508,
        0.3537,
        0.5236,
        0.0903,
        0.0903,
        0.454,
        0.2088,
        0.4978,
        0.4399,
        0.4947
      ],
      [
        0.4047,
        0.4116,
        1.0,
        0.0719,
        0.0719,
        0.2798,
        0.1469,
        0.3808,
        0.0127,
        0.4163,
        0.2988,
        0.3126,
        0.3566,
        0.3447,
        0.1001,
        0.2011,
        0.0719,
        0.3521,
        0.1604,
        0.259,
        0.4058,
        0.0719,
        0.3127,
        0.3517,
        0.0719,
        0.0157,
        0.0985,
        0.1915,
        0.3916,
        0.0719,
        0.0719,
        0.3993,
        0.149,
        0.3108,
        0.316,
        0.391
      ],
      [
        0.0719,
        0.0903,
        0.0719,
        1.0,
        0.0162,
        0.0608,
        0.0491,
        0.0771,
        0.0427,
        0.0913,
        0.0487,
        0.0657,
        0.0508,
        0.0748,
        0.0286,
        0.0352,
        0.0162,
        0.0698,
        0.0673,
        0.0799,
        0.0885,
        0.0162,
        0.0572,
        0.0877,
        0.0162,
        0.0476,
        0.0338,
        0.0488,
        0.0852,
        0.0162,
        0.0162,
        0.0819,
        0.0229,
        0.0843,
        0.0732,
        0.0847
      ],
      [
        0.0719,
        0.0903,
        0.0719,
        0.0162,
        1.0,
        0.0608,
        0.0491,
        0.0771,
        0.0427,
        0.0913,
        0.0487,
        0.0657,
        0.0508,
        0.0748,
        0.0286,
        0.0352,
        0.0162,
        0.0698,
        0.0673,
        0.0799,
        0.0885,
        0.0162,
        0.0572,
        0.0877,
        0.0162,
        0.0476,
        0.0338,
        0.0488,
        0.0852,
        0.0162,
        0.0162,
        0.0819,
        0.0229,
        0.0843,
        0.0732,
        0.0847
      ],
      [
        0.2798,
        0.3705,
        0.2798,
        0.0608,
        0.0608,
        1.0,
        0.3191,
        0.3227,
        0.0995,
        0.3799,
        0.3101,
        0.3173,
        0.1117,
        0.2421,
        0.3313,
        0.3151,
        0.0608,
        0.2129,
        0.3058,
        0.3419,
        0.4168,
        0.0608,
        0.2042,
        0.3639,
        0.0608,
        0.1264,
        0.035,
        0.3928,
        0.44,
        0.0608,
        0.0608,
        0.2954,
        0.2752,
        0.3995,
        0.3574,
        0.373
      ],
      [
        0.1469,
        0.3214,
        0.1469,
        0.0491,
        0.0491,
        0.3191,
        1.0,
        0.2644,
        0.2726,
        0.3265,
        0.3781,
        0.2786,
        -0.0942,
        0.0984,
        0.598,
        0.4779,
        0.0491,
        0.05,
        0.5021,
        0.462,
        0.4064,
        0.0491,
        0.0716,
        0.3879,
        0.0491,
        0.3668,
        0.1573,
        0.6348,
        0.4916,
        0.0491,
        0.0491,
        0.1708,
        0.5017,
        0.5264,
        0.4005,
        0.3308
      ],
      [
        0.3808,
        0.4459,
        0.3808,
        0.0771,
        0.0771,
        0.3227,
        0.2644,
        1.0,
        0.1216,
        0.4513,
        0.3296,
        0.3418,
        0.2728,
        0.3379,
        0.2227,
        0.2703,
        0.0771,
        0.3257,
        0.2942,
        0.3648,
        0.4571,
        0.0771,
        0.2882,
        0.4184,
        0.0771,
        0.1491,
        0.1391,
        0.315,
        0.4608,
        0.0771,
        0.0771,
        0.3961,
        0.2256,
        0.4162,
        0.3788,
        0.4274
      ],
      [
        0.0127,
        0.1997,
        0.0127,
        0.0427,
        0.0427,
        0.0995,
        0.2726,
        0.1216,
        1.0,
        0.1867,
        0.0201,
        0.0509,
        -0.0366,
        0.1253,
        0.1174,
        0.0289,
        0.0427,
        0.0835,
        0.5061,
        0.4397,
        0.1562,
        0.0427,
        0.0073,
        0.3137,
        0.0427,
        0.7091,
        0.4906,
        0.1802,
        0.1725,
        0.0427,
        0.0427,
        0.1221,
        0.066,
        0.3802,
        0.1921,
        0.1463
      ],
      [
        0.4163,
        0.524,
        0.4163,
        0.0913,
        0.0913,
        0.3799,
        0.3265,
        0.4513,
        0.1867,
        1.0,
        0.3283,
        0.4091,
        0.2544,
        0.4108,
        0.2531,
        0.2754,
        0.0913,
        0.3775,
        0.3843,
        0.4553,
        0.5398,
        0.0913,
        0.3252,
        0.5041,
        0.0913,
        0.2101,
        0.1175,
        0.3598,
        0.5333,
        0.0913,
        0.0913,
        0.461,
        0.2015,
        0.5007,
        0.4476,
        0.5058
      ],
      [
        0.2988,
        0.3302,
        0.2988,
        0.0487,
        0.0487,
        0.3101,
        0.3781,
        0.3296,
        0.0201,
        0.3283,
        1.0,
        0.2724,
        0.1945,
        0.1042,
        0.5206,
        0.5517,
        0.0487,
        0.1249,
        0.2698,
        0.3024,
        0.3973,
        0.0487,
        0.1673,
        0.3202,
        0.0487,
        0.1075,
        0.2108,
        0.5678,
        0.4918,
        0.0487,
        0.0487,
        0.2274,
        0.6133,
        0.4175,
        0.3671,
        0.3304
      ],
      [
        0.3126,
        0.3951,
        0.3126,
        0.0657,
        0.0657,
        0.3173,
        0.2786,
        0.3418,
        0.0509,
        0.4091,
        0.2724,
        1.0,
        0.1343,
        0.2974,
        0.2677,
        0.2623,
        0.0657,
        0.2619,
        0.2662,
        0.3215,
        0.4382,
        0.0657,
        0.2438,
        0.3694,
        0.0657,
        0.0489,
        -0.0547,
        0.3348,
        0.4382,
        0.0657,
        0.0657,
        0.3374,
        0.1869,
        0.3748,
        0.3583,
        0.4014
      ],
      [
        0.3566,
        0.2636,
        0.3566,
        0.0508,
        0.0508,
        0.1117,
        -0.0942,
        0.2728,
        -0.0366,
        0.2544,
        0.1945,
        0.1343,
        1.0,
        0.2718,
        -0.178,
        0.02,
        0.0508,
        0.3304,
        -0.0449,
        0.0701,
        0.1931,
        0.0508,
        0.2757,
        0.1836,
        0.0508,
        -0.0313,
        0.2542,
        -0.0914,
        0.1615,
        0.0508,
        0.0508,
        0.3187,
        0.0151,
        0.0944,
        0.1263,
        0.2153
      ],
      [
        0.3447,
        0.4018,
        0.3447,
        0.0748,
        0.0748,
        0.2421,
        0.0984,
        0.3379,
        0.1253,
        0.4108,
        0.1042,
        0.2974,
        0.2718,
        1.0,
        -0.0512,
        0.0065,
        0.0748,
        0.3799,
        0.2031,
        0.2876,
        0.3717,
        0.0748,
        0.3007,
        0.3612,
        0.0748,
        0.0998,
        0.0383,
        0.0463,
        0.3114,
        0.0748,
        0.0748,
        0.4071,
        -0.0993,
        0.2861,
        0.2782,
        0.3764
      ],
      [
        0.1001,
        0.2465,
        0.1001,
        0.0286,
        0.0286,
        0.3313,
        0.598,
        0.2227,
        0.1174,
        0.2531,
        0.5206,
        0.2677,
        -0.178,
        -0.0512,
        1.0,
        0.6825,
        0.0286,
        -0.0858,
        0.4463,
        0.3893,
        0.3893,
        0.0286,
        0.0017,
        0.3094,
        0.0286,
        0.2266,
        0.07,
        0.8215,
        0.5303,
        0.0286,
        0.0286,
        0.0613,
        0.7517,
        0.5083,
        0.4014,
        0.2843
      ],
      [
        0.2011,
        0.2735,
        0.2011,
        0.0352,
        0.0352,
        0.3151,
        0.4779,
        0.2703,
        0.0289,
        0.2754,
        0.5517,
        0.2623,
        0.02,
        0.0065,
        0.6825,
        1.0,
        0.0352,
        0.007,
        0.3264,
        0.3178,
        0.3823,
        0.0352,
        0.0809,
        0.2933,
        0.0352,
        0.1272,
        0.1329,
        0.7005,
        0.506,
        0.0352,
        0.0352,
        0.1314,
        0.7114,
        0.4435,
        0.3743,
        0.2949
      ],
      [
        0.0719,
        0.0903,
        0.0719,
        0.0162,
        0.0162,
        0.0608,
        0.0491,
        0.0771,
        0.0427,
        0.0913,
        0.0487,
        0.0657,
        0.0508,
        0.0748,
        0.0286,
        0.0352,
        1.0,
        0.0698,
        0.0673,
        0.0799,
        0.0885,
        0.0162,
        0.0572,
        0.0877,
        0.0162,
        0.0476,
        0.0338,
        0.0488,
        0.0852,
        0.0162,
        0.0162,
        0.0819,
        0.0229,
        0.0843,
        0.0732,
        0.0847
      ],
      [
        0.3521,
        0.3725,
        0.3521,
        0.0698,
        0.0698,
        0.2129,
        0.05,
        0.3257,
        0.0835,
        0.3775,
        0.1249,
        0.2619,
        0.3304,
        0.3799,
        -0.0858,
        0.007,
        0.0698,
        1.0,
        0.1417,
        0.2354,
        0.3323,
        0.0698,
        0.2991,
        0.3209,
        0.0698,
        0.0636,
        0.0854,
        0.01,
        0.2772,
        0.0698,
        0.0698,
        0.391,
        -0.0772,
        0.24,
        0.2434,
        0.3416
      ],
      [
        0.1604,
        0.385,
        0.1604,
        0.0673,
        0.0673,
        0.3058,
        0.5021,
        0.2942,
        0.5061,
        0.3843,
        0.2698,
        0.2662,
        -0.0449,
        0.2031,
        0.4463,
        0.3264,
        0.0673,
        0.1417,
        1.0,
        0.5811,
        0.4156,
        0.0673,
        0.103,
        0.4804,
        0.0673,
        0.6171,
        0.3432,
        0.5188,
        0.4675,
        0.0673,
        0.0673,
        0.2464,
        0.3372,
        0.5918,
        0.4123,
        0.3613
      ],
      [
        0.259,
        0.454,
        0.259,
        0.0799,
        0.0799,
        0.3419,
        0.462,
        0.3648,
        0.4397,
        0.4553,
        0.3024,
        0.3215,
        0.0701,
        0.2876,
        0.3893,
        0.3178,
        0.0799,
        0.2354,
        0.5811,
        1.0,
        0.4748,
        0.0799,
        0.186,
        0.5165,
        0.0799,
        0.5309,
        0.3147,
        0.4803,
        0.509,
        0.0799,
        0.0799,
        0.336,
        0.3049,
        0.5928,
        0.4428,
        0.4267
      ],
      [
        0.4058,
        0.5275,
        0.4058,
        0.0885,
        0.0885,
        0.4168,
        0.4064,
        0.4571,
        0.1562,
        0.5398,
        0.3973,
        0.4382,
        0.1931,
        0.3717,
        0.3893,
        0.3823,
        0.0885,
        0.3323,
        0.4156,
        0.4748,
        1.0,
        0.0885,
        0.3049,
        0.5135,
        0.0885,
        0.1873,
        0.0683,
        0.484,
        0.5925,
        0.0885,
        0.0885,
        0.4371,
        0.3171,
        0.543,
        0.4868,
        0.5235
      ],
      [
        0.0719,
        0.0903,
        0.0719,
        0.0162,
        0.0162,
        0.0608,
        0.0491,
        0.0771,
        0.0427,
        0.0913,
        0.0487,
        0.0657,
        0.0508,
        0.0748,
        0.0286,
        0.0352,
        0.0162,
        0.0698,
        0.0673,
        0.0799,
        0.0885,
        1.0,
        0.0572,
        0.0877,
        0.0162,
        0.0476,
        0.0338,
        0.0488,
        0.0852,
        0.0162,
        0.0162,
        0.0819,
        0.0229,
        0.0843,
        0.0732,
        0.0847
      ],
      [
        0.3127,
        0.3192,
        0.3127,
        0.0572,
        0.0572,
        0.2042,
        0.0716,
        0.2882,
        0.0073,
        0.3252,
        0.1673,
        0.2438,
        0.2757,
        0.3007,
        0.0017,
        0.0809,
        0.0572,
        0.2991,
        0.103,
        0.186,
        0.3049,
        0.0572,
        1.0,
        0.2669,
        0.0572,
        -0.0097,
        0.0294,
        0.0758,
        0.2726,
        0.0572,
        0.0572,
        0.3251,
        0.0154,
        0.2116,
        0.2264,
        0.3027
      ],
      [
        0.3517,
        0.4992,
        0.3517,
        0.0877,
        0.0877,
        0.3639,
        0.3879,
        0.4184,
        0.3137,
        0.5041,
        0.3202,
        0.3694,
        0.1836,
        0.3612,
        0.3094,
        0.2933,
        0.0877,
        0.3209,
        0.4804,
        0.5165,
        0.5135,
        0.0877,
        0.2669,
        1.0,
        0.0877,
        0.3711,
        0.2283,
        0.4121,
        0.5252,
        0.0877,
        0.0877,
        0.4117,
        0.2495,
        0.5492,
        0.4488,
        0.474
      ],
      [
        0.0719,
        0.0903,
        0.0719,
        0.0162,
        0.0162,
        0.0608,
        0.0491,
        0.0771,
        0.0427,
        0.0913,
        0.0487,
        0.0657,
        0.0508,
        0.0748,
        0.0286,
        0.0352,
        0.0162,
        0.0698,
        0.0673,
        0.0799,
        0.0885,
        0.0162,
        0.0572,
        0.0877,
        1.0,
        0.0476,
        0.0338,
        0.0488,
        0.0852,
        0.0162,
        0.0162,
        0.0819,
        0.0229,
        0.0843,
        0.0732,
        0.0847
      ],
      [
        0.0157,
        0.2296,
        0.0157,
        0.0476,
        0.0476,
        0.1264,
        0.3668,
        0.1491,
        0.7091,
        0.2101,
        0.1075,
        0.0489,
        -0.0313,
        0.0998,
        0.2266,
        0.1272,
        0.0476,
        0.0636,
        0.6171,
        0.5309,
        0.1873,
        0.0476,
        -0.0097,
        0.3711,
        0.0476,
        1.0,
        0.6564,
        0.2967,
        0.2347,
        0.0476,
        0.0476,
        0.1206,
        0.2084,
        0.479,
        0.243,
        0.1651
      ],
      [
        0.0985,
        0.1508,
        0.0985,
        0.0338,
        0.0338,
        0.035,
        0.1573,
        0.1391,
        0.4906,
        0.1175,
        0.2108,
        -0.0547,
        0.2542,
        0.0383,
        0.07,
        0.1329,
        0.0338,
        0.0854,
        0.3432,
        0.3147,
        0.0683,
        0.0338,
        0.0294,
        0.2283,
        0.0338,
        0.6564,
        1.0,
        0.1413,
        0.1273,
        0.0338,
        0.0338,
        0.1037,
        0.2833,
        0.2954,
        0.1245,
        0.0662
      ],
      [
        0.1915,
        0.3537,
        0.1915,
        0.0488,
        0.0488,
        0.3928,
        0.6348,
        0.315,
        0.1802,
        0.3598,
        0.5678,
        0.3348,
        -0.0914,
        0.0463,
        0.8215,
        0.7005,
        0.0488,
        0.01,
        0.5188,
        0.4803,
        0.484,
        0.0488,
        0.0758,
        0.4121,
        0.0488,
        0.2967,
        0.1413,
        1.0,
        0.6166,
        0.0488,
        0.0488,
        0.1656,
        0.7577,
        0.5993,
        0.4782,
        0.3792
      ],
      [
        0.3916,
        0.5236,
        0.3916,
        0.0852,
        0.0852,
        0.44,
        0.4916,
        0.4608,
        0.1725,
        0.5333,
        0.4918,
        0.4382,
        0.1615,
        0.3114,
        0.5303,
        0.506,
        0.0852,
        0.2772,
        0.4675,
        0.509,
        0.5925,
        0.0852,
        0.2726,
        0.5252,
        0.0852,
        0.2347,
        0.1273,
        0.6166,
        1.0,
        0.0852,
        0.0852,
        0.4024,
        0.478,
        0.5989,
        0.5205,
        0.5234
      ],
      [
        0.0719,
        0.0903,
        0.0719,
        0.0162,
        0.0162,
        0.0608,
        0.0491,
        0.0771,
        0.0427,
        0.0913,
        0.0487,
        0.0657,
        0.0508,
        0.0748,
        0.0286,
        0.0352,
        0.0162,
        0.0698,
        0.0673,
        0.0799,
        0.0885,
        0.0162,
        0.0572,
        0.0877,
        0.0162,
        0.0476,
        0.0338,
        0.0488,
        0.0852,
        1.0,
        0.0162,
        0.0819,
        0.0229,
        0.0843,
        0.0732,
        0.0847
      ],
      [
        0.0719,
        0.0903,
        0.0719,
        0.0162,
        0.0162,
        0.0608,
        0.0491,
        0.0771,
        0.0427,
        0.0913,
        0.0487,
        0.0657,
        0.0508,
        0.0748,
        0.0286,
        0.0352,
        0.0162,
        0.0698,
        0.0673,
        0.0799,
        0.0885,
        0.0162,
        0.0572,
        0.0877,
        0.0162,
        0.0476,
        0.0338,
        0.0488,
        0.0852,
        0.0162,
        1.0,
        0.0819,
        0.0229,
        0.0843,
        0.0732,
        0.0847
      ],
      [
        0.3993,
        0.454,
        0.3993,
        0.0819,
        0.0819,
        0.2954,
        0.1708,
        0.3961,
        0.1221,
        0.461,
        0.2274,
        0.3374,
        0.3187,
        0.4071,
        0.0613,
        0.1314,
        0.0819,
        0.391,
        0.2464,
        0.336,
        0.4371,
        0.0819,
        0.3251,
        0.4117,
        0.0819,
        0.1206,
        0.1037,
        0.1656,
        0.4024,
        0.0819,
        0.0819,
        1.0,
        0.0503,
        0.3613,
        0.3426,
        0.4276
      ],
      [
        0.149,
        0.2088,
        0.149,
        0.0229,
        0.0229,
        0.2752,
        0.5017,
        0.2256,
        0.066,
        0.2015,
        0.6133,
        0.1869,
        0.0151,
        -0.0993,
        0.7517,
        0.7114,
        0.0229,
        -0.0772,
        0.3372,
        0.3049,
        0.3171,
        0.0229,
        0.0154,
        0.2495,
        0.0229,
        0.2084,
        0.2833,
        0.7577,
        0.478,
        0.0229,
        0.0229,
        0.0503,
        1.0,
        0.4404,
        0.343,
        0.2225
      ],
      [
        0.3108,
        0.4978,
        0.3108,
        0.0843,
        0.0843,
        0.3995,
        0.5264,
        0.4162,
        0.3802,
        0.5007,
        0.4175,
        0.3748,
        0.0944,
        0.2861,
        0.5083,
        0.4435,
        0.0843,
        0.24,
        0.5918,
        0.5928,
        0.543,
        0.0843,
        0.2116,
        0.5492,
        0.0843,
        0.479,
        0.2954,
        0.5993,
        0.5989,
        0.0843,
        0.0843,
        0.3613,
        0.4404,
        1.0,
        0.5029,
        0.4791
      ],
      [
        0.316,
        0.4399,
        0.316,
        0.0732,
