{
  "_meta": {
    "generated": "2026-04-06T09:06:36",
    "portfolio_generated": "2026-04-06T09:02:52.536270",
    "n_assets": 40,
    "n_with_returns": 32,
    "covariance_method": "hybrid_shrunk",
    "condition_number": 507.01,
    "pca_factors": 3
  },
  "profiles": {
    "Agressif": {
      "n_assets": 16,
      "weighted_avg_correlation": 0.2672,
      "most_correlated": [
        {
          "t1": "MU",
          "t2": "SOXX",
          "corr": 0.8126,
          "w1": 5.4,
          "w2": 6.6,
          "combined_weight": 12.0
        },
        {
          "t1": "VRT",
          "t2": "MU",
          "corr": 0.7949,
          "w1": 4.4,
          "w2": 5.4,
          "combined_weight": 9.7
        },
        {
          "t1": "VRT",
          "t2": "SOXX",
          "corr": 0.7828,
          "w1": 4.4,
          "w2": 6.6,
          "combined_weight": 10.9
        },
        {
          "t1": "SLVP",
          "t2": "SLV",
          "corr": 0.722,
          "w1": 4.6,
          "w2": 6.9,
          "combined_weight": 11.5
        },
        {
          "t1": "NVDA",
          "t2": "SOXX",
          "corr": 0.7178,
          "w1": 3.7,
          "w2": 6.6,
          "combined_weight": 10.3
        },
        {
          "t1": "NVDA",
          "t2": "MU",
          "corr": 0.7059,
          "w1": 3.7,
          "w2": 5.4,
          "combined_weight": 9.1
        },
        {
          "t1": "SLV",
          "t2": "GLD",
          "corr": 0.6863,
          "w1": 6.9,
          "w2": 10.3,
          "combined_weight": 17.2
        },
        {
          "t1": "VRT",
          "t2": "NVDA",
          "corr": 0.6773,
          "w1": 4.4,
          "w2": 3.7,
          "combined_weight": 8.1
        },
        {
          "t1": "FLKR",
          "t2": "SOXX",
          "corr": 0.6254,
          "w1": 5.6,
          "w2": 6.6,
          "combined_weight": 12.2
        },
        {
          "t1": "SLVP",
          "t2": "GLD",
          "corr": 0.5893,
          "w1": 4.6,
          "w2": 10.3,
          "combined_weight": 14.9
        }
      ],
      "least_correlated": [
        {
          "t1": "MU",
          "t2": "SGOV",
          "corr": 0.0238,
          "w1": 5.4,
          "w2": 5.8,
          "combined_weight": 11.2
        },
        {
          "t1": "VRT",
          "t2": "PAAA",
          "corr": 0.0189,
          "w1": 4.4,
          "w2": 8.7,
          "combined_weight": 13.1
        },
        {
          "t1": "VRT",
          "t2": "SGOV",
          "corr": 0.0189,
          "w1": 4.4,
          "w2": 5.8,
          "combined_weight": 10.2
        },
        {
          "t1": "PAAA",
          "t2": "SGOV",
          "corr": 0.0169,
          "w1": 8.7,
          "w2": 5.8,
          "combined_weight": 14.6
        },
        {
          "t1": "INCY",
          "t2": "SLVP",
          "corr": 0.0112,
          "w1": 3.2,
          "w2": 4.6,
          "combined_weight": 7.8
        }
      ],
      "high_corr_high_weight": [
        {
          "t1": "MU",
          "t2": "SOXX",
          "corr": 0.8126,
          "w1": 5.4,
          "w2": 6.6,
          "combined_weight": 12.0
        },
        {
          "t1": "VRT",
          "t2": "SOXX",
          "corr": 0.7828,
          "w1": 4.4,
          "w2": 6.6,
          "combined_weight": 10.9
        },
        {
          "t1": "SLVP",
          "t2": "SLV",
          "corr": 0.722,
          "w1": 4.6,
          "w2": 6.9,
          "combined_weight": 11.5
        },
        {
          "t1": "NVDA",
          "t2": "SOXX",
          "corr": 0.7178,
          "w1": 3.7,
          "w2": 6.6,
          "combined_weight": 10.3
        }
      ]
    },
    "Mod\u00e9r\u00e9": {
      "n_assets": 15,
      "weighted_avg_correlation": 0.261,
      "most_correlated": [
        {
          "t1": "SCHD",
          "t2": "HDV",
          "corr": 0.6539,
          "w1": 8.3,
          "w2": 7.6,
          "combined_weight": 15.9
        },
        {
          "t1": "SCHD",
          "t2": "GGG",
          "corr": 0.5915,
          "w1": 8.3,
          "w2": 3.0,
          "combined_weight": 11.3
        },
        {
          "t1": "RIO",
          "t2": "VSS",
          "corr": 0.5802,
          "w1": 6.9,
          "w2": 7.5,
          "combined_weight": 14.4
        },
        {
          "t1": "SCHD",
          "t2": "VSS",
          "corr": 0.5784,
          "w1": 8.3,
          "w2": 7.5,
          "combined_weight": 15.8
        },
        {
          "t1": "SCHD",
          "t2": "XLV",
          "corr": 0.5709,
          "w1": 8.3,
          "w2": 3.1,
          "combined_weight": 11.4
        },
        {
          "t1": "SCHY",
          "t2": "SCHD",
          "corr": 0.5637,
          "w1": 8.3,
          "w2": 8.3,
          "combined_weight": 16.6
        },
        {
          "t1": "SCHY",
          "t2": "VSS",
          "corr": 0.5514,
          "w1": 8.3,
          "w2": 7.5,
          "combined_weight": 15.9
        },
        {
          "t1": "SCHY",
          "t2": "HDV",
          "corr": 0.5395,
          "w1": 8.3,
          "w2": 7.6,
          "combined_weight": 15.9
        },
        {
          "t1": "HDV",
          "t2": "GGG",
          "corr": 0.5373,
          "w1": 7.6,
          "w2": 3.0,
          "combined_weight": 10.6
        },
        {
          "t1": "HDV",
          "t2": "XLV",
          "corr": 0.5337,
          "w1": 7.6,
          "w2": 3.1,
          "combined_weight": 10.7
        }
      ],
      "least_correlated": [
        {
          "t1": "STIP",
          "t2": "GLD",
          "corr": 0.0409,
          "w1": 9.0,
          "w2": 8.1,
          "combined_weight": 17.1
        },
        {
          "t1": "VGSH",
          "t2": "ITX",
          "corr": 0.0226,
          "w1": 9.2,
          "w2": 4.1,
          "combined_weight": 13.2
        },
        {
          "t1": "STIP",
          "t2": "ITX",
          "corr": 0.0226,
          "w1": 9.0,
          "w2": 4.1,
          "combined_weight": 13.1
        },
        {
          "t1": "VGSH",
          "t2": "STIP",
          "corr": 0.0169,
          "w1": 9.2,
          "w2": 9.0,
          "combined_weight": 18.2
        },
        {
          "t1": "ITX",
          "t2": "GLD",
          "corr": 0.0055,
          "w1": 4.1,
          "w2": 8.1,
          "combined_weight": 12.2
        }
      ],
      "high_corr_high_weight": []
    },
    "Stable": {
      "n_assets": 16,
      "weighted_avg_correlation": 0.1264,
      "most_correlated": [
        {
          "t1": "ACWV",
          "t2": "SPYV",
          "corr": 0.5585,
          "w1": 4.6,
          "w2": 4.2,
          "combined_weight": 8.7
        },
        {
          "t1": "SPYV",
          "t2": "XLV",
          "corr": 0.5529,
          "w1": 4.2,
          "w2": 4.2,
          "combined_weight": 8.4
        },
        {
          "t1": "SPLV",
          "t2": "SPYV",
          "corr": 0.5195,
          "w1": 4.6,
          "w2": 4.2,
          "combined_weight": 8.7
        },
        {
          "t1": "EOG",
          "t2": "SPYV",
          "corr": 0.5186,
          "w1": 6.3,
          "w2": 4.2,
          "combined_weight": 10.4
        },
        {
          "t1": "ACWV",
          "t2": "SPLV",
          "corr": 0.5047,
          "w1": 4.6,
          "w2": 4.6,
          "combined_weight": 9.1
        },
        {
          "t1": "SPYV",
          "t2": "GD",
          "corr": 0.5008,
          "w1": 4.2,
          "w2": 3.7,
          "combined_weight": 7.9
        },
        {
          "t1": "ACWV",
          "t2": "XLV",
          "corr": 0.4818,
          "w1": 4.6,
          "w2": 4.2,
          "combined_weight": 8.7
        },
        {
          "t1": "SPLV",
          "t2": "XLV",
          "corr": 0.4726,
          "w1": 4.6,
          "w2": 4.2,
          "combined_weight": 8.7
        },
        {
          "t1": "ACWV",
          "t2": "GD",
          "corr": 0.4479,
          "w1": 4.6,
          "w2": 3.7,
          "combined_weight": 8.3
        },
        {
          "t1": "SPLV",
          "t2": "GD",
          "corr": 0.4428,
          "w1": 4.6,
          "w2": 3.7,
          "combined_weight": 8.3
        }
      ],
      "least_correlated": [
        {
          "t1": "BSV",
          "t2": "VGSH",
          "corr": 0.0169,
          "w1": 9.0,
          "w2": 11.8,
          "combined_weight": 20.8
        },
        {
          "t1": "BSV",
          "t2": "STIP",
          "corr": 0.0169,
          "w1": 9.0,
          "w2": 13.0,
          "combined_weight": 22.0
        },
        {
          "t1": "CLTL",
          "t2": "VGSH",
          "corr": 0.0169,
          "w1": 9.5,
          "w2": 11.8,
          "combined_weight": 21.2
        },
        {
          "t1": "CLTL",
          "t2": "STIP",
          "corr": 0.0169,
          "w1": 9.5,
          "w2": 13.0,
          "combined_weight": 22.5
        },
        {
          "t1": "VGSH",
          "t2": "STIP",
          "corr": 0.0169,
          "w1": 11.8,
          "w2": 13.0,
          "combined_weight": 24.8
        }
      ],
      "high_corr_high_weight": []
    }
  },
  "all_pairs_top_30": [
    {
      "t1": "MU",
      "t2": "SOXX",
      "corr_hybrid": 0.8126,
      "corr_structured": null,
      "cat1": "Act",
      "cat2": "ETF",
      "exp1": null,
      "exp2": "semiconductor",
      "fam1": null,
      "fam2": "sector_tech"
    },
    {
      "t1": "MU",
      "t2": "VRT",
      "corr_hybrid": 0.7949,
      "corr_structured": null,
      "cat1": "Act",
      "cat2": "Act",
      "exp1": null,
      "exp2": null,
      "fam1": null,
      "fam2": null
    },
    {
      "t1": "SOXX",
      "t2": "VRT",
      "corr_hybrid": 0.7828,
      "corr_structured": null,
      "cat1": "ETF",
      "cat2": "Act",
      "exp1": "semiconductor",
      "exp2": null,
      "fam1": "sector_tech",
      "fam2": null
    },
    {
      "t1": "SLV",
      "t2": "SLVP",
      "corr_hybrid": 0.722,
      "corr_structured": 0.9,
      "cat1": "ETF",
      "cat2": "ETF",
      "exp1": "silver_physical",
      "exp2": "silver_miners",
      "fam1": "precious_metals",
      "fam2": "precious_metals"
    },
    {
      "t1": "NVDA",
      "t2": "SOXX",
      "corr_hybrid": 0.7178,
      "corr_structured": null,
      "cat1": "Act",
      "cat2": "ETF",
      "exp1": null,
      "exp2": "semiconductor",
      "fam1": null,
      "fam2": "sector_tech"
    },
    {
      "t1": "MU",
      "t2": "NVDA",
      "corr_hybrid": 0.7059,
      "corr_structured": null,
      "cat1": "Act",
      "cat2": "Act",
      "exp1": null,
      "exp2": null,
      "fam1": null,
      "fam2": null
    },
    {
      "t1": "GLD",
      "t2": "SLV",
      "corr_hybrid": 0.6863,
      "corr_structured": 0.85,
      "cat1": "ETF",
      "cat2": "ETF",
      "exp1": "gold_physical",
      "exp2": "silver_physical",
      "fam1": "gold",
      "fam2": "precious_metals"
    },
    {
      "t1": "SCHD",
      "t2": "SPYV",
      "corr_hybrid": 0.6851,
      "corr_structured": 0.8,
      "cat1": "ETF",
      "cat2": "ETF",
      "exp1": "dividend",
      "exp2": "sp500_value",
      "fam1": "factor_dividend",
      "fam2": "factor_value"
    },
    {
      "t1": "NVDA",
      "t2": "VRT",
      "corr_hybrid": 0.6773,
      "corr_structured": null,
      "cat1": "Act",
      "cat2": "Act",
      "exp1": null,
      "exp2": null,
      "fam1": null,
      "fam2": null
    },
    {
      "t1": "HDV",
      "t2": "SCHD",
      "corr_hybrid": 0.6539,
      "corr_structured": 0.95,
      "cat1": "ETF",
      "cat2": "ETF",
      "exp1": "dividend",
      "exp2": "dividend",
      "fam1": "factor_dividend",
      "fam2": "factor_dividend"
    },
    {
      "t1": "SOXX",
      "t2": "SPYV",
      "corr_hybrid": 0.6322,
      "corr_structured": 0.2,
      "cat1": "ETF",
      "cat2": "ETF",
      "exp1": "semiconductor",
      "exp2": "sp500_value",
      "fam1": "sector_tech",
      "fam2": "factor_value"
    },
    {
      "t1": "SPYV",
      "t2": "VSS",
      "corr_hybrid": 0.6278,
      "corr_structured": 0.2,
      "cat1": "ETF",
      "cat2": "ETF",
      "exp1": "sp500_value",
      "exp2": "intl_small_cap",
      "fam1": "factor_value",
      "fam2": null
    },
    {
      "t1": "FLKR",
      "t2": "SOXX",
      "corr_hybrid": 0.6254,
      "corr_structured": 0.2,
      "cat1": "ETF",
      "cat2": "ETF",
      "exp1": "south_korea",
      "exp2": "semiconductor",
      "fam1": "em_equity",
      "fam2": "sector_tech"
    },
    {
      "t1": "BKR",
      "t2": "SPYV",
      "corr_hybrid": 0.6169,
      "corr_structured": null,
      "cat1": "Act",
      "cat2": "ETF",
      "exp1": null,
      "exp2": "sp500_value",
      "fam1": null,
      "fam2": "factor_value"
    },
    {
      "t1": "HDV",
      "t2": "SPYV",
      "corr_hybrid": 0.6075,
      "corr_structured": 0.8,
      "cat1": "ETF",
      "cat2": "ETF",
      "exp1": "dividend",
      "exp2": "sp500_value",
      "fam1": "factor_dividend",
      "fam2": "factor_value"
    },
    {
      "t1": "BKR",
      "t2": "SCHD",
      "corr_hybrid": 0.6046,
      "corr_structured": null,
      "cat1": "Act",
      "cat2": "ETF",
      "exp1": null,
      "exp2": "dividend",
      "fam1": null,
      "fam2": "factor_dividend"
    },
    {
      "t1": "SCHD",
      "t2": "XLE",
      "corr_hybrid": 0.6038,
      "corr_structured": 0.2,
      "cat1": "ETF",
      "cat2": "ETF",
      "exp1": "dividend",
      "exp2": "energy",
      "fam1": "factor_dividend",
      "fam2": "sector_energy"
    },
    {
      "t1": "SOXX",
      "t2": "VSS",
      "corr_hybrid": 0.6016,
      "corr_structured": 0.2,
      "cat1": "ETF",
      "cat2": "ETF",
      "exp1": "semiconductor",
      "exp2": "intl_small_cap",
      "fam1": "sector_tech",
      "fam2": null
    },
    {
      "t1": "SPYV",
      "t2": "XLE",
      "corr_hybrid": 0.5944,
      "corr_structured": 0.2,
      "cat1": "ETF",
      "cat2": "ETF",
      "exp1": "sp500_value",
      "exp2": "energy",
      "fam1": "factor_value",
      "fam2": "sector_energy"
    },
    {
      "t1": "GGG",
      "t2": "SCHD",
      "corr_hybrid": 0.5915,
      "corr_structured": null,
      "cat1": "Act",
      "cat2": "ETF",
      "exp1": null,
      "exp2": "dividend",
      "fam1": null,
      "fam2": "factor_dividend"
    },
    {
      "t1": "GLD",
      "t2": "SLVP",
      "corr_hybrid": 0.5893,
      "corr_structured": 0.85,
      "cat1": "ETF",
      "cat2": "ETF",
      "exp1": "gold_physical",
      "exp2": "silver_miners",
      "fam1": "gold",
      "fam2": "precious_metals"
    },
    {
      "t1": "ACWV",
      "t2": "SCHD",
      "corr_hybrid": 0.5875,
      "corr_structured": 0.72,
      "cat1": "ETF",
      "cat2": "ETF",
      "exp1": "min_vol",
      "exp2": "dividend",
      "fam1": "factor_min_vol",
      "fam2": "factor_dividend"
    },
    {
      "t1": "GGG",
      "t2": "SPYV",
      "corr_hybrid": 0.5862,
      "corr_structured": null,
      "cat1": "Act",
      "cat2": "ETF",
      "exp1": null,
      "exp2": "sp500_value",
      "fam1": null,
      "fam2": "factor_value"
    },
    {
      "t1": "RIO",
      "t2": "VSS",
      "corr_hybrid": 0.5802,
      "corr_structured": null,
      "cat1": "Act",
      "cat2": "ETF",
      "exp1": null,
      "exp2": "intl_small_cap",
      "fam1": null,
      "fam2": null
    },
    {
      "t1": "SCHD",
      "t2": "VSS",
      "corr_hybrid": 0.5784,
      "corr_structured": 0.2,
      "cat1": "ETF",
      "cat2": "ETF",
      "exp1": "dividend",
      "exp2": "intl_small_cap",
      "fam1": "factor_dividend",
      "fam2": null
    },
    {
      "t1": "SCHD",
      "t2": "SPLV",
      "corr_hybrid": 0.5779,
      "corr_structured": 0.82,
      "cat1": "ETF",
      "cat2": "ETF",
      "exp1": "dividend",
      "exp2": "sp500",
      "fam1": "factor_dividend",
      "fam2": "us_equity_large"
    },
    {
      "t1": "FLKR",
      "t2": "MU",
      "corr_hybrid": 0.5762,
      "corr_structured": null,
      "cat1": "ETF",
      "cat2": "Act",
      "exp1": "south_korea",
      "exp2": null,
      "fam1": "em_equity",
      "fam2": null
    },
    {
      "t1": "REMX",
      "t2": "SLV",
      "corr_hybrid": 0.5733,
      "corr_structured": 0.2,
      "cat1": "ETF",
      "cat2": "ETF",
      "exp1": "rare_earth",
      "exp2": "silver_physical",
      "fam1": null,
      "fam2": "precious_metals"
    },
    {
      "t1": "SCHD",
      "t2": "XLV",
      "corr_hybrid": 0.5709,
      "corr_structured": 0.2,
      "cat1": "ETF",
      "cat2": "ETF",
      "exp1": "dividend",
      "exp2": "healthcare",
      "fam1": "factor_dividend",
      "fam2": "sector_healthcare"
    },
    {
      "t1": "REMX",
      "t2": "VSS",
      "corr_hybrid": 0.569,
      "corr_structured": 0.2,
      "cat1": "ETF",
      "cat2": "ETF",
      "exp1": "rare_earth",
      "exp2": "intl_small_cap",
      "fam1": null,
      "fam2": null
    }
  ],
  "all_pairs_bottom_10": [
    {
      "t1": "STIP",
      "t2": "VGSH",
      "corr_hybrid": 0.0169,
      "corr_structured": 0.7,
      "cat1": "Obl",
      "cat2": "Obl",
      "exp1": "bonds_tips",
      "exp2": "bonds_short_treasury",
      "fam1": "bonds_gov",
      "fam2": "bonds_short"
    },
    {
      "t1": "AGS",
      "t2": "SLVP",
      "corr_hybrid": 0.0152,
      "corr_structured": null,
      "cat1": "Act",
      "cat2": "ETF",
      "exp1": null,
      "exp2": "silver_miners",
      "fam1": null,
      "fam2": "precious_metals"
    },
    {
      "t1": "MU",
      "t2": "SCHP",
      "corr_hybrid": 0.0131,
      "corr_structured": null,
      "cat1": "Act",
      "cat2": "Act",
      "exp1": null,
      "exp2": "bonds_tips",
      "fam1": null,
      "fam2": "bonds_gov"
    },
    {
      "t1": "INCY",
      "t2": "SLVP",
      "corr_hybrid": 0.0112,
      "corr_structured": null,
      "cat1": "Act",
      "cat2": "ETF",
      "exp1": null,
      "exp2": "silver_miners",
      "fam1": null,
      "fam2": "precious_metals"
    },
    {
      "t1": "ITX",
      "t2": "SLV",
      "corr_hybrid": 0.008,
      "corr_structured": null,
      "cat1": "Act",
      "cat2": "ETF",
      "exp1": null,
      "exp2": "silver_physical",
      "fam1": null,
      "fam2": "precious_metals"
    },
    {
      "t1": "SCHP",
      "t2": "VRT",
      "corr_hybrid": -0.0061,
      "corr_structured": null,
      "cat1": "Act",
      "cat2": "Act",
      "exp1": "bonds_tips",
      "exp2": null,
      "fam1": "bonds_gov",
      "fam2": null
    },
    {
      "t1": "JNJ",
      "t2": "NVDA",
      "corr_hybrid": 0.0056,
      "corr_structured": null,
      "cat1": "Act",
      "cat2": "Act",
      "exp1": null,
      "exp2": null,
      "fam1": null,
      "fam2": null
    },
    {
      "t1": "GLD",
      "t2": "ITX",
      "corr_hybrid": 0.0055,
      "corr_structured": null,
      "cat1": "ETF",
      "cat2": "Act",
      "exp1": "gold_physical",
      "exp2": null,
      "fam1": "gold",
      "fam2": null
    },
    {
      "t1": "ITX",
      "t2": "SLVP",
      "corr_hybrid": -0.0052,
      "corr_structured": null,
      "cat1": "Act",
      "cat2": "ETF",
      "exp1": null,
      "exp2": "silver_miners",
      "fam1": null,
      "fam2": "precious_metals"
    },
    {
      "t1": "SCHP",
      "t2": "SLVP",
      "corr_hybrid": 0.0012,
      "corr_structured": 0.2,
      "cat1": "Act",
      "cat2": "ETF",
      "exp1": "bonds_tips",
      "exp2": "silver_miners",
      "fam1": "bonds_gov",
      "fam2": "precious_metals"
    }
  ],
  "correlation_matrix": {
    "tickers": [
      "ACWV",
      "AGS",
      "BKR",
      "BSV",
      "CLTL",
      "EOG",
      "FLKR",
      "GD",
      "GGG",
      "GLD",
      "GOOGL",
      "HDV",
      "INCY",
      "ITX",
      "JNJ",
      "MU",
      "NVDA",
      "PAAA",
      "PG",
      "REMX",
      "RIO",
      "SCHD",
      "SCHO",
      "SCHP",
      "SCHY",
      "SGOV",
      "SLV",
      "SLVP",
      "SOXX",
      "SPLV",
      "SPYV",
      "STIP",
      "ULVR",
      "VGSH",
      "VICI",
      "VRT",
      "VSS",
      "XBI",
      "XLE",
      "XLV"
    ],
    "matrix": [
      [
        1.0,
        0.3711,
        0.4932,
        0.0916,
        0.0916,
        0.4347,
        0.3256,
        0.4479,
        0.4839,
        0.199,
        0.2782,
        0.5643,
        0.3425,
        0.1305,
        0.3505,
        0.2293,
        0.2593,
        0.0916,
        0.3525,
        0.395,
        0.4494,
        0.5875,
        0.0916,
        0.2304,
        0.5024,
        0.0916,
        0.2403,
        0.1667,
        0.3636,
        0.5047,
        0.5585,
        0.0916,
        0.106,
        0.0916,
        0.4212,
        0.1976,
        0.5051,
        0.4339,
        0.4972,
        0.4818
      ],
      [
        0.3711,
        1.0,
        0.3599,
        0.0664,
        0.0664,
        0.3325,
        0.1882,
        0.3308,
        0.3624,
        0.0487,
        0.1858,
        0.422,
        0.262,
        0.1028,
        0.2699,
        0.1228,
        0.1611,
        0.0664,
        0.2767,
        0.216,
        0.2717,
        0.4403,
        0.0664,
        0.1845,
        0.3413,
        0.0664,
        0.0526,
        0.0152,
        0.2211,
        0.3829,
        0.4003,
        0.0664,
        0.075,
        0.0664,
        0.32,
        0.0909,
        0.319,
        0.2993,
        0.3719,
        0.356
      ],
      [
        0.4932,
        0.3599,
        1.0,
        0.0828,
        0.0828,
        0.4583,
        0.4129,
        0.4427,
        0.515,
        0.1231,
        0.3626,
        0.5409,
        0.3725,
        0.1355,
        0.2834,
        0.4133,
        0.415,
        0.0828,
        0.2784,
        0.3987,
        0.4455,
        0.6046,
        0.0828,
        0.2068,
        0.4863,
        0.0828,
        0.1745,
        0.1006,
        0.5225,
        0.4667,
        0.6169,
        0.0828,
        0.0983,
        0.0828,
        0.3761,
        0.373,
        0.5334,
        0.4714,
        0.5228,
        0.4874
      ],
      [
        0.0916,
        0.0664,
        0.0828,
        1.0,
        0.0169,
        0.0745,
        0.0492,
        0.0793,
        0.0824,
        0.0409,
        0.0413,
        0.1014,
        0.0577,
        0.0226,
        0.0677,
        0.0238,
        0.0317,
        0.0169,
        0.0687,
        0.0686,
        0.0789,
        0.1019,
        0.0169,
        0.0427,
        0.0896,
        0.0169,
        0.0471,
        0.0343,
        0.0496,
        0.0922,
        0.093,
        0.0169,
        0.0193,
        0.0169,
        0.0782,
        0.0189,
        0.086,
        0.0729,
        0.0852,
        0.0843
      ],
      [
        0.0916,
        0.0664,
        0.0828,
        0.0169,
        1.0,
        0.0745,
        0.0492,
        0.0793,
        0.0824,
        0.0409,
        0.0413,
        0.1014,
        0.0577,
        0.0226,
        0.0677,
        0.0238,
        0.0317,
        0.0169,
        0.0687,
        0.0686,
        0.0789,
        0.1019,
        0.0169,
        0.0427,
        0.0896,
        0.0169,
        0.0471,
        0.0343,
        0.0496,
        0.0922,
        0.093,
        0.0169,
        0.0193,
        0.0169,
        0.0782,
        0.0189,
        0.086,
        0.0729,
        0.0852,
        0.0843
      ],
      [
        0.4347,
        0.3325,
        0.4583,
        0.0745,
        0.0745,
        1.0,
        0.3006,
        0.3917,
        0.4492,
        0.0555,
        0.2816,
        0.4872,
        0.3269,
        0.1229,
        0.2766,
        0.2786,
        0.3001,
        0.0745,
        0.2782,
        0.2935,
        0.3485,
        0.5331,
        0.0745,
        0.1996,
        0.4107,
        0.0745,
        0.0779,
        0.0257,
        0.3812,
        0.4295,
        0.5186,
        0.0745,
        0.0863,
        0.0745,
        0.3507,
        0.2391,
        0.4217,
        0.3893,
        0.4574,
        0.4282
      ],
      [
        0.3256,
        0.1882,
        0.4129,
        0.0492,
        0.0492,
        0.3006,
        1.0,
        0.2889,
        0.3616,
        0.2457,
        0.3752,
        0.3228,
        0.2559,
        0.0793,
        0.0928,
        0.5762,
        0.5089,
        0.0492,
        0.0694,
        0.4545,
        0.4398,
        0.4033,
        0.0492,
        0.0783,
        0.3799,
        0.0492,
        0.3554,
        0.2643,
        0.6254,
        0.2465,
        0.4993,
        0.0492,
        0.0655,
        0.0492,
        0.1821,
        0.5615,
        0.5158,
        0.4033,
        0.362,
        0.3292
      ],
      [
        0.4479,
        0.3308,
        0.4427,
        0.0793,
        0.0793,
        0.3917,
        0.2889,
        1.0,
        0.4348,
        0.137,
        0.2551,
        0.4968,
        0.3105,
        0.1181,
        0.3017,
        0.2215,
        0.2477,
        0.0793,
        0.3037,
        0.3299,
        0.3809,
        0.5244,
        0.0793,
        0.2037,
        0.4339,
        0.0793,
        0.1681,
        0.1075,
        0.3359,
        0.4428,
        0.5008,
        0.0793,
        0.0916,
        0.0793,
        0.3675,
        0.1898,
        0.4373,
        0.3846,
        0.4455,
        0.4273
      ],
      [
        0.4839,
        0.3624,
        0.515,
        0.0824,
        0.0824,
        0.4492,
        0.3616,
        0.4348,
        1.0,
        0.0914,
        0.328,
        0.5373,
        0.3626,
        0.1346,
        0.2971,
        0.344,
        0.3592,
        0.0824,
        0.2961,
        0.3547,
        0.4094,
        0.5915,
        0.0824,
        0.2142,
        0.466,
        0.0824,
        0.1272,
        0.0628,
        0.456,
        0.4699,
        0.5862,
        0.0824,
        0.0964,
        0.0824,
        0.3821,
        0.3024,
        0.4914,
        0.444,
        0.5088,
        0.4763
      ],
      [
        0.199,
        0.0487,
        0.1231,
        0.0409,
        0.0409,
        0.0555,
        0.2457,
        0.137,
        0.0914,
        1.0,
        0.0897,
        0.1651,
        0.0329,
        0.0055,
        0.1174,
        0.1004,
        0.0644,
        0.0409,
        0.1011,
        0.4485,
        0.403,
        0.1285,
        0.0409,
        0.0267,
        0.2954,
        0.0409,
        0.6863,
        0.5893,
        0.1675,
        0.1397,
        0.1636,
        0.0409,
        0.0531,
        0.0409,
        0.1274,
        0.1369,
        0.3619,
        0.1864,
        0.1017,
        0.1363
      ],
      [
        0.2782,
        0.1858,
        0.3626,
        0.0413,
        0.0413,
        0.2816,
        0.3752,
        0.2551,
        0.328,
        0.0897,
        1.0,
        0.2905,
        0.2395,
        0.0784,
        0.0915,
        0.4635,
        0.4223,
        0.0413,
        0.077,
        0.3077,
        0.3136,
        0.3659,
        0.0413,
        0.0855,
        0.2977,
        0.0413,
        0.1542,
        0.0948,
        0.5043,
        0.2282,
        0.4302,
        0.0413,
        0.0534,
        0.0413,
        0.1692,
        0.4393,
        0.3906,
        0.3327,
        0.3277,
        0.2916
      ],
      [
        0.5643,
        0.422,
        0.5409,
        0.1014,
        0.1014,
        0.4872,
        0.3228,
        0.4968,
        0.5373,
        0.1651,
        0.2905,
        1.0,
        0.3831,
        0.1483,
        0.3997,
        0.213,
        0.2582,
        0.1014,
        0.4057,
        0.3909,
        0.4612,
        0.6539,
        0.1014,
        0.2657,
        0.5395,
        0.1014,
        0.1938,
        0.1227,
        0.363,
        0.5681,
        0.6075,
        0.1014,
        0.116,
        0.1014,
        0.4754,
        0.1733,
        0.5246,
        0.4653,
        0.5522,
        0.5337
      ],
      [
        0.3425,
        0.262,
        0.3725,
        0.0577,
        0.0577,
        0.3269,
        0.2559,
        0.3105,
        0.3626,
        0.0329,
        0.2395,
        0.3831,
        1.0,
        0.0984,
        0.2077,
        0.2557,
        0.2673,
        0.0577,
        0.2075,
        0.2359,
        0.2779,
        0.4268,
        0.0577,
        0.1541,
        0.3244,
        0.0577,
        0.0532,
        0.0112,
        0.3328,
        0.3344,
        0.4232,
        0.0577,
        0.0673,
        0.0577,
        0.2705,
        0.2229,
        0.3417,
        0.3168,
        0.3682,
        0.3415
      ],
      [
        0.1305,
        0.1028,
        0.1355,
        0.0226,
        0.0226,
        0.1229,
        0.0793,
        0.1181,
        0.1346,
        0.0055,
        0.0784,
        0.1483,
        0.0984,
        1.0,
        0.0875,
        0.0696,
        0.0796,
        0.0226,
        0.0891,
        0.0772,
        0.0963,
        0.1606,
        0.0226,
        0.0631,
        0.1199,
        0.0226,
        0.008,
        -0.0052,
        0.1014,
        0.1322,
        0.1519,
        0.0226,
        0.0258,
        0.0226,
        0.1086,
        0.0569,
        0.1179,
        0.1126,
        0.1372,
        0.1286
      ],
      [
        0.3505,
        0.2699,
        0.2834,
        0.0677,
        0.0677,
        0.2766,
        0.0928,
        0.3017,
        0.2971,
        0.1174,
        0.0915,
        0.3997,
        0.2077,
        0.0875,
        1.0,
        -0.0536,
        0.0056,
        0.0677,
        0.3145,
        0.1945,
        0.2506,
        0.3796,
        0.0677,
        0.1862,
        0.3225,
        0.0677,
        0.1132,
        0.079,
        0.0574,
        0.3776,
        0.3073,
        0.0677,
        0.0745,
        0.0677,
        0.3277,
        -0.074,
        0.2637,
        0.236,
        0.3105,
        0.3146
      ],
      [
        0.2293,
        0.1228,
        0.4133,
        0.0238,
        0.0238,
        0.2786,
        0.5762,
        0.2215,
        0.344,
        0.1004,
        0.4635,
        0.213,
        0.2557,
        0.0696,
        -0.0536,
        1.0,
        0.7059,
        0.0238,
        -0.0875,
        0.4035,
        0.371,
        0.3511,
        0.0238,
        0.0131,
        0.2874,
        0.0238,
        0.2183,
        0.1375,
        0.8126,
        0.123,
        0.5118,
        0.0238,
        0.0397,
        0.0238,
        0.0589,
        0.7949,
        0.488,
        0.4006,
        0.3345,
        0.2734
      ],
      [
        0.2593,
        0.1611,
        0.415,
        0.0317,
        0.0317,
        0.3001,
        0.5089,
        0.2477,
        0.3592,
        0.0644,
        0.4223,
        0.2582,
        0.2673,
        0.0796,
        0.0056,
        0.7059,
        1.0,
        0.0317,
        -0.0205,
        0.3595,
        0.3464,
        0.3796,
        0.0317,
        0.0483,
        0.2966,
        0.0317,
        0.1575,
        0.0871,
        0.7178,
        0.176,
        0.5039,
        0.0317,
        0.0462,
        0.0317,
        0.1097,
        0.6773,
        0.4564,
        0.3884,
        0.3527,
        0.2964
      ],
      [
        0.0916,
        0.0664,
        0.0828,
        0.0169,
        0.0169,
        0.0745,
        0.0492,
        0.0793,
        0.0824,
        0.0409,
        0.0413,
        0.1014,
        0.0577,
        0.0226,
        0.0677,
        0.0238,
        0.0317,
        1.0,
        0.0687,
        0.0686,
        0.0789,
        0.1019,
        0.0169,
        0.0427,
        0.0896,
        0.0169,
        0.0471,
        0.0343,
        0.0496,
        0.0922,
        0.093,
        0.0169,
        0.0193,
        0.0169,
        0.0782,
        0.0189,
        0.086,
        0.0729,
        0.0852,
        0.0843
      ],
      [
        0.3525,
        0.2767,
        0.2784,
        0.0687,
        0.0687,
        0.2782,
        0.0694,
        0.3037,
        0.2961,
        0.1011,
        0.077,
        0.4057,
        0.2075,
        0.0891,
        0.3145,
        -0.0875,
        -0.0205,
        0.0687,
        1.0,
        0.1752,
        0.2365,
        0.381,
        0.0687,
        0.1935,
        0.3181,
        0.0687,
        0.0888,
        0.0589,
        0.0267,
        0.3864,
        0.2987,
        0.0687,
        0.0749,
        0.0687,
        0.3368,
        -0.1091,
        0.2476,
        0.2272,
        0.3102,
        0.3155
      ],
      [
        0.395,
        0.216,
        0.3987,
        0.0686,
        0.0686,
        0.2935,
        0.4545,
        0.3299,
        0.3547,
        0.4485,
        0.3077,
        0.3909,
        0.2359,
        0.0772,
        0.1945,
        0.4035,
        0.3595,
        0.0686,
        0.1752,
        1.0,
        0.5352,
        0.4207,
        0.0686,
        0.1126,
        0.4666,
        0.0686,
        0.5733,
        0.461,
        0.4956,
        0.3241,
        0.4794,
        0.0686,
        0.0865,
        0.0686,
        0.2635,
        0.4052,
        0.569,
        0.4087,
        0.3634,
        0.3591
      ],
      [
        0.4494,
        0.2717,
        0.4455,
        0.0789,
        0.0789,
        0.3485,
        0.4398,
        0.3809,
        0.4094,
        0.403,
        0.3136,
        0.4612,
        0.2779,
        0.0963,
        0.2506,
        0.371,
        0.3464,
        0.0789,
        0.2365,
        0.5352,
        1.0,
        0.4898,
        0.0789,
        0.1525,
        0.5017,
        0.0789,
        0.5105,
        0.4032,
        0.4806,
        0.3933,
        0.5257,
        0.0789,
        0.0968,
        0.0789,
        0.3232,
        0.3636,
        0.5802,
        0.4365,
        0.4199,
        0.4127
      ],
      [
        0.5875,
        0.4403,
        0.6046,
        0.1019,
        0.1019,
        0.5331,
        0.4033,
        0.5244,
        0.5915,
        0.1285,
        0.3659,
        0.6539,
        0.4268,
        0.1606,
        0.3796,
        0.3511,
        0.3796,
        0.1019,
        0.381,
        0.4207,
        0.4898,
        1.0,
        0.1019,
        0.2661,
        0.5637,
        0.1019,
        0.1667,
        0.0904,
        0.4939,
        0.5779,
        0.6851,
        0.1019,
        0.1182,
        0.1019,
        0.4747,
        0.3035,
        0.5784,
        0.5204,
        0.6038,
        0.5709
      ],
      [
        0.0916,
        0.0664,
        0.0828,
        0.0169,
        0.0169,
        0.0745,
        0.0492,
        0.0793,
        0.0824,
        0.0409,
        0.0413,
        0.1014,
        0.0577,
        0.0226,
        0.0677,
        0.0238,
        0.0317,
        0.0169,
        0.0687,
        0.0686,
        0.0789,
        0.1019,
        1.0,
        0.0427,
        0.0896,
        0.0169,
        0.0471,
        0.0343,
        0.0496,
        0.0922,
        0.093,
        0.0169,
        0.0193,
        0.0169,
        0.0782,
        0.0189,
        0.086,
        0.0729,
        0.0852,
        0.0843
      ],
      [
        0.2304,
        0.1845,
        0.2068,
        0.0427,
        0.0427,
        0.1996,
        0.0783,
        0.2037,
        0.2142,
        0.0267,
        0.0855,
        0.2657,
        0.1541,
        0.0631,
        0.1862,
        0.0131,
        0.0483,
        0.0427,
        0.1935,
        0.1126,
        0.1525,
        0.2661,
        0.0427,
        1.0,
        0.2058,
        0.0427,
        0.0198,
        0.0012,
        0.0799,
        0.247,
        0.2257,
        0.0427,
        0.0472,
        0.0427,
        0.2102,
        -0.0061,
        0.1741,
        0.1675,
        0.2215,
        0.2161
      ],
      [
        0.5024,
        0.3413,
        0.4863,
        0.0896,
        0.0896,
        0.4107,
        0.3799,
        0.4339,
        0.466,
        0.2954,
        0.2977,
        0.5395,
        0.3244,
        0.1199,
        0.3225,
        0.2874,
        0.2966,
        0.0896,
        0.3181,
        0.4666,
        0.5017,
        0.5637,
        0.0896,
        0.2058,
        1.0,
        0.0896,
        0.3656,
        0.2754,
        0.4167,
        0.4752,
        0.5593,
        0.0896,
        0.1058,
        0.0896,
        0.3952,
        0.2654,
        0.5514,
        0.4468,
        0.4788,
        0.4674
      ],
      [
        0.0916,
        0.0664,
        0.0828,
        0.0169,
        0.0169,
        0.0745,
        0.0492,
        0.0793,
        0.0824,
        0.0409,
        0.0413,
        0.1014,
        0.0577,
        0.0226,
        0.0677,
        0.0238,
        0.0317,
        0.0169,
        0.0687,
        0.0686,
        0.0789,
        0.1019,
        0.0169,
        0.0427,
        0.0896,
        1.0,
        0.0471,
        0.0343,
        0.0496,
        0.0922,
        0.093,
        0.0169,
        0.0193,
        0.0169,
        0.0782,
        0.0189,
        0.086,
        0.0729,
        0.0852,
        0.0843
      ],
      [
        0.2403,
        0.0526,
        0.1745,
        0.0471,
        0.0471,
        0.0779,
        0.3554,
        0.1681,
        0.1272,
        0.6863,
        0.1542,
        0.1938,
        0.0532,
        0.008,
        0.1132,
        0.2183,
        0.1575,
        0.0471,
        0.0888,
        0.5733,
        0.5105,
        0.1667,
        0.0471,
        0.0198,
        0.3656,
        0.0471,
        1.0,
        0.722,
        0.2903,
        0.1545,
        0.2328,
        0.0471,
        0.0631,
        0.0471,
        0.1361,
        0.2612,
        0.4731,
        0.253,
        0.1377,
        0.1722
      ],
      [
        0.1667,
        0.0152,
        0.1006,
        0.0343,
        0.0343,
        0.0257,
        0.2643,
        0.1075,
        0.0628,
        0.5893,
        0.0948,
        0.1227,
        0.0112,
        -0.0052,
        0.079,
        0.1375,
        0.0871,
        0.0343,
        0.0589,
        0.461,
        0.4032,
        0.0904,
        0.0343,
        0.0012,
        0.2754,
        0.0343,
        0.722,
        1.0,
        0.1924,
        0.0964,
        0.143,
        0.0343,
        0.0467,
        0.0343,
        0.0889,
        0.1788,
        0.3606,
        0.1748,
        0.0716,
        0.1062
      ],
      [
        0.3636,
        0.2211,
        0.5225,
        0.0496,
        0.0496,
        0.3812,
        0.6254,
        0.3359,
        0.456,
        0.1675,
        0.5043,
        0.363,
        0.3328,
        0.1014,
        0.0574,
        0.8126,
        0.7178,
        0.0496,
        0.0267,
        0.4956,
        0.4806,
        0.4939,
        0.0496,
        0.0799,
        0.4167,
        0.0496,
        0.2903,
        0.1924,
        1.0,
        0.2632,
        0.6322,
        0.0496,
        0.0687,
        0.0496,
        0.1803,
        0.7828,
        0.6016,
        0.4958,
        0.4516,
        0.3928
      ],
      [
        0.5047,
        0.3829,
        0.4667,
        0.0922,
        0.0922,
        0.4295,
        0.2465,
        0.4428,
        0.4699,
        0.1397,
        0.2282,
        0.5681,
        0.3344,
        0.1322,
        0.3776,
        0.123,
        0.176,
        0.0922,
        0.3864,
        0.3241,
        0.3933,
        0.5779,
        0.0922,
        0.247,
        0.4752,
        0.0922,
        0.1545,
        0.0964,
        0.2632,
        1.0,
        0.5195,
        0.0922,
        0.1043,
        0.0922,
        0.4379,
        0.0877,
        0.4422,
        0.3965,
        0.4846,
        0.4726
      ],
      [
        0.5585,
        0.4003,
        0.6169,
        0.093,
        0.093,
        0.5186,
        0.4993,
        0.5008,
        0.5862,
        0.1636,
        0.4302,
        0.6075,
        0.4232,
        0.1519,
        0.3073,
        0.5118,
        0.5039,
