{
  "_meta": {
    "generated": "2026-06-02T13:28:07",
    "portfolio_generated": "2026-06-02T13:24:20.702126",
    "n_assets": 43,
    "n_with_returns": 33,
    "covariance_method": "hybrid_shrunk",
    "condition_number": 329.49,
    "pca_factors": 5
  },
  "profiles": {
    "Agressif": {
      "n_assets": 19,
      "weighted_avg_correlation": 0.2457,
      "most_correlated": [
        {
          "t1": "PICK",
          "t2": "COPX",
          "corr": 0.7688,
          "w1": 4.4,
          "w2": 5.2,
          "combined_weight": 9.7
        },
        {
          "t1": "XCEM",
          "t2": "FLKR",
          "corr": 0.7405,
          "w1": 6.3,
          "w2": 5.6,
          "combined_weight": 11.9
        },
        {
          "t1": "XCEM",
          "t2": "SOXX",
          "corr": 0.7143,
          "w1": 6.3,
          "w2": 5.6,
          "combined_weight": 11.9
        },
        {
          "t1": "PICK",
          "t2": "XCEM",
          "corr": 0.7136,
          "w1": 4.4,
          "w2": 6.3,
          "combined_weight": 10.7
        },
        {
          "t1": "XCEM",
          "t2": "COPX",
          "corr": 0.6919,
          "w1": 6.3,
          "w2": 5.2,
          "combined_weight": 11.5
        },
        {
          "t1": "XCEM",
          "t2": "XLK",
          "corr": 0.69,
          "w1": 6.3,
          "w2": 4.2,
          "combined_weight": 10.5
        },
        {
          "t1": "XLK",
          "t2": "SOXX",
          "corr": 0.6825,
          "w1": 4.2,
          "w2": 5.6,
          "combined_weight": 9.8
        },
        {
          "t1": "SOXX",
          "t2": "FLKR",
          "corr": 0.681,
          "w1": 5.6,
          "w2": 5.6,
          "combined_weight": 11.2
        },
        {
          "t1": "XLK",
          "t2": "FLKR",
          "corr": 0.6628,
          "w1": 4.2,
          "w2": 5.6,
          "combined_weight": 9.8
        },
        {
          "t1": "PICK",
          "t2": "FLKR",
          "corr": 0.6581,
          "w1": 4.4,
          "w2": 5.6,
          "combined_weight": 10.0
        }
      ],
      "least_correlated": [
        {
          "t1": "FLRN",
          "t2": "GLD",
          "corr": 0.0363,
          "w1": 6.6,
          "w2": 6.1,
          "combined_weight": 12.8
        },
        {
          "t1": "FSLR",
          "t2": "FLTR",
          "corr": 0.0314,
          "w1": 5.9,
          "w2": 6.6,
          "combined_weight": 12.6
        },
        {
          "t1": "FSLR",
          "t2": "FLRN",
          "corr": 0.0314,
          "w1": 5.9,
          "w2": 6.6,
          "combined_weight": 12.6
        },
        {
          "t1": "FLTR",
          "t2": "FLRN",
          "corr": 0.0181,
          "w1": 6.6,
          "w2": 6.6,
          "combined_weight": 13.3
        },
        {
          "t1": "PLTR",
          "t2": "LLY",
          "corr": -0.1164,
          "w1": 6.1,
          "w2": 5.2,
          "combined_weight": 11.3
        }
      ],
      "high_corr_high_weight": [
        {
          "t1": "XCEM",
          "t2": "FLKR",
          "corr": 0.7405,
          "w1": 6.3,
          "w2": 5.6,
          "combined_weight": 11.9
        },
        {
          "t1": "XCEM",
          "t2": "SOXX",
          "corr": 0.7143,
          "w1": 6.3,
          "w2": 5.6,
          "combined_weight": 11.9
        },
        {
          "t1": "PICK",
          "t2": "XCEM",
          "corr": 0.7136,
          "w1": 4.4,
          "w2": 6.3,
          "combined_weight": 10.7
        }
      ]
    },
    "Mod\u00e9r\u00e9": {
      "n_assets": 14,
      "weighted_avg_correlation": 0.0999,
      "most_correlated": [
        {
          "t1": "FNDF",
          "t2": "EEMV",
          "corr": 0.6856,
          "w1": 6.5,
          "w2": 9.0,
          "combined_weight": 15.5
        },
        {
          "t1": "GPIQ",
          "t2": "EEMV",
          "corr": 0.6365,
          "w1": 5.9,
          "w2": 9.0,
          "combined_weight": 14.9
        },
        {
          "t1": "FNDF",
          "t2": "GPIQ",
          "corr": 0.5807,
          "w1": 6.5,
          "w2": 5.9,
          "combined_weight": 12.3
        },
        {
          "t1": "FNDF",
          "t2": "XLV",
          "corr": 0.4127,
          "w1": 6.5,
          "w2": 3.1,
          "combined_weight": 9.5
        },
        {
          "t1": "EEMV",
          "t2": "XLV",
          "corr": 0.4023,
          "w1": 9.0,
          "w2": 3.1,
          "combined_weight": 12.1
        },
        {
          "t1": "FNDF",
          "t2": "GLD",
          "corr": 0.3675,
          "w1": 6.5,
          "w2": 5.1,
          "combined_weight": 11.6
        },
        {
          "t1": "EEMV",
          "t2": "GLD",
          "corr": 0.3467,
          "w1": 9.0,
          "w2": 5.1,
          "combined_weight": 14.1
        },
        {
          "t1": "FNDF",
          "t2": "SCHD",
          "corr": 0.3273,
          "w1": 6.5,
          "w2": 9.0,
          "combined_weight": 15.5
        },
        {
          "t1": "SCHD",
          "t2": "XLV",
          "corr": 0.315,
          "w1": 9.0,
          "w2": 3.1,
          "combined_weight": 12.1
        },
        {
          "t1": "GPIQ",
          "t2": "GLD",
          "corr": 0.3012,
          "w1": 5.9,
          "w2": 5.1,
          "combined_weight": 11.0
        }
      ],
      "least_correlated": [
        {
          "t1": "GALP",
          "t2": "GLD",
          "corr": -0.0274,
          "w1": 5.5,
          "w2": 5.1,
          "combined_weight": 10.6
        },
        {
          "t1": "CF",
          "t2": "XLV",
          "corr": -0.1656,
          "w1": 9.0,
          "w2": 3.1,
          "combined_weight": 12.1
        },
        {
          "t1": "CF",
          "t2": "GPIQ",
          "corr": -0.2654,
          "w1": 9.0,
          "w2": 5.9,
          "combined_weight": 14.9
        },
        {
          "t1": "FNDF",
          "t2": "CF",
          "corr": -0.2814,
          "w1": 6.5,
          "w2": 9.0,
          "combined_weight": 15.5
        },
        {
          "t1": "CF",
          "t2": "EEMV",
          "corr": -0.3616,
          "w1": 9.0,
          "w2": 9.0,
          "combined_weight": 18.0
        }
      ],
      "high_corr_high_weight": []
    },
    "Stable": {
      "n_assets": 15,
      "weighted_avg_correlation": 0.1555,
      "most_correlated": [
        {
          "t1": "GLD",
          "t2": "CS",
          "corr": 0.4523,
          "w1": 5.7,
          "w2": 3.6,
          "combined_weight": 9.3
        },
        {
          "t1": "VICI",
          "t2": "SCHP",
          "corr": 0.3863,
          "w1": 7.7,
          "w2": 8.8,
          "combined_weight": 16.5
        },
        {
          "t1": "SPYV",
          "t2": "ACWV",
          "corr": 0.3859,
          "w1": 8.0,
          "w2": 7.4,
          "combined_weight": 15.4
        },
        {
          "t1": "XLV",
          "t2": "ACWV",
          "corr": 0.3835,
          "w1": 5.3,
          "w2": 7.4,
          "combined_weight": 12.7
        },
        {
          "t1": "SCHP",
          "t2": "JNJ",
          "corr": 0.3758,
          "w1": 8.8,
          "w2": 3.4,
          "combined_weight": 12.2
        },
        {
          "t1": "XLV",
          "t2": "SPYV",
          "corr": 0.3682,
          "w1": 5.3,
          "w2": 8.0,
          "combined_weight": 13.3
        },
        {
          "t1": "XLV",
          "t2": "JNJ",
          "corr": 0.3629,
          "w1": 5.3,
          "w2": 3.4,
          "combined_weight": 8.7
        },
        {
          "t1": "VICI",
          "t2": "JNJ",
          "corr": 0.354,
          "w1": 7.7,
          "w2": 3.4,
          "combined_weight": 11.1
        },
        {
          "t1": "JNJ",
          "t2": "CHD",
          "corr": 0.351,
          "w1": 3.4,
          "w2": 3.6,
          "combined_weight": 7.1
        },
        {
          "t1": "SPYV",
          "t2": "CS",
          "corr": 0.3344,
          "w1": 8.0,
          "w2": 3.6,
          "combined_weight": 11.6
        }
      ],
      "least_correlated": [
        {
          "t1": "GLD",
          "t2": "VGSH",
          "corr": 0.0363,
          "w1": 5.7,
          "w2": 3.7,
          "combined_weight": 9.4
        },
        {
          "t1": "GLD",
          "t2": "CHD",
          "corr": 0.0358,
          "w1": 5.7,
          "w2": 3.6,
          "combined_weight": 9.3
        },
        {
          "t1": "STIP",
          "t2": "CLTL",
          "corr": 0.0181,
          "w1": 7.0,
          "w2": 16.7,
          "combined_weight": 23.7
        },
        {
          "t1": "STIP",
          "t2": "VGSH",
          "corr": 0.0181,
          "w1": 7.0,
          "w2": 3.7,
          "combined_weight": 10.7
        },
        {
          "t1": "CLTL",
          "t2": "VGSH",
          "corr": 0.0181,
          "w1": 16.7,
          "w2": 3.7,
          "combined_weight": 20.4
        }
      ],
      "high_corr_high_weight": []
    }
  },
  "all_pairs_top_30": [
    {
      "t1": "COPX",
      "t2": "PICK",
      "corr_hybrid": 0.7688,
      "corr_structured": 0.2,
      "cat1": "ETF",
      "cat2": "ETF",
      "exp1": "copper",
      "exp2": "metals_mining",
      "fam1": "commodities",
      "fam2": null
    },
    {
      "t1": "EEMV",
      "t2": "XCEM",
      "corr_hybrid": 0.7484,
      "corr_structured": 0.95,
      "cat1": "ETF",
      "cat2": "ETF",
      "exp1": "emerging_markets",
      "exp2": "emerging_markets",
      "fam1": "em_equity",
      "fam2": "em_equity"
    },
    {
      "t1": "FLKR",
      "t2": "XCEM",
      "corr_hybrid": 0.7405,
      "corr_structured": 0.9,
      "cat1": "ETF",
      "cat2": "ETF",
      "exp1": "south_korea",
      "exp2": "emerging_markets",
      "fam1": "em_equity",
      "fam2": "em_equity"
    },
    {
      "t1": "COPX",
      "t2": "CS",
      "corr_hybrid": 0.7191,
      "corr_structured": null,
      "cat1": "ETF",
      "cat2": "Act",
      "exp1": "copper",
      "exp2": null,
      "fam1": "commodities",
      "fam2": null
    },
    {
      "t1": "SOXX",
      "t2": "XCEM",
      "corr_hybrid": 0.7143,
      "corr_structured": 0.2,
      "cat1": "ETF",
      "cat2": "ETF",
      "exp1": "semiconductor",
      "exp2": "emerging_markets",
      "fam1": "sector_tech",
      "fam2": "em_equity"
    },
    {
      "t1": "PICK",
      "t2": "XCEM",
      "corr_hybrid": 0.7136,
      "corr_structured": 0.2,
      "cat1": "ETF",
      "cat2": "ETF",
      "exp1": "metals_mining",
      "exp2": "emerging_markets",
      "fam1": null,
      "fam2": "em_equity"
    },
    {
      "t1": "FNDF",
      "t2": "XCEM",
      "corr_hybrid": 0.7033,
      "corr_structured": 0.62,
      "cat1": "ETF",
      "cat2": "ETF",
      "exp1": "international",
      "exp2": "emerging_markets",
      "fam1": "intl_equity",
      "fam2": "em_equity"
    },
    {
      "t1": "GPIQ",
      "t2": "XLK",
      "corr_hybrid": 0.6934,
      "corr_structured": 0.9,
      "cat1": "ETF",
      "cat2": "ETF",
      "exp1": "nasdaq100",
      "exp2": "tech",
      "fam1": "sector_tech",
      "fam2": "sector_tech"
    },
    {
      "t1": "COPX",
      "t2": "XCEM",
      "corr_hybrid": 0.6919,
      "corr_structured": 0.2,
      "cat1": "ETF",
      "cat2": "ETF",
      "exp1": "copper",
      "exp2": "emerging_markets",
      "fam1": "commodities",
      "fam2": "em_equity"
    },
    {
      "t1": "EEMV",
      "t2": "FLKR",
      "corr_hybrid": 0.6906,
      "corr_structured": 0.9,
      "cat1": "ETF",
      "cat2": "ETF",
      "exp1": "emerging_markets",
      "exp2": "south_korea",
      "fam1": "em_equity",
      "fam2": "em_equity"
    },
    {
      "t1": "XCEM",
      "t2": "XLK",
      "corr_hybrid": 0.69,
      "corr_structured": 0.2,
      "cat1": "ETF",
      "cat2": "ETF",
      "exp1": "emerging_markets",
      "exp2": "tech",
      "fam1": "em_equity",
      "fam2": "sector_tech"
    },
    {
      "t1": "FNDF",
      "t2": "PICK",
      "corr_hybrid": 0.6869,
      "corr_structured": 0.2,
      "cat1": "ETF",
      "cat2": "ETF",
      "exp1": "international",
      "exp2": "metals_mining",
      "fam1": "intl_equity",
      "fam2": null
    },
    {
      "t1": "EEMV",
      "t2": "FNDF",
      "corr_hybrid": 0.6856,
      "corr_structured": 0.62,
      "cat1": "ETF",
      "cat2": "ETF",
      "exp1": "emerging_markets",
      "exp2": "international",
      "fam1": "em_equity",
      "fam2": "intl_equity"
    },
    {
      "t1": "CS",
      "t2": "PICK",
      "corr_hybrid": 0.6844,
      "corr_structured": null,
      "cat1": "Act",
      "cat2": "ETF",
      "exp1": null,
      "exp2": "metals_mining",
      "fam1": null,
      "fam2": null
    },
    {
      "t1": "SOXX",
      "t2": "XLK",
      "corr_hybrid": 0.6825,
      "corr_structured": 0.9,
      "cat1": "ETF",
      "cat2": "ETF",
      "exp1": "semiconductor",
      "exp2": "tech",
      "fam1": "sector_tech",
      "fam2": "sector_tech"
    },
    {
      "t1": "FLKR",
      "t2": "SOXX",
      "corr_hybrid": 0.681,
      "corr_structured": 0.2,
      "cat1": "ETF",
      "cat2": "ETF",
      "exp1": "south_korea",
      "exp2": "semiconductor",
      "fam1": "em_equity",
      "fam2": "sector_tech"
    },
    {
      "t1": "EEMV",
      "t2": "PICK",
      "corr_hybrid": 0.6791,
      "corr_structured": 0.2,
      "cat1": "ETF",
      "cat2": "ETF",
      "exp1": "emerging_markets",
      "exp2": "metals_mining",
      "fam1": "em_equity",
      "fam2": null
    },
    {
      "t1": "GPIQ",
      "t2": "XCEM",
      "corr_hybrid": 0.6712,
      "corr_structured": 0.2,
      "cat1": "ETF",
      "cat2": "ETF",
      "exp1": "nasdaq100",
      "exp2": "emerging_markets",
      "fam1": "sector_tech",
      "fam2": "em_equity"
    },
    {
      "t1": "EEMV",
      "t2": "SOXX",
      "corr_hybrid": 0.6656,
      "corr_structured": 0.2,
      "cat1": "ETF",
      "cat2": "ETF",
      "exp1": "emerging_markets",
      "exp2": "semiconductor",
      "fam1": "em_equity",
      "fam2": "sector_tech"
    },
    {
      "t1": "FLKR",
      "t2": "XLK",
      "corr_hybrid": 0.6628,
      "corr_structured": 0.2,
      "cat1": "ETF",
      "cat2": "ETF",
      "exp1": "south_korea",
      "exp2": "tech",
      "fam1": "em_equity",
      "fam2": "sector_tech"
    },
    {
      "t1": "COPX",
      "t2": "FNDF",
      "corr_hybrid": 0.6618,
      "corr_structured": 0.2,
      "cat1": "ETF",
      "cat2": "ETF",
      "exp1": "copper",
      "exp2": "international",
      "fam1": "commodities",
      "fam2": "intl_equity"
    },
    {
      "t1": "FLKR",
      "t2": "PICK",
      "corr_hybrid": 0.6581,
      "corr_structured": 0.2,
      "cat1": "ETF",
      "cat2": "ETF",
      "exp1": "south_korea",
      "exp2": "metals_mining",
      "fam1": "em_equity",
      "fam2": null
    },
    {
      "t1": "COPX",
      "t2": "EEMV",
      "corr_hybrid": 0.6501,
      "corr_structured": 0.2,
      "cat1": "ETF",
      "cat2": "ETF",
      "exp1": "copper",
      "exp2": "emerging_markets",
      "fam1": "commodities",
      "fam2": "em_equity"
    },
    {
      "t1": "GPIQ",
      "t2": "SOXX",
      "corr_hybrid": 0.6454,
      "corr_structured": 0.9,
      "cat1": "ETF",
      "cat2": "ETF",
      "exp1": "nasdaq100",
      "exp2": "semiconductor",
      "fam1": "sector_tech",
      "fam2": "sector_tech"
    },
    {
      "t1": "COPX",
      "t2": "FLKR",
      "corr_hybrid": 0.644,
      "corr_structured": 0.2,
      "cat1": "ETF",
      "cat2": "ETF",
      "exp1": "copper",
      "exp2": "south_korea",
      "fam1": "commodities",
      "fam2": "em_equity"
    },
    {
      "t1": "EEMV",
      "t2": "XLK",
      "corr_hybrid": 0.6428,
      "corr_structured": 0.2,
      "cat1": "ETF",
      "cat2": "ETF",
      "exp1": "emerging_markets",
      "exp2": "tech",
      "fam1": "em_equity",
      "fam2": "sector_tech"
    },
    {
      "t1": "PICK",
      "t2": "SOXX",
      "corr_hybrid": 0.6401,
      "corr_structured": 0.2,
      "cat1": "ETF",
      "cat2": "ETF",
      "exp1": "metals_mining",
      "exp2": "semiconductor",
      "fam1": null,
      "fam2": "sector_tech"
    },
    {
      "t1": "FLKR",
      "t2": "FNDF",
      "corr_hybrid": 0.6379,
      "corr_structured": 0.62,
      "cat1": "ETF",
      "cat2": "ETF",
      "exp1": "south_korea",
      "exp2": "international",
      "fam1": "em_equity",
      "fam2": "intl_equity"
    },
    {
      "t1": "EEMV",
      "t2": "GPIQ",
      "corr_hybrid": 0.6365,
      "corr_structured": 0.2,
      "cat1": "ETF",
      "cat2": "ETF",
      "exp1": "emerging_markets",
      "exp2": "nasdaq100",
      "fam1": "em_equity",
      "fam2": "sector_tech"
    },
    {
      "t1": "FLKR",
      "t2": "GPIQ",
      "corr_hybrid": 0.6347,
      "corr_structured": 0.2,
      "cat1": "ETF",
      "cat2": "ETF",
      "exp1": "south_korea",
      "exp2": "nasdaq100",
      "fam1": "em_equity",
      "fam2": "sector_tech"
    }
  ],
  "all_pairs_bottom_10": [
    {
      "t1": "CHD",
      "t2": "SOXX",
      "corr_hybrid": 0.0064,
      "corr_structured": null,
      "cat1": "Act",
      "cat2": "ETF",
      "exp1": null,
      "exp2": "semiconductor",
      "fam1": null,
      "fam2": "sector_tech"
    },
    {
      "t1": "LUPIN",
      "t2": "PICK",
      "corr_hybrid": -0.0056,
      "corr_structured": null,
      "cat1": "Act",
      "cat2": "ETF",
      "exp1": null,
      "exp2": "metals_mining",
      "fam1": null,
      "fam2": null
    },
    {
      "t1": "LUPIN",
      "t2": "XCEM",
      "corr_hybrid": 0.0054,
      "corr_structured": null,
      "cat1": "Act",
      "cat2": "ETF",
      "exp1": null,
      "exp2": "emerging_markets",
      "fam1": null,
      "fam2": "em_equity"
    },
    {
      "t1": "COPX",
      "t2": "ITX",
      "corr_hybrid": -0.0052,
      "corr_structured": null,
      "cat1": "ETF",
      "cat2": "Act",
      "exp1": "copper",
      "exp2": null,
      "fam1": "commodities",
      "fam2": null
    },
    {
      "t1": "GLD",
      "t2": "LUPIN",
      "corr_hybrid": -0.0043,
      "corr_structured": null,
      "cat1": "ETF",
      "cat2": "Act",
      "exp1": "gold_physical",
      "exp2": null,
      "fam1": "gold",
      "fam2": null
    },
    {
      "t1": "LUPIN",
      "t2": "XLK",
      "corr_hybrid": -0.0036,
      "corr_structured": null,
      "cat1": "Act",
      "cat2": "ETF",
      "exp1": null,
      "exp2": "tech",
      "fam1": null,
      "fam2": "sector_tech"
    },
    {
      "t1": "GALP",
      "t2": "XLK",
      "corr_hybrid": 0.0029,
      "corr_structured": null,
      "cat1": "Act",
      "cat2": "ETF",
      "exp1": null,
      "exp2": "tech",
      "fam1": null,
      "fam2": "sector_tech"
    },
    {
      "t1": "ITX",
      "t2": "NVDA",
      "corr_hybrid": -0.0011,
      "corr_structured": null,
      "cat1": "Act",
      "cat2": "Act",
      "exp1": null,
      "exp2": null,
      "fam1": null,
      "fam2": null
    },
    {
      "t1": "EEMV",
      "t2": "GALP",
      "corr_hybrid": -0.001,
      "corr_structured": null,
      "cat1": "ETF",
      "cat2": "Act",
      "exp1": "emerging_markets",
      "exp2": null,
      "fam1": "em_equity",
      "fam2": null
    },
    {
      "t1": "FSLR",
      "t2": "LUPIN",
      "corr_hybrid": 0.0007,
      "corr_structured": null,
      "cat1": "Act",
      "cat2": "Act",
      "exp1": null,
      "exp2": null,
      "fam1": null,
      "fam2": null
    }
  ],
  "correlation_matrix": {
    "tickers": [
      "000660",
      "2059",
      "ACWV",
      "CF",
      "CHD",
      "CLTL",
      "COPX",
      "CS",
      "CUMMINSIND",
      "EEMV",
      "EXPD",
      "FLKR",
      "FLRN",
      "FLTR",
      "FNDF",
      "FSLR",
      "GALP",
      "GLD",
      "GPIQ",
      "GVT&D",
      "ICLN",
      "ITX",
      "JNJ",
      "LLY",
      "LUPIN",
      "NTGY",
      "NVDA",
      "PICK",
      "PLTR",
      "SCHD",
      "SCHP",
      "SHEL",
      "SOXX",
      "SPLV",
      "SPYV",
      "STIP",
      "TDTT",
      "VGSH",
      "VICI",
      "XBI",
      "XCEM",
      "XLK",
      "XLV"
    ],
    "matrix": [
      [
        1.0,
        0.5653,
        0.3378,
        0.2596,
        0.3145,
        0.0827,
        0.1266,
        0.1517,
        0.5653,
        0.2189,
        0.3157,
        0.0887,
        0.0827,
        0.0827,
        0.2488,
        0.1657,
        0.298,
        0.1157,
        0.2178,
        0.5653,
        0.1999,
        0.3029,
        0.3812,
        0.3185,
        0.3013,
        0.3042,
        0.1874,
        0.1694,
        0.2021,
        0.3276,
        0.5202,
        0.3746,
        0.1157,
        0.2962,
        0.3238,
        0.0827,
        0.0827,
        0.0827,
        0.4022,
        0.201,
        0.1508,
        0.1721,
        0.3141
      ],
      [
        0.5653,
        1.0,
        0.3378,
        0.2596,
        0.3145,
        0.0827,
        0.1266,
        0.1517,
        0.5653,
        0.2189,
        0.3157,
        0.0887,
        0.0827,
        0.0827,
        0.2488,
        0.1657,
        0.298,
        0.1157,
        0.2178,
        0.5653,
        0.1999,
        0.3029,
        0.3812,
        0.3185,
        0.3013,
        0.3042,
        0.1874,
        0.1694,
        0.2021,
        0.3276,
        0.5202,
        0.3746,
        0.1157,
        0.2962,
        0.3238,
        0.0827,
        0.0827,
        0.0827,
        0.4022,
        0.201,
        0.1508,
        0.1721,
        0.3141
      ],
      [
        0.3378,
        0.3378,
        1.0,
        -0.1069,
        0.2627,
        0.0794,
        0.3389,
        0.305,
        0.3378,
        0.4273,
        0.2082,
        0.339,
        0.0794,
        0.0794,
        0.4413,
        0.1315,
        0.1176,
        0.2002,
        0.331,
        0.3378,
        0.297,
        0.2343,
        0.329,
        0.3131,
        0.1739,
        0.1848,
        0.215,
        0.3835,
        0.0439,
        0.313,
        0.3199,
        0.1736,
        0.3138,
        0.2827,
        0.3859,
        0.0794,
        0.0794,
        0.0794,
        0.2895,
        0.3324,
        0.4032,
        0.2939,
        0.3835
      ],
      [
        0.2596,
        0.2596,
        -0.1069,
        1.0,
        0.0346,
        -0.0169,
        -0.1795,
        0.0675,
        0.2596,
        -0.3616,
        0.1498,
        -0.4192,
        -0.0169,
        -0.0169,
        -0.2814,
        0.0107,
        0.1827,
        -0.021,
        -0.2654,
        0.2596,
        -0.1765,
        0.0688,
        0.0386,
        -0.0961,
        0.1184,
        0.1337,
        -0.1343,
        -0.219,
        0.1149,
        0.022,
        0.2037,
        0.3513,
        -0.3452,
        0.0188,
        -0.149,
        -0.0169,
        -0.0169,
        -0.0169,
        0.1264,
        -0.2617,
        -0.4214,
        -0.2746,
        -0.1656
      ],
      [
        0.3145,
        0.3145,
        0.2627,
        0.0346,
        1.0,
        0.0525,
        0.0255,
        0.0926,
        0.3145,
        0.1379,
        0.2098,
        0.0309,
        0.0525,
        0.0525,
        0.1664,
        0.1335,
        0.1581,
        0.0358,
        0.025,
        0.3145,
        0.1021,
        0.25,
        0.351,
        0.3138,
        0.2058,
        0.1789,
        -0.0459,
        0.0773,
        -0.2028,
        0.2552,
        0.312,
        0.1539,
        0.0064,
        0.2834,
        0.2056,
        0.0525,
        0.0525,
        0.0525,
        0.3023,
        0.1181,
        0.084,
        -0.0394,
        0.3069
      ],
      [
        0.0827,
        0.0827,
        0.0794,
        -0.0169,
        0.0525,
        1.0,
        0.0621,
        0.0434,
        0.0827,
        0.0894,
        0.0461,
        0.071,
        0.0181,
        0.0181,
        0.0885,
        0.0314,
        0.0351,
        0.0363,
        0.0797,
        0.0827,
        0.0651,
        0.0489,
        0.0668,
        0.0665,
        0.0425,
        0.0447,
        0.0592,
        0.0723,
        0.0373,
        0.0637,
        0.0778,
        0.0416,
        0.0693,
        0.0547,
        0.0837,
        0.0181,
        0.0181,
        0.0181,
        0.0631,
        0.072,
        0.0837,
        0.0734,
        0.0775
      ],
      [
        0.1266,
        0.1266,
        0.3389,
        -0.1795,
        0.0255,
        0.0621,
        1.0,
        0.7191,
        0.1266,
        0.6501,
        0.0978,
        0.644,
        0.0621,
        0.0621,
        0.6618,
        0.2511,
        -0.087,
        0.4525,
        0.5721,
        0.1266,
        0.5431,
        -0.0052,
        0.0975,
        0.0876,
        -0.0425,
        0.0575,
        0.4143,
        0.7688,
        0.2671,
        0.2555,
        0.0695,
        0.1299,
        0.634,
        0.1349,
        0.4416,
        0.0621,
        0.0621,
        0.0621,
        0.0783,
        0.4496,
        0.6919,
        0.6003,
        0.2717
      ],
      [
        0.1517,
        0.1517,
        0.305,
        0.0675,
        0.0926,
        0.0434,
        0.7191,
        1.0,
        0.1517,
        0.4518,
        0.1487,
        0.4054,
        0.0434,
        0.0434,
        0.5427,
        0.0998,
        -0.0784,
        0.4523,
        0.3144,
        0.1517,
        0.3484,
        0.093,
        0.1708,
        0.0665,
        -0.0108,
        0.0762,
        0.1942,
        0.6844,
        0.0139,
        0.2863,
        0.0947,
        0.2399,
        0.3852,
        0.2122,
        0.3344,
        0.0434,
        0.0434,
        0.0434,
        0.1444,
        0.2956,
        0.4635,
        0.313,
        0.2431
      ],
      [
        0.5653,
        0.5653,
        0.3378,
        0.2596,
        0.3145,
        0.0827,
        0.1266,
        0.1517,
        1.0,
        0.2189,
        0.3157,
        0.0887,
        0.0827,
        0.0827,
        0.2488,
        0.1657,
        0.298,
        0.1157,
        0.2178,
        0.5653,
        0.1999,
        0.3029,
        0.3812,
        0.3185,
        0.3013,
        0.3042,
        0.1874,
        0.1694,
        0.2021,
        0.3276,
        0.5202,
        0.3746,
        0.1157,
        0.2962,
        0.3238,
        0.0827,
        0.0827,
        0.0827,
        0.4022,
        0.201,
        0.1508,
        0.1721,
        0.3141
      ],
      [
        0.2189,
        0.2189,
        0.4273,
        -0.3616,
        0.1379,
        0.0894,
        0.6501,
        0.4518,
        0.2189,
        1.0,
        0.1308,
        0.6906,
        0.0894,
        0.0894,
        0.6856,
        0.2888,
        -0.001,
        0.3467,
        0.6365,
        0.2189,
        0.5692,
        0.0793,
        0.2083,
        0.2571,
        0.0523,
        0.1129,
        0.4511,
        0.6791,
        0.2553,
        0.2986,
        0.1868,
        0.068,
        0.6656,
        0.1991,
        0.5212,
        0.0894,
        0.0894,
        0.0894,
        0.1653,
        0.5287,
        0.7484,
        0.6428,
        0.4023
      ],
      [
        0.3157,
        0.3157,
        0.2082,
        0.1498,
        0.2098,
        0.0461,
        0.0978,
        0.1487,
        0.3157,
        0.1308,
        1.0,
        0.0488,
        0.0461,
        0.0461,
        0.1588,
        0.1258,
        0.155,
        0.0854,
        0.0955,
        0.3157,
        0.1272,
        0.1801,
        0.2458,
        0.199,
        0.1686,
        0.1715,
        0.062,
        0.1219,
        0.0277,
        0.21,
        0.2895,
        0.2144,
        0.0562,
        0.1985,
        0.1898,
        0.0461,
        0.0461,
        0.0461,
        0.2434,
        0.1111,
        0.0893,
        0.0616,
        0.2038
      ],
      [
        0.0887,
        0.0887,
        0.339,
        -0.4192,
        0.0309,
        0.071,
        0.644,
        0.4054,
        0.0887,
        0.6906,
        0.0488,
        1.0,
        0.071,
        0.071,
        0.6379,
        0.2796,
        -0.069,
        0.3307,
        0.6347,
        0.0887,
        0.5578,
        -0.0229,
        0.0856,
        0.1588,
        -0.0293,
        0.0401,
        0.4608,
        0.6581,
        0.2987,
        0.2082,
        0.0601,
        -0.0159,
        0.681,
        0.0996,
        0.4554,
        0.071,
        0.071,
        0.071,
        0.0507,
        0.4978,
        0.7405,
        0.6628,
        0.3071
      ],
      [
        0.0827,
        0.0827,
        0.0794,
        -0.0169,
        0.0525,
        0.0181,
        0.0621,
        0.0434,
        0.0827,
        0.0894,
        0.0461,
        0.071,
        1.0,
        0.0181,
        0.0885,
        0.0314,
        0.0351,
        0.0363,
        0.0797,
        0.0827,
        0.0651,
        0.0489,
        0.0668,
        0.0665,
        0.0425,
        0.0447,
        0.0592,
        0.0723,
        0.0373,
        0.0637,
        0.0778,
        0.0416,
        0.0693,
        0.0547,
        0.0837,
        0.0181,
        0.0181,
        0.0181,
        0.0631,
        0.072,
        0.0837,
        0.0734,
        0.0775
      ],
      [
        0.0827,
        0.0827,
        0.0794,
        -0.0169,
        0.0525,
        0.0181,
        0.0621,
        0.0434,
        0.0827,
        0.0894,
        0.0461,
        0.071,
        0.0181,
        1.0,
        0.0885,
        0.0314,
        0.0351,
        0.0363,
        0.0797,
        0.0827,
        0.0651,
        0.0489,
        0.0668,
        0.0665,
        0.0425,
        0.0447,
        0.0592,
        0.0723,
        0.0373,
        0.0637,
        0.0778,
        0.0416,
        0.0693,
        0.0547,
        0.0837,
        0.0181,
        0.0181,
        0.0181,
        0.0631,
        0.072,
        0.0837,
        0.0734,
        0.0775
      ],
      [
        0.2488,
        0.2488,
        0.4413,
        -0.2814,
        0.1664,
        0.0885,
        0.6618,
        0.5427,
        0.2488,
        0.6856,
        0.1588,
        0.6379,
        0.0885,
        0.0885,
        1.0,
        0.2116,
        0.0071,
        0.3675,
        0.5807,
        0.2488,
        0.512,
        0.1334,
        0.2478,
        0.2604,
        0.0725,
        0.1304,
        0.4052,
        0.6869,
        0.1928,
        0.3273,
        0.2156,
        0.1235,
        0.6077,
        0.24,
        0.5117,
        0.0885,
        0.0885,
        0.0885,
        0.2035,
        0.5033,
        0.7033,
        0.5768,
        0.4127
      ],
      [
        0.1657,
        0.1657,
        0.1315,
        0.0107,
        0.1335,
        0.0314,
        0.2511,
        0.0998,
        0.1657,
        0.2888,
        0.1258,
        0.2796,
        0.0314,
        0.0314,
        0.2116,
        1.0,
        0.0506,
        0.1543,
        0.2602,
        0.1657,
        0.6346,
        -0.216,
        0.0816,
        0.142,
        0.0007,
        0.0802,
        0.1181,
        0.25,
        0.111,
        0.1524,
        0.0872,
        0.0439,
        0.3321,
        0.0491,
        0.2326,
        0.0314,
        0.0314,
        0.0314,
        0.0655,
        0.1598,
        0.2906,
        0.271,
        0.1424
      ],
      [
        0.298,
        0.298,
        0.1176,
        0.1827,
        0.1581,
        0.0351,
        -0.087,
        -0.0784,
        0.298,
        -0.001,
        0.155,
        -0.069,
        0.0351,
        0.0351,
        0.0071,
        0.0506,
        1.0,
        -0.0274,
        0.0296,
        0.298,
        0.0142,
        0.1611,
        0.1812,
        0.1539,
        0.1774,
        0.1613,
        0.0482,
        -0.0597,
        0.1063,
        0.1256,
        0.2818,
        0.1864,
        -0.0467,
        0.1257,
        0.0973,
        0.0351,
        0.0351,
        0.0351,
        0.2037,
        0.0294,
        -0.0459,
        0.0029,
        0.1126
      ],
      [
        0.1157,
        0.1157,
        0.2002,
        -0.021,
        0.0358,
        0.0363,
        0.4525,
        0.4523,
        0.1157,
        0.3467,
        0.0854,
        0.3307,
        0.0363,
        0.0363,
        0.3675,
        0.1543,
        -0.0274,
        1.0,
        0.3012,
        0.1157,
        0.3032,
        0.0173,
        0.0803,
        0.0537,
        -0.0043,
        0.056,
        0.2187,
        0.4373,
        0.1475,
        0.1675,
        0.0752,
        0.1259,
        0.331,
        0.0983,
        0.2512,
        0.0363,
        0.0363,
        0.0363,
        0.0751,
        0.2379,
        0.3618,
        0.313,
        0.1561
      ],
      [
        0.2178,
        0.2178,
        0.331,
        -0.2654,
        0.025,
        0.0797,
        0.5721,
        0.3144,
        0.2178,
        0.6365,
        0.0955,
        0.6347,
        0.0797,
        0.0797,
        0.5807,
        0.2602,
        0.0296,
        0.3012,
        1.0,
        0.2178,
        0.5296,
        0.0105,
        0.09,
        0.1523,
        0.0361,
        0.1057,
        0.5336,
        0.5856,
        0.4952,
        0.2102,
        0.1742,
        0.0899,
        0.6454,
        0.0863,
        0.4564,
        0.0797,
        0.0797,
        0.0797,
        0.0985,
        0.4772,
        0.6712,
        0.6934,
        0.2712
      ],
      [
        0.5653,
        0.5653,
        0.3378,
        0.2596,
        0.3145,
        0.0827,
        0.1266,
        0.1517,
        0.5653,
        0.2189,
        0.3157,
        0.0887,
        0.0827,
        0.0827,
        0.2488,
        0.1657,
        0.298,
        0.1157,
        0.2178,
        1.0,
        0.1999,
        0.3029,
        0.3812,
        0.3185,
        0.3013,
        0.3042,
        0.1874,
        0.1694,
        0.2021,
        0.3276,
        0.5202,
        0.3746,
        0.1157,
        0.2962,
        0.3238,
        0.0827,
        0.0827,
        0.0827,
        0.4022,
        0.201,
        0.1508,
        0.1721,
        0.3141
      ],
      [
        0.1999,
        0.1999,
        0.297,
        -0.1765,
        0.1021,
        0.0651,
        0.5431,
        0.3484,
        0.1999,
        0.5692,
        0.1272,
        0.5578,
        0.0651,
        0.0651,
        0.512,
        0.6346,
        0.0142,
        0.3032,
        0.5296,
        0.1999,
        1.0,
        -0.0859,
        0.1214,
        0.176,
        0.0114,
        0.0975,
        0.3622,
        0.5487,
        0.2803,
        0.2331,
        0.135,
        0.0776,
        0.5781,
        0.11,
        0.4157,
        0.0651,
        0.0651,
        0.0651,
        0.1029,
        0.3905,
        0.5928,
        0.5501,
        0.2701
      ],
      [
        0.3029,
        0.3029,
        0.2343,
        0.0688,
        0.25,
        0.0489,
        -0.0052,
        0.093,
        0.3029,
        0.0793,
        0.1801,
        -0.0229,
        0.0489,
        0.0489,
        0.1334,
        -0.216,
        0.1611,
        0.0173,
        0.0105,
        0.3029,
        -0.0859,
        1.0,
        0.3097,
        0.2482,
        0.215,
        0.1723,
        -0.0011,
        0.0413,
        -0.1083,
        0.2124,
        0.3166,
        0.187,
        -0.0528,
        0.2555,
        0.1607,
        0.0489,
        0.0489,
        0.0489,
        0.287,
        0.0987,
        0.0272,
        -0.0471,
        0.2511
      ],
      [
        0.3812,
        0.3812,
        0.329,
        0.0386,
        0.351,
        0.0668,
        0.0975,
        0.1708,
        0.3812,
        0.2083,
        0.2458,
        0.0856,
        0.0668,
        0.0668,
        0.2478,
        0.0816,
        0.1812,
        0.0803,
        0.09,
        0.3812,
        0.1214,
        0.3097,
        1.0,
        0.3513,
        0.2395,
        0.2146,
        0.0121,
        0.1538,
        -0.1594,
        0.3074,
        0.3758,
        0.206,
        0.0574,
        0.3296,
        0.2712,
        0.0668,
        0.0668,
        0.0668,
        0.354,
        0.1777,
        0.1504,
        0.0217,
        0.3629
      ],
      [
        0.3185,
        0.3185,
        0.3131,
        -0.0961,
        0.3138,
        0.0665,
        0.0876,
        0.0665,
        0.3185,
        0.2571,
        0.199,
        0.1588,
        0.0665,
        0.0665,
        0.2604,
        0.142,
        0.1539,
        0.0537,
        0.1523,
        0.3185,
        0.176,
        0.2482,
        0.3513,
        1.0,
        0.2054,
        0.1801,
        0.0578,
        0.1502,
        -0.1164,
        0.2679,
        0.3206,
        0.1159,
        0.1288,
        0.2814,
        0.2794,
        0.0665,
        0.0665,
        0.0665,
        0.2983,
        0.2129,
        0.2146,
        0.095,
        0.3562
      ],
      [
        0.3013,
        0.3013,
        0.1739,
        0.1184,
        0.2058,
        0.0425,
        -0.0425,
        -0.0108,
        0.3013,
        0.0523,
        0.1686,
        -0.0293,
        0.0425,
        0.0425,
        0.0725,
        0.0007,
        0.1774,
        -0.0043,
        0.0361,
        0.3013,
        0.0114,
        0.215,
        0.2395,
        0.2054,
        1.0,
        0.1665,
        0.0304,
        -0.0056,
        0.0116,
        0.1687,
        0.2951,
        0.1772,
        -0.0278,
        0.1823,
        0.137,
        0.0425,
        0.0425,
        0.0425,
        0.239,
        0.0694,
        0.0054,
        -0.0036,
        0.1821
      ],
      [
        0.3042,
        0.3042,
        0.1848,
        0.1337,
        0.1789,
        0.0447,
        0.0575,
        0.0762,
        0.3042,
        0.1129,
        0.1715,
        0.0401,
        0.0447,
        0.0447,
        0.1304,
        0.0802,
        0.1613,
        0.056,
        0.1057,
        0.3042,
        0.0975,
        0.1723,
        0.2146,
        0.1801,
        0.1665,
        1.0,
        0.0881,
        0.0829,
        0.0861,
        0.1792,
        0.2826,
        0.198,
        0.0515,
        0.1672,
        0.1722,
        0.0447,
        0.0447,
        0.0447,
        0.2223,
        0.1052,
        0.0745,
        0.078,
        0.1762
      ],
      [
        0.1874,
        0.1874,
        0.215,
        -0.1343,
        -0.0459,
        0.0592,
        0.4143,
        0.1942,
        0.1874,
        0.4511,
        0.062,
        0.4608,
        0.0592,
        0.0592,
        0.4052,
        0.1181,
        0.0482,
        0.2187,
        0.5336,
        0.1874,
        0.3622,
        -0.0011,
        0.0121,
        0.0578,
        0.0304,
        0.0881,
        1.0,
        0.4156,
        0.542,
        0.1223,
        0.1479,
        0.107,
        0.4881,
        0.0135,
        0.3261,
        0.0592,
        0.0592,
        0.0592,
        0.0527,
        0.3499,
        0.4801,
        0.5752,
        0.1415
      ],
      [
        0.1694,
        0.1694,
        0.3835,
        -0.219,
        0.0773,
        0.0723,
        0.7688,
        0.6844,
        0.1694,
        0.6791,
        0.1219,
        0.6581,
        0.0723,
        0.0723,
        0.6869,
        0.25,
        -0.0597,
        0.4373,
        0.5856,
        0.1694,
        0.5487,
        0.0413,
        0.1538,
        0.1502,
        -0.0056,
        0.0829,
        0.4156,
        1.0,
        0.2372,
        0.2887,
        0.1189,
        0.1301,
        0.6401,
        0.177,
        0.4767,
        0.0723,
        0.0723,
        0.0723,
        0.1237,
        0.4784,
        0.7136,
        0.6028,
        0.329
      ],
      [
        0.2021,
        0.2021,
        0.0439,
        0.1149,
        -0.2028,
        0.0373,
        0.2671,
        0.0139,
        0.2021,
        0.2553,
        0.0277,
        0.2987,
        0.0373,
