{
  "_meta": {
    "generated": "2026-06-06T09:58:55",
    "portfolio_generated": "2026-06-06T09:55:42.071063",
    "n_assets": 16,
    "n_with_returns": 9,
    "covariance_method": "hybrid_shrunk",
    "condition_number": 93.31,
    "pca_factors": 3
  },
  "profiles": {
    "Agressif": {
      "n_assets": 9,
      "weighted_avg_correlation": 0.2355,
      "most_correlated": [
        {
          "t1": "VWCE.DE",
          "t2": "HEROMOTOCO",
          "corr": 0.451,
          "w1": 50.0,
          "w2": 5.0,
          "combined_weight": 55.0
        },
        {
          "t1": "IWDA.AS",
          "t2": "HEROMOTOCO",
          "corr": 0.451,
          "w1": 15.0,
          "w2": 5.0,
          "combined_weight": 20.0
        },
        {
          "t1": "HEROMOTOCO",
          "t2": "SGLN.AS",
          "corr": 0.451,
          "w1": 5.0,
          "w2": 5.0,
          "combined_weight": 10.0
        },
        {
          "t1": "HEROMOTOCO",
          "t2": "LUPIN",
          "corr": 0.3668,
          "w1": 5.0,
          "w2": 5.0,
          "combined_weight": 10.0
        },
        {
          "t1": "HEROMOTOCO",
          "t2": "LOGN",
          "corr": 0.3433,
          "w1": 5.0,
          "w2": 5.0,
          "combined_weight": 10.0
        },
        {
          "t1": "HEROMOTOCO",
          "t2": "EXPD",
          "corr": 0.3234,
          "w1": 5.0,
          "w2": 5.0,
          "combined_weight": 10.0
        },
        {
          "t1": "VWCE.DE",
          "t2": "IWDA.AS",
          "corr": 0.3073,
          "w1": 50.0,
          "w2": 15.0,
          "combined_weight": 65.0
        },
        {
          "t1": "VWCE.DE",
          "t2": "SGLN.AS",
          "corr": 0.3073,
          "w1": 50.0,
          "w2": 5.0,
          "combined_weight": 55.0
        },
        {
          "t1": "IWDA.AS",
          "t2": "SGLN.AS",
          "corr": 0.3073,
          "w1": 15.0,
          "w2": 5.0,
          "combined_weight": 20.0
        },
        {
          "t1": "HEROMOTOCO",
          "t2": "CF",
          "corr": 0.2564,
          "w1": 5.0,
          "w2": 5.0,
          "combined_weight": 10.0
        }
      ],
      "least_correlated": [
        {
          "t1": "CF",
          "t2": "LOGN",
          "corr": 0.0428,
          "w1": 5.0,
          "w2": 5.0,
          "combined_weight": 10.0
        },
        {
          "t1": "EXPD",
          "t2": "IBGS.AS",
          "corr": 0.0361,
          "w1": 5.0,
          "w2": 5.0,
          "combined_weight": 10.0
        },
        {
          "t1": "CF",
          "t2": "LUPIN",
          "corr": 0.0349,
          "w1": 5.0,
          "w2": 5.0,
          "combined_weight": 10.0
        },
        {
          "t1": "CF",
          "t2": "IBGS.AS",
          "corr": 0.0337,
          "w1": 5.0,
          "w2": 5.0,
          "combined_weight": 10.0
        },
        {
          "t1": "EXPD",
          "t2": "LOGN",
          "corr": 0.0071,
          "w1": 5.0,
          "w2": 5.0,
          "combined_weight": 10.0
        }
      ],
      "high_corr_high_weight": []
    },
    "Mod\u00e9r\u00e9": {
      "n_assets": 9,
      "weighted_avg_correlation": 0.1397,
      "most_correlated": [
        {
          "t1": "VWCE.DE",
          "t2": "HEROMOTOCO",
          "corr": 0.451,
          "w1": 50.0,
          "w2": 5.0,
          "combined_weight": 55.0
        },
        {
          "t1": "HEROMOTOCO",
          "t2": "SGLN.AS",
          "corr": 0.451,
          "w1": 5.0,
          "w2": 5.0,
          "combined_weight": 10.0
        },
        {
          "t1": "HEROMOTOCO",
          "t2": "NOVN",
          "corr": 0.3392,
          "w1": 5.0,
          "w2": 5.0,
          "combined_weight": 10.0
        },
        {
          "t1": "HEROMOTOCO",
          "t2": "EXPD",
          "corr": 0.3234,
          "w1": 5.0,
          "w2": 5.0,
          "combined_weight": 10.0
        },
        {
          "t1": "VWCE.DE",
          "t2": "SGLN.AS",
          "corr": 0.3073,
          "w1": 50.0,
          "w2": 5.0,
          "combined_weight": 55.0
        },
        {
          "t1": "HEROMOTOCO",
          "t2": "CF",
          "corr": 0.2564,
          "w1": 5.0,
          "w2": 5.0,
          "combined_weight": 10.0
        },
        {
          "t1": "VWCE.DE",
          "t2": "NOVN",
          "corr": 0.2376,
          "w1": 50.0,
          "w2": 5.0,
          "combined_weight": 55.0
        },
        {
          "t1": "NOVN",
          "t2": "SGLN.AS",
          "corr": 0.2376,
          "w1": 5.0,
          "w2": 5.0,
          "combined_weight": 10.0
        },
        {
          "t1": "VWCE.DE",
          "t2": "EXPD",
          "corr": 0.1401,
          "w1": 50.0,
          "w2": 5.0,
          "combined_weight": 55.0
        },
        {
          "t1": "EXPD",
          "t2": "SGLN.AS",
          "corr": 0.1401,
          "w1": 5.0,
          "w2": 5.0,
          "combined_weight": 10.0
        }
      ],
      "least_correlated": [
        {
          "t1": "CF",
          "t2": "IBCI.AS",
          "corr": 0.0337,
          "w1": 5.0,
          "w2": 5.0,
          "combined_weight": 10.0
        },
        {
          "t1": "CF",
          "t2": "IBGS.AS",
          "corr": 0.0337,
          "w1": 5.0,
          "w2": 5.0,
          "combined_weight": 10.0
        },
        {
          "t1": "AGGH.AS",
          "t2": "IBCI.AS",
          "corr": 0.0151,
          "w1": 15.0,
          "w2": 5.0,
          "combined_weight": 20.0
        },
        {
          "t1": "AGGH.AS",
          "t2": "IBGS.AS",
          "corr": 0.0151,
          "w1": 15.0,
          "w2": 5.0,
          "combined_weight": 20.0
        },
        {
          "t1": "IBCI.AS",
          "t2": "IBGS.AS",
          "corr": 0.0151,
          "w1": 5.0,
          "w2": 5.0,
          "combined_weight": 10.0
        }
      ],
      "high_corr_high_weight": []
    },
    "Stable": {
      "n_assets": 9,
      "weighted_avg_correlation": 0.0783,
      "most_correlated": [
        {
          "t1": "BVI",
          "t2": "PUB",
          "corr": 0.3641,
          "w1": 2.5,
          "w2": 2.5,
          "combined_weight": 5.0
        },
        {
          "t1": "VWCE.DE",
          "t2": "PUB",
          "corr": 0.3429,
          "w1": 20.0,
          "w2": 2.5,
          "combined_weight": 22.5
        },
        {
          "t1": "SGLN.AS",
          "t2": "PUB",
          "corr": 0.3429,
          "w1": 10.0,
          "w2": 2.5,
          "combined_weight": 12.5
        },
        {
          "t1": "VWCE.DE",
          "t2": "BVI",
          "corr": 0.3092,
          "w1": 20.0,
          "w2": 2.5,
          "combined_weight": 22.5
        },
        {
          "t1": "SGLN.AS",
          "t2": "BVI",
          "corr": 0.3092,
          "w1": 10.0,
          "w2": 2.5,
          "combined_weight": 12.5
        },
        {
          "t1": "VWCE.DE",
          "t2": "SGLN.AS",
          "corr": 0.3073,
          "w1": 20.0,
          "w2": 10.0,
          "combined_weight": 30.0
        },
        {
          "t1": "PUB",
          "t2": "NTGY",
          "corr": 0.2184,
          "w1": 2.5,
          "w2": 2.5,
          "combined_weight": 5.0
        },
        {
          "t1": "VWCE.DE",
          "t2": "ADM",
          "corr": 0.2056,
          "w1": 20.0,
          "w2": 2.5,
          "combined_weight": 22.5
        },
        {
          "t1": "SGLN.AS",
          "t2": "ADM",
          "corr": 0.2056,
          "w1": 10.0,
          "w2": 2.5,
          "combined_weight": 12.5
        },
        {
          "t1": "BVI",
          "t2": "NTGY",
          "corr": 0.1894,
          "w1": 2.5,
          "w2": 2.5,
          "combined_weight": 5.0
        }
      ],
      "least_correlated": [
        {
          "t1": "IBCI.AS",
          "t2": "NTGY",
          "corr": 0.0407,
          "w1": 20.0,
          "w2": 2.5,
          "combined_weight": 22.5
        },
        {
          "t1": "IBGS.AS",
          "t2": "NTGY",
          "corr": 0.0407,
          "w1": 15.0,
          "w2": 2.5,
          "combined_weight": 17.5
        },
        {
          "t1": "AGGH.AS",
          "t2": "IBCI.AS",
          "corr": 0.0151,
          "w1": 25.0,
          "w2": 20.0,
          "combined_weight": 45.0
        },
        {
          "t1": "AGGH.AS",
          "t2": "IBGS.AS",
          "corr": 0.0151,
          "w1": 25.0,
          "w2": 15.0,
          "combined_weight": 40.0
        },
        {
          "t1": "IBCI.AS",
          "t2": "IBGS.AS",
          "corr": 0.0151,
          "w1": 20.0,
          "w2": 15.0,
          "combined_weight": 35.0
        }
      ],
      "high_corr_high_weight": []
    }
  },
  "all_pairs_top_30": [
    {
      "t1": "ADM",
      "t2": "CF",
      "corr_hybrid": 0.4948,
      "corr_structured": null,
      "cat1": "Act",
      "cat2": "Act",
      "exp1": null,
      "exp2": null,
      "fam1": null,
      "fam2": null
    },
    {
      "t1": "HEROMOTOCO",
      "t2": "PUB",
      "corr_hybrid": 0.4902,
      "corr_structured": null,
      "cat1": "Act",
      "cat2": "Act",
      "exp1": null,
      "exp2": null,
      "fam1": null,
      "fam2": null
    },
    {
      "t1": "BVI",
      "t2": "HEROMOTOCO",
      "corr_hybrid": 0.4661,
      "corr_structured": null,
      "cat1": "Act",
      "cat2": "Act",
      "exp1": null,
      "exp2": null,
      "fam1": null,
      "fam2": null
    },
    {
      "t1": "HEROMOTOCO",
      "t2": "IWDA.AS",
      "corr_hybrid": 0.451,
      "corr_structured": null,
      "cat1": "Act",
      "cat2": "ETF",
      "exp1": null,
      "exp2": null,
      "fam1": null,
      "fam2": null
    },
    {
      "t1": "HEROMOTOCO",
      "t2": "SGLN.AS",
      "corr_hybrid": 0.451,
      "corr_structured": null,
      "cat1": "Act",
      "cat2": "ETF",
      "exp1": null,
      "exp2": null,
      "fam1": null,
      "fam2": null
    },
    {
      "t1": "HEROMOTOCO",
      "t2": "VWCE.DE",
      "corr_hybrid": 0.451,
      "corr_structured": null,
      "cat1": "Act",
      "cat2": "ETF",
      "exp1": null,
      "exp2": null,
      "fam1": null,
      "fam2": null
    },
    {
      "t1": "HEROMOTOCO",
      "t2": "LUPIN",
      "corr_hybrid": 0.3668,
      "corr_structured": null,
      "cat1": "Act",
      "cat2": "Act",
      "exp1": null,
      "exp2": null,
      "fam1": null,
      "fam2": null
    },
    {
      "t1": "BVI",
      "t2": "PUB",
      "corr_hybrid": 0.3641,
      "corr_structured": null,
      "cat1": "Act",
      "cat2": "Act",
      "exp1": null,
      "exp2": null,
      "fam1": null,
      "fam2": null
    },
    {
      "t1": "HEROMOTOCO",
      "t2": "LOGN",
      "corr_hybrid": 0.3433,
      "corr_structured": null,
      "cat1": "Act",
      "cat2": "Act",
      "exp1": null,
      "exp2": null,
      "fam1": null,
      "fam2": null
    },
    {
      "t1": "IWDA.AS",
      "t2": "PUB",
      "corr_hybrid": 0.3429,
      "corr_structured": null,
      "cat1": "ETF",
      "cat2": "Act",
      "exp1": null,
      "exp2": null,
      "fam1": null,
      "fam2": null
    },
    {
      "t1": "PUB",
      "t2": "SGLN.AS",
      "corr_hybrid": 0.3429,
      "corr_structured": null,
      "cat1": "Act",
      "cat2": "ETF",
      "exp1": null,
      "exp2": null,
      "fam1": null,
      "fam2": null
    },
    {
      "t1": "PUB",
      "t2": "VWCE.DE",
      "corr_hybrid": 0.3429,
      "corr_structured": null,
      "cat1": "Act",
      "cat2": "ETF",
      "exp1": null,
      "exp2": null,
      "fam1": null,
      "fam2": null
    },
    {
      "t1": "HEROMOTOCO",
      "t2": "NOVN",
      "corr_hybrid": 0.3392,
      "corr_structured": null,
      "cat1": "Act",
      "cat2": "Act",
      "exp1": null,
      "exp2": null,
      "fam1": null,
      "fam2": null
    },
    {
      "t1": "EXPD",
      "t2": "HEROMOTOCO",
      "corr_hybrid": 0.3234,
      "corr_structured": null,
      "cat1": "Act",
      "cat2": "Act",
      "exp1": null,
      "exp2": null,
      "fam1": null,
      "fam2": null
    },
    {
      "t1": "ADM",
      "t2": "HEROMOTOCO",
      "corr_hybrid": 0.322,
      "corr_structured": null,
      "cat1": "Act",
      "cat2": "Act",
      "exp1": null,
      "exp2": null,
      "fam1": null,
      "fam2": null
    },
    {
      "t1": "BVI",
      "t2": "IWDA.AS",
      "corr_hybrid": 0.3092,
      "corr_structured": null,
      "cat1": "Act",
      "cat2": "ETF",
      "exp1": null,
      "exp2": null,
      "fam1": null,
      "fam2": null
    },
    {
      "t1": "BVI",
      "t2": "SGLN.AS",
      "corr_hybrid": 0.3092,
      "corr_structured": null,
      "cat1": "Act",
      "cat2": "ETF",
      "exp1": null,
      "exp2": null,
      "fam1": null,
      "fam2": null
    },
    {
      "t1": "BVI",
      "t2": "VWCE.DE",
      "corr_hybrid": 0.3092,
      "corr_structured": null,
      "cat1": "Act",
      "cat2": "ETF",
      "exp1": null,
      "exp2": null,
      "fam1": null,
      "fam2": null
    },
    {
      "t1": "IWDA.AS",
      "t2": "SGLN.AS",
      "corr_hybrid": 0.3073,
      "corr_structured": null,
      "cat1": "ETF",
      "cat2": "ETF",
      "exp1": null,
      "exp2": null,
      "fam1": null,
      "fam2": null
    },
    {
      "t1": "IWDA.AS",
      "t2": "VWCE.DE",
      "corr_hybrid": 0.3073,
      "corr_structured": null,
      "cat1": "ETF",
      "cat2": "ETF",
      "exp1": null,
      "exp2": null,
      "fam1": null,
      "fam2": null
    },
    {
      "t1": "SGLN.AS",
      "t2": "VWCE.DE",
      "corr_hybrid": 0.3073,
      "corr_structured": null,
      "cat1": "ETF",
      "cat2": "ETF",
      "exp1": null,
      "exp2": null,
      "fam1": null,
      "fam2": null
    },
    {
      "t1": "LUPIN",
      "t2": "PUB",
      "corr_hybrid": 0.2973,
      "corr_structured": null,
      "cat1": "Act",
      "cat2": "Act",
      "exp1": null,
      "exp2": null,
      "fam1": null,
      "fam2": null
    },
    {
      "t1": "LOGN",
      "t2": "PUB",
      "corr_hybrid": 0.2886,
      "corr_structured": null,
      "cat1": "Act",
      "cat2": "Act",
      "exp1": null,
      "exp2": null,
      "fam1": null,
      "fam2": null
    },
    {
      "t1": "BVI",
      "t2": "EXPD",
      "corr_hybrid": 0.2844,
      "corr_structured": null,
      "cat1": "Act",
      "cat2": "Act",
      "exp1": null,
      "exp2": null,
      "fam1": null,
      "fam2": null
    },
    {
      "t1": "NOVN",
      "t2": "PUB",
      "corr_hybrid": 0.2679,
      "corr_structured": null,
      "cat1": "Act",
      "cat2": "Act",
      "exp1": null,
      "exp2": null,
      "fam1": null,
      "fam2": null
    },
    {
      "t1": "HEROMOTOCO",
      "t2": "NTGY",
      "corr_hybrid": 0.2654,
      "corr_structured": null,
      "cat1": "Act",
      "cat2": "Act",
      "exp1": null,
      "exp2": null,
      "fam1": null,
      "fam2": null
    },
    {
      "t1": "BVI",
      "t2": "LUPIN",
      "corr_hybrid": 0.2644,
      "corr_structured": null,
      "cat1": "Act",
      "cat2": "Act",
      "exp1": null,
      "exp2": null,
      "fam1": null,
      "fam2": null
    },
    {
      "t1": "CF",
      "t2": "HEROMOTOCO",
      "corr_hybrid": 0.2564,
      "corr_structured": null,
      "cat1": "Act",
      "cat2": "Act",
      "exp1": null,
      "exp2": null,
      "fam1": null,
      "fam2": null
    },
    {
      "t1": "IWDA.AS",
      "t2": "LUPIN",
      "corr_hybrid": 0.2523,
      "corr_structured": null,
      "cat1": "ETF",
      "cat2": "Act",
      "exp1": null,
      "exp2": null,
      "fam1": null,
      "fam2": null
    },
    {
      "t1": "LUPIN",
      "t2": "SGLN.AS",
      "corr_hybrid": 0.2523,
      "corr_structured": null,
      "cat1": "Act",
      "cat2": "ETF",
      "exp1": null,
      "exp2": null,
      "fam1": null,
      "fam2": null
    }
  ],
  "all_pairs_bottom_10": [
    {
      "t1": "EXPD",
      "t2": "NOVN",
      "corr_hybrid": 0.0339,
      "corr_structured": null,
      "cat1": "Act",
      "cat2": "Act",
      "exp1": null,
      "exp2": null,
      "fam1": null,
      "fam2": null
    },
    {
      "t1": "AGGH.AS",
      "t2": "CF",
      "corr_hybrid": 0.0337,
      "corr_structured": null,
      "cat1": "Obl",
      "cat2": "Act",
      "exp1": null,
      "exp2": null,
      "fam1": null,
      "fam2": null
    },
    {
      "t1": "CF",
      "t2": "IBCI.AS",
      "corr_hybrid": 0.0337,
      "corr_structured": null,
      "cat1": "Act",
      "cat2": "Obl",
      "exp1": null,
      "exp2": null,
      "fam1": null,
      "fam2": null
    },
    {
      "t1": "CF",
      "t2": "IBGS.AS",
      "corr_hybrid": 0.0337,
      "corr_structured": null,
      "cat1": "Act",
      "cat2": "Obl",
      "exp1": null,
      "exp2": null,
      "fam1": null,
      "fam2": null
    },
    {
      "t1": "CF",
      "t2": "PUB",
      "corr_hybrid": -0.0319,
      "corr_structured": null,
      "cat1": "Act",
      "cat2": "Act",
      "exp1": null,
      "exp2": null,
      "fam1": null,
      "fam2": null
    },
    {
      "t1": "CF",
      "t2": "NTGY",
      "corr_hybrid": 0.0248,
      "corr_structured": null,
      "cat1": "Act",
      "cat2": "Act",
      "exp1": null,
      "exp2": null,
      "fam1": null,
      "fam2": null
    },
    {
      "t1": "AGGH.AS",
      "t2": "IBCI.AS",
      "corr_hybrid": 0.0151,
      "corr_structured": null,
      "cat1": "Obl",
      "cat2": "Obl",
      "exp1": null,
      "exp2": null,
      "fam1": null,
      "fam2": null
    },
    {
      "t1": "AGGH.AS",
      "t2": "IBGS.AS",
      "corr_hybrid": 0.0151,
      "corr_structured": null,
      "cat1": "Obl",
      "cat2": "Obl",
      "exp1": null,
      "exp2": null,
      "fam1": null,
      "fam2": null
    },
    {
      "t1": "IBCI.AS",
      "t2": "IBGS.AS",
      "corr_hybrid": 0.0151,
      "corr_structured": null,
      "cat1": "Obl",
      "cat2": "Obl",
      "exp1": null,
      "exp2": null,
      "fam1": null,
      "fam2": null
    },
    {
      "t1": "EXPD",
      "t2": "LOGN",
      "corr_hybrid": 0.0071,
      "corr_structured": null,
      "cat1": "Act",
      "cat2": "Act",
      "exp1": null,
      "exp2": null,
      "fam1": null,
      "fam2": null
    }
  ],
  "correlation_matrix": {
    "tickers": [
      "ADM",
      "AGGH.AS",
      "BVI",
      "CF",
      "EXPD",
      "HEROMOTOCO",
      "IBCI.AS",
      "IBGS.AS",
      "IWDA.AS",
      "LOGN",
      "LUPIN",
      "NOVN",
      "NTGY",
      "PUB",
      "SGLN.AS",
      "VWCE.DE"
    ],
    "matrix": [
      [
        1.0,
        0.0469,
        0.1542,
        0.4948,
        0.086,
        0.322,
        0.0469,
        0.0469,
        0.2056,
        0.1382,
        0.1336,
        0.1584,
        0.0986,
        0.147,
        0.2056,
        0.2056
      ],
      [
        0.0469,
        1.0,
        0.069,
        0.0337,
        0.0361,
        0.1008,
        0.0151,
        0.0151,
        0.0681,
        0.0536,
        0.0557,
        0.0523,
        0.0407,
        0.0753,
        0.0681,
        0.0681
      ],
      [
        0.1542,
        0.069,
        1.0,
        0.0342,
        0.2844,
        0.4661,
        0.069,
        0.069,
        0.3092,
        0.2379,
        0.2644,
        0.2279,
        0.1894,
        0.3641,
        0.3092,
        0.3092
      ],
      [
        0.4948,
        0.0337,
        0.0342,
        1.0,
        0.1287,
        0.2564,
        0.0337,
        0.0337,
        0.1371,
        0.0428,
        0.0349,
        0.0979,
        0.0248,
        -0.0319,
        0.1371,
        0.1371
      ],
      [
        0.086,
        0.0361,
        0.2844,
        0.1287,
        1.0,
        0.3234,
        0.0361,
        0.0361,
        0.1401,
        0.0071,
        0.1192,
        0.0339,
        0.0604,
        0.1293,
        0.1401,
        0.1401
      ],
      [
        0.322,
        0.1008,
        0.4661,
        0.2564,
        0.3234,
        1.0,
        0.1008,
        0.1008,
        0.451,
        0.3433,
        0.3668,
        0.3392,
        0.2654,
        0.4902,
        0.451,
        0.451
      ],
      [
        0.0469,
        0.0151,
        0.069,
        0.0337,
        0.0361,
        0.1008,
        1.0,
        0.0151,
        0.0681,
        0.0536,
        0.0557,
        0.0523,
        0.0407,
        0.0753,
        0.0681,
        0.0681
      ],
      [
        0.0469,
        0.0151,
        0.069,
        0.0337,
        0.0361,
        0.1008,
        0.0151,
        1.0,
        0.0681,
        0.0536,
        0.0557,
        0.0523,
        0.0407,
        0.0753,
        0.0681,
        0.0681
      ],
      [
        0.2056,
        0.0681,
        0.3092,
        0.1371,
        0.1401,
        0.451,
        0.0681,
        0.0681,
        1.0,
        0.2451,
        0.2523,
        0.2376,
        0.1849,
        0.3429,
        0.3073,
        0.3073
      ],
      [
        0.1382,
        0.0536,
        0.2379,
        0.0428,
        0.0071,
        0.3433,
        0.0536,
        0.0536,
        0.2451,
        1.0,
        0.2059,
        0.1981,
        0.1539,
        0.2886,
        0.2451,
        0.2451
      ],
      [
        0.1336,
        0.0557,
        0.2644,
        0.0349,
        0.1192,
        0.3668,
        0.0557,
        0.0557,
        0.2523,
        0.2059,
        1.0,
        0.195,
        0.1566,
        0.2973,
        0.2523,
        0.2523
      ],
      [
        0.1584,
        0.0523,
        0.2279,
        0.0979,
        0.0339,
        0.3392,
        0.0523,
        0.0523,
        0.2376,
        0.1981,
        0.195,
        1.0,
        0.1451,
        0.2679,
        0.2376,
        0.2376
      ],
      [
        0.0986,
        0.0407,
        0.1894,
        0.0248,
        0.0604,
        0.2654,
        0.0407,
        0.0407,
        0.1849,
        0.1539,
        0.1566,
        0.1451,
        1.0,
        0.2184,
        0.1849,
        0.1849
      ],
      [
        0.147,
        0.0753,
        0.3641,
        -0.0319,
        0.1293,
        0.4902,
        0.0753,
        0.0753,
        0.3429,
        0.2886,
        0.2973,
        0.2679,
        0.2184,
        1.0,
        0.3429,
        0.3429
      ],
      [
        0.2056,
        0.0681,
        0.3092,
        0.1371,
        0.1401,
        0.451,
        0.0681,
        0.0681,
        0.3073,
        0.2451,
        0.2523,
        0.2376,
        0.1849,
        0.3429,
        1.0,
        0.3073
      ],
      [
        0.2056,
        0.0681,
        0.3092,
        0.1371,
        0.1401,
        0.451,
        0.0681,
        0.0681,
        0.3073,
        0.2451,
        0.2523,
        0.2376,
        0.1849,
        0.3429,
        0.3073,
        1.0
      ]
    ]
  }
}