{
  "_meta": {
    "generated": "2026-06-01T09:01:50",
    "portfolio_generated": "2026-06-01T08:57:46.980346",
    "n_assets": 40,
    "n_with_returns": 29,
    "covariance_method": "hybrid_shrunk",
    "condition_number": 322.05,
    "pca_factors": 5
  },
  "profiles": {
    "Agressif": {
      "n_assets": 17,
      "weighted_avg_correlation": 0.2805,
      "most_correlated": [
        {
          "t1": "XCEM",
          "t2": "FLKR",
          "corr": 0.7899,
          "w1": 7.9,
          "w2": 5.2,
          "combined_weight": 13.0
        },
        {
          "t1": "XCEM",
          "t2": "SOXX",
          "corr": 0.7652,
          "w1": 7.9,
          "w2": 5.2,
          "combined_weight": 13.1
        },
        {
          "t1": "FLKR",
          "t2": "SOXX",
          "corr": 0.7588,
          "w1": 5.2,
          "w2": 5.2,
          "combined_weight": 10.4
        },
        {
          "t1": "XLK",
          "t2": "SOXX",
          "corr": 0.7472,
          "w1": 5.2,
          "w2": 5.2,
          "combined_weight": 10.4
        },
        {
          "t1": "PICK",
          "t2": "XCEM",
          "corr": 0.7357,
          "w1": 9.2,
          "w2": 7.9,
          "combined_weight": 17.1
        },
        {
          "t1": "XLK",
          "t2": "XCEM",
          "corr": 0.723,
          "w1": 5.2,
          "w2": 7.9,
          "combined_weight": 13.0
        },
        {
          "t1": "XLK",
          "t2": "FLKR",
          "corr": 0.7114,
          "w1": 5.2,
          "w2": 5.2,
          "combined_weight": 10.3
        },
        {
          "t1": "PICK",
          "t2": "FLKR",
          "corr": 0.6965,
          "w1": 9.2,
          "w2": 5.2,
          "combined_weight": 14.4
        },
        {
          "t1": "PICK",
          "t2": "SOXX",
          "corr": 0.6511,
          "w1": 9.2,
          "w2": 5.2,
          "combined_weight": 14.4
        },
        {
          "t1": "ICLN",
          "t2": "XCEM",
          "corr": 0.6499,
          "w1": 4.4,
          "w2": 7.9,
          "combined_weight": 12.2
        }
      ],
      "least_correlated": [
        {
          "t1": "FLTR",
          "t2": "FSLR",
          "corr": 0.03,
          "w1": 5.3,
          "w2": 6.2,
          "combined_weight": 11.5
        },
        {
          "t1": "PAAA",
          "t2": "FSLR",
          "corr": 0.03,
          "w1": 5.3,
          "w2": 6.2,
          "combined_weight": 11.5
        },
        {
          "t1": "FLTR",
          "t2": "PAAA",
          "corr": 0.0242,
          "w1": 5.3,
          "w2": 5.3,
          "combined_weight": 10.6
        },
        {
          "t1": "FIX",
          "t2": "FLTR",
          "corr": 0.0123,
          "w1": 4.6,
          "w2": 5.3,
          "combined_weight": 9.9
        },
        {
          "t1": "FIX",
          "t2": "PAAA",
          "corr": 0.0123,
          "w1": 4.6,
          "w2": 5.3,
          "combined_weight": 9.9
        }
      ],
      "high_corr_high_weight": [
        {
          "t1": "XCEM",
          "t2": "FLKR",
          "corr": 0.7899,
          "w1": 7.9,
          "w2": 5.2,
          "combined_weight": 13.0
        },
        {
          "t1": "XCEM",
          "t2": "SOXX",
          "corr": 0.7652,
          "w1": 7.9,
          "w2": 5.2,
          "combined_weight": 13.1
        },
        {
          "t1": "FLKR",
          "t2": "SOXX",
          "corr": 0.7588,
          "w1": 5.2,
          "w2": 5.2,
          "combined_weight": 10.4
        },
        {
          "t1": "XLK",
          "t2": "SOXX",
          "corr": 0.7472,
          "w1": 5.2,
          "w2": 5.2,
          "combined_weight": 10.4
        },
        {
          "t1": "PICK",
          "t2": "XCEM",
          "corr": 0.7357,
          "w1": 9.2,
          "w2": 7.9,
          "combined_weight": 17.1
        }
      ]
    },
    "Mod\u00e9r\u00e9": {
      "n_assets": 14,
      "weighted_avg_correlation": 0.1577,
      "most_correlated": [
        {
          "t1": "FNDF",
          "t2": "FNDX",
          "corr": 0.597,
          "w1": 7.6,
          "w2": 7.5,
          "combined_weight": 15.1
        },
        {
          "t1": "FNDF",
          "t2": "DIVB",
          "corr": 0.5209,
          "w1": 7.6,
          "w2": 7.5,
          "combined_weight": 15.1
        },
        {
          "t1": "DIVB",
          "t2": "FNDX",
          "corr": 0.4742,
          "w1": 7.5,
          "w2": 7.5,
          "combined_weight": 15.0
        },
        {
          "t1": "FNDF",
          "t2": "XLV",
          "corr": 0.4134,
          "w1": 7.6,
          "w2": 3.0,
          "combined_weight": 10.6
        },
        {
          "t1": "FNDX",
          "t2": "XLV",
          "corr": 0.3864,
          "w1": 7.5,
          "w2": 3.0,
          "combined_weight": 10.5
        },
        {
          "t1": "SCHD",
          "t2": "FNDF",
          "corr": 0.3857,
          "w1": 8.4,
          "w2": 7.6,
          "combined_weight": 16.0
        },
        {
          "t1": "FNDF",
          "t2": "GLD",
          "corr": 0.378,
          "w1": 7.6,
          "w2": 4.0,
          "combined_weight": 11.6
        },
        {
          "t1": "DIVB",
          "t2": "XLV",
          "corr": 0.367,
          "w1": 7.5,
          "w2": 3.0,
          "combined_weight": 10.5
        },
        {
          "t1": "SCHD",
          "t2": "FNDX",
          "corr": 0.3668,
          "w1": 8.4,
          "w2": 7.5,
          "combined_weight": 15.9
        },
        {
          "t1": "SCHD",
          "t2": "DIVB",
          "corr": 0.3558,
          "w1": 8.4,
          "w2": 7.5,
          "combined_weight": 15.9
        }
      ],
      "least_correlated": [
        {
          "t1": "TDTT",
          "t2": "PAAA",
          "corr": 0.0242,
          "w1": 8.0,
          "w2": 8.0,
          "combined_weight": 16.0
        },
        {
          "t1": "VGSH",
          "t2": "PAAA",
          "corr": 0.0242,
          "w1": 8.0,
          "w2": 8.0,
          "combined_weight": 16.0
        },
        {
          "t1": "BZU",
          "t2": "GLD",
          "corr": 0.0164,
          "w1": 8.8,
          "w2": 4.0,
          "combined_weight": 12.8
        },
        {
          "t1": "NOVN",
          "t2": "FNDF",
          "corr": 0.0109,
          "w1": 7.9,
          "w2": 7.6,
          "combined_weight": 15.5
        },
        {
          "t1": "NOVN",
          "t2": "GLD",
          "corr": -0.0163,
          "w1": 7.9,
          "w2": 4.0,
          "combined_weight": 11.9
        }
      ],
      "high_corr_high_weight": []
    },
    "Stable": {
      "n_assets": 15,
      "weighted_avg_correlation": 0.1184,
      "most_correlated": [
        {
          "t1": "VICI",
          "t2": "SUNPHARMA",
          "corr": 0.4335,
          "w1": 7.1,
          "w2": 5.1,
          "combined_weight": 12.2
        },
        {
          "t1": "ACWV",
          "t2": "SPYV",
          "corr": 0.4282,
          "w1": 5.0,
          "w2": 4.5,
          "combined_weight": 9.5
        },
        {
          "t1": "SUNPHARMA",
          "t2": "KO",
          "corr": 0.4071,
          "w1": 5.1,
          "w2": 5.1,
          "combined_weight": 10.1
        },
        {
          "t1": "GD",
          "t2": "SUNPHARMA",
          "corr": 0.4053,
          "w1": 5.4,
          "w2": 5.1,
          "combined_weight": 10.5
        },
        {
          "t1": "CS",
          "t2": "GLD",
          "corr": 0.39,
          "w1": 5.1,
          "w2": 3.0,
          "combined_weight": 8.1
        },
        {
          "t1": "SPYV",
          "t2": "XLV",
          "corr": 0.3805,
          "w1": 4.5,
          "w2": 3.5,
          "combined_weight": 8.0
        },
        {
          "t1": "ACWV",
          "t2": "XLV",
          "corr": 0.3758,
          "w1": 5.0,
          "w2": 3.5,
          "combined_weight": 8.5
        },
        {
          "t1": "VICI",
          "t2": "KO",
          "corr": 0.3707,
          "w1": 7.1,
          "w2": 5.1,
          "combined_weight": 12.2
        },
        {
          "t1": "SPLV",
          "t2": "VICI",
          "corr": 0.3418,
          "w1": 6.3,
          "w2": 7.1,
          "combined_weight": 13.4
        },
        {
          "t1": "SCHN",
          "t2": "SUNPHARMA",
          "corr": 0.3411,
          "w1": 5.5,
          "w2": 5.1,
          "combined_weight": 10.6
        }
      ],
      "least_correlated": [
        {
          "t1": "CLTL",
          "t2": "BSV",
          "corr": 0.0242,
          "w1": 10.9,
          "w2": 10.9,
          "combined_weight": 21.8
        },
        {
          "t1": "CLTL",
          "t2": "STIP",
          "corr": 0.0242,
          "w1": 10.9,
          "w2": 13.0,
          "combined_weight": 23.9
        },
        {
          "t1": "VGSH",
          "t2": "BSV",
          "corr": 0.0242,
          "w1": 9.7,
          "w2": 10.9,
          "combined_weight": 20.6
        },
        {
          "t1": "VGSH",
          "t2": "STIP",
          "corr": 0.0242,
          "w1": 9.7,
          "w2": 13.0,
          "combined_weight": 22.7
        },
        {
          "t1": "BSV",
          "t2": "STIP",
          "corr": 0.0242,
          "w1": 10.9,
          "w2": 13.0,
          "combined_weight": 23.9
        }
      ],
      "high_corr_high_weight": []
    }
  },
  "all_pairs_top_30": [
    {
      "t1": "FLKR",
      "t2": "XCEM",
      "corr_hybrid": 0.7899,
      "corr_structured": 0.9,
      "cat1": "ETF",
      "cat2": "ETF",
      "exp1": "south_korea",
      "exp2": "emerging_markets",
      "fam1": "em_equity",
      "fam2": "em_equity"
    },
    {
      "t1": "SOXX",
      "t2": "XCEM",
      "corr_hybrid": 0.7652,
      "corr_structured": 0.2,
      "cat1": "ETF",
      "cat2": "ETF",
      "exp1": "semiconductor",
      "exp2": "emerging_markets",
      "fam1": "sector_tech",
      "fam2": "em_equity"
    },
    {
      "t1": "FLKR",
      "t2": "SOXX",
      "corr_hybrid": 0.7588,
      "corr_structured": 0.2,
      "cat1": "ETF",
      "cat2": "ETF",
      "exp1": "south_korea",
      "exp2": "semiconductor",
      "fam1": "em_equity",
      "fam2": "sector_tech"
    },
    {
      "t1": "SOXX",
      "t2": "XLK",
      "corr_hybrid": 0.7472,
      "corr_structured": 0.9,
      "cat1": "ETF",
      "cat2": "ETF",
      "exp1": "semiconductor",
      "exp2": "tech",
      "fam1": "sector_tech",
      "fam2": "sector_tech"
    },
    {
      "t1": "FNDF",
      "t2": "XCEM",
      "corr_hybrid": 0.7376,
      "corr_structured": 0.62,
      "cat1": "ETF",
      "cat2": "ETF",
      "exp1": "international",
      "exp2": "emerging_markets",
      "fam1": "intl_equity",
      "fam2": "em_equity"
    },
    {
      "t1": "PICK",
      "t2": "XCEM",
      "corr_hybrid": 0.7357,
      "corr_structured": 0.2,
      "cat1": "ETF",
      "cat2": "ETF",
      "exp1": "metals_mining",
      "exp2": "emerging_markets",
      "fam1": null,
      "fam2": "em_equity"
    },
    {
      "t1": "XCEM",
      "t2": "XLK",
      "corr_hybrid": 0.723,
      "corr_structured": 0.2,
      "cat1": "ETF",
      "cat2": "ETF",
      "exp1": "emerging_markets",
      "exp2": "tech",
      "fam1": "em_equity",
      "fam2": "sector_tech"
    },
    {
      "t1": "FLKR",
      "t2": "XLK",
      "corr_hybrid": 0.7114,
      "corr_structured": 0.2,
      "cat1": "ETF",
      "cat2": "ETF",
      "exp1": "south_korea",
      "exp2": "tech",
      "fam1": "em_equity",
      "fam2": "sector_tech"
    },
    {
      "t1": "FNDF",
      "t2": "PICK",
      "corr_hybrid": 0.7064,
      "corr_structured": 0.2,
      "cat1": "ETF",
      "cat2": "ETF",
      "exp1": "international",
      "exp2": "metals_mining",
      "fam1": "intl_equity",
      "fam2": null
    },
    {
      "t1": "FLKR",
      "t2": "PICK",
      "corr_hybrid": 0.6965,
      "corr_structured": 0.2,
      "cat1": "ETF",
      "cat2": "ETF",
      "exp1": "south_korea",
      "exp2": "metals_mining",
      "fam1": "em_equity",
      "fam2": null
    },
    {
      "t1": "FLKR",
      "t2": "FNDF",
      "corr_hybrid": 0.69,
      "corr_structured": 0.62,
      "cat1": "ETF",
      "cat2": "ETF",
      "exp1": "south_korea",
      "exp2": "international",
      "fam1": "em_equity",
      "fam2": "intl_equity"
    },
    {
      "t1": "PICK",
      "t2": "SOXX",
      "corr_hybrid": 0.6511,
      "corr_structured": 0.2,
      "cat1": "ETF",
      "cat2": "ETF",
      "exp1": "metals_mining",
      "exp2": "semiconductor",
      "fam1": null,
      "fam2": "sector_tech"
    },
    {
      "t1": "ICLN",
      "t2": "XCEM",
      "corr_hybrid": 0.6499,
      "corr_structured": 0.2,
      "cat1": "ETF",
      "cat2": "ETF",
      "exp1": "clean_energy",
      "exp2": "emerging_markets",
      "fam1": null,
      "fam2": "em_equity"
    },
    {
      "t1": "ICLN",
      "t2": "SOXX",
      "corr_hybrid": 0.6497,
      "corr_structured": 0.2,
      "cat1": "ETF",
      "cat2": "ETF",
      "exp1": "clean_energy",
      "exp2": "semiconductor",
      "fam1": null,
      "fam2": "sector_tech"
    },
    {
      "t1": "FNDF",
      "t2": "SOXX",
      "corr_hybrid": 0.6455,
      "corr_structured": 0.2,
      "cat1": "ETF",
      "cat2": "ETF",
      "exp1": "international",
      "exp2": "semiconductor",
      "fam1": "intl_equity",
      "fam2": "sector_tech"
    },
    {
      "t1": "FLKR",
      "t2": "ICLN",
      "corr_hybrid": 0.6318,
      "corr_structured": 0.2,
      "cat1": "ETF",
      "cat2": "ETF",
      "exp1": "south_korea",
      "exp2": "clean_energy",
      "fam1": "em_equity",
      "fam2": null
    },
    {
      "t1": "FSLR",
      "t2": "ICLN",
      "corr_hybrid": 0.6276,
      "corr_structured": null,
      "cat1": "Act",
      "cat2": "ETF",
      "exp1": null,
      "exp2": "clean_energy",
      "fam1": null,
      "fam2": null
    },
    {
      "t1": "FIX",
      "t2": "SOXX",
      "corr_hybrid": 0.6192,
      "corr_structured": null,
      "cat1": "Act",
      "cat2": "ETF",
      "exp1": null,
      "exp2": "semiconductor",
      "fam1": null,
      "fam2": "sector_tech"
    },
    {
      "t1": "FNDF",
      "t2": "XLK",
      "corr_hybrid": 0.614,
      "corr_structured": 0.2,
      "cat1": "ETF",
      "cat2": "ETF",
      "exp1": "international",
      "exp2": "tech",
      "fam1": "intl_equity",
      "fam2": "sector_tech"
    },
    {
      "t1": "FNDX",
      "t2": "XCEM",
      "corr_hybrid": 0.6105,
      "corr_structured": 0.2,
      "cat1": "ETF",
      "cat2": "ETF",
      "exp1": "value",
      "exp2": "emerging_markets",
      "fam1": "factor_value",
      "fam2": "em_equity"
    },
    {
      "t1": "CS",
      "t2": "PICK",
      "corr_hybrid": 0.607,
      "corr_structured": null,
      "cat1": "Act",
      "cat2": "ETF",
      "exp1": null,
      "exp2": "metals_mining",
      "fam1": null,
      "fam2": null
    },
    {
      "t1": "PICK",
      "t2": "XLK",
      "corr_hybrid": 0.6047,
      "corr_structured": 0.2,
      "cat1": "ETF",
      "cat2": "ETF",
      "exp1": "metals_mining",
      "exp2": "tech",
      "fam1": null,
      "fam2": "sector_tech"
    },
    {
      "t1": "ICLN",
      "t2": "XLK",
      "corr_hybrid": 0.6037,
      "corr_structured": 0.2,
      "cat1": "ETF",
      "cat2": "ETF",
      "exp1": "clean_energy",
      "exp2": "tech",
      "fam1": null,
      "fam2": "sector_tech"
    },
    {
      "t1": "FIX",
      "t2": "NVDA",
      "corr_hybrid": 0.6028,
      "corr_structured": null,
      "cat1": "Act",
      "cat2": "Act",
      "exp1": null,
      "exp2": null,
      "fam1": null,
      "fam2": null
    },
    {
      "t1": "FNDF",
      "t2": "FNDX",
      "corr_hybrid": 0.597,
      "corr_structured": 0.2,
      "cat1": "ETF",
      "cat2": "ETF",
      "exp1": "international",
      "exp2": "value",
      "fam1": "intl_equity",
      "fam2": "factor_value"
    },
    {
      "t1": "FIX",
      "t2": "XLK",
      "corr_hybrid": 0.595,
      "corr_structured": null,
      "cat1": "Act",
      "cat2": "ETF",
      "exp1": null,
      "exp2": "tech",
      "fam1": null,
      "fam2": "sector_tech"
    },
    {
      "t1": "ICLN",
      "t2": "PICK",
      "corr_hybrid": 0.5698,
      "corr_structured": 0.2,
      "cat1": "ETF",
      "cat2": "ETF",
      "exp1": "clean_energy",
      "exp2": "metals_mining",
      "fam1": null,
      "fam2": null
    },
    {
      "t1": "FNDX",
      "t2": "PICK",
      "corr_hybrid": 0.5632,
      "corr_structured": 0.2,
      "cat1": "ETF",
      "cat2": "ETF",
      "exp1": "value",
      "exp2": "metals_mining",
      "fam1": "factor_value",
      "fam2": null
    },
    {
      "t1": "000660",
      "t2": "2059",
      "corr_hybrid": 0.5623,
      "corr_structured": null,
      "cat1": "Act",
      "cat2": "Act",
      "exp1": null,
      "exp2": null,
      "fam1": null,
      "fam2": null
    },
    {
      "t1": "000660",
      "t2": "BNB/USD",
      "corr_hybrid": 0.5623,
      "corr_structured": null,
      "cat1": "Act",
      "cat2": "Act",
      "exp1": null,
      "exp2": null,
      "fam1": null,
      "fam2": null
    }
  ],
  "all_pairs_bottom_10": [
    {
      "t1": "FIX",
      "t2": "PAAA",
      "corr_hybrid": 0.0123,
      "corr_structured": null,
      "cat1": "Act",
      "cat2": "Obl",
      "exp1": null,
      "exp2": "bonds_clo_aaa",
      "fam1": null,
      "fam2": "bonds_short"
    },
    {
      "t1": "FIX",
      "t2": "STIP",
      "corr_hybrid": 0.0123,
      "corr_structured": null,
      "cat1": "Act",
      "cat2": "Obl",
      "exp1": null,
      "exp2": "bonds_tips",
      "fam1": null,
      "fam2": "bonds_gov"
    },
    {
      "t1": "FIX",
      "t2": "TDTT",
      "corr_hybrid": 0.0123,
      "corr_structured": null,
      "cat1": "Act",
      "cat2": "Obl",
      "exp1": null,
      "exp2": null,
      "fam1": null,
      "fam2": null
    },
    {
      "t1": "FIX",
      "t2": "VGSH",
      "corr_hybrid": 0.0123,
      "corr_structured": null,
      "cat1": "Act",
      "cat2": "Obl",
      "exp1": null,
      "exp2": "bonds_short_treasury",
      "fam1": null,
      "fam2": "bonds_short"
    },
    {
      "t1": "FLKR",
      "t2": "SCHN",
      "corr_hybrid": -0.0118,
      "corr_structured": null,
      "cat1": "ETF",
      "cat2": "Act",
      "exp1": "south_korea",
      "exp2": null,
      "fam1": "em_equity",
      "fam2": null
    },
    {
      "t1": "CS",
      "t2": "NOVN",
      "corr_hybrid": 0.0111,
      "corr_structured": null,
      "cat1": "Act",
      "cat2": "Act",
      "exp1": null,
      "exp2": null,
      "fam1": null,
      "fam2": null
    },
    {
      "t1": "FNDF",
      "t2": "NOVN",
      "corr_hybrid": 0.0109,
      "corr_structured": null,
      "cat1": "ETF",
      "cat2": "Act",
      "exp1": "international",
      "exp2": null,
      "fam1": "intl_equity",
      "fam2": null
    },
    {
      "t1": "KO",
      "t2": "NVDA",
      "corr_hybrid": -0.0104,
      "corr_structured": null,
      "cat1": "Act",
      "cat2": "Act",
      "exp1": null,
      "exp2": null,
      "fam1": null,
      "fam2": null
    },
    {
      "t1": "FIX",
      "t2": "SCHD",
      "corr_hybrid": 0.0019,
      "corr_structured": null,
      "cat1": "Act",
      "cat2": "ETF",
      "exp1": null,
      "exp2": "dividend",
      "fam1": null,
      "fam2": "factor_dividend"
    },
    {
      "t1": "SOXX",
      "t2": "VICI",
      "corr_hybrid": 0.0003,
      "corr_structured": null,
      "cat1": "ETF",
      "cat2": "Act",
      "exp1": "semiconductor",
      "exp2": null,
      "fam1": "sector_tech",
      "fam2": null
    }
  ],
  "correlation_matrix": {
    "tickers": [
      "000660",
      "2059",
      "ACWV",
      "BNB/USD",
      "BSV",
      "BZU",
      "CLTL",
      "CS",
      "DIVB",
      "FIX",
      "FLKR",
      "FLTR",
      "FNDF",
      "FNDX",
      "FSLR",
      "GD",
      "GLD",
      "ICLN",
      "INCY",
      "KO",
      "LI",
      "NOVN",
      "NVDA",
      "PAAA",
      "PEG",
      "PICK",
      "SCHD",
      "SCHN",
      "SOXX",
      "SPLV",
      "SPYV",
      "STIP",
      "SUNPHARMA",
      "TDTT",
      "VGSH",
      "VICI",
      "XBI",
      "XCEM",
      "XLK",
      "XLV"
    ],
    "matrix": [
      [
        1.0,
        0.5623,
        0.3391,
        0.5623,
        0.0686,
        0.3114,
        0.0686,
        0.1766,
        0.2964,
        0.205,
        0.0671,
        0.0686,
        0.2273,
        0.3122,
        0.1699,
        0.4053,
        0.09,
        0.163,
        0.3084,
        0.4071,
        0.2636,
        0.3506,
        0.214,
        0.0686,
        0.4048,
        0.1547,
        0.296,
        0.3411,
        0.1141,
        0.3277,
        0.3188,
        0.0686,
        0.5623,
        0.0686,
        0.0686,
        0.4335,
        0.1867,
        0.1548,
        0.1539,
        0.2808
      ],
      [
        0.5623,
        1.0,
        0.3391,
        0.5623,
        0.0686,
        0.3114,
        0.0686,
        0.1766,
        0.2964,
        0.205,
        0.0671,
        0.0686,
        0.2273,
        0.3122,
        0.1699,
        0.4053,
        0.09,
        0.163,
        0.3084,
        0.4071,
        0.2636,
        0.3506,
        0.214,
        0.0686,
        0.4048,
        0.1547,
        0.296,
        0.3411,
        0.1141,
        0.3277,
        0.3188,
        0.0686,
        0.5623,
        0.0686,
        0.0686,
        0.4335,
        0.1867,
        0.1548,
        0.1539,
        0.2808
      ],
      [
        0.3391,
        0.3391,
        1.0,
        0.3391,
        0.0951,
        0.2405,
        0.0951,
        0.3116,
        0.4119,
        0.0547,
        0.3438,
        0.0951,
        0.4598,
        0.4347,
        0.1352,
        0.2898,
        0.2378,
        0.2888,
        0.349,
        0.2464,
        0.1968,
        0.1565,
        0.1776,
        0.0951,
        0.2407,
        0.4149,
        0.3724,
        0.1784,
        0.2927,
        0.3409,
        0.4282,
        0.0951,
        0.3391,
        0.0951,
        0.0951,
        0.3271,
        0.3532,
        0.4122,
        0.2975,
        0.3758
      ],
      [
        0.5623,
        0.5623,
        0.3391,
        1.0,
        0.0686,
        0.3114,
        0.0686,
        0.1766,
        0.2964,
        0.205,
        0.0671,
        0.0686,
        0.2273,
        0.3122,
        0.1699,
        0.4053,
        0.09,
        0.163,
        0.3084,
        0.4071,
        0.2636,
        0.3506,
        0.214,
        0.0686,
        0.4048,
        0.1547,
        0.296,
        0.3411,
        0.1141,
        0.3277,
        0.3188,
        0.0686,
        0.5623,
        0.0686,
        0.0686,
        0.4335,
        0.1867,
        0.1548,
        0.1539,
        0.2808
      ],
      [
        0.0686,
        0.0686,
        0.0951,
        0.0686,
        1.0,
        0.0675,
        0.0242,
        0.0329,
        0.0947,
        0.0123,
        0.0916,
        0.0242,
        0.1072,
        0.1033,
        0.03,
        0.0623,
        0.0476,
        0.0722,
        0.0902,
        0.0408,
        0.0344,
        0.0294,
        0.0471,
        0.0242,
        0.0468,
        0.0912,
        0.082,
        0.031,
        0.0794,
        0.0712,
        0.1015,
        0.0242,
        0.0686,
        0.0242,
        0.0242,
        0.067,
        0.0863,
        0.1042,
        0.0813,
        0.0853
      ],
      [
        0.3114,
        0.3114,
        0.2405,
        0.3114,
        0.0675,
        1.0,
        0.0675,
        -0.1169,
        0.2076,
        0.0519,
        0.1144,
        0.0675,
        0.1784,
        0.2354,
        -0.072,
        0.2449,
        0.0164,
        0.0535,
        0.3029,
        0.1936,
        0.0626,
        0.1946,
        0.1661,
        0.0675,
        0.2182,
        0.0811,
        0.1975,
        0.1502,
        0.1223,
        0.21,
        0.2412,
        0.0675,
        0.3114,
        0.0675,
        0.0675,
        0.2612,
        0.1731,
        0.1573,
        0.1613,
        0.2059
      ],
      [
        0.0686,
        0.0686,
        0.0951,
        0.0686,
        0.0242,
        0.0675,
        1.0,
        0.0329,
        0.0947,
        0.0123,
        0.0916,
        0.0242,
        0.1072,
        0.1033,
        0.03,
        0.0623,
        0.0476,
        0.0722,
        0.0902,
        0.0408,
        0.0344,
        0.0294,
        0.0471,
        0.0242,
        0.0468,
        0.0912,
        0.082,
        0.031,
        0.0794,
        0.0712,
        0.1015,
        0.0242,
        0.0686,
        0.0242,
        0.0242,
        0.067,
        0.0863,
        0.1042,
        0.0813,
        0.0853
      ],
      [
        0.1766,
        0.1766,
        0.3116,
        0.1766,
        0.0329,
        -0.1169,
        0.0329,
        1.0,
        0.3422,
        0.265,
        0.3728,
        0.0329,
        0.5083,
        0.3575,
        0.1058,
        0.1427,
        0.39,
        0.3174,
        0.0751,
        0.1789,
        0.3343,
        0.0111,
        0.2003,
        0.0329,
        0.1748,
        0.607,
        0.2783,
        0.1341,
        0.3419,
        0.2206,
        0.3235,
        0.0329,
        0.1766,
        0.0329,
        0.0329,
        0.1515,
        0.3197,
        0.4339,
        0.2937,
        0.2707
      ],
      [
        0.2964,
        0.2964,
        0.4119,
        0.2964,
        0.0947,
        0.2076,
        0.0947,
        0.3422,
        1.0,
        0.1754,
        0.4523,
        0.0947,
        0.5209,
        0.4742,
        0.2171,
        0.263,
        0.2705,
        0.399,
        0.3418,
        0.1718,
        0.233,
        0.1053,
        0.2519,
        0.0947,
        0.2141,
        0.4907,
        0.3558,
        0.1501,
        0.414,
        0.29,
        0.4555,
        0.0947,
        0.2964,
        0.0947,
        0.0947,
        0.2646,
        0.3977,
        0.5095,
        0.4054,
        0.367
      ],
      [
        0.205,
        0.205,
        0.0547,
        0.205,
        0.0123,
        0.0519,
        0.0123,
        0.265,
        0.1754,
        1.0,
        0.4508,
        0.0123,
        0.3256,
        0.2978,
        0.3001,
        0.1343,
        0.1351,
        0.5003,
        0.1025,
        -0.0797,
        0.3697,
        0.0275,
        0.6028,
        0.0123,
        0.1961,
        0.3491,
        0.0019,
        0.1215,
        0.6192,
        -0.1181,
        0.2383,
        0.0123,
        0.205,
        0.0123,
        0.0123,
        -0.0527,
        0.2486,
        0.4503,
        0.595,
        0.0299
      ],
      [
        0.0671,
        0.0671,
        0.3438,
        0.0671,
        0.0916,
        0.1144,
        0.0916,
        0.3728,
        0.4523,
        0.4508,
        1.0,
        0.0916,
        0.69,
        0.5558,
        0.2677,
        0.1163,
        0.3473,
        0.6318,
        0.3154,
        -0.1178,
        0.2521,
        -0.1088,
        0.4485,
        0.0916,
        0.0662,
        0.6965,
        0.2727,
        -0.0118,
        0.7588,
        0.1055,
        0.5012,
        0.0916,
        0.0671,
        0.0916,
        0.0916,
        0.0176,
        0.5259,
        0.7899,
        0.7114,
        0.3159
      ],
      [
        0.0686,
        0.0686,
        0.0951,
        0.0686,
        0.0242,
        0.0675,
        0.0242,
        0.0329,
        0.0947,
        0.0123,
        0.0916,
        1.0,
        0.1072,
        0.1033,
        0.03,
        0.0623,
        0.0476,
        0.0722,
        0.0902,
        0.0408,
        0.0344,
        0.0294,
        0.0471,
        0.0242,
        0.0468,
        0.0912,
        0.082,
        0.031,
        0.0794,
        0.0712,
        0.1015,
        0.0242,
        0.0686,
        0.0242,
        0.0242,
        0.067,
        0.0863,
        0.1042,
        0.0813,
        0.0853
      ],
      [
        0.2273,
        0.2273,
        0.4598,
        0.2273,
        0.1072,
        0.1784,
        0.1072,
        0.5083,
        0.5209,
        0.3256,
        0.69,
        0.1072,
        1.0,
        0.597,
        0.2052,
        0.2298,
        0.378,
        0.5486,
        0.3767,
        0.0741,
        0.2854,
        0.0109,
        0.386,
        0.1072,
        0.1809,
        0.7064,
        0.3857,
        0.094,
        0.6455,
        0.2634,
        0.5563,
        0.1072,
        0.2273,
        0.1072,
        0.1072,
        0.1919,
        0.5368,
        0.7376,
        0.614,
        0.4134
      ],
      [
        0.3122,
        0.3122,
        0.4347,
        0.3122,
        0.1033,
        0.2354,
        0.1033,
        0.3575,
        0.4742,
        0.2978,
        0.5558,
        0.1033,
        0.597,
        1.0,
        0.2371,
        0.2788,
        0.2968,
        0.4819,
        0.3821,
        0.1419,
        0.2729,
        0.0955,
        0.3517,
        0.1033,
        0.2317,
        0.5632,
        0.3668,
        0.1511,
        0.5342,
        0.2764,
        0.5112,
        0.1033,
        0.3122,
        0.1033,
        0.1033,
        0.2517,
        0.4598,
        0.6105,
        0.5219,
        0.3864
      ],
      [
        0.1699,
        0.1699,
        0.1352,
        0.1699,
        0.03,
        -0.072,
        0.03,
        0.1058,
        0.2171,
        0.3001,
        0.2677,
        0.03,
        0.2052,
        0.2371,
        1.0,
        0.1377,
        0.1544,
        0.6276,
        0.052,
        0.0195,
        0.2895,
        0.0468,
        0.1041,
        0.03,
        0.08,
        0.2433,
        0.1398,
        0.1382,
        0.2966,
        0.0482,
        0.222,
        0.03,
        0.1699,
        0.03,
        0.03,
        0.0754,
        0.1417,
        0.2847,
        0.2584,
        0.127
      ],
      [
        0.4053,
        0.4053,
        0.2898,
        0.4053,
        0.0623,
        0.2449,
        0.0623,
        0.1427,
        0.263,
        0.1343,
        0.1163,
        0.0623,
        0.2298,
        0.2788,
        0.1377,
        1.0,
        0.0974,
        0.1633,
        0.2636,
        0.2879,
        0.1937,
        0.2416,
        0.1677,
        0.0623,
        0.2893,
        0.1731,
        0.2529,
        0.2381,
        0.1343,
        0.2636,
        0.2816,
        0.0623,
        0.4053,
        0.0623,
        0.0623,
        0.3251,
        0.1865,
        0.1815,
        0.1599,
        0.2455
      ],
      [
        0.09,
        0.09,
        0.2378,
        0.09,
        0.0476,
        0.0164,
        0.0476,
        0.39,
        0.2705,
        0.1351,
        0.3473,
        0.0476,
        0.378,
        0.2968,
        0.1544,
        0.0974,
        1.0,
        0.2969,
        0.1454,
        0.0466,
        0.1668,
        -0.0163,
        0.1511,
        0.0476,
        0.075,
        0.4027,
        0.2075,
        0.0454,
        0.3095,
        0.1439,
        0.2754,
        0.0476,
        0.09,
        0.0476,
        0.0476,
        0.0899,
        0.2687,
        0.3749,
        0.282,
        0.2153
      ],
      [
        0.163,
        0.163,
        0.2888,
        0.163,
        0.0722,
        0.0535,
        0.0722,
        0.3174,
        0.399,
        0.5003,
        0.6318,
        0.0722,
        0.5486,
        0.4819,
        0.6276,
        0.1633,
        0.2969,
        1.0,
        0.2347,
        -0.0469,
        0.3297,
        -0.0248,
        0.3827,
        0.0722,
        0.115,
        0.5698,
        0.241,
        0.0834,
        0.6497,
        0.091,
        0.4369,
        0.0722,
        0.163,
        0.0722,
        0.0722,
        0.0609,
        0.4112,
        0.6499,
        0.6037,
        0.2628
      ],
      [
        0.3084,
        0.3084,
        0.349,
        0.3084,
        0.0902,
        0.3029,
        0.0902,
        0.0751,
        0.3418,
        0.1025,
        0.3154,
        0.0902,
        0.3767,
        0.3821,
        0.052,
        0.2636,
        0.1454,
        0.2347,
        1.0,
        0.1777,
        0.1359,
        0.15,
        0.2234,
        0.0902,
        0.2174,
        0.3006,
        0.2943,
        0.1439,
        0.2939,
        0.2635,
        0.3756,
        0.0902,
        0.3084,
        0.0902,
        0.0902,
        0.2728,
        0.3122,
        0.3654,
        0.3117,
        0.3079
      ],
      [
        0.4071,
        0.4071,
        0.2464,
        0.4071,
        0.0408,
        0.1936,
        0.0408,
        0.1789,
        0.1718,
        -0.0797,
        -0.1178,
        0.0408,
        0.0741,
        0.1419,
        0.0195,
        0.2879,
        0.0466,
        -0.0469,
        0.1777,
        1.0,
        0.1319,
        0.2852,
        -0.0104,
        0.0408,
        0.2882,
        0.0273,
        0.2305,
        0.26,
        -0.1217,
        0.3013,
        0.1638,
        0.0408,
        0.4071,
        0.0408,
        0.0408,
        0.3707,
        0.0557,
        -0.0408,
        -0.085,
        0.2043
      ],
      [
        0.2636,
        0.2636,
        0.1968,
        0.2636,
        0.0344,
        0.0626,
        0.0344,
        0.3343,
        0.233,
        0.3697,
        0.2521,
        0.0344,
        0.2854,
        0.2729,
        0.2895,
        0.1937,
        0.1668,
        0.3297,
        0.1359,
        0.1319,
        1.0,
        0.1094,
        0.2597,
        0.0344,
        0.2048,
        0.2978,
        0.1656,
        0.1695,
        0.3004,
        0.1184,
        0.2509,
        0.0344,
        0.2636,
        0.0344,
        0.0344,
        0.15,
        0.2047,
        0.2916,
        0.289,
        0.1649
      ],
      [
        0.3506,
        0.3506,
        0.1565,
        0.3506,
        0.0294,
        0.1946,
        0.0294,
        0.0111,
        0.1053,
        0.0275,
        -0.1088,
        0.0294,
        0.0109,
        0.0955,
        0.0468,
        0.2416,
        -0.0163,
        -0.0248,
        0.15,
        0.2852,
        0.1094,
        1.0,
        0.047,
        0.0294,
        0.2469,
        -0.0438,
        0.1416,
        0.2195,
        -0.0775,
        0.1958,
        0.1117,
        0.0294,
        0.3506,
        0.0294,
        0.0294,
        0.2812,
        0.0203,
        -0.0544,
        -0.0403,
        0.1243
      ],
      [
        0.214,
        0.214,
        0.1776,
        0.214,
        0.0471,
        0.1661,
        0.0471,
        0.2003,
        0.2519,
        0.6028,
        0.4485,
        0.0471,
        0.386,
        0.3517,
        0.1041,
        0.1677,
        0.1511,
        0.3827,
        0.2234,
        -0.0104,
        0.2597,
        0.047,
        1.0,
        0.0471,
        0.1887,
        0.367,
        0.1167,
        0.1001,
        0.5369,
        0.0232,
        0.3086,
        0.0471,
        0.214,
        0.0471,
        0.0471,
        0.0517,
        0.307,
        0.4632,
        0.5281,
        0.1465
      ],
      [
        0.0686,
        0.0686,
        0.0951,
        0.0686,
        0.0242,
        0.0675,
        0.0242,
        0.0329,
        0.0947,
        0.0123,
        0.0916,
        0.0242,
        0.1072,
        0.1033,
        0.03,
        0.0623,
        0.0476,
        0.0722,
        0.0902,
        0.0408,
        0.0344,
        0.0294,
        0.0471,
        1.0,
        0.0468,
        0.0912,
        0.082,
        0.031,
        0.0794,
        0.0712,
        0.1015,
        0.0242,
        0.0686,
        0.0242,
        0.0242,
        0.067,
        0.0863,
        0.1042,
        0.0813,
        0.0853
      ],
      [
        0.4048,
        0.4048,
        0.2407,
        0.4048,
        0.0468,
        0.2182,
        0.0468,
        0.1748,
        0.2141,
        0.1961,
        0.0662,
        0.0468,
        0.1809,
        0.2317,
        0.08,
        0.2893,
        0.075,
        0.115,
        0.2174,
        0.2882,
        0.2048,
        0.2469,
        0.1887,
        0.0468,
        1.0,
        0.1341,
        0.2062,
        0.2455,
        0.1088,
        0.2256,
        0.2323,
        0.0468,
        0.4048,
        0.0468,
        0.0468,
        0.3012,
        0.145,
        0.1292,
        0.1358,
        0.1972
      ],
      [
        0.1547,
        0.1547,
        0.4149,
        0.1547,
        0.0912,
        0.0811,
        0.0912,
        0.607,
        0.4907,
        0.3491,
        0.6965,
        0.0912,
        0.7064,
        0.5632,
        0.2433,
        0.1731,
        0.4027,
        0.5698,
        0.3006,
        0.0273,
        0.2978,
        -0.0438,
        0.367,
        0.0912,
        0.1341,
        1.0,
        0.3493,
        0.062,
        0.6511,
        0.2159,
        0.5172,
        0.0912,
        0.1547,
        0.0912,
        0.0912,
        0.1264,
        0.5169,
        0.7357,
        0.6047,
        0.3752
      ],
      [
        0.296,
        0.296,
        0.3724,
        0.296,
        0.082,
        0.1975,
        0.082,
        0.2783,
        0.3558,
        0.0019,
        0.2727,
        0.082,
        0.3857,
        0.3668,
        0.1398,
        0.2529,
        0.2075,
        0.241,
        0.2943,
        0.2305,
        0.1656,
        0.1416,
        0.1167,
        0.082,
        0.2062,
        0.3493,
        1.0,
        0.1598,
        0.2193,
        0.3108,
        0.3646,
        0.082,
        0.296,
        0.082,
        0.082,
        0.297,
        0.2938,
        0.3349,
        0.2233,
        0.331
      ],
      [
        0.3411,
        0.3411,
        0.1784,
        0.3411,
        0.031,
        0.1502,
        0.031,
        0.1341,
        0.1501,
        0.1215,
        -0.0118,
        0.031,
        0.094,
        0.1511,
        0.1382,
        0.2381,
        0.0454,
        0.0834,
        0.1439,
        0.26,
        0.1695,
        0.2195,
        0.1001,
        0.031,
        0.2455,
        0.062,
        0.1598,
        1.0,
        0.023,
        0.1873,
        0.1571,
        0.031,
        0.3411,
        0.031,
        0.031,
        0.2585,
        0.0735,
        0.0424,
        0.0455,
        0.1447
      ],
      [
        0.1141,
        0.1141,
        0.2927,
        0.1141,
        0.0794,
        0.1223,
        0.0794,
        0.3419,
        0.414,
        0.6192,
        0.7588,
        0.0794,
        0.6455,
        0.5342,
        0.2966,
        0.1343,
        0.3095,
        0.6497,
        0.2939,
        -0.1217,
        0.3004,
        -0.0775,
        0.5369,
        0.0794,
        0.1088,
        0.6511,
        0.2193,
        0.023,
        1.0,
        0.0503,
        0.4738,
        0.0794,
        0.1141,
        0.0794,
        0.0794,
        0.0003,
        0.4957,
        0.7652,
        0.7472,
        0.2634
      ],
      [
        0.3277,
        0.3277,
        0.3409,
        0.3277,
        0.0712,
        0.21,
        0.0712,
        0.2206,
        0.29,
        -0.1181,
        0.1055,
        0.0712,
        0.2634,
        0.2764,
        0.0482,
        0.2636,
        0.1439,
        0.091,
        0.2635,
        0.3013,
        0.1184,
        0.1958,
        0.0232,
        0.0712,
        0.2256,
        0.2159,
        0.3108,
        0.1873,
        0.0503,
        1.0,
        0.2885,
        0.0712,
        0.3277,
        0.0712,
        0.0712,
        0.3418,
        0.202,
        0.1754,
        0.0698,
        0.2995
      ],
      [
        0.3188,
        0.3188,
        0.4282,
        0.3188,
        0.1015,
        0.2412,
        0.1015,
        0.3235,
        0.4555,
        0.2383,
        0.5012,
        0.1015,
        0.5563,
        0.5112,
