{
  "_meta": {
    "generated": "2026-04-16T09:13:41",
    "portfolio_generated": "2026-04-16T09:10:21.069109",
    "n_assets": 41,
    "n_with_returns": 29,
    "covariance_method": "hybrid_shrunk",
    "condition_number": 398.63,
    "pca_factors": 4
  },
  "profiles": {
    "Agressif": {
      "n_assets": 15,
      "weighted_avg_correlation": 0.2368,
      "most_correlated": [
        {
          "t1": "SILJ",
          "t2": "CDE",
          "corr": 0.9091,
          "w1": 9.1,
          "w2": 6.7,
          "combined_weight": 15.8
        },
        {
          "t1": "CDE",
          "t2": "GLD",
          "corr": 0.6943,
          "w1": 6.7,
          "w2": 10.0,
          "combined_weight": 16.7
        },
        {
          "t1": "SILJ",
          "t2": "GLD",
          "corr": 0.6762,
          "w1": 9.1,
          "w2": 10.0,
          "combined_weight": 19.1
        },
        {
          "t1": "FLKR",
          "t2": "SOXX",
          "corr": 0.6701,
          "w1": 6.7,
          "w2": 8.0,
          "combined_weight": 14.7
        },
        {
          "t1": "SOXX",
          "t2": "PICK",
          "corr": 0.6617,
          "w1": 8.0,
          "w2": 6.8,
          "combined_weight": 14.8
        },
        {
          "t1": "PICK",
          "t2": "FCX",
          "corr": 0.6608,
          "w1": 6.8,
          "w2": 6.7,
          "combined_weight": 13.5
        },
        {
          "t1": "SILJ",
          "t2": "PICK",
          "corr": 0.6189,
          "w1": 9.1,
          "w2": 6.8,
          "combined_weight": 16.0
        },
        {
          "t1": "FLKR",
          "t2": "PICK",
          "corr": 0.6179,
          "w1": 6.7,
          "w2": 6.8,
          "combined_weight": 13.5
        },
        {
          "t1": "SOXX",
          "t2": "FCX",
          "corr": 0.6071,
          "w1": 8.0,
          "w2": 6.7,
          "combined_weight": 14.7
        },
        {
          "t1": "SOXX",
          "t2": "NVDA",
          "corr": 0.6024,
          "w1": 8.0,
          "w2": 6.7,
          "combined_weight": 14.7
        }
      ],
      "least_correlated": [
        {
          "t1": "XLE",
          "t2": "GLD",
          "corr": 0.0183,
          "w1": 7.8,
          "w2": 10.0,
          "combined_weight": 17.8
        },
        {
          "t1": "FLTR",
          "t2": "PAAA",
          "corr": 0.0146,
          "w1": 6.8,
          "w2": 6.8,
          "combined_weight": 13.7
        },
        {
          "t1": "SILJ",
          "t2": "UCB",
          "corr": 0.0144,
          "w1": 9.1,
          "w2": 6.7,
          "combined_weight": 15.8
        },
        {
          "t1": "UCB",
          "t2": "GLD",
          "corr": 0.004,
          "w1": 6.7,
          "w2": 10.0,
          "combined_weight": 16.7
        },
        {
          "t1": "CDE",
          "t2": "UCB",
          "corr": -0.0084,
          "w1": 6.7,
          "w2": 6.7,
          "combined_weight": 13.4
        }
      ],
      "high_corr_high_weight": [
        {
          "t1": "SILJ",
          "t2": "CDE",
          "corr": 0.9091,
          "w1": 9.1,
          "w2": 6.7,
          "combined_weight": 15.8
        }
      ]
    },
    "Mod\u00e9r\u00e9": {
      "n_assets": 17,
      "weighted_avg_correlation": 0.1586,
      "most_correlated": [
        {
          "t1": "EICHERMOT",
          "t2": "CUMMINSIND",
          "corr": 0.5546,
          "w1": 4.1,
          "w2": 4.2,
          "combined_weight": 8.3
        },
        {
          "t1": "VSS",
          "t2": "RIO",
          "corr": 0.5529,
          "w1": 7.5,
          "w2": 5.3,
          "combined_weight": 12.8
        },
        {
          "t1": "SCHY",
          "t2": "VSS",
          "corr": 0.4659,
          "w1": 6.4,
          "w2": 7.5,
          "combined_weight": 14.0
        },
        {
          "t1": "SCHY",
          "t2": "RIO",
          "corr": 0.4444,
          "w1": 6.4,
          "w2": 5.3,
          "combined_weight": 11.7
        },
        {
          "t1": "NOVN",
          "t2": "EICHERMOT",
          "corr": 0.4132,
          "w1": 6.3,
          "w2": 4.1,
          "combined_weight": 10.4
        },
        {
          "t1": "NOVN",
          "t2": "CUMMINSIND",
          "corr": 0.4132,
          "w1": 6.3,
          "w2": 4.2,
          "combined_weight": 10.5
        },
        {
          "t1": "KO",
          "t2": "EICHERMOT",
          "corr": 0.4082,
          "w1": 8.4,
          "w2": 4.1,
          "combined_weight": 12.5
        },
        {
          "t1": "KO",
          "t2": "CUMMINSIND",
          "corr": 0.4082,
          "w1": 8.4,
          "w2": 4.2,
          "combined_weight": 12.6
        },
        {
          "t1": "VSS",
          "t2": "GCOW",
          "corr": 0.3993,
          "w1": 7.5,
          "w2": 4.4,
          "combined_weight": 11.9
        },
        {
          "t1": "RIO",
          "t2": "GCOW",
          "corr": 0.3943,
          "w1": 5.3,
          "w2": 4.4,
          "combined_weight": 9.7
        }
      ],
      "least_correlated": [
        {
          "t1": "USFR",
          "t2": "GLD",
          "corr": 0.0184,
          "w1": 8.4,
          "w2": 5.1,
          "combined_weight": 13.5
        },
        {
          "t1": "STIP",
          "t2": "GBIL",
          "corr": 0.0146,
          "w1": 8.4,
          "w2": 8.4,
          "combined_weight": 16.7
        },
        {
          "t1": "STIP",
          "t2": "USFR",
          "corr": 0.0146,
          "w1": 8.4,
          "w2": 8.4,
          "combined_weight": 16.7
        },
        {
          "t1": "GBIL",
          "t2": "USFR",
          "corr": 0.0146,
          "w1": 8.4,
          "w2": 8.4,
          "combined_weight": 16.7
        },
        {
          "t1": "KO",
          "t2": "GLD",
          "corr": -0.0201,
          "w1": 8.4,
          "w2": 5.1,
          "combined_weight": 13.5
        }
      ],
      "high_corr_high_weight": []
    },
    "Stable": {
      "n_assets": 13,
      "weighted_avg_correlation": 0.0855,
      "most_correlated": [
        {
          "t1": "ACWV",
          "t2": "SPYV",
          "corr": 0.3206,
          "w1": 7.0,
          "w2": 5.6,
          "combined_weight": 12.6
        },
        {
          "t1": "SPYV",
          "t2": "CS",
          "corr": 0.3113,
          "w1": 5.6,
          "w2": 6.8,
          "combined_weight": 12.5
        },
        {
          "t1": "SPYV",
          "t2": "XLV",
          "corr": 0.3032,
          "w1": 5.6,
          "w2": 4.3,
          "combined_weight": 9.9
        },
        {
          "t1": "ACWV",
          "t2": "CS",
          "corr": 0.292,
          "w1": 7.0,
          "w2": 6.8,
          "combined_weight": 13.8
        },
        {
          "t1": "CS",
          "t2": "GLD",
          "corr": 0.2724,
          "w1": 6.8,
          "w2": 4.3,
          "combined_weight": 11.2
        },
        {
          "t1": "HEN",
          "t2": "CIPLA",
          "corr": 0.2674,
          "w1": 7.4,
          "w2": 7.4,
          "combined_weight": 14.9
        },
        {
          "t1": "SHEL",
          "t2": "HEN",
          "corr": 0.2519,
          "w1": 7.6,
          "w2": 7.4,
          "combined_weight": 15.1
        },
        {
          "t1": "CS",
          "t2": "XLV",
          "corr": 0.24,
          "w1": 6.8,
          "w2": 4.3,
          "combined_weight": 11.1
        },
        {
          "t1": "ACWV",
          "t2": "SHEL",
          "corr": 0.2369,
          "w1": 7.0,
          "w2": 7.6,
          "combined_weight": 14.6
        },
        {
          "t1": "SHEL",
          "t2": "SPYV",
          "corr": 0.2354,
          "w1": 7.6,
          "w2": 5.6,
          "combined_weight": 13.2
        }
      ],
      "least_correlated": [
        {
          "t1": "BSV",
          "t2": "STIP",
          "corr": 0.0146,
          "w1": 13.0,
          "w2": 13.0,
          "combined_weight": 26.0
        },
        {
          "t1": "CLTL",
          "t2": "VGSH",
          "corr": 0.0146,
          "w1": 12.4,
          "w2": 4.1,
          "combined_weight": 16.5
        },
        {
          "t1": "CLTL",
          "t2": "STIP",
          "corr": 0.0146,
          "w1": 12.4,
          "w2": 13.0,
          "combined_weight": 25.4
        },
        {
          "t1": "CIPLA",
          "t2": "GLD",
          "corr": 0.0146,
          "w1": 7.4,
          "w2": 4.3,
          "combined_weight": 11.8
        },
        {
          "t1": "VGSH",
          "t2": "STIP",
          "corr": 0.0146,
          "w1": 4.1,
          "w2": 13.0,
          "combined_weight": 17.1
        }
      ],
      "high_corr_high_weight": []
    }
  },
  "all_pairs_top_30": [
    {
      "t1": "CDE",
      "t2": "SILJ",
      "corr_hybrid": 0.9091,
      "corr_structured": null,
      "cat1": "Act",
      "cat2": "ETF",
      "exp1": null,
      "exp2": "silver_miners",
      "fam1": null,
      "fam2": "precious_metals"
    },
    {
      "t1": "CDE",
      "t2": "GLD",
      "corr_hybrid": 0.6943,
      "corr_structured": null,
      "cat1": "Act",
      "cat2": "ETF",
      "exp1": null,
      "exp2": "gold_physical",
      "fam1": null,
      "fam2": "gold"
    },
    {
      "t1": "PICK",
      "t2": "VSS",
      "corr_hybrid": 0.6811,
      "corr_structured": 0.2,
      "cat1": "ETF",
      "cat2": "ETF",
      "exp1": "metals_mining",
      "exp2": "intl_small_cap",
      "fam1": null,
      "fam2": null
    },
    {
      "t1": "GLD",
      "t2": "SILJ",
      "corr_hybrid": 0.6762,
      "corr_structured": 0.85,
      "cat1": "ETF",
      "cat2": "ETF",
      "exp1": "gold_physical",
      "exp2": "silver_miners",
      "fam1": "gold",
      "fam2": "precious_metals"
    },
    {
      "t1": "FLKR",
      "t2": "SOXX",
      "corr_hybrid": 0.6701,
      "corr_structured": 0.2,
      "cat1": "ETF",
      "cat2": "ETF",
      "exp1": "south_korea",
      "exp2": "semiconductor",
      "fam1": "em_equity",
      "fam2": "sector_tech"
    },
    {
      "t1": "PICK",
      "t2": "SOXX",
      "corr_hybrid": 0.6617,
      "corr_structured": 0.2,
      "cat1": "ETF",
      "cat2": "ETF",
      "exp1": "metals_mining",
      "exp2": "semiconductor",
      "fam1": null,
      "fam2": "sector_tech"
    },
    {
      "t1": "FCX",
      "t2": "PICK",
      "corr_hybrid": 0.6608,
      "corr_structured": null,
      "cat1": "Act",
      "cat2": "ETF",
      "exp1": null,
      "exp2": "metals_mining",
      "fam1": null,
      "fam2": null
    },
    {
      "t1": "SOXX",
      "t2": "VSS",
      "corr_hybrid": 0.626,
      "corr_structured": 0.2,
      "cat1": "ETF",
      "cat2": "ETF",
      "exp1": "semiconductor",
      "exp2": "intl_small_cap",
      "fam1": "sector_tech",
      "fam2": null
    },
    {
      "t1": "PICK",
      "t2": "SILJ",
      "corr_hybrid": 0.6189,
      "corr_structured": 0.2,
      "cat1": "ETF",
      "cat2": "ETF",
      "exp1": "metals_mining",
      "exp2": "silver_miners",
      "fam1": null,
      "fam2": "precious_metals"
    },
    {
      "t1": "FLKR",
      "t2": "PICK",
      "corr_hybrid": 0.6179,
      "corr_structured": 0.2,
      "cat1": "ETF",
      "cat2": "ETF",
      "exp1": "south_korea",
      "exp2": "metals_mining",
      "fam1": "em_equity",
      "fam2": null
    },
    {
      "t1": "PICK",
      "t2": "RIO",
      "corr_hybrid": 0.6119,
      "corr_structured": null,
      "cat1": "ETF",
      "cat2": "Act",
      "exp1": "metals_mining",
      "exp2": null,
      "fam1": null,
      "fam2": null
    },
    {
      "t1": "FCX",
      "t2": "SOXX",
      "corr_hybrid": 0.6071,
      "corr_structured": null,
      "cat1": "Act",
      "cat2": "ETF",
      "exp1": null,
      "exp2": "semiconductor",
      "fam1": null,
      "fam2": "sector_tech"
    },
    {
      "t1": "NVDA",
      "t2": "SOXX",
      "corr_hybrid": 0.6024,
      "corr_structured": null,
      "cat1": "Act",
      "cat2": "ETF",
      "exp1": null,
      "exp2": "semiconductor",
      "fam1": null,
      "fam2": "sector_tech"
    },
    {
      "t1": "FCX",
      "t2": "VSS",
      "corr_hybrid": 0.6005,
      "corr_structured": null,
      "cat1": "Act",
      "cat2": "ETF",
      "exp1": null,
      "exp2": "intl_small_cap",
      "fam1": null,
      "fam2": null
    },
    {
      "t1": "FLKR",
      "t2": "VSS",
      "corr_hybrid": 0.5695,
      "corr_structured": 0.2,
      "cat1": "ETF",
      "cat2": "ETF",
      "exp1": "south_korea",
      "exp2": "intl_small_cap",
      "fam1": "em_equity",
      "fam2": null
    },
    {
      "t1": "CS",
      "t2": "PICK",
      "corr_hybrid": 0.5656,
      "corr_structured": null,
      "cat1": "Act",
      "cat2": "ETF",
      "exp1": null,
      "exp2": "metals_mining",
      "fam1": null,
      "fam2": null
    },
    {
      "t1": "CDE",
      "t2": "PICK",
      "corr_hybrid": 0.5644,
      "corr_structured": null,
      "cat1": "Act",
      "cat2": "ETF",
      "exp1": null,
      "exp2": "metals_mining",
      "fam1": null,
      "fam2": null
    },
    {
      "t1": "2345",
      "t2": "402340",
      "corr_hybrid": 0.5546,
      "corr_structured": null,
      "cat1": "Act",
      "cat2": "Act",
      "exp1": null,
      "exp2": null,
      "fam1": null,
      "fam2": null
    },
    {
      "t1": "2345",
      "t2": "CUMMINSIND",
      "corr_hybrid": 0.5546,
      "corr_structured": null,
      "cat1": "Act",
      "cat2": "Act",
      "exp1": null,
      "exp2": null,
      "fam1": null,
      "fam2": null
    },
    {
      "t1": "2345",
      "t2": "EICHERMOT",
      "corr_hybrid": 0.5546,
      "corr_structured": null,
      "cat1": "Act",
      "cat2": "Act",
      "exp1": null,
      "exp2": null,
      "fam1": null,
      "fam2": null
    },
    {
      "t1": "402340",
      "t2": "CUMMINSIND",
      "corr_hybrid": 0.5546,
      "corr_structured": null,
      "cat1": "Act",
      "cat2": "Act",
      "exp1": null,
      "exp2": null,
      "fam1": null,
      "fam2": null
    },
    {
      "t1": "402340",
      "t2": "EICHERMOT",
      "corr_hybrid": 0.5546,
      "corr_structured": null,
      "cat1": "Act",
      "cat2": "Act",
      "exp1": null,
      "exp2": null,
      "fam1": null,
      "fam2": null
    },
    {
      "t1": "CUMMINSIND",
      "t2": "EICHERMOT",
      "corr_hybrid": 0.5546,
      "corr_structured": null,
      "cat1": "Act",
      "cat2": "Act",
      "exp1": null,
      "exp2": null,
      "fam1": null,
      "fam2": null
    },
    {
      "t1": "RIO",
      "t2": "VSS",
      "corr_hybrid": 0.5529,
      "corr_structured": null,
      "cat1": "Act",
      "cat2": "ETF",
      "exp1": null,
      "exp2": "intl_small_cap",
      "fam1": null,
      "fam2": null
    },
    {
      "t1": "FCX",
      "t2": "FLKR",
      "corr_hybrid": 0.5491,
      "corr_structured": null,
      "cat1": "Act",
      "cat2": "ETF",
      "exp1": null,
      "exp2": "south_korea",
      "fam1": null,
      "fam2": "em_equity"
    },
    {
      "t1": "FCX",
      "t2": "SILJ",
      "corr_hybrid": 0.5398,
      "corr_structured": null,
      "cat1": "Act",
      "cat2": "ETF",
      "exp1": null,
      "exp2": "silver_miners",
      "fam1": null,
      "fam2": "precious_metals"
    },
    {
      "t1": "FCX",
      "t2": "RIO",
      "corr_hybrid": 0.5282,
      "corr_structured": null,
      "cat1": "Act",
      "cat2": "Act",
      "exp1": null,
      "exp2": null,
      "fam1": null,
      "fam2": null
    },
    {
      "t1": "SOXX",
      "t2": "SPYV",
      "corr_hybrid": 0.5278,
      "corr_structured": 0.2,
      "cat1": "ETF",
      "cat2": "ETF",
      "exp1": "semiconductor",
      "exp2": "sp500_value",
      "fam1": "sector_tech",
      "fam2": "factor_value"
    },
    {
      "t1": "PICK",
      "t2": "SCHY",
      "corr_hybrid": 0.5027,
      "corr_structured": 0.2,
      "cat1": "ETF",
      "cat2": "ETF",
      "exp1": "metals_mining",
      "exp2": "international",
      "fam1": null,
      "fam2": "intl_equity"
    },
    {
      "t1": "FLKR",
      "t2": "NVDA",
      "corr_hybrid": 0.5022,
      "corr_structured": null,
      "cat1": "ETF",
      "cat2": "Act",
      "exp1": "south_korea",
      "exp2": null,
      "fam1": "em_equity",
      "fam2": null
    }
  ],
  "all_pairs_bottom_10": [
    {
      "t1": "USFR",
      "t2": "VGSH",
      "corr_hybrid": 0.0146,
      "corr_structured": 0.02,
      "cat1": "Obl",
      "cat2": "Obl",
      "exp1": "us_equity",
      "exp2": "bonds_short_treasury",
      "fam1": "us_equity_large",
      "fam2": "bonds_short"
    },
    {
      "t1": "SILJ",
      "t2": "UCB",
      "corr_hybrid": 0.0144,
      "corr_structured": null,
      "cat1": "ETF",
      "cat2": "Act",
      "exp1": "silver_miners",
      "exp2": null,
      "fam1": "precious_metals",
      "fam2": null
    },
    {
      "t1": "HEN",
      "t2": "NVDA",
      "corr_hybrid": 0.013,
      "corr_structured": null,
      "cat1": "Act",
      "cat2": "Act",
      "exp1": null,
      "exp2": null,
      "fam1": null,
      "fam2": null
    },
    {
      "t1": "ITX",
      "t2": "SILJ",
      "corr_hybrid": 0.0128,
      "corr_structured": null,
      "cat1": "Act",
      "cat2": "ETF",
      "exp1": null,
      "exp2": "silver_miners",
      "fam1": null,
      "fam2": "precious_metals"
    },
    {
      "t1": "KO",
      "t2": "PICK",
      "corr_hybrid": 0.0108,
      "corr_structured": null,
      "cat1": "Act",
      "cat2": "ETF",
      "exp1": null,
      "exp2": "metals_mining",
      "fam1": null,
      "fam2": null
    },
    {
      "t1": "KO",
      "t2": "NVDA",
      "corr_hybrid": 0.0106,
      "corr_structured": null,
      "cat1": "Act",
      "cat2": "Act",
      "exp1": null,
      "exp2": null,
      "fam1": null,
      "fam2": null
    },
    {
      "t1": "CDE",
      "t2": "UCB",
      "corr_hybrid": -0.0084,
      "corr_structured": null,
      "cat1": "Act",
      "cat2": "Act",
      "exp1": null,
      "exp2": null,
      "fam1": null,
      "fam2": null
    },
    {
      "t1": "CIPLA",
      "t2": "VSS",
      "corr_hybrid": 0.0069,
      "corr_structured": null,
      "cat1": "Act",
      "cat2": "ETF",
      "exp1": null,
      "exp2": "intl_small_cap",
      "fam1": null,
      "fam2": null
    },
    {
      "t1": "CIPLA",
      "t2": "FCX",
      "corr_hybrid": -0.0049,
      "corr_structured": null,
      "cat1": "Act",
      "cat2": "Act",
      "exp1": null,
      "exp2": null,
      "fam1": null,
      "fam2": null
    },
    {
      "t1": "GLD",
      "t2": "UCB",
      "corr_hybrid": 0.004,
      "corr_structured": null,
      "cat1": "ETF",
      "cat2": "Act",
      "exp1": "gold_physical",
      "exp2": null,
      "fam1": "gold",
      "fam2": null
    }
  ],
  "correlation_matrix": {
    "tickers": [
      "2345",
      "402340",
      "ACWV",
      "AGS",
      "BSV",
      "CDE",
      "CIPLA",
      "CLTL",
      "CS",
      "CUMMINSIND",
      "EICHERMOT",
      "FCX",
      "FLKR",
      "FLTR",
      "GBIL",
      "GCOW",
      "GLD",
      "HEN",
      "ITX",
      "KO",
      "LI",
      "NOVN",
      "NVDA",
      "PAAA",
      "PICK",
      "RIO",
      "SCHD",
      "SCHY",
      "SHEL",
      "SILJ",
      "SOXX",
      "SPLV",
      "SPYV",
      "STIP",
      "UCB",
      "USFR",
      "VGSH",
      "VSS",
      "XBI",
      "XLE",
      "XLV"
    ],
    "matrix": [
      [
        1.0,
        0.5546,
        0.3149,
        0.3191,
        0.0746,
        0.1252,
        0.3416,
        0.0746,
        0.1862,
        0.5546,
        0.5546,
        0.2256,
        0.1061,
        0.0746,
        0.0746,
        0.3146,
        0.0945,
        0.3814,
        0.3624,
        0.4082,
        0.2528,
        0.4132,
        0.1853,
        0.0746,
        0.2087,
        0.3213,
        0.315,
        0.287,
        0.3689,
        0.0912,
        0.1197,
        0.2957,
        0.297,
        0.0746,
        0.346,
        0.0746,
        0.0746,
        0.2532,
        0.1588,
        0.2176,
        0.2336
      ],
      [
        0.5546,
        1.0,
        0.3149,
        0.3191,
        0.0746,
        0.1252,
        0.3416,
        0.0746,
        0.1862,
        0.5546,
        0.5546,
        0.2256,
        0.1061,
        0.0746,
        0.0746,
        0.3146,
        0.0945,
        0.3814,
        0.3624,
        0.4082,
        0.2528,
        0.4132,
        0.1853,
        0.0746,
        0.2087,
        0.3213,
        0.315,
        0.287,
        0.3689,
        0.0912,
        0.1197,
        0.2957,
        0.297,
        0.0746,
        0.346,
        0.0746,
        0.0746,
        0.2532,
        0.1588,
        0.2176,
        0.2336
      ],
      [
        0.3149,
        0.3149,
        1.0,
        0.187,
        0.0594,
        0.1613,
        0.1318,
        0.0594,
        0.292,
        0.3149,
        0.3149,
        0.3129,
        0.2735,
        0.0594,
        0.0594,
        0.2902,
        0.1296,
        0.1838,
        0.1819,
        0.1896,
        0.2365,
        0.2146,
        0.267,
        0.0594,
        0.3468,
        0.3407,
        0.273,
        0.3008,
        0.2369,
        0.175,
        0.302,
        0.1998,
        0.3206,
        0.0594,
        0.2805,
        0.0594,
        0.0594,
        0.3438,
        0.2347,
        0.1425,
        0.2259
      ],
      [
        0.3191,
        0.3191,
        0.187,
        1.0,
        0.0403,
        0.0789,
        0.201,
        0.0403,
        0.1991,
        0.3191,
        0.3191,
        0.1227,
        0.052,
        0.0403,
        0.0403,
        0.1952,
        0.0683,
        0.2293,
        0.1936,
        0.2507,
        0.1409,
        0.2425,
        0.0769,
        0.0403,
        0.1348,
        0.2012,
        0.1836,
        0.1776,
        0.2199,
        0.0616,
        0.0461,
        0.1822,
        0.1637,
        0.0403,
        0.2014,
        0.0403,
        0.0403,
        0.1486,
        0.0865,
        0.123,
        0.1352
      ],
      [
        0.0746,
        0.0746,
        0.0594,
        0.0403,
        1.0,
        0.0253,
        0.031,
        0.0146,
        0.0369,
        0.0746,
        0.0746,
        0.0697,
        0.0627,
        0.0146,
        0.0146,
        0.0619,
        0.0184,
        0.0402,
        0.0483,
        0.0419,
        0.0548,
        0.0495,
        0.0705,
        0.0146,
        0.0699,
        0.0701,
        0.0632,
        0.0636,
        0.0529,
        0.0278,
        0.0738,
        0.0434,
        0.0758,
        0.0146,
        0.0659,
        0.0146,
        0.0146,
        0.0746,
        0.0542,
        0.0346,
        0.0524
      ],
      [
        0.1252,
        0.1252,
        0.1613,
        0.0789,
        0.0253,
        1.0,
        0.0195,
        0.0253,
        0.2696,
        0.1252,
        0.1252,
        0.5015,
        0.2917,
        0.0253,
        0.0253,
        0.2084,
        0.6943,
        0.1445,
        0.0432,
        -0.0413,
        0.2227,
        0.1032,
        0.0831,
        0.0253,
        0.5644,
        0.4565,
        0.067,
        0.303,
        0.1379,
        0.9091,
        0.2663,
        0.061,
        0.1604,
        0.0253,
        -0.0084,
        0.0253,
        0.0253,
        0.4379,
        0.1792,
        0.0233,
        0.0564
      ],
      [
        0.3416,
        0.3416,
        0.1318,
        0.201,
        0.031,
        0.0195,
        1.0,
        0.031,
        0.0375,
        0.3416,
        0.3416,
        -0.0049,
        -0.1031,
        0.031,
        0.031,
        0.1188,
        0.0146,
        0.2674,
        0.2308,
        0.2939,
        0.0822,
        0.2732,
        -0.0309,
        0.031,
        -0.033,
        0.0904,
        0.1231,
        0.0812,
        0.2119,
        -0.0255,
        -0.1206,
        0.166,
        0.0616,
        0.031,
        0.1493,
        0.031,
        0.031,
        0.0069,
        -0.0158,
        0.1176,
        0.0726
      ],
      [
        0.0746,
        0.0746,
        0.0594,
        0.0403,
        0.0146,
        0.0253,
        0.031,
        1.0,
        0.0369,
        0.0746,
        0.0746,
        0.0697,
        0.0627,
        0.0146,
        0.0146,
        0.0619,
        0.0184,
        0.0402,
        0.0483,
        0.0419,
        0.0548,
        0.0495,
        0.0705,
        0.0146,
        0.0699,
        0.0701,
        0.0632,
        0.0636,
        0.0529,
        0.0278,
        0.0738,
        0.0434,
        0.0758,
        0.0146,
        0.0659,
        0.0146,
        0.0146,
        0.0746,
        0.0542,
        0.0346,
        0.0524
      ],
      [
        0.1862,
        0.1862,
        0.292,
        0.1991,
        0.0369,
        0.2696,
        0.0375,
        0.0369,
        1.0,
        0.1862,
        0.1862,
        0.3552,
        0.3438,
        0.0369,
        0.0369,
        0.3885,
        0.2724,
        0.1387,
        -0.0162,
        0.1632,
        0.2172,
        0.1362,
        0.1434,
        0.0369,
        0.5656,
        0.4918,
        0.2783,
        0.416,
        0.221,
        0.3271,
        0.2945,
        0.23,
        0.3113,
        0.0369,
        0.2689,
        0.0369,
        0.0369,
        0.4523,
        0.2693,
        0.0894,
        0.24
      ],
      [
        0.5546,
        0.5546,
        0.3149,
        0.3191,
        0.0746,
        0.1252,
        0.3416,
        0.0746,
        0.1862,
        1.0,
        0.5546,
        0.2256,
        0.1061,
        0.0746,
        0.0746,
        0.3146,
        0.0945,
        0.3814,
        0.3624,
        0.4082,
        0.2528,
        0.4132,
        0.1853,
        0.0746,
        0.2087,
        0.3213,
        0.315,
        0.287,
        0.3689,
        0.0912,
        0.1197,
        0.2957,
        0.297,
        0.0746,
        0.346,
        0.0746,
        0.0746,
        0.2532,
        0.1588,
        0.2176,
        0.2336
      ],
      [
        0.5546,
        0.5546,
        0.3149,
        0.3191,
        0.0746,
        0.1252,
        0.3416,
        0.0746,
        0.1862,
        0.5546,
        1.0,
        0.2256,
        0.1061,
        0.0746,
        0.0746,
        0.3146,
        0.0945,
        0.3814,
        0.3624,
        0.4082,
        0.2528,
        0.4132,
        0.1853,
        0.0746,
        0.2087,
        0.3213,
        0.315,
        0.287,
        0.3689,
        0.0912,
        0.1197,
        0.2957,
        0.297,
        0.0746,
        0.346,
        0.0746,
        0.0746,
        0.2532,
        0.1588,
        0.2176,
        0.2336
      ],
      [
        0.2256,
        0.2256,
        0.3129,
        0.1227,
        0.0697,
        0.5015,
        -0.0049,
        0.0697,
        0.3552,
        0.2256,
        0.2256,
        1.0,
        0.5491,
        0.0697,
        0.0697,
        0.3615,
        0.3748,
        0.0956,
        0.1138,
        0.018,
        0.3399,
        0.1256,
        0.4445,
        0.0697,
        0.6608,
        0.5282,
        0.3024,
        0.4351,
        0.2075,
        0.5398,
        0.6071,
        0.16,
        0.4516,
        0.0697,
        0.2696,
        0.0697,
        0.0697,
        0.6005,
        0.3933,
        0.1201,
        0.2727
      ],
      [
        0.1061,
        0.1061,
        0.2735,
        0.052,
        0.0627,
        0.2917,
        -0.1031,
        0.0627,
        0.3438,
        0.1061,
        0.1061,
        0.5491,
        1.0,
        0.0627,
        0.0627,
        0.3226,
        0.2225,
        -0.0248,
        0.0355,
        -0.0658,
        0.301,
        0.0204,
        0.5022,
        0.0627,
        0.6179,
        0.4521,
        0.2929,
        0.3927,
        0.1285,
        0.3629,
        0.6701,
        0.1139,
        0.4591,
        0.0627,
        0.2686,
        0.0627,
        0.0627,
        0.5695,
        0.4123,
        0.0923,
        0.2786
      ],
      [
        0.0746,
        0.0746,
        0.0594,
        0.0403,
        0.0146,
        0.0253,
        0.031,
        0.0146,
        0.0369,
        0.0746,
        0.0746,
        0.0697,
        0.0627,
        1.0,
        0.0146,
        0.0619,
        0.0184,
        0.0402,
        0.0483,
        0.0419,
        0.0548,
        0.0495,
        0.0705,
        0.0146,
        0.0699,
        0.0701,
        0.0632,
        0.0636,
        0.0529,
        0.0278,
        0.0738,
        0.0434,
        0.0758,
        0.0146,
        0.0659,
        0.0146,
        0.0146,
        0.0746,
        0.0542,
        0.0346,
        0.0524
      ],
      [
        0.0746,
        0.0746,
        0.0594,
        0.0403,
        0.0146,
        0.0253,
        0.031,
        0.0146,
        0.0369,
        0.0746,
        0.0746,
        0.0697,
        0.0627,
        0.0146,
        1.0,
        0.0619,
        0.0184,
        0.0402,
        0.0483,
        0.0419,
        0.0548,
        0.0495,
        0.0705,
        0.0146,
        0.0699,
        0.0701,
        0.0632,
        0.0636,
        0.0529,
        0.0278,
        0.0738,
        0.0434,
        0.0758,
        0.0146,
        0.0659,
        0.0146,
        0.0146,
        0.0746,
        0.0542,
        0.0346,
        0.0524
      ],
      [
        0.3146,
        0.3146,
        0.2902,
        0.1952,
        0.0619,
        0.2084,
        0.1188,
        0.0619,
        0.3885,
        0.3146,
        0.3146,
        0.3615,
        0.3226,
        0.0619,
        0.0619,
        1.0,
        0.1712,
        0.1832,
        0.1674,
        0.1852,
        0.2588,
        0.2128,
        0.2878,
        0.0619,
        0.4186,
        0.3943,
        0.2948,
        0.3441,
        0.2483,
        0.23,
        0.3477,
        0.2131,
        0.3527,
        0.0619,
        0.2979,
        0.0619,
        0.0619,
        0.3993,
        0.2677,
        0.1447,
        0.247
      ],
      [
        0.0945,
        0.0945,
        0.1296,
        0.0683,
        0.0184,
        0.6943,
        0.0146,
        0.0184,
        0.2724,
        0.0945,
        0.0945,
        0.3748,
        0.2225,
        0.0184,
        0.0184,
        0.1712,
        1.0,
        0.1115,
        0.0219,
        -0.0201,
        0.1673,
        0.0793,
        0.0539,
        0.0184,
        0.4383,
        0.3564,
        0.0593,
        0.2406,
        0.1097,
        0.6762,
        0.1967,
        0.0566,
        0.125,
        0.0184,
        0.004,
        0.0184,
        0.0184,
        0.3367,
        0.1388,
        0.0183,
        0.05
      ],
      [
        0.3814,
        0.3814,
        0.1838,
        0.2293,
        0.0402,
        0.1445,
        0.2674,
        0.0402,
        0.1387,
        0.3814,
        0.3814,
        0.0956,
        -0.0248,
        0.0402,
        0.0402,
        0.1832,
        0.1115,
        1.0,
        0.2437,
        0.3045,
        0.1361,
        0.301,
        0.013,
        0.0402,
        0.0883,
        0.1914,
        0.1659,
        0.1592,
        0.2519,
        0.1023,
        -0.0435,
        0.1966,
        0.1229,
        0.0402,
        0.1836,
        0.0402,
        0.0402,
        0.108,
        0.0399,
        0.134,
        0.1098
      ],
      [
        0.3624,
        0.3624,
        0.1819,
        0.1936,
        0.0483,
        0.0432,
        0.2308,
        0.0483,
        -0.0162,
        0.3624,
        0.3624,
        0.1138,
        0.0355,
        0.0483,
        0.0483,
        0.1674,
        0.0219,
        0.2437,
        1.0,
        0.2596,
        0.1503,
        0.2684,
        0.1227,
        0.0483,
        0.0699,
        0.1569,
        0.1859,
        0.1447,
        0.2268,
        0.0128,
        0.0557,
        0.1744,
        0.1723,
        0.0483,
        0.2094,
        0.0483,
        0.0483,
        0.1192,
        0.08,
        0.1415,
        0.1345
      ],
      [
        0.4082,
        0.4082,
        0.1896,
        0.2507,
        0.0419,
        -0.0413,
        0.2939,
        0.0419,
        0.1632,
        0.4082,
        0.4082,
        0.018,
        -0.0658,
        0.0419,
        0.0419,
        0.1852,
        -0.0201,
        0.3045,
        0.2596,
        1.0,
        0.117,
        0.3196,
        0.0106,
        0.0419,
        0.0108,
        0.1439,
        0.1915,
        0.1387,
        0.2641,
        -0.076,
        -0.0832,
        0.2215,
        0.1258,
        0.0419,
        0.2282,
        0.0419,
        0.0419,
        0.0542,
        0.0255,
        0.1507,
        0.1288
      ],
      [
        0.2528,
        0.2528,
        0.2365,
        0.1409,
        0.0548,
        0.2227,
        0.0822,
        0.0548,
        0.2172,
        0.2528,
        0.2528,
        0.3399,
        0.301,
        0.0548,
        0.0548,
        0.2588,
        0.1673,
        0.1361,
        0.1503,
        0.117,
        1.0,
        0.1643,
        0.2825,
        0.0548,
        0.3639,
        0.3296,
        0.2391,
        0.2836,
        0.1947,
        0.2377,
        0.3384,
        0.157,
        0.3078,
        0.0548,
        0.2357,
        0.0548,
        0.0548,
        0.3535,
        0.2392,
        0.1187,
        0.2032
      ],
      [
        0.4132,
        0.4132,
        0.2146,
        0.2425,
        0.0495,
        0.1032,
        0.2732,
        0.0495,
        0.1362,
        0.4132,
        0.4132,
        0.1256,
        0.0204,
        0.0495,
        0.0495,
        0.2128,
        0.0793,
        0.301,
        0.2684,
        0.3196,
        0.1643,
        1.0,
        0.0763,
        0.0495,
        0.1131,
        0.2139,
        0.2073,
        0.1873,
        0.2724,
        0.0682,
        0.0164,
        0.2164,
        0.1755,
        0.0495,
        0.2304,
        0.0495,
        0.0495,
        0.144,
        0.0777,
        0.1543,
        0.1465
      ],
      [
        0.1853,
        0.1853,
        0.267,
        0.0769,
        0.0705,
        0.0831,
        -0.0309,
        0.0705,
        0.1434,
        0.1853,
        0.1853,
        0.4445,
        0.5022,
        0.0705,
        0.0705,
        0.2878,
        0.0539,
        0.013,
        0.1227,
        0.0106,
        0.2825,
        0.0763,
        1.0,
        0.0705,
        0.4545,
        0.3502,
        0.3091,
        0.3277,
        0.1514,
        0.1418,
        0.6024,
        0.1318,
        0.4491,
        0.0705,
        0.3094,
        0.0705,
        0.0705,
        0.4653,
        0.3709,
        0.1265,
        0.2839
      ],
      [
        0.0746,
        0.0746,
        0.0594,
        0.0403,
        0.0146,
        0.0253,
        0.031,
        0.0146,
        0.0369,
        0.0746,
        0.0746,
        0.0697,
        0.0627,
        0.0146,
        0.0146,
        0.0619,
        0.0184,
        0.0402,
        0.0483,
        0.0419,
        0.0548,
        0.0495,
        0.0705,
        1.0,
        0.0699,
        0.0701,
        0.0632,
        0.0636,
        0.0529,
        0.0278,
        0.0738,
        0.0434,
        0.0758,
        0.0146,
        0.0659,
        0.0146,
        0.0146,
        0.0746,
        0.0542,
        0.0346,
        0.0524
      ],
      [
        0.2087,
        0.2087,
        0.3468,
        0.1348,
        0.0699,
        0.5644,
        -0.033,
        0.0699,
        0.5656,
        0.2087,
        0.2087,
        0.6608,
        0.6179,
        0.0699,
        0.0699,
        0.4186,
        0.4383,
        0.0883,
        0.0699,
        0.0108,
        0.3639,
        0.1131,
        0.4545,
        0.0699,
        1.0,
        0.6119,
        0.3313,
        0.5027,
        0.2195,
        0.6189,
        0.6617,
        0.1811,
        0.4904,
        0.0699,
        0.2918,
        0.0699,
        0.0699,
        0.6811,
        0.4384,
        0.1164,
        0.3016
      ],
      [
        0.3213,
        0.3213,
        0.3407,
        0.2012,
        0.0701,
        0.4565,
        0.0904,
        0.0701,
        0.4918,
        0.3213,
        0.3213,
        0.5282,
        0.4521,
        0.0701,
        0.0701,
        0.3943,
        0.3564,
        0.1914,
        0.1569,
        0.1439,
        0.3296,
        0.2139,
        0.3502,
        0.0701,
        0.6119,
        1.0,
        0.3249,
        0.4444,
        0.2733,
        0.4817,
        0.4778,
        0.2234,
        0.424,
        0.0701,
        0.3055,
        0.0701,
        0.0701,
        0.5529,
        0.3471,
        0.1469,
        0.278
      ],
      [
        0.315,
        0.315,
        0.273,
        0.1836,
        0.0632,
        0.067,
        0.1231,
        0.0632,
        0.2783,
        0.315,
        0.315,
        0.3024,
        0.2929,
        0.0632,
        0.0632,
        0.2948,
        0.0593,
        0.1659,
        0.1859,
        0.1915,
        0.2391,
        0.2073,
        0.3091,
        0.0632,
        0.3313,
        0.3249,
        1.0,
        0.2996,
        0.2342,
        0.0905,
        0.3342,
        0.2043,
        0.3469,
        0.0632,
        0.3102,
        0.0632,
        0.0632,
        0.3424,
        0.2522,
        0.1509,
        0.2471
      ],
      [
        0.287,
        0.287,
        0.3008,
        0.1776,
        0.0636,
        0.303,
        0.0812,
        0.0636,
        0.416,
        0.287,
        0.287,
        0.4351,
        0.3927,
        0.0636,
        0.0636,
        0.3441,
        0.2406,
        0.1592,
        0.1447,
        0.1387,
        0.2836,
        0.1873,
        0.3277,
        0.0636,
        0.5027,
        0.4444,
        0.2996,
        1.0,
        0.239,
        0.3312,
        0.4232,
        0.2017,
        0.383,
        0.0636,
        0.2914,
        0.0636,
        0.0636,
        0.4659,
        0.3071,
        0.1366,
        0.2568
      ],
      [
        0.3689,
        0.3689,
        0.2369,
        0.2199,
        0.0529,
        0.1379,
        0.2119,
        0.0529,
        0.221,
        0.3689,
        0.3689,
        0.2075,
        0.1285,
        0.0529,
        0.0529,
        0.2483,
        0.1097,
        0.2519,
        0.2268,
        0.2641,
        0.1947,
        0.2724,
        0.1514,
        0.0529,
        0.2195,
        0.2733,
        0.2342,
        0.239,
        1.0,
        0.1239,
        0.1354,
        0.2102,
        0.2354,
        0.0529,
        0.2497,
        0.0529,
        0.0529,
        0.2322,
        0.1443,
        0.1477,
        0.1794
      ],
      [
        0.0912,
        0.0912,
        0.175,
        0.0616,
        0.0278,
        0.9091,
        -0.0255,
        0.0278,
        0.3271,
        0.0912,
        0.0912,
        0.5398,
        0.3629,
        0.0278,
        0.0278,
        0.23,
        0.6762,
        0.1023,
        0.0128,
        -0.076,
        0.2377,
        0.0682,
        0.1418,
        0.0278,
        0.6189,
        0.4817,
        0.0905,
        0.3312,
        0.1239,
        1.0,
        0.348,
        0.0577,
        0.2044,
        0.0278,
        0.0144,
        0.0278,
        0.0278,
        0.4863,
        0.2248,
        0.0203,
        0.084
      ],
      [
        0.1197,
        0.1197,
        0.302,
        0.0461,
        0.0738,
        0.2663,
        -0.1206,
        0.0738,
        0.2945,
        0.1197,
        0.1197,
        0.6071,
        0.6701,
        0.0738,
        0.0738,
        0.3477,
        0.1967,
        -0.0435,
        0.0557,
        -0.0832,
        0.3384,
        0.0164,
        0.6024,
        0.0738,
        0.6617,
        0.4778,
        0.3342,
        0.4232,
        0.1354,
        0.348,
        1.0,
        0.1191,
        0.5278,
        0.0738,
        0.3117,
