{
  "_meta": {
    "generated": "2026-04-01T13:44:09",
    "portfolio_generated": "2026-04-01T13:42:29.762596",
    "n_assets": 40,
    "n_with_returns": 32,
    "covariance_method": "hybrid_shrunk",
    "condition_number": 489.52,
    "pca_factors": 5
  },
  "profiles": {
    "Agressif": {
      "n_assets": 16,
      "weighted_avg_correlation": 0.2345,
      "most_correlated": [
        {
          "t1": "SOXX",
          "t2": "MU",
          "corr": 0.8223,
          "w1": 8.3,
          "w2": 6.5,
          "combined_weight": 14.8
        },
        {
          "t1": "SLV",
          "t2": "GLD",
          "corr": 0.7649,
          "w1": 5.8,
          "w2": 10.1,
          "combined_weight": 15.9
        },
        {
          "t1": "VRT",
          "t2": "MU",
          "corr": 0.7624,
          "w1": 4.5,
          "w2": 6.5,
          "combined_weight": 11.0
        },
        {
          "t1": "VRT",
          "t2": "SOXX",
          "corr": 0.7621,
          "w1": 4.5,
          "w2": 8.3,
          "combined_weight": 12.8
        },
        {
          "t1": "SOXX",
          "t2": "NVDA",
          "corr": 0.7123,
          "w1": 8.3,
          "w2": 3.2,
          "combined_weight": 11.5
        },
        {
          "t1": "NVDA",
          "t2": "MU",
          "corr": 0.7015,
          "w1": 3.2,
          "w2": 6.5,
          "combined_weight": 9.7
        },
        {
          "t1": "VRT",
          "t2": "NVDA",
          "corr": 0.6885,
          "w1": 4.5,
          "w2": 3.2,
          "combined_weight": 7.7
        },
        {
          "t1": "SOXX",
          "t2": "FLKR",
          "corr": 0.6552,
          "w1": 8.3,
          "w2": 5.8,
          "combined_weight": 14.2
        },
        {
          "t1": "REMX",
          "t2": "SLV",
          "corr": 0.6296,
          "w1": 7.8,
          "w2": 5.8,
          "combined_weight": 13.6
        },
        {
          "t1": "MU",
          "t2": "FLKR",
          "corr": 0.6013,
          "w1": 6.5,
          "w2": 5.8,
          "combined_weight": 12.3
        }
      ],
      "least_correlated": [
        {
          "t1": "MU",
          "t2": "CF",
          "corr": -0.0663,
          "w1": 6.5,
          "w2": 5.2,
          "combined_weight": 11.7
        },
        {
          "t1": "CF",
          "t2": "XBI",
          "corr": -0.0825,
          "w1": 5.2,
          "w2": 3.4,
          "combined_weight": 8.6
        },
        {
          "t1": "CF",
          "t2": "GOOGL",
          "corr": -0.0982,
          "w1": 5.2,
          "w2": 3.9,
          "combined_weight": 9.1
        },
        {
          "t1": "INCY",
          "t2": "CF",
          "corr": -0.1177,
          "w1": 8.1,
          "w2": 5.2,
          "combined_weight": 13.3
        },
        {
          "t1": "CF",
          "t2": "FLKR",
          "corr": -0.1592,
          "w1": 5.2,
          "w2": 5.8,
          "combined_weight": 11.0
        }
      ],
      "high_corr_high_weight": [
        {
          "t1": "SOXX",
          "t2": "MU",
          "corr": 0.8223,
          "w1": 8.3,
          "w2": 6.5,
          "combined_weight": 14.8
        },
        {
          "t1": "SLV",
          "t2": "GLD",
          "corr": 0.7649,
          "w1": 5.8,
          "w2": 10.1,
          "combined_weight": 15.9
        },
        {
          "t1": "VRT",
          "t2": "MU",
          "corr": 0.7624,
          "w1": 4.5,
          "w2": 6.5,
          "combined_weight": 11.0
        },
        {
          "t1": "VRT",
          "t2": "SOXX",
          "corr": 0.7621,
          "w1": 4.5,
          "w2": 8.3,
          "combined_weight": 12.8
        },
        {
          "t1": "SOXX",
          "t2": "NVDA",
          "corr": 0.7123,
          "w1": 8.3,
          "w2": 3.2,
          "combined_weight": 11.5
        }
      ]
    },
    "Mod\u00e9r\u00e9": {
      "n_assets": 15,
      "weighted_avg_correlation": 0.2636,
      "most_correlated": [
        {
          "t1": "SCHD",
          "t2": "HDV",
          "corr": 0.6048,
          "w1": 6.8,
          "w2": 7.5,
          "combined_weight": 14.3
        },
        {
          "t1": "RIO",
          "t2": "VSS",
          "corr": 0.601,
          "w1": 6.8,
          "w2": 8.4,
          "combined_weight": 15.1
        },
        {
          "t1": "SCHY",
          "t2": "VSS",
          "corr": 0.5884,
          "w1": 8.4,
          "w2": 8.4,
          "combined_weight": 16.8
        },
        {
          "t1": "SCHD",
          "t2": "GGG",
          "corr": 0.5774,
          "w1": 6.8,
          "w2": 3.2,
          "combined_weight": 10.0
        },
        {
          "t1": "SCHD",
          "t2": "XLV",
          "corr": 0.5616,
          "w1": 6.8,
          "w2": 3.1,
          "combined_weight": 9.9
        },
        {
          "t1": "SCHD",
          "t2": "VSS",
          "corr": 0.5515,
          "w1": 6.8,
          "w2": 8.4,
          "combined_weight": 15.1
        },
        {
          "t1": "SCHD",
          "t2": "SCHY",
          "corr": 0.5322,
          "w1": 6.8,
          "w2": 8.4,
          "combined_weight": 15.1
        },
        {
          "t1": "HDV",
          "t2": "XLV",
          "corr": 0.5244,
          "w1": 7.5,
          "w2": 3.1,
          "combined_weight": 10.6
        },
        {
          "t1": "HDV",
          "t2": "GGG",
          "corr": 0.5218,
          "w1": 7.5,
          "w2": 3.2,
          "combined_weight": 10.7
        },
        {
          "t1": "SCHY",
          "t2": "XLV",
          "corr": 0.5203,
          "w1": 8.4,
          "w2": 3.1,
          "combined_weight": 11.5
        }
      ],
      "least_correlated": [
        {
          "t1": "VGSH",
          "t2": "GLD",
          "corr": 0.0384,
          "w1": 9.0,
          "w2": 8.1,
          "combined_weight": 17.1
        },
        {
          "t1": "STIP",
          "t2": "GLD",
          "corr": 0.0384,
          "w1": 9.0,
          "w2": 8.1,
          "combined_weight": 17.1
        },
        {
          "t1": "ITX",
          "t2": "GLD",
          "corr": 0.0252,
          "w1": 3.2,
          "w2": 8.1,
          "combined_weight": 11.3
        },
        {
          "t1": "AGS",
          "t2": "GLD",
          "corr": 0.0185,
          "w1": 5.4,
          "w2": 8.1,
          "combined_weight": 13.4
        },
        {
          "t1": "VGSH",
          "t2": "STIP",
          "corr": 0.0174,
          "w1": 9.0,
          "w2": 9.0,
          "combined_weight": 18.0
        }
      ],
      "high_corr_high_weight": []
    },
    "Stable": {
      "n_assets": 16,
      "weighted_avg_correlation": 0.1052,
      "most_correlated": [
        {
          "t1": "SPYV",
          "t2": "XLV",
          "corr": 0.5817,
          "w1": 4.3,
          "w2": 4.4,
          "combined_weight": 8.7
        },
        {
          "t1": "SPLV",
          "t2": "SPYV",
          "corr": 0.5231,
          "w1": 4.7,
          "w2": 4.3,
          "combined_weight": 8.9
        },
        {
          "t1": "SPLV",
          "t2": "XLV",
          "corr": 0.5178,
          "w1": 4.7,
          "w2": 4.4,
          "combined_weight": 9.1
        },
        {
          "t1": "SPYV",
          "t2": "GD",
          "corr": 0.4953,
          "w1": 4.3,
          "w2": 3.8,
          "combined_weight": 8.1
        },
        {
          "t1": "SPLV",
          "t2": "VICI",
          "corr": 0.4646,
          "w1": 4.7,
          "w2": 4.5,
          "combined_weight": 9.2
        },
        {
          "t1": "SPLV",
          "t2": "GD",
          "corr": 0.4482,
          "w1": 4.7,
          "w2": 3.8,
          "combined_weight": 8.5
        },
        {
          "t1": "EOG",
          "t2": "SPYV",
          "corr": 0.4318,
          "w1": 4.5,
          "w2": 4.3,
          "combined_weight": 8.8
        },
        {
          "t1": "GD",
          "t2": "XLV",
          "corr": 0.426,
          "w1": 3.8,
          "w2": 4.4,
          "combined_weight": 8.2
        },
        {
          "t1": "VICI",
          "t2": "SPYV",
          "corr": 0.4214,
          "w1": 4.5,
          "w2": 4.3,
          "combined_weight": 8.8
        },
        {
          "t1": "SPLV",
          "t2": "JNJ",
          "corr": 0.4185,
          "w1": 4.7,
          "w2": 4.5,
          "combined_weight": 9.2
        }
      ],
      "least_correlated": [
        {
          "t1": "BSV",
          "t2": "VGSH",
          "corr": 0.0174,
          "w1": 10.3,
          "w2": 13.0,
          "combined_weight": 23.3
        },
        {
          "t1": "BSV",
          "t2": "STIP",
          "corr": 0.0174,
          "w1": 10.3,
          "w2": 13.0,
          "combined_weight": 23.3
        },
        {
          "t1": "CLTL",
          "t2": "VGSH",
          "corr": 0.0174,
          "w1": 10.8,
          "w2": 13.0,
          "combined_weight": 23.8
        },
        {
          "t1": "CLTL",
          "t2": "STIP",
          "corr": 0.0174,
          "w1": 10.8,
          "w2": 13.0,
          "combined_weight": 23.8
        },
        {
          "t1": "VGSH",
          "t2": "STIP",
          "corr": 0.0174,
          "w1": 13.0,
          "w2": 13.0,
          "combined_weight": 26.0
        }
      ],
      "high_corr_high_weight": []
    }
  },
  "all_pairs_top_30": [
    {
      "t1": "MU",
      "t2": "SOXX",
      "corr_hybrid": 0.8223,
      "corr_structured": null,
      "cat1": "Act",
      "cat2": "ETF",
      "exp1": null,
      "exp2": "semiconductor",
      "fam1": null,
      "fam2": "sector_tech"
    },
    {
      "t1": "GLD",
      "t2": "SLV",
      "corr_hybrid": 0.7649,
      "corr_structured": 0.85,
      "cat1": "ETF",
      "cat2": "ETF",
      "exp1": "gold_physical",
      "exp2": "silver_physical",
      "fam1": "gold",
      "fam2": "precious_metals"
    },
    {
      "t1": "MU",
      "t2": "VRT",
      "corr_hybrid": 0.7624,
      "corr_structured": null,
      "cat1": "Act",
      "cat2": "Act",
      "exp1": null,
      "exp2": null,
      "fam1": null,
      "fam2": null
    },
    {
      "t1": "SOXX",
      "t2": "VRT",
      "corr_hybrid": 0.7621,
      "corr_structured": null,
      "cat1": "ETF",
      "cat2": "Act",
      "exp1": "semiconductor",
      "exp2": null,
      "fam1": "sector_tech",
      "fam2": null
    },
    {
      "t1": "NVDA",
      "t2": "SOXX",
      "corr_hybrid": 0.7123,
      "corr_structured": null,
      "cat1": "Act",
      "cat2": "ETF",
      "exp1": null,
      "exp2": "semiconductor",
      "fam1": null,
      "fam2": "sector_tech"
    },
    {
      "t1": "MU",
      "t2": "NVDA",
      "corr_hybrid": 0.7015,
      "corr_structured": null,
      "cat1": "Act",
      "cat2": "Act",
      "exp1": null,
      "exp2": null,
      "fam1": null,
      "fam2": null
    },
    {
      "t1": "NVDA",
      "t2": "VRT",
      "corr_hybrid": 0.6885,
      "corr_structured": null,
      "cat1": "Act",
      "cat2": "Act",
      "exp1": null,
      "exp2": null,
      "fam1": null,
      "fam2": null
    },
    {
      "t1": "SCHD",
      "t2": "SPYV",
      "corr_hybrid": 0.6566,
      "corr_structured": 0.8,
      "cat1": "ETF",
      "cat2": "ETF",
      "exp1": "dividend",
      "exp2": "sp500_value",
      "fam1": "factor_dividend",
      "fam2": "factor_value"
    },
    {
      "t1": "FLKR",
      "t2": "SOXX",
      "corr_hybrid": 0.6552,
      "corr_structured": 0.2,
      "cat1": "ETF",
      "cat2": "ETF",
      "exp1": "south_korea",
      "exp2": "semiconductor",
      "fam1": "em_equity",
      "fam2": "sector_tech"
    },
    {
      "t1": "SOXX",
      "t2": "SPYV",
      "corr_hybrid": 0.6377,
      "corr_structured": 0.2,
      "cat1": "ETF",
      "cat2": "ETF",
      "exp1": "semiconductor",
      "exp2": "sp500_value",
      "fam1": "sector_tech",
      "fam2": "factor_value"
    },
    {
      "t1": "SPYV",
      "t2": "VSS",
      "corr_hybrid": 0.6299,
      "corr_structured": 0.2,
      "cat1": "ETF",
      "cat2": "ETF",
      "exp1": "sp500_value",
      "exp2": "intl_small_cap",
      "fam1": "factor_value",
      "fam2": null
    },
    {
      "t1": "REMX",
      "t2": "SLV",
      "corr_hybrid": 0.6296,
      "corr_structured": 0.2,
      "cat1": "ETF",
      "cat2": "ETF",
      "exp1": "rare_earth",
      "exp2": "silver_physical",
      "fam1": null,
      "fam2": "precious_metals"
    },
    {
      "t1": "SOXX",
      "t2": "VSS",
      "corr_hybrid": 0.6179,
      "corr_structured": 0.2,
      "cat1": "ETF",
      "cat2": "ETF",
      "exp1": "semiconductor",
      "exp2": "intl_small_cap",
      "fam1": "sector_tech",
      "fam2": null
    },
    {
      "t1": "HDV",
      "t2": "SCHD",
      "corr_hybrid": 0.6048,
      "corr_structured": 0.95,
      "cat1": "ETF",
      "cat2": "ETF",
      "exp1": "dividend",
      "exp2": "dividend",
      "fam1": "factor_dividend",
      "fam2": "factor_dividend"
    },
    {
      "t1": "FLKR",
      "t2": "MU",
      "corr_hybrid": 0.6013,
      "corr_structured": null,
      "cat1": "ETF",
      "cat2": "Act",
      "exp1": "south_korea",
      "exp2": null,
      "fam1": "em_equity",
      "fam2": null
    },
    {
      "t1": "RIO",
      "t2": "VSS",
      "corr_hybrid": 0.601,
      "corr_structured": null,
      "cat1": "Act",
      "cat2": "ETF",
      "exp1": null,
      "exp2": "intl_small_cap",
      "fam1": null,
      "fam2": null
    },
    {
      "t1": "REMX",
      "t2": "VSS",
      "corr_hybrid": 0.5924,
      "corr_structured": 0.2,
      "cat1": "ETF",
      "cat2": "ETF",
      "exp1": "rare_earth",
      "exp2": "intl_small_cap",
      "fam1": null,
      "fam2": null
    },
    {
      "t1": "SCHY",
      "t2": "VSS",
      "corr_hybrid": 0.5884,
      "corr_structured": 0.2,
      "cat1": "ETF",
      "cat2": "ETF",
      "exp1": "international",
      "exp2": "intl_small_cap",
      "fam1": "intl_equity",
      "fam2": null
    },
    {
      "t1": "GGG",
      "t2": "SPYV",
      "corr_hybrid": 0.5871,
      "corr_structured": null,
      "cat1": "Act",
      "cat2": "ETF",
      "exp1": null,
      "exp2": "sp500_value",
      "fam1": null,
      "fam2": "factor_value"
    },
    {
      "t1": "SPYV",
      "t2": "XLV",
      "corr_hybrid": 0.5817,
      "corr_structured": 0.2,
      "cat1": "ETF",
      "cat2": "ETF",
      "exp1": "sp500_value",
      "exp2": "healthcare",
      "fam1": "factor_value",
      "fam2": "sector_healthcare"
    },
    {
      "t1": "HDV",
      "t2": "SPYV",
      "corr_hybrid": 0.5813,
      "corr_structured": 0.8,
      "cat1": "ETF",
      "cat2": "ETF",
      "exp1": "dividend",
      "exp2": "sp500_value",
      "fam1": "factor_dividend",
      "fam2": "factor_value"
    },
    {
      "t1": "GGG",
      "t2": "SCHD",
      "corr_hybrid": 0.5774,
      "corr_structured": null,
      "cat1": "Act",
      "cat2": "ETF",
      "exp1": null,
      "exp2": "dividend",
      "fam1": null,
      "fam2": "factor_dividend"
    },
    {
      "t1": "SPYV",
      "t2": "XBI",
      "corr_hybrid": 0.5731,
      "corr_structured": 0.2,
      "cat1": "ETF",
      "cat2": "ETF",
      "exp1": "sp500_value",
      "exp2": "biotech",
      "fam1": "factor_value",
      "fam2": "sector_healthcare"
    },
    {
      "t1": "REMX",
      "t2": "RIO",
      "corr_hybrid": 0.5706,
      "corr_structured": null,
      "cat1": "ETF",
      "cat2": "Act",
      "exp1": "rare_earth",
      "exp2": null,
      "fam1": null,
      "fam2": null
    },
    {
      "t1": "RIO",
      "t2": "SLV",
      "corr_hybrid": 0.5693,
      "corr_structured": null,
      "cat1": "Act",
      "cat2": "ETF",
      "exp1": null,
      "exp2": "silver_physical",
      "fam1": null,
      "fam2": "precious_metals"
    },
    {
      "t1": "SCHY",
      "t2": "SPYV",
      "corr_hybrid": 0.5628,
      "corr_structured": 0.2,
      "cat1": "ETF",
      "cat2": "ETF",
      "exp1": "international",
      "exp2": "sp500_value",
      "fam1": "intl_equity",
      "fam2": "factor_value"
    },
    {
      "t1": "SCHD",
      "t2": "XLV",
      "corr_hybrid": 0.5616,
      "corr_structured": 0.2,
      "cat1": "ETF",
      "cat2": "ETF",
      "exp1": "dividend",
      "exp2": "healthcare",
      "fam1": "factor_dividend",
      "fam2": "sector_healthcare"
    },
    {
      "t1": "FLKR",
      "t2": "VSS",
      "corr_hybrid": 0.5584,
      "corr_structured": 0.2,
      "cat1": "ETF",
      "cat2": "ETF",
      "exp1": "south_korea",
      "exp2": "intl_small_cap",
      "fam1": "em_equity",
      "fam2": null
    },
    {
      "t1": "SCHD",
      "t2": "VSS",
      "corr_hybrid": 0.5515,
      "corr_structured": 0.2,
      "cat1": "ETF",
      "cat2": "ETF",
      "exp1": "dividend",
      "exp2": "intl_small_cap",
      "fam1": "factor_dividend",
      "fam2": null
    },
    {
      "t1": "SCHD",
      "t2": "SPLV",
      "corr_hybrid": 0.551,
      "corr_structured": 0.82,
      "cat1": "ETF",
      "cat2": "ETF",
      "exp1": "dividend",
      "exp2": "sp500",
      "fam1": "factor_dividend",
      "fam2": "us_equity_large"
    }
  ],
  "all_pairs_bottom_10": [
    {
      "t1": "VGSH",
      "t2": "VRT",
      "corr_hybrid": 0.0129,
      "corr_structured": null,
      "cat1": "Obl",
      "cat2": "Act",
      "exp1": "bonds_short_treasury",
      "exp2": null,
      "fam1": "bonds_short",
      "fam2": null
    },
    {
      "t1": "CF",
      "t2": "XLV",
      "corr_hybrid": -0.011,
      "corr_structured": null,
      "cat1": "Act",
      "cat2": "ETF",
      "exp1": null,
      "exp2": "healthcare",
      "fam1": null,
      "fam2": "sector_healthcare"
    },
    {
      "t1": "ACWV",
      "t2": "CF",
      "corr_hybrid": 0.0108,
      "corr_structured": null,
      "cat1": "ETF",
      "cat2": "Act",
      "exp1": "min_vol",
      "exp2": null,
      "fam1": "factor_min_vol",
      "fam2": null
    },
    {
      "t1": "SCHP",
      "t2": "SLV",
      "corr_hybrid": 0.0103,
      "corr_structured": 0.2,
      "cat1": "Act",
      "cat2": "ETF",
      "exp1": "bonds_tips",
      "exp2": "silver_physical",
      "fam1": "bonds_gov",
      "fam2": "precious_metals"
    },
    {
      "t1": "GOOGL",
      "t2": "ITX",
      "corr_hybrid": -0.0101,
      "corr_structured": null,
      "cat1": "Act",
      "cat2": "Act",
      "exp1": null,
      "exp2": null,
      "fam1": null,
      "fam2": null
    },
    {
      "t1": "ITX",
      "t2": "SLVP",
      "corr_hybrid": 0.0083,
      "corr_structured": null,
      "cat1": "Act",
      "cat2": "ETF",
      "exp1": null,
      "exp2": "silver_miners",
      "fam1": null,
      "fam2": "precious_metals"
    },
    {
      "t1": "JNJ",
      "t2": "NVDA",
      "corr_hybrid": 0.0052,
      "corr_structured": null,
      "cat1": "Act",
      "cat2": "Act",
      "exp1": null,
      "exp2": null,
      "fam1": null,
      "fam2": null
    },
    {
      "t1": "CF",
      "t2": "REMX",
      "corr_hybrid": -0.0047,
      "corr_structured": null,
      "cat1": "Act",
      "cat2": "ETF",
      "exp1": null,
      "exp2": "rare_earth",
      "fam1": null,
      "fam2": null
    },
    {
      "t1": "GLD",
      "t2": "INCY",
      "corr_hybrid": 0.0017,
      "corr_structured": null,
      "cat1": "ETF",
      "cat2": "Act",
      "exp1": "gold_physical",
      "exp2": null,
      "fam1": "gold",
      "fam2": null
    },
    {
      "t1": "SCHP",
      "t2": "VRT",
      "corr_hybrid": -0.001,
      "corr_structured": null,
      "cat1": "Act",
      "cat2": "Act",
      "exp1": "bonds_tips",
      "exp2": null,
      "fam1": "bonds_gov",
      "fam2": null
    }
  ],
  "correlation_matrix": {
    "tickers": [
      "ACWV",
      "AGS",
      "BKR",
      "BSV",
      "CF",
      "CLTL",
      "EOG",
      "FLKR",
      "GD",
      "GGG",
      "GLD",
      "GOOGL",
      "HDV",
      "INCY",
      "ITX",
      "JNJ",
      "MU",
      "NVDA",
      "PAAA",
      "PG",
      "REMX",
      "RIO",
      "SCHD",
      "SCHO",
      "SCHP",
      "SCHY",
      "SGOV",
      "SLV",
      "SLVP",
      "SOXX",
      "SPLV",
      "SPYV",
      "STIP",
      "ULVR",
      "VGSH",
      "VICI",
      "VRT",
      "VSS",
      "XBI",
      "XLV"
    ],
    "matrix": [
      [
        1.0,
        0.0578,
        0.0441,
        0.0236,
        0.0108,
        0.0236,
        0.0271,
        0.0541,
        0.0692,
        0.0676,
        0.102,
        0.0765,
        0.0977,
        0.0585,
        0.0267,
        0.0919,
        0.0337,
        0.0269,
        0.0236,
        0.0734,
        0.0808,
        0.1007,
        0.083,
        0.0236,
        0.0502,
        0.1211,
        0.0236,
        0.0702,
        0.2267,
        0.0483,
        0.112,
        0.0927,
        0.0236,
        0.0496,
        0.0236,
        0.0985,
        -0.0164,
        0.1224,
        0.0822,
        0.1005
      ],
      [
        0.0578,
        1.0,
        0.3999,
        0.0686,
        0.3065,
        0.0686,
        0.4053,
        0.1309,
        0.3953,
        0.4005,
        0.0185,
        0.1751,
        0.4544,
        0.2617,
        0.2557,
        0.2912,
        0.1054,
        0.1822,
        0.0686,
        0.308,
        0.1684,
        0.2684,
        0.4672,
        0.0686,
        0.2272,
        0.3326,
        0.0686,
        0.0216,
        0.0968,
        0.2009,
        0.4169,
        0.4157,
        0.0686,
        0.2192,
        0.0686,
        0.3796,
        0.1269,
        0.3029,
        0.2803,
        0.3641
      ],
      [
        0.0441,
        0.3999,
        1.0,
        0.0657,
        0.3691,
        0.0657,
        0.536,
        0.3294,
        0.4407,
        0.4695,
        0.1354,
        0.2919,
        0.4858,
        0.2728,
        0.1944,
        0.2083,
        0.3998,
        0.4407,
        0.0657,
        0.2128,
        0.3467,
        0.422,
        0.5447,
        0.0657,
        0.1955,
        0.3959,
        0.0657,
        0.2162,
        0.1378,
        0.4907,
        0.3898,
        0.5502,
        0.0657,
        0.22,
        0.0657,
        0.3489,
        0.4673,
        0.4624,
        0.3689,
        0.3812
      ],
      [
        0.0236,
        0.0686,
        0.0657,
        1.0,
        0.0198,
        0.0174,
        0.0527,
        0.0523,
        0.0769,
        0.0813,
        0.0384,
        0.0538,
        0.0955,
        0.0694,
        0.0411,
        0.0752,
        0.0293,
        0.0327,
        0.0174,
        0.0714,
        0.0644,
        0.0769,
        0.0946,
        0.0174,
        0.0458,
        0.0931,
        0.0174,
        0.0374,
        0.0511,
        0.0509,
        0.0952,
        0.0924,
        0.0174,
        0.0372,
        0.0174,
        0.0816,
        0.0129,
        0.0892,
        0.0788,
        0.0921
      ],
      [
        0.0108,
        0.3065,
        0.3691,
        0.0198,
        1.0,
        0.0198,
        0.5236,
        -0.1592,
        0.2488,
        0.1485,
        0.0853,
        -0.0982,
        0.2382,
        -0.1177,
        0.2508,
        0.0439,
        -0.0663,
        0.0879,
        0.0198,
        0.0823,
        -0.0047,
        0.1293,
        0.2179,
        0.0198,
        0.1278,
        0.0423,
        0.0198,
        0.1004,
        0.1987,
        -0.0187,
        0.1474,
        0.1208,
        0.0198,
        0.2268,
        0.0198,
        0.2163,
        0.1541,
        0.0394,
        -0.0825,
        -0.011
      ],
      [
        0.0236,
        0.0686,
        0.0657,
        0.0174,
        0.0198,
        1.0,
        0.0527,
        0.0523,
        0.0769,
        0.0813,
        0.0384,
        0.0538,
        0.0955,
        0.0694,
        0.0411,
        0.0752,
        0.0293,
        0.0327,
        0.0174,
        0.0714,
        0.0644,
        0.0769,
        0.0946,
        0.0174,
        0.0458,
        0.0931,
        0.0174,
        0.0374,
        0.0511,
        0.0509,
        0.0952,
        0.0924,
        0.0174,
        0.0372,
        0.0174,
        0.0816,
        0.0129,
        0.0892,
        0.0788,
        0.0921
      ],
      [
        0.0271,
        0.4053,
        0.536,
        0.0527,
        0.5236,
        0.0527,
        1.0,
        0.1599,
        0.4076,
        0.392,
        0.0947,
        0.1617,
        0.4336,
        0.1518,
        0.239,
        0.1631,
        0.2471,
        0.3394,
        0.0527,
        0.1856,
        0.2219,
        0.3283,
        0.47,
        0.0527,
        0.189,
        0.2841,
        0.0527,
        0.1568,
        0.1348,
        0.3294,
        0.3311,
        0.4318,
        0.0527,
        0.2418,
        0.0527,
        0.3279,
        0.3821,
        0.3238,
        0.2246,
        0.2646
      ],
      [
        0.0541,
        0.1309,
        0.3294,
        0.0523,
        -0.1592,
        0.0523,
        0.1599,
        1.0,
        0.253,
        0.3608,
        0.2457,
        0.435,
        0.3064,
        0.3538,
        -0.0512,
        0.1404,
        0.6013,
        0.4881,
        0.0523,
        0.0936,
        0.5075,
        0.4545,
        0.39,
        0.0523,
        0.0695,
        0.4283,
        0.0523,
        0.3567,
        0.1124,
        0.6552,
        0.2571,
        0.5127,
        0.0523,
        0.0351,
        0.0523,
        0.1632,
        0.5061,
        0.5584,
        0.4842,
        0.3935
      ],
      [
        0.0692,
        0.3953,
        0.4407,
        0.0769,
        0.2488,
        0.0769,
        0.4076,
        0.253,
        1.0,
        0.4467,
        0.107,
        0.2527,
        0.4934,
        0.3187,
        0.2309,
        0.3112,
        0.2157,
        0.262,
        0.0769,
        0.3141,
        0.2898,
        0.3682,
        0.5179,
        0.0769,
        0.2274,
        0.4154,
        0.0769,
        0.1391,
        0.1258,
        0.3216,
        0.4482,
        0.4953,
        0.0769,
        0.2104,
        0.0769,
        0.3943,
        0.2164,
        0.4158,
        0.3687,
        0.426
      ],
      [
        0.0676,
        0.4005,
        0.4695,
        0.0813,
        0.1485,
        0.0813,
        0.392,
        0.3608,
        0.4467,
        1.0,
        0.0407,
        0.3537,
        0.5218,
        0.4093,
        0.1922,
        0.3178,
        0.3553,
        0.3684,
        0.0813,
        0.3159,
        0.3211,
        0.3847,
        0.5774,
        0.0813,
        0.23,
        0.4604,
        0.0813,
        0.0771,
        0.0819,
        0.4554,
        0.478,
        0.5871,
        0.0813,
        0.1976,
        0.0813,
        0.3948,
        0.3098,
        0.4801,
        0.4638,
        0.5036
      ],
      [
        0.102,
        0.0185,
        0.1354,
        0.0384,
        0.0853,
        0.0384,
        0.0947,
        0.2457,
        0.107,
        0.0407,
        1.0,
        0.0868,
        0.1515,
        0.0017,
        0.0252,
        0.1193,
        0.0982,
        0.0616,
        0.0384,
        0.0597,
        0.4967,
        0.4642,
        0.0991,
        0.0384,
        0.025,
        0.307,
        0.0384,
        0.7649,
        0.4409,
        0.1685,
        0.1181,
        0.1369,
        0.0384,
        0.0403,
        0.0384,
        0.1282,
        0.1216,
        0.3885,
        0.1491,
        0.0953
      ],
      [
        0.0765,
        0.1751,
        0.2919,
        0.0538,
        -0.0982,
        0.0538,
        0.1617,
        0.435,
        0.2527,
        0.3537,
        0.0868,
        1.0,
        0.3079,
        0.3324,
        -0.0101,
        0.1632,
        0.4901,
        0.4131,
        0.0538,
        0.1286,
        0.3281,
        0.3242,
        0.3778,
        0.0538,
        0.104,
        0.3664,
        0.0538,
        0.1159,
        0.1893,
        0.5268,
        0.2858,
        0.4696,
        0.0538,
        0.079,
        0.0538,
        0.1984,
        0.3716,
        0.4488,
        0.4173,
        0.3824
      ],
      [
        0.0977,
        0.4544,
        0.4858,
        0.0955,
        0.2382,
        0.0955,
        0.4336,
        0.3064,
        0.4934,
        0.5218,
        0.1515,
        0.3079,
        1.0,
        0.3956,
        0.2679,
        0.397,
        0.2316,
        0.2763,
        0.0955,
        0.3934,
        0.3565,
        0.4437,
        0.6048,
        0.0955,
        0.273,
        0.5144,
        0.0955,
        0.1779,
        0.1819,
        0.3598,
        0.5469,
        0.5813,
        0.0955,
        0.2411,
        0.0955,
        0.4762,
        0.2024,
        0.5062,
        0.4523,
        0.5244
      ],
      [
        0.0585,
        0.2617,
        0.2728,
        0.0694,
        -0.1177,
        0.0694,
        0.1518,
        0.3538,
        0.3187,
        0.4093,
        0.0017,
        0.3324,
        0.3956,
        1.0,
        0.1068,
        0.3007,
        0.283,
        0.2488,
        0.0694,
        0.288,
        0.2775,
        0.2909,
        0.4427,
        0.0694,
        0.1744,
        0.4046,
        0.0694,
        0.0223,
        -0.0184,
        0.3647,
        0.3973,
        0.472,
        0.0694,
        0.1002,
        0.0694,
        0.2974,
        0.159,
        0.4034,
        0.4426,
        0.4673
      ],
      [
        0.0267,
        0.2557,
        0.1944,
        0.0411,
        0.2508,
        0.0411,
        0.239,
        -0.0512,
        0.2309,
        0.1922,
        0.0252,
        -0.0101,
        0.2679,
        0.1068,
        1.0,
        0.2132,
        -0.1397,
        -0.0509,
        0.0411,
        0.2359,
        0.0436,
        0.1204,
        0.2406,
        0.0411,
        0.1548,
        0.1632,
        0.0411,
        0.0181,
        0.0083,
        -0.0638,
        0.2554,
        0.1592,
        0.0411,
        0.144,
        0.0411,
        0.2536,
        -0.0916,
        0.0964,
        0.0879,
        0.1746
      ],
      [
        0.0919,
        0.2912,
        0.2083,
        0.0752,
        0.0439,
        0.0752,
        0.1631,
        0.1404,
        0.3112,
        0.3178,
        0.1193,
        0.1632,
        0.397,
        0.3007,
        0.2132,
        1.0,
        -0.0275,
        0.0052,
        0.0752,
        0.359,
        0.2124,
        0.2686,
        0.3723,
        0.0752,
        0.2093,
        0.3731,
        0.0752,
        0.0989,
        0.1244,
        0.0767,
        0.4185,
        0.3307,
        0.0752,
        0.1483,
        0.0752,
        0.3611,
        -0.1066,
        0.3082,
        0.3022,
        0.3887
      ],
      [
        0.0337,
        0.1054,
        0.3998,
        0.0293,
        -0.0663,
        0.0293,
        0.2471,
        0.6013,
        0.2157,
        0.3553,
        0.0982,
        0.4901,
        0.2316,
        0.283,
        -0.1397,
        -0.0275,
        1.0,
        0.7015,
        0.0293,
        -0.0691,
        0.4129,
        0.3725,
        0.367,
        0.0293,
        0.0171,
        0.3168,
        0.0293,
        0.1994,
        0.1724,
        0.8223,
        0.1476,
        0.5329,
        0.0293,
        0.0399,
        0.0293,
        0.0646,
        0.7624,
        0.5129,
        0.4361,
        0.3079
      ],
      [
        0.0269,
        0.1822,
        0.4407,
        0.0327,
        0.0879,
        0.0327,
        0.3394,
        0.4881,
        0.262,
        0.3684,
        0.0616,
        0.4131,
        0.2763,
        0.2488,
        -0.0509,
        0.0052,
        0.7015,
        1.0,
        0.0327,
        -0.0177,
        0.3436,
        0.3426,
        0.3939,
        0.0327,
        0.0573,
        0.2934,
        0.0327,
        0.15,
        0.151,
        0.7123,
        0.1852,
        0.511,
        0.0327,
        0.0914,
        0.0327,
        0.1219,
        0.6885,
        0.4533,
        0.3791,
        0.292
      ],
      [
        0.0236,
        0.0686,
        0.0657,
        0.0174,
        0.0198,
        0.0174,
        0.0527,
        0.0523,
        0.0769,
        0.0813,
        0.0384,
        0.0538,
        0.0955,
        0.0694,
        0.0411,
        0.0752,
        0.0293,
        0.0327,
        1.0,
        0.0714,
        0.0644,
        0.0769,
        0.0946,
        0.0174,
        0.0458,
        0.0931,
        0.0174,
        0.0374,
        0.0511,
        0.0509,
        0.0952,
        0.0924,
        0.0174,
        0.0372,
        0.0174,
        0.0816,
        0.0129,
        0.0892,
        0.0788,
        0.0921
      ],
      [
        0.0734,
        0.308,
        0.2128,
        0.0714,
        0.0823,
        0.0714,
        0.1856,
        0.0936,
        0.3141,
        0.3159,
        0.0597,
        0.1286,
        0.3934,
        0.288,
        0.2359,
        0.359,
        -0.0691,
        -0.0177,
        0.0714,
        1.0,
        0.161,
        0.2267,
        0.3697,
        0.0714,
        0.2141,
        0.3379,
        0.0714,
        0.0386,
        0.0529,
        0.0358,
        0.4111,
        0.3106,
        0.0714,
        0.1544,
        0.0714,
        0.3597,
        -0.1259,
        0.2586,
        0.2723,
        0.3701
      ],
      [
        0.0808,
        0.1684,
        0.3467,
        0.0644,
        -0.0047,
        0.0644,
        0.2219,
        0.5075,
        0.2898,
        0.3211,
        0.4967,
        0.3281,
        0.3565,
        0.2775,
        0.0436,
        0.2124,
        0.4129,
        0.3436,
        0.0644,
        0.161,
        1.0,
        0.5706,
        0.3828,
        0.0644,
        0.1002,
        0.4844,
        0.0644,
        0.6296,
        0.2345,
        0.5098,
        0.2993,
        0.4589,
        0.0644,
        0.0757,
        0.0644,
        0.2389,
        0.3821,
        0.5924,
        0.4299,
        0.3627
      ],
      [
        0.1007,
        0.2684,
        0.422,
        0.0769,
        0.1293,
        0.0769,
        0.3283,
        0.4545,
        0.3682,
        0.3847,
        0.4642,
        0.3242,
        0.4437,
        0.2909,
        0.1204,
        0.2686,
        0.3725,
        0.3426,
        0.0769,
        0.2267,
        0.5706,
        1.0,
        0.4617,
        0.0769,
        0.1572,
        0.5154,
        0.0769,
        0.5693,
        0.3064,
        0.4824,
        0.383,
        0.509,
        0.0769,
        0.1449,
        0.0769,
        0.3278,
        0.3583,
        0.601,
        0.4342,
        0.4065
      ],
      [
        0.083,
        0.4672,
        0.5447,
        0.0946,
        0.2179,
        0.0946,
        0.47,
        0.39,
        0.5179,
        0.5774,
        0.0991,
        0.3778,
        0.6048,
        0.4427,
        0.2406,
        0.3723,
        0.367,
        0.3939,
        0.0946,
        0.3697,
        0.3828,
        0.4617,
        1.0,
        0.0946,
        0.2685,
        0.5322,
        0.0946,
        0.1444,
        0.1291,
        0.4888,
        0.551,
        0.6566,
        0.0946,
        0.2378,
        0.0946,
        0.4658,
        0.3337,
        0.5515,
        0.5108,
        0.5616
      ],
      [
        0.0236,
        0.0686,
        0.0657,
        0.0174,
        0.0198,
        0.0174,
        0.0527,
        0.0523,
        0.0769,
        0.0813,
        0.0384,
        0.0538,
        0.0955,
        0.0694,
        0.0411,
        0.0752,
        0.0293,
        0.0327,
        0.0174,
        0.0714,
        0.0644,
        0.0769,
        0.0946,
        1.0,
        0.0458,
        0.0931,
        0.0174,
        0.0374,
        0.0511,
        0.0509,
        0.0952,
        0.0924,
        0.0174,
        0.0372,
        0.0174,
        0.0816,
        0.0129,
        0.0892,
        0.0788,
        0.0921
      ],
      [
        0.0502,
        0.2272,
        0.1955,
        0.0458,
        0.1278,
        0.0458,
        0.189,
        0.0695,
        0.2274,
        0.23,
        0.025,
        0.104,
        0.273,
        0.1744,
        0.1548,
        0.2093,
        0.0171,
        0.0573,
        0.0458,
        0.2141,
        0.1002,
        0.1572,
        0.2685,
        0.0458,
        1.0,
        0.2169,
        0.0458,
        0.0103,
        0.0838,
        0.0782,
        0.2692,
        0.2354,
        0.0458,
        0.1247,
        0.0458,
        0.2406,
        -0.001,
        0.183,
        0.1769,
        0.2373
      ],
      [
        0.1211,
        0.3326,
        0.3959,
        0.0931,
        0.0423,
        0.0931,
        0.2841,
        0.4283,
        0.4154,
        0.4604,
        0.307,
        0.3664,
        0.5144,
        0.4046,
        0.1632,
        0.3731,
        0.3168,
        0.2934,
        0.0931,
        0.3379,
        0.4844,
        0.5154,
        0.5322,
        0.0931,
        0.2169,
        1.0,
        0.0931,
        0.3535,
        0.2697,
        0.4347,
        0.4922,
        0.5628,
        0.0931,
        0.1692,
        0.0931,
        0.4068,
        0.2261,
        0.5884,
        0.499,
        0.5203
      ],
      [
        0.0236,
        0.0686,
        0.0657,
        0.0174,
        0.0198,
        0.0174,
        0.0527,
        0.0523,
        0.0769,
        0.0813,
        0.0384,
        0.0538,
        0.0955,
        0.0694,
        0.0411,
        0.0752,
        0.0293,
        0.0327,
        0.0174,
        0.0714,
        0.0644,
        0.0769,
        0.0946,
        0.0174,
        0.0458,
        0.0931,
        1.0,
        0.0374,
        0.0511,
        0.0509,
        0.0952,
        0.0924,
        0.0174,
        0.0372,
        0.0174,
        0.0816,
        0.0129,
        0.0892,
        0.0788,
        0.0921
      ],
      [
        0.0702,
        0.0216,
        0.2162,
        0.0374,
        0.1004,
        0.0374,
        0.1568,
        0.3567,
        0.1391,
        0.0771,
        0.7649,
        0.1159,
        0.1779,
        0.0223,
        0.0181,
        0.0989,
        0.1994,
        0.15,
        0.0374,
        0.0386,
        0.6296,
        0.5693,
        0.1444,
        0.0374,
        0.0103,
        0.3535,
        0.0374,
        1.0,
        0.3347,
        0.2883,
        0.1087,
        0.1969,
        0.0374,
        0.0246,
        0.0374,
        0.1166,
        0.2691,
        0.4731,
        0.2039,
        0.1102
      ],
      [
        0.2267,
        0.0968,
        0.1378,
        0.0511,
        0.1987,
        0.0511,
        0.1348,
        0.1124,
        0.1258,
        0.0819,
        0.4409,
        0.1893,
        0.1819,
        -0.0184,
        0.0083,
        0.1244,
        0.1724,
        0.151,
        0.0511,
        0.0529,
        0.2345,
        0.3064,
        0.1291,
        0.0511,
        0.0838,
        0.2697,
        0.0511,
        0.3347,
        1.0,
        0.171,
        0.1981,
        0.1862,
        0.0511,
        0.1589,
        0.0511,
        0.2045,
        0.0787,
        0.3389,
        0.1105,
        0.1306
      ],
      [
        0.0483,
        0.2009,
        0.4907,
        0.0509,
        -0.0187,
        0.0509,
        0.3294,
        0.6552,
        0.3216,
        0.4554,
        0.1685,
        0.5268,
        0.3598,
        0.3647,
        -0.0638,
        0.0767,
        0.8223,
        0.7123,
        0.0509,
        0.0358,
        0.5098,
        0.4824,
        0.4888,
        0.0509,
        0.0782,
        0.4347,
        0.0509,
        0.2883,
        0.171,
        1.0,
        0.2686,
        0.6377,
        0.0509,
        0.0854,
        0.0509,
        0.1736,
        0.7621,
        0.6179,
        0.5265,
        0.4169
      ],
      [
        0.112,
        0.4169,
        0.3898,
        0.0952,
        0.1474,
        0.0952,
        0.3311,
        0.2571,
        0.4482,
        0.478,
