{
  "_meta": {
    "generated": "2026-06-01T14:48:49",
    "portfolio_generated": "2026-06-01T14:44:54.460683",
    "n_assets": 41,
    "n_with_returns": 31,
    "covariance_method": "hybrid_shrunk",
    "condition_number": 295.46,
    "pca_factors": 7
  },
  "profiles": {
    "Agressif": {
      "n_assets": 17,
      "weighted_avg_correlation": 0.2706,
      "most_correlated": [
        {
          "t1": "FLKR",
          "t2": "XCEM",
          "corr": 0.8132,
          "w1": 4.4,
          "w2": 5.2,
          "combined_weight": 9.6
        },
        {
          "t1": "PICK",
          "t2": "XCEM",
          "corr": 0.7615,
          "w1": 9.1,
          "w2": 5.2,
          "combined_weight": 14.3
        },
        {
          "t1": "SOXX",
          "t2": "XCEM",
          "corr": 0.7484,
          "w1": 6.9,
          "w2": 5.2,
          "combined_weight": 12.1
        },
        {
          "t1": "FLKR",
          "t2": "SOXX",
          "corr": 0.7468,
          "w1": 4.4,
          "w2": 6.9,
          "combined_weight": 11.3
        },
        {
          "t1": "PICK",
          "t2": "FLKR",
          "corr": 0.7296,
          "w1": 9.1,
          "w2": 4.4,
          "combined_weight": 13.5
        },
        {
          "t1": "2059",
          "t2": "000660",
          "corr": 0.7293,
          "w1": 7.2,
          "w2": 9.2,
          "combined_weight": 16.4
        },
        {
          "t1": "XLK",
          "t2": "SOXX",
          "corr": 0.7181,
          "w1": 4.4,
          "w2": 6.9,
          "combined_weight": 11.3
        },
        {
          "t1": "XLK",
          "t2": "XCEM",
          "corr": 0.6905,
          "w1": 4.4,
          "w2": 5.2,
          "combined_weight": 9.6
        },
        {
          "t1": "XLK",
          "t2": "FLKR",
          "corr": 0.6877,
          "w1": 4.4,
          "w2": 4.4,
          "combined_weight": 8.7
        },
        {
          "t1": "PICK",
          "t2": "SOXX",
          "corr": 0.6617,
          "w1": 9.1,
          "w2": 6.9,
          "combined_weight": 16.0
        }
      ],
      "least_correlated": [
        {
          "t1": "FLTR",
          "t2": "PAAA",
          "corr": 0.0261,
          "w1": 5.3,
          "w2": 5.3,
          "combined_weight": 10.6
        },
        {
          "t1": "FLTR",
          "t2": "PLTR",
          "corr": 0.025,
          "w1": 5.3,
          "w2": 5.2,
          "combined_weight": 10.5
        },
        {
          "t1": "PAAA",
          "t2": "PLTR",
          "corr": 0.025,
          "w1": 5.3,
          "w2": 5.2,
          "combined_weight": 10.5
        },
        {
          "t1": "FLTR",
          "t2": "FIX",
          "corr": 0.0246,
          "w1": 5.3,
          "w2": 2.2,
          "combined_weight": 7.5
        },
        {
          "t1": "PAAA",
          "t2": "FIX",
          "corr": 0.0246,
          "w1": 5.3,
          "w2": 2.2,
          "combined_weight": 7.5
        }
      ],
      "high_corr_high_weight": [
        {
          "t1": "PICK",
          "t2": "XCEM",
          "corr": 0.7615,
          "w1": 9.1,
          "w2": 5.2,
          "combined_weight": 14.3
        },
        {
          "t1": "SOXX",
          "t2": "XCEM",
          "corr": 0.7484,
          "w1": 6.9,
          "w2": 5.2,
          "combined_weight": 12.1
        },
        {
          "t1": "FLKR",
          "t2": "SOXX",
          "corr": 0.7468,
          "w1": 4.4,
          "w2": 6.9,
          "combined_weight": 11.3
        },
        {
          "t1": "PICK",
          "t2": "FLKR",
          "corr": 0.7296,
          "w1": 9.1,
          "w2": 4.4,
          "combined_weight": 13.5
        },
        {
          "t1": "2059",
          "t2": "000660",
          "corr": 0.7293,
          "w1": 7.2,
          "w2": 9.2,
          "combined_weight": 16.4
        }
      ]
    },
    "Mod\u00e9r\u00e9": {
      "n_assets": 15,
      "weighted_avg_correlation": 0.1292,
      "most_correlated": [
        {
          "t1": "VPL",
          "t2": "FNDF",
          "corr": 0.7767,
          "w1": 7.8,
          "w2": 5.8,
          "combined_weight": 13.6
        },
        {
          "t1": "CF",
          "t2": "EOG",
          "corr": 0.6638,
          "w1": 5.2,
          "w2": 5.9,
          "combined_weight": 11.1
        },
        {
          "t1": "GUNR",
          "t2": "FNDF",
          "corr": 0.569,
          "w1": 7.0,
          "w2": 5.8,
          "combined_weight": 12.8
        },
        {
          "t1": "GUNR",
          "t2": "VPL",
          "corr": 0.5368,
          "w1": 7.0,
          "w2": 7.8,
          "combined_weight": 14.8
        },
        {
          "t1": "SCHD",
          "t2": "GUNR",
          "corr": 0.4567,
          "w1": 9.0,
          "w2": 7.0,
          "combined_weight": 16.0
        },
        {
          "t1": "SCHD",
          "t2": "FNDF",
          "corr": 0.4521,
          "w1": 9.0,
          "w2": 5.8,
          "combined_weight": 14.8
        },
        {
          "t1": "FNDF",
          "t2": "XLV",
          "corr": 0.4298,
          "w1": 5.8,
          "w2": 3.1,
          "combined_weight": 8.9
        },
        {
          "t1": "VPL",
          "t2": "GLD",
          "corr": 0.4161,
          "w1": 7.8,
          "w2": 5.1,
          "combined_weight": 12.9
        },
        {
          "t1": "FNDF",
          "t2": "GLD",
          "corr": 0.4157,
          "w1": 5.8,
          "w2": 5.1,
          "combined_weight": 10.9
        },
        {
          "t1": "VPL",
          "t2": "XLV",
          "corr": 0.3894,
          "w1": 7.8,
          "w2": 3.1,
          "combined_weight": 10.9
        }
      ],
      "least_correlated": [
        {
          "t1": "SCHD",
          "t2": "ITX",
          "corr": -0.0829,
          "w1": 9.0,
          "w2": 8.0,
          "combined_weight": 17.0
        },
        {
          "t1": "ITX",
          "t2": "XLV",
          "corr": -0.0916,
          "w1": 8.0,
          "w2": 3.1,
          "combined_weight": 11.1
        },
        {
          "t1": "CF",
          "t2": "XLV",
          "corr": -0.1434,
          "w1": 5.2,
          "w2": 3.1,
          "combined_weight": 8.2
        },
        {
          "t1": "CF",
          "t2": "FNDF",
          "corr": -0.2116,
          "w1": 5.2,
          "w2": 5.8,
          "combined_weight": 11.0
        },
        {
          "t1": "VPL",
          "t2": "CF",
          "corr": -0.2866,
          "w1": 7.8,
          "w2": 5.2,
          "combined_weight": 13.0
        }
      ],
      "high_corr_high_weight": [
        {
          "t1": "VPL",
          "t2": "FNDF",
          "corr": 0.7767,
          "w1": 7.8,
          "w2": 5.8,
          "combined_weight": 13.6
        }
      ]
    },
    "Stable": {
      "n_assets": 16,
      "weighted_avg_correlation": 0.129,
      "most_correlated": [
        {
          "t1": "PG",
          "t2": "KO",
          "corr": 0.5427,
          "w1": 6.3,
          "w2": 4.5,
          "combined_weight": 10.7
        },
        {
          "t1": "SPLV",
          "t2": "PG",
          "corr": 0.4826,
          "w1": 4.4,
          "w2": 6.3,
          "combined_weight": 10.7
        },
        {
          "t1": "ACWV",
          "t2": "SPYV",
          "corr": 0.4642,
          "w1": 4.4,
          "w2": 5.4,
          "combined_weight": 9.8
        },
        {
          "t1": "KO",
          "t2": "SCHP",
          "corr": 0.4521,
          "w1": 4.5,
          "w2": 3.6,
          "combined_weight": 8.1
        },
        {
          "t1": "VICI",
          "t2": "PG",
          "corr": 0.4422,
          "w1": 4.4,
          "w2": 6.3,
          "combined_weight": 10.7
        },
        {
          "t1": "PG",
          "t2": "SCHP",
          "corr": 0.4419,
          "w1": 6.3,
          "w2": 3.6,
          "combined_weight": 9.8
        },
        {
          "t1": "ACWV",
          "t2": "PG",
          "corr": 0.4298,
          "w1": 4.4,
          "w2": 6.3,
          "combined_weight": 10.7
        },
        {
          "t1": "ACWV",
          "t2": "XLV",
          "corr": 0.4204,
          "w1": 4.4,
          "w2": 4.1,
          "combined_weight": 8.4
        },
        {
          "t1": "SPLV",
          "t2": "KO",
          "corr": 0.4151,
          "w1": 4.4,
          "w2": 4.5,
          "combined_weight": 8.9
        },
        {
          "t1": "VICI",
          "t2": "KO",
          "corr": 0.4128,
          "w1": 4.4,
          "w2": 4.5,
          "combined_weight": 8.9
        }
      ],
      "least_correlated": [
        {
          "t1": "CLTL",
          "t2": "STIP",
          "corr": 0.0261,
          "w1": 12.8,
          "w2": 13.0,
          "combined_weight": 25.8
        },
        {
          "t1": "BSV",
          "t2": "STIP",
          "corr": 0.0261,
          "w1": 10.3,
          "w2": 13.0,
          "combined_weight": 23.3
        },
        {
          "t1": "KO",
          "t2": "GLD",
          "corr": 0.0061,
          "w1": 4.5,
          "w2": 4.0,
          "combined_weight": 8.5
        },
        {
          "t1": "NOVN",
          "t2": "GLD",
          "corr": 0.0056,
          "w1": 5.4,
          "w2": 4.0,
          "combined_weight": 9.4
        },
        {
          "t1": "EOG",
          "t2": "PG",
          "corr": -0.0028,
          "w1": 4.6,
          "w2": 6.3,
          "combined_weight": 10.8
        }
      ],
      "high_corr_high_weight": []
    }
  },
  "all_pairs_top_30": [
    {
      "t1": "VPL",
      "t2": "XCEM",
      "corr_hybrid": 0.8214,
      "corr_structured": 0.2,
      "cat1": "ETF",
      "cat2": "ETF",
      "exp1": "pacific_asia",
      "exp2": "emerging_markets",
      "fam1": null,
      "fam2": "em_equity"
    },
    {
      "t1": "FLKR",
      "t2": "XCEM",
      "corr_hybrid": 0.8132,
      "corr_structured": 0.9,
      "cat1": "ETF",
      "cat2": "ETF",
      "exp1": "south_korea",
      "exp2": "emerging_markets",
      "fam1": "em_equity",
      "fam2": "em_equity"
    },
    {
      "t1": "FLKR",
      "t2": "VPL",
      "corr_hybrid": 0.7801,
      "corr_structured": 0.2,
      "cat1": "ETF",
      "cat2": "ETF",
      "exp1": "south_korea",
      "exp2": "pacific_asia",
      "fam1": "em_equity",
      "fam2": null
    },
    {
      "t1": "FNDF",
      "t2": "VPL",
      "corr_hybrid": 0.7767,
      "corr_structured": 0.2,
      "cat1": "ETF",
      "cat2": "ETF",
      "exp1": "international",
      "exp2": "pacific_asia",
      "fam1": "intl_equity",
      "fam2": null
    },
    {
      "t1": "FNDF",
      "t2": "XCEM",
      "corr_hybrid": 0.7726,
      "corr_structured": 0.62,
      "cat1": "ETF",
      "cat2": "ETF",
      "exp1": "international",
      "exp2": "emerging_markets",
      "fam1": "intl_equity",
      "fam2": "em_equity"
    },
    {
      "t1": "PICK",
      "t2": "XCEM",
      "corr_hybrid": 0.7615,
      "corr_structured": 0.2,
      "cat1": "ETF",
      "cat2": "ETF",
      "exp1": "metals_mining",
      "exp2": "emerging_markets",
      "fam1": null,
      "fam2": "em_equity"
    },
    {
      "t1": "PICK",
      "t2": "VPL",
      "corr_hybrid": 0.7568,
      "corr_structured": 0.2,
      "cat1": "ETF",
      "cat2": "ETF",
      "exp1": "metals_mining",
      "exp2": "pacific_asia",
      "fam1": null,
      "fam2": null
    },
    {
      "t1": "SOXX",
      "t2": "XCEM",
      "corr_hybrid": 0.7484,
      "corr_structured": 0.2,
      "cat1": "ETF",
      "cat2": "ETF",
      "exp1": "semiconductor",
      "exp2": "emerging_markets",
      "fam1": "sector_tech",
      "fam2": "em_equity"
    },
    {
      "t1": "FLKR",
      "t2": "SOXX",
      "corr_hybrid": 0.7468,
      "corr_structured": 0.2,
      "cat1": "ETF",
      "cat2": "ETF",
      "exp1": "south_korea",
      "exp2": "semiconductor",
      "fam1": "em_equity",
      "fam2": "sector_tech"
    },
    {
      "t1": "FNDF",
      "t2": "PICK",
      "corr_hybrid": 0.738,
      "corr_structured": 0.2,
      "cat1": "ETF",
      "cat2": "ETF",
      "exp1": "international",
      "exp2": "metals_mining",
      "fam1": "intl_equity",
      "fam2": null
    },
    {
      "t1": "FLKR",
      "t2": "PICK",
      "corr_hybrid": 0.7296,
      "corr_structured": 0.2,
      "cat1": "ETF",
      "cat2": "ETF",
      "exp1": "south_korea",
      "exp2": "metals_mining",
      "fam1": "em_equity",
      "fam2": null
    },
    {
      "t1": "000660",
      "t2": "2059",
      "corr_hybrid": 0.7293,
      "corr_structured": null,
      "cat1": "Act",
      "cat2": "Act",
      "exp1": null,
      "exp2": null,
      "fam1": null,
      "fam2": null
    },
    {
      "t1": "FLKR",
      "t2": "FNDF",
      "corr_hybrid": 0.7196,
      "corr_structured": 0.62,
      "cat1": "ETF",
      "cat2": "ETF",
      "exp1": "south_korea",
      "exp2": "international",
      "fam1": "em_equity",
      "fam2": "intl_equity"
    },
    {
      "t1": "SOXX",
      "t2": "XLK",
      "corr_hybrid": 0.7181,
      "corr_structured": 0.9,
      "cat1": "ETF",
      "cat2": "ETF",
      "exp1": "semiconductor",
      "exp2": "tech",
      "fam1": "sector_tech",
      "fam2": "sector_tech"
    },
    {
      "t1": "SOXX",
      "t2": "VPL",
      "corr_hybrid": 0.7058,
      "corr_structured": 0.2,
      "cat1": "ETF",
      "cat2": "ETF",
      "exp1": "semiconductor",
      "exp2": "pacific_asia",
      "fam1": "sector_tech",
      "fam2": null
    },
    {
      "t1": "XCEM",
      "t2": "XLK",
      "corr_hybrid": 0.6905,
      "corr_structured": 0.2,
      "cat1": "ETF",
      "cat2": "ETF",
      "exp1": "emerging_markets",
      "exp2": "tech",
      "fam1": "em_equity",
      "fam2": "sector_tech"
    },
    {
      "t1": "FLKR",
      "t2": "XLK",
      "corr_hybrid": 0.6877,
      "corr_structured": 0.2,
      "cat1": "ETF",
      "cat2": "ETF",
      "exp1": "south_korea",
      "exp2": "tech",
      "fam1": "em_equity",
      "fam2": "sector_tech"
    },
    {
      "t1": "CF",
      "t2": "EOG",
      "corr_hybrid": 0.6638,
      "corr_structured": null,
      "cat1": "Act",
      "cat2": "Act",
      "exp1": null,
      "exp2": null,
      "fam1": null,
      "fam2": null
    },
    {
      "t1": "PICK",
      "t2": "SOXX",
      "corr_hybrid": 0.6617,
      "corr_structured": 0.2,
      "cat1": "ETF",
      "cat2": "ETF",
      "exp1": "metals_mining",
      "exp2": "semiconductor",
      "fam1": null,
      "fam2": "sector_tech"
    },
    {
      "t1": "VPL",
      "t2": "XLK",
      "corr_hybrid": 0.6446,
      "corr_structured": 0.2,
      "cat1": "ETF",
      "cat2": "ETF",
      "exp1": "pacific_asia",
      "exp2": "tech",
      "fam1": null,
      "fam2": "sector_tech"
    },
    {
      "t1": "FNDF",
      "t2": "SOXX",
      "corr_hybrid": 0.6389,
      "corr_structured": 0.2,
      "cat1": "ETF",
      "cat2": "ETF",
      "exp1": "international",
      "exp2": "semiconductor",
      "fam1": "intl_equity",
      "fam2": "sector_tech"
    },
    {
      "t1": "ICLN",
      "t2": "SOXX",
      "corr_hybrid": 0.6353,
      "corr_structured": 0.2,
      "cat1": "ETF",
      "cat2": "ETF",
      "exp1": "clean_energy",
      "exp2": "semiconductor",
      "fam1": null,
      "fam2": "sector_tech"
    },
    {
      "t1": "ICLN",
      "t2": "XCEM",
      "corr_hybrid": 0.6306,
      "corr_structured": 0.2,
      "cat1": "ETF",
      "cat2": "ETF",
      "exp1": "clean_energy",
      "exp2": "emerging_markets",
      "fam1": null,
      "fam2": "em_equity"
    },
    {
      "t1": "FSLR",
      "t2": "ICLN",
      "corr_hybrid": 0.6265,
      "corr_structured": null,
      "cat1": "Act",
      "cat2": "ETF",
      "exp1": null,
      "exp2": "clean_energy",
      "fam1": null,
      "fam2": null
    },
    {
      "t1": "FIX",
      "t2": "SOXX",
      "corr_hybrid": 0.6234,
      "corr_structured": null,
      "cat1": "Act",
      "cat2": "ETF",
      "exp1": null,
      "exp2": "semiconductor",
      "fam1": null,
      "fam2": "sector_tech"
    },
    {
      "t1": "FLKR",
      "t2": "ICLN",
      "corr_hybrid": 0.6103,
      "corr_structured": 0.2,
      "cat1": "ETF",
      "cat2": "ETF",
      "exp1": "south_korea",
      "exp2": "clean_energy",
      "fam1": "em_equity",
      "fam2": null
    },
    {
      "t1": "PICK",
      "t2": "XLK",
      "corr_hybrid": 0.6028,
      "corr_structured": 0.2,
      "cat1": "ETF",
      "cat2": "ETF",
      "exp1": "metals_mining",
      "exp2": "tech",
      "fam1": null,
      "fam2": "sector_tech"
    },
    {
      "t1": "ICLN",
      "t2": "VPL",
      "corr_hybrid": 0.5944,
      "corr_structured": 0.2,
      "cat1": "ETF",
      "cat2": "ETF",
      "exp1": "clean_energy",
      "exp2": "pacific_asia",
      "fam1": null,
      "fam2": null
    },
    {
      "t1": "FNDF",
      "t2": "SPYV",
      "corr_hybrid": 0.5906,
      "corr_structured": 0.2,
      "cat1": "ETF",
      "cat2": "ETF",
      "exp1": "international",
      "exp2": "sp500_value",
      "fam1": "intl_equity",
      "fam2": "factor_value"
    },
    {
      "t1": "ICLN",
      "t2": "PICK",
      "corr_hybrid": 0.5879,
      "corr_structured": 0.2,
      "cat1": "ETF",
      "cat2": "ETF",
      "exp1": "clean_energy",
      "exp2": "metals_mining",
      "fam1": null,
      "fam2": null
    }
  ],
  "all_pairs_bottom_10": [
    {
      "t1": "GLD",
      "t2": "KO",
      "corr_hybrid": 0.0061,
      "corr_structured": null,
      "cat1": "ETF",
      "cat2": "Act",
      "exp1": "gold_physical",
      "exp2": null,
      "fam1": "gold",
      "fam2": null
    },
    {
      "t1": "GLD",
      "t2": "NOVN",
      "corr_hybrid": 0.0056,
      "corr_structured": null,
      "cat1": "ETF",
      "cat2": "Act",
      "exp1": "gold_physical",
      "exp2": null,
      "fam1": "gold",
      "fam2": null
    },
    {
      "t1": "NTGY",
      "t2": "SOXX",
      "corr_hybrid": -0.0033,
      "corr_structured": null,
      "cat1": "Act",
      "cat2": "ETF",
      "exp1": null,
      "exp2": "semiconductor",
      "fam1": null,
      "fam2": "sector_tech"
    },
    {
      "t1": "ITX",
      "t2": "PG",
      "corr_hybrid": 0.003,
      "corr_structured": null,
      "cat1": "Act",
      "cat2": "Act",
      "exp1": null,
      "exp2": null,
      "fam1": null,
      "fam2": null
    },
    {
      "t1": "FSLR",
      "t2": "KO",
      "corr_hybrid": -0.0029,
      "corr_structured": null,
      "cat1": "Act",
      "cat2": "Act",
      "exp1": null,
      "exp2": null,
      "fam1": null,
      "fam2": null
    },
    {
      "t1": "EOG",
      "t2": "PG",
      "corr_hybrid": -0.0028,
      "corr_structured": null,
      "cat1": "Act",
      "cat2": "Act",
      "exp1": null,
      "exp2": null,
      "fam1": null,
      "fam2": null
    },
    {
      "t1": "FSLR",
      "t2": "NTGY",
      "corr_hybrid": -0.0023,
      "corr_structured": null,
      "cat1": "Act",
      "cat2": "Act",
      "exp1": null,
      "exp2": null,
      "fam1": null,
      "fam2": null
    },
    {
      "t1": "NOVN",
      "t2": "PICK",
      "corr_hybrid": -0.0021,
      "corr_structured": null,
      "cat1": "Act",
      "cat2": "ETF",
      "exp1": null,
      "exp2": "metals_mining",
      "fam1": null,
      "fam2": null
    },
    {
      "t1": "CF",
      "t2": "ITX",
      "corr_hybrid": 0.0001,
      "corr_structured": null,
      "cat1": "Act",
      "cat2": "Act",
      "exp1": null,
      "exp2": null,
      "fam1": null,
      "fam2": null
    },
    {
      "t1": "CF",
      "t2": "PLTR",
      "corr_hybrid": 0.0001,
      "corr_structured": null,
      "cat1": "Act",
      "cat2": "Act",
      "exp1": null,
      "exp2": null,
      "fam1": null,
      "fam2": null
    }
  ],
  "correlation_matrix": {
    "tickers": [
      "000660",
      "2059",
      "ACWV",
      "BKR",
      "BSV",
      "CF",
      "CLTL",
      "EOG",
      "FIX",
      "FLKR",
      "FLTR",
      "FNDF",
      "FSLR",
      "GD",
      "GLD",
      "GTIP",
      "GUNR",
      "ICLN",
      "ITX",
      "KO",
      "NOVN",
      "NTGY",
      "NVDA",
      "PAAA",
      "PG",
      "PICK",
      "PLTR",
      "SCHD",
      "SCHP",
      "SOXX",
      "SPLV",
      "SPYV",
      "STIP",
      "TDTT",
      "VGSH",
      "VICI",
      "VPL",
      "XBI",
      "XCEM",
      "XLK",
      "XLV"
    ],
    "matrix": [
      [
        1.0,
        0.7293,
        0.3755,
        0.3172,
        0.096,
        0.2099,
        0.096,
        0.3362,
        0.2207,
        0.0717,
        0.096,
        0.2602,
        0.1604,
        0.4522,
        0.1017,
        0.096,
        0.2995,
        0.1585,
        0.2935,
        0.4539,
        0.3536,
        0.3308,
        0.1735,
        0.096,
        0.4101,
        0.1709,
        0.2026,
        0.3879,
        0.5878,
        0.0769,
        0.3745,
        0.3549,
        0.096,
        0.096,
        0.096,
        0.4512,
        0.1989,
        0.1976,
        0.1495,
        0.1299,
        0.3107
      ],
      [
        0.7293,
        1.0,
        0.3755,
        0.3172,
        0.096,
        0.2099,
        0.096,
        0.3362,
        0.2207,
        0.0717,
        0.096,
        0.2602,
        0.1604,
        0.4522,
        0.1017,
        0.096,
        0.2995,
        0.1585,
        0.2935,
        0.4539,
        0.3536,
        0.3308,
        0.1735,
        0.096,
        0.4101,
        0.1709,
        0.2026,
        0.3879,
        0.5878,
        0.0769,
        0.3745,
        0.3549,
        0.096,
        0.096,
        0.096,
        0.4512,
        0.1989,
        0.1976,
        0.1495,
        0.1299,
        0.3107
      ],
      [
        0.3755,
        0.3755,
        1.0,
        0.2587,
        0.1041,
        -0.1366,
        0.1041,
        0.0706,
        0.1181,
        0.3499,
        0.1041,
        0.5055,
        0.128,
        0.2889,
        0.2573,
        0.1041,
        0.3677,
        0.2908,
        -0.0435,
        0.3375,
        0.198,
        0.166,
        0.0921,
        0.1041,
        0.4298,
        0.4358,
        0.0716,
        0.4374,
        0.3444,
        0.264,
        0.4122,
        0.4642,
        0.1041,
        0.1041,
        0.1041,
        0.3627,
        0.4633,
        0.3741,
        0.4336,
        0.2404,
        0.4204
      ],
      [
        0.3172,
        0.3172,
        0.2587,
        1.0,
        0.0882,
        0.3052,
        0.0882,
        0.3676,
        0.1435,
        0.3316,
        0.0882,
        0.4012,
        0.0447,
        0.2482,
        0.256,
        0.0882,
        0.5142,
        0.2705,
        0.1471,
        0.0805,
        0.1011,
        0.1352,
        0.2042,
        0.0882,
        0.0641,
        0.396,
        0.105,
        0.3395,
        0.1831,
        0.3063,
        0.1867,
        0.3243,
        0.0882,
        0.0882,
        0.0882,
        0.1862,
        0.3755,
        0.188,
        0.3335,
        0.2769,
        0.1935
      ],
      [
        0.096,
        0.096,
        0.1041,
        0.0882,
        1.0,
        0.0116,
        0.0261,
        0.0521,
        0.0246,
        0.0867,
        0.0261,
        0.1202,
        0.0264,
        0.0736,
        0.0679,
        0.0261,
        0.1119,
        0.0717,
        0.0129,
        0.0645,
        0.0442,
        0.0423,
        0.0326,
        0.0261,
        0.0775,
        0.1085,
        0.025,
        0.1062,
        0.0766,
        0.0684,
        0.0871,
        0.1071,
        0.0261,
        0.0261,
        0.0261,
        0.08,
        0.1102,
        0.0781,
        0.1006,
        0.0635,
        0.0877
      ],
      [
        0.2099,
        0.2099,
        -0.1366,
        0.3052,
        0.0116,
        1.0,
        0.0116,
        0.6638,
        -0.0962,
        -0.3052,
        0.0116,
        -0.2116,
        -0.0353,
        0.1635,
        -0.024,
        0.0116,
        0.293,
        -0.0961,
        0.0001,
        -0.0759,
        0.0977,
        0.0622,
        -0.1205,
        0.0116,
        -0.2304,
        -0.1644,
        0.0001,
        0.1132,
        0.0312,
        -0.2107,
        -0.0325,
        -0.0984,
        0.0116,
        0.0116,
        0.0116,
        0.0275,
        -0.2866,
        -0.2666,
        -0.3593,
        -0.2134,
        -0.1434
      ],
      [
        0.096,
        0.096,
        0.1041,
        0.0882,
        0.0261,
        0.0116,
        1.0,
        0.0521,
        0.0246,
        0.0867,
        0.0261,
        0.1202,
        0.0264,
        0.0736,
        0.0679,
        0.0261,
        0.1119,
        0.0717,
        0.0129,
        0.0645,
        0.0442,
        0.0423,
        0.0326,
        0.0261,
        0.0775,
        0.1085,
        0.025,
        0.1062,
        0.0766,
        0.0684,
        0.0871,
        0.1071,
        0.0261,
        0.0261,
        0.0261,
        0.08,
        0.1102,
        0.0781,
        0.1006,
        0.0635,
        0.0877
      ],
      [
        0.3362,
        0.3362,
        0.0706,
        0.3676,
        0.0521,
        0.6638,
        0.0521,
        1.0,
        -0.1044,
        -0.1148,
        0.0521,
        0.0177,
        -0.0464,
        0.2319,
        0.0726,
        0.0521,
        0.3657,
        -0.0236,
        0.1118,
        0.0965,
        0.1649,
        0.1433,
        -0.0563,
        0.0521,
        -0.0028,
        0.0204,
        -0.0128,
        0.2512,
        0.1793,
        -0.099,
        0.1363,
        0.0784,
        0.0521,
        0.0521,
        0.0521,
        0.1761,
        -0.0555,
        -0.0993,
        -0.1306,
        -0.1052,
        0.034
      ],
      [
        0.2207,
        0.2207,
        0.1181,
        0.1435,
        0.0246,
        -0.0962,
        0.0246,
        -0.1044,
        1.0,
        0.441,
        0.0246,
        0.3505,
        0.311,
        0.1744,
        0.0936,
        0.0246,
        0.1936,
        0.5165,
        -0.0174,
        -0.0298,
        -0.0124,
        0.0445,
        0.5393,
        0.0246,
        -0.045,
        0.3403,
        0.2528,
        0.0669,
        0.1369,
        0.6234,
        -0.039,
        0.2947,
        0.0246,
        0.0246,
        0.0246,
        -0.0089,
        0.4056,
        0.2888,
        0.4557,
        0.5783,
        0.1123
      ],
      [
        0.0717,
        0.0717,
        0.3499,
        0.3316,
        0.0867,
        -0.3052,
        0.0867,
        -0.1148,
        0.441,
        1.0,
        0.0867,
        0.7196,
        0.2547,
        0.1224,
        0.3947,
        0.0867,
        0.4831,
        0.6103,
        0.0887,
        -0.0572,
        -0.0863,
        0.014,
        0.458,
        0.0867,
        0.0502,
        0.7296,
        0.2227,
        0.2689,
        0.0272,
        0.7468,
        0.1139,
        0.4861,
        0.0867,
        0.0867,
        0.0867,
        0.0539,
        0.7801,
        0.477,
        0.8132,
        0.6877,
        0.2857
      ],
      [
        0.096,
        0.096,
        0.1041,
        0.0882,
        0.0261,
        0.0116,
        0.0261,
        0.0521,
        0.0246,
        0.0867,
        1.0,
        0.1202,
        0.0264,
        0.0736,
        0.0679,
        0.0261,
        0.1119,
        0.0717,
        0.0129,
        0.0645,
        0.0442,
        0.0423,
        0.0326,
        0.0261,
        0.0775,
        0.1085,
        0.025,
        0.1062,
        0.0766,
        0.0684,
        0.0871,
        0.1071,
        0.0261,
        0.0261,
        0.0261,
        0.08,
        0.1102,
        0.0781,
        0.1006,
        0.0635,
        0.0877
      ],
      [
        0.2602,
        0.2602,
        0.5055,
        0.4012,
        0.1202,
        -0.2116,
        0.1202,
        0.0177,
        0.3505,
        0.7196,
        0.1202,
        1.0,
        0.1947,
        0.2518,
        0.4157,
        0.1202,
        0.569,
        0.5554,
        -0.0092,
        0.1495,
        0.0616,
        0.1018,
        0.3374,
        0.1202,
        0.2673,
        0.738,
        0.1606,
        0.4521,
        0.2058,
        0.6389,
        0.3209,
        0.5906,
        0.1202,
        0.1202,
        0.1202,
        0.2456,
        0.7767,
        0.5184,
        0.7726,
        0.5755,
        0.4298
      ],
      [
        0.1604,
        0.1604,
        0.128,
        0.0447,
        0.0264,
        -0.0353,
        0.0264,
        -0.0464,
        0.311,
        0.2547,
        0.0264,
        0.1947,
        1.0,
        0.1439,
        0.157,
        0.0264,
        0.1935,
        0.6265,
        0.148,
        -0.0029,
        -0.0491,
        -0.0023,
        0.0993,
        0.0264,
        0.0446,
        0.2445,
        0.1426,
        0.1221,
        0.0707,
        0.2969,
        0.0433,
        0.2134,
        0.0264,
        0.0264,
        0.0264,
        0.0638,
        0.2272,
        0.157,
        0.277,
        0.2586,
        0.1331
      ],
      [
        0.4522,
        0.4522,
        0.2889,
        0.2482,
        0.0736,
        0.1635,
        0.0736,
        0.2319,
        0.1744,
        0.1224,
        0.0736,
        0.2518,
        0.1439,
        1.0,
        0.137,
        0.0736,
        0.2939,
        0.1927,
        0.0515,
        0.2398,
        0.2165,
        0.1852,
        0.1349,
        0.0736,
        0.2324,
        0.2107,
        0.2464,
        0.3058,
        0.3505,
        0.1308,
        0.2556,
        0.3032,
        0.0736,
        0.0736,
        0.0736,
        0.2866,
        0.2068,
        0.2074,
        0.1745,
        0.1719,
        0.2413
      ],
      [
        0.1017,
        0.1017,
        0.2573,
        0.256,
        0.0679,
        -0.024,
        0.0679,
        0.0726,
        0.0936,
        0.3947,
        0.0679,
        0.4157,
        0.157,
        0.137,
        1.0,
        0.0679,
        0.377,
        0.3295,
        -0.0231,
        0.0061,
        0.0056,
        0.0276,
        0.1535,
        0.0679,
        0.0708,
        0.4257,
        0.1537,
        0.256,
        0.0534,
        0.338,
        0.1483,
        0.3147,
        0.0679,
        0.0679,
        0.0679,
        0.1048,
        0.4161,
        0.2715,
        0.41,
        0.316,
        0.2112
      ],
      [
        0.096,
        0.096,
        0.1041,
        0.0882,
        0.0261,
        0.0116,
        0.0261,
        0.0521,
        0.0246,
        0.0867,
        0.0261,
        0.1202,
        0.0264,
        0.0736,
        0.0679,
        1.0,
        0.1119,
        0.0717,
        0.0129,
        0.0645,
        0.0442,
        0.0423,
        0.0326,
        0.0261,
        0.0775,
        0.1085,
        0.025,
        0.1062,
        0.0766,
        0.0684,
        0.0871,
        0.1071,
        0.0261,
        0.0261,
        0.0261,
        0.08,
        0.1102,
        0.0781,
        0.1006,
        0.0635,
        0.0877
      ],
      [
        0.2995,
        0.2995,
        0.3677,
        0.5142,
        0.1119,
        0.293,
        0.1119,
        0.3657,
        0.1936,
        0.4831,
        0.1119,
        0.569,
        0.1935,
        0.2939,
        0.377,
        0.1119,
        1.0,
        0.457,
        -0.0186,
        0.0543,
        0.0825,
        0.1004,
        0.2084,
        0.1119,
        0.0864,
        0.5795,
        0.1638,
        0.4567,
        0.158,
        0.4469,
        0.2536,
        0.464,
        0.1119,
        0.1119,
        0.1119,
        0.2127,
        0.5368,
        0.3169,
        0.4963,
        0.3939,
        0.2964
      ],
      [
        0.1585,
        0.1585,
        0.2908,
        0.2705,
        0.0717,
        -0.0961,
        0.0717,
        -0.0236,
        0.5165,
        0.6103,
        0.0717,
        0.5554,
        0.6265,
        0.1927,
        0.3295,
        0.0717,
        0.457,
        1.0,
        0.0111,
        -0.0448,
        -0.0549,
        0.0079,
        0.3457,
        0.0717,
        0.0329,
        0.5879,
        0.2419,
        0.2682,
        0.0658,
        0.6353,
        0.1054,
        0.4383,
        0.0717,
        0.0717,
        0.0717,
        0.0749,
        0.5944,
        0.3875,
        0.6306,
        0.5735,
        0.2555
      ],
      [
        0.2935,
        0.2935,
        -0.0435,
        0.1471,
        0.0129,
        0.0001,
        0.0129,
        0.1118,
        -0.0174,
        0.0887,
        0.0129,
        -0.0092,
        0.148,
        0.0515,
        -0.0231,
        0.0129,
        -0.0186,
        0.0111,
        1.0,
        0.0965,
        0.0344,
        0.1939,
        0.2594,
        0.0129,
        0.003,
        -0.0251,
        0.0213,
        -0.0829,
        0.1977,
        0.0391,
        -0.0729,
        -0.0535,
        0.0129,
        0.0129,
        0.0129,
        0.0576,
        0.0485,
        -0.1074,
        0.0607,
        0.0902,
        -0.0916
      ],
      [
        0.4539,
        0.4539,
        0.3375,
        0.0805,
        0.0645,
        -0.0759,
        0.0645,
        0.0965,
        -0.0298,
        -0.0572,
        0.0645,
        0.1495,
        -0.0029,
        0.2398,
        0.0061,
        0.0645,
        0.0543,
        -0.0448,
        0.0965,
        1.0,
        0.2947,
        0.2347,
        -0.1115,
        0.0645,
        0.5427,
        0.0332,
        -0.1992,
        0.31,
        0.4521,
        -0.1227,
        0.4151,
        0.2264,
        0.0645,
        0.0645,
        0.0645,
        0.4128,
        0.0822,
        0.1145,
        0.0364,
        -0.1427,
        0.3122
      ],
      [
        0.3536,
        0.3536,
        0.198,
        0.1011,
        0.0442,
        0.0977,
        0.0442,
        0.1649,
        -0.0124,
        -0.0863,
        0.0442,
        0.0616,
        -0.0491,
        0.2165,
        0.0056,
        0.0442,
        0.0825,
        -0.0549,
        0.0344,
        0.2947,
        1.0,
        0.1687,
        -0.0351,
        0.0442,
        0.2816,
        -0.0021,
        0.0328,
        0.2065,
        0.3155,
        -0.101,
        0.2434,
        0.1433,
        0.0442,
        0.0442,
        0.0442,
        0.266,
        0.0064,
        0.0676,
        -0.033,
        -0.0705,
        0.1731
      ],
      [
        0.3308,
        0.3308,
        0.166,
        0.1352,
        0.0423,
        0.0622,
        0.0423,
        0.1433,
        0.0445,
        0.014,
        0.0423,
        0.1018,
        -0.0023,
        0.1852,
        0.0276,
        0.0423,
        0.1004,
        0.0079,
        0.1939,
        0.2347,
        0.1687,
        1.0,
        0.066,
        0.0423,
        0.2121,
        0.0505,
        0.0429,
        0.1621,
        0.2784,
        -0.0033,
        0.1768,
        0.1372,
        0.0423,
        0.0423,
        0.0423,
        0.2138,
        0.075,
        0.0673,
        0.0493,
        0.0218,
        0.1339
      ],
      [
        0.1735,
        0.1735,
        0.0921,
        0.2042,
        0.0326,
        -0.1205,
        0.0326,
        -0.0563,
        0.5393,
        0.458,
        0.0326,
        0.3374,
        0.0993,
        0.1349,
        0.1535,
        0.0326,
        0.2084,
        0.3457,
        0.2594,
        -0.1115,
        -0.0351,
        0.066,
        1.0,
        0.0326,
        -0.131,
        0.3487,
        0.4418,
        0.0154,
        0.0883,
        0.5226,
        -0.0952,
        0.2303,
        0.0326,
        0.0326,
        0.0326,
        -0.0388,
        0.4061,
        0.2632,
        0.4457,
        0.5742,
        0.0439
      ],
      [
        0.096,
        0.096,
        0.1041,
        0.0882,
        0.0261,
        0.0116,
        0.0261,
        0.0521,
        0.0246,
        0.0867,
        0.0261,
        0.1202,
        0.0264,
        0.0736,
        0.0679,
        0.0261,
        0.1119,
        0.0717,
        0.0129,
        0.0645,
        0.0442,
        0.0423,
        0.0326,
        1.0,
        0.0775,
        0.1085,
        0.025,
        0.1062,
        0.0766,
        0.0684,
        0.0871,
        0.1071,
        0.0261,
        0.0261,
        0.0261,
        0.08,
        0.1102,
        0.0781,
        0.1006,
        0.0635,
        0.0877
      ],
      [
        0.4101,
        0.4101,
        0.4298,
        0.0641,
        0.0775,
        -0.2304,
        0.0775,
        -0.0028,
        -0.045,
        0.0502,
        0.0775,
        0.2673,
        0.0446,
        0.2324,
        0.0708,
        0.0775,
        0.0864,
        0.0329,
        0.003,
        0.5427,
        0.2816,
        0.2121,
        -0.131,
        0.0775,
        1.0,
        0.1449,
        -0.2146,
        0.3691,
        0.4419,
        -0.0523,
        0.4826,
        0.3122,
        0.0775,
        0.0775,
        0.0775,
        0.4422,
        0.2016,
        0.2155,
        0.1621,
        -0.0896,
        0.402
      ],
      [
        0.1709,
        0.1709,
        0.4358,
        0.396,
        0.1085,
        -0.1644,
        0.1085,
        0.0204,
        0.3403,
        0.7296,
        0.1085,
        0.738,
        0.2445,
        0.2107,
        0.4257,
        0.1085,
        0.5795,
        0.5879,
        -0.0251,
        0.0332,
        -0.0021,
        0.0505,
        0.3487,
        0.1085,
        0.1449,
        1.0,
        0.2129,
        0.3979,
        0.1076,
        0.6617,
        0.2352,
        0.5471,
        0.1085,
        0.1085,
        0.1085,
        0.1617,
        0.7568,
        0.4908,
        0.7615,
        0.6028,
        0.365
      ],
      [
        0.2026,
        0.2026,
        0.0716,
        0.105,
        0.025,
        0.0001,
        0.025,
        -0.0128,
        0.2528,
        0.2227,
        0.025,
        0.1606,
        0.1426,
        0.2464,
        0.1537,
        0.025,
        0.1638,
        0.2419,
        0.0213,
        -0.1992,
        0.0328,
        0.0429,
        0.4418,
        0.025,
        -0.2146,
        0.2129,
        1.0,
        -0.0083,
        0.1022,
        0.2879,
        -0.1193,
        0.189,
        0.025,
        0.025,
        0.025,
        -0.0281,
        0.1924,
        0.2932,
        0.2241,
        0.5135,
        0.0149
      ],
      [
        0.3879,
        0.3879,
        0.4374,
        0.3395,
        0.1062,
        0.1132,
        0.1062,
        0.2512,
        0.0669,
        0.2689,
        0.1062,
        0.4521,
        0.1221,
        0.3058,
        0.256,
        0.1062,
        0.4567,
        0.2682,
        -0.0829,
        0.31,
        0.2065,
        0.1621,
        0.0154,
        0.1062,
        0.3691,
        0.3979,
        -0.0083,
        1.0,
        0.3177,
        0.2015,
        0.4103,
        0.4312,
        0.1062,
        0.1062,
        0.1062,
        0.3604,
        0.3869,
        0.2879,
        0.3355,
        0.1522,
        0.3839
      ],
      [
        0.5878,
        0.5878,
        0.3444,
        0.1831,
        0.0766,
        0.0312,
        0.0766,
        0.1793,
        0.1369,
        0.0272,
        0.0766,
        0.2058,
        0.0707,
        0.3505,
        0.0534,
        0.0766,
        0.158,
        0.0658,
        0.1977,
        0.4521,
        0.3155,
        0.2784,
        0.0883,
        0.0766,
        0.4419,
        0.1076,
        0.1022,
        0.3177,
        1.0,
        0.0081,
        0.3607,
        0.2911,
        0.0766,
        0.0766,
        0.0766,
        0.4084,
        0.1508,
        0.1809,
        0.1113,
        0.0498,
        0.2966
      ],
      [
        0.0769,
        0.0769,
        0.264,
        0.3063,
        0.0684,
        -0.2107,
        0.0684,
        -0.099,
        0.6234,
        0.7468,
        0.0684,
        0.6389,
