{
  "_meta": {
    "generated": "2026-06-03T06:46:45",
    "portfolio_generated": "2026-06-03T06:42:48.827957",
    "n_assets": 43,
    "n_with_returns": 33,
    "covariance_method": "hybrid_shrunk",
    "condition_number": 437.9,
    "pca_factors": 6
  },
  "profiles": {
    "Agressif": {
      "n_assets": 18,
      "weighted_avg_correlation": 0.2833,
      "most_correlated": [
        {
          "t1": "FIX",
          "t2": "VRT",
          "corr": 0.7942,
          "w1": 5.6,
          "w2": 2.8,
          "combined_weight": 8.3
        },
        {
          "t1": "PICK",
          "t2": "COPX",
          "corr": 0.7669,
          "w1": 7.5,
          "w2": 6.1,
          "combined_weight": 13.6
        },
        {
          "t1": "XCEM",
          "t2": "FLKR",
          "corr": 0.7565,
          "w1": 6.4,
          "w2": 4.7,
          "combined_weight": 11.1
        },
        {
          "t1": "FIX",
          "t2": "EME",
          "corr": 0.7279,
          "w1": 5.6,
          "w2": 5.5,
          "combined_weight": 11.0
        },
        {
          "t1": "PICK",
          "t2": "XCEM",
          "corr": 0.7211,
          "w1": 7.5,
          "w2": 6.4,
          "combined_weight": 13.9
        },
        {
          "t1": "EME",
          "t2": "VRT",
          "corr": 0.7172,
          "w1": 5.5,
          "w2": 2.8,
          "combined_weight": 8.2
        },
        {
          "t1": "2059",
          "t2": "000660",
          "corr": 0.706,
          "w1": 6.9,
          "w2": 6.9,
          "combined_weight": 13.8
        },
        {
          "t1": "SOXX",
          "t2": "XCEM",
          "corr": 0.6998,
          "w1": 6.8,
          "w2": 6.4,
          "combined_weight": 13.2
        },
        {
          "t1": "XCEM",
          "t2": "COPX",
          "corr": 0.6962,
          "w1": 6.4,
          "w2": 6.1,
          "combined_weight": 12.5
        },
        {
          "t1": "SOXX",
          "t2": "XLK",
          "corr": 0.684,
          "w1": 6.8,
          "w2": 3.4,
          "combined_weight": 10.1
        }
      ],
      "least_correlated": [
        {
          "t1": "ICLO",
          "t2": "VRIG",
          "corr": 0.0226,
          "w1": 6.8,
          "w2": 5.7,
          "combined_weight": 12.6
        },
        {
          "t1": "ANET",
          "t2": "ICLO",
          "corr": 0.0222,
          "w1": 6.4,
          "w2": 6.8,
          "combined_weight": 13.3
        },
        {
          "t1": "ANET",
          "t2": "VRIG",
          "corr": 0.0222,
          "w1": 6.4,
          "w2": 5.7,
          "combined_weight": 12.2
        },
        {
          "t1": "ICLO",
          "t2": "FSLR",
          "corr": 0.0219,
          "w1": 6.8,
          "w2": 5.9,
          "combined_weight": 12.7
        },
        {
          "t1": "VRIG",
          "t2": "FSLR",
          "corr": 0.0219,
          "w1": 5.7,
          "w2": 5.9,
          "combined_weight": 11.6
        }
      ],
      "high_corr_high_weight": [
        {
          "t1": "PICK",
          "t2": "COPX",
          "corr": 0.7669,
          "w1": 7.5,
          "w2": 6.1,
          "combined_weight": 13.6
        },
        {
          "t1": "XCEM",
          "t2": "FLKR",
          "corr": 0.7565,
          "w1": 6.4,
          "w2": 4.7,
          "combined_weight": 11.1
        },
        {
          "t1": "FIX",
          "t2": "EME",
          "corr": 0.7279,
          "w1": 5.6,
          "w2": 5.5,
          "combined_weight": 11.0
        },
        {
          "t1": "PICK",
          "t2": "XCEM",
          "corr": 0.7211,
          "w1": 7.5,
          "w2": 6.4,
          "combined_weight": 13.9
        },
        {
          "t1": "2059",
          "t2": "000660",
          "corr": 0.706,
          "w1": 6.9,
          "w2": 6.9,
          "combined_weight": 13.8
        }
      ]
    },
    "Mod\u00e9r\u00e9": {
      "n_assets": 15,
      "weighted_avg_correlation": 0.1055,
      "most_correlated": [
        {
          "t1": "EEMV",
          "t2": "VT",
          "corr": 0.7088,
          "w1": 9.0,
          "w2": 5.6,
          "combined_weight": 14.6
        },
        {
          "t1": "EEMV",
          "t2": "FNDF",
          "corr": 0.6918,
          "w1": 9.0,
          "w2": 5.6,
          "combined_weight": 14.6
        },
        {
          "t1": "FNDF",
          "t2": "VT",
          "corr": 0.6836,
          "w1": 5.6,
          "w2": 5.6,
          "combined_weight": 11.1
        },
        {
          "t1": "FNDF",
          "t2": "GLD",
          "corr": 0.3868,
          "w1": 5.6,
          "w2": 5.1,
          "combined_weight": 10.6
        },
        {
          "t1": "FNDF",
          "t2": "XLV",
          "corr": 0.3699,
          "w1": 5.6,
          "w2": 3.0,
          "combined_weight": 8.6
        },
        {
          "t1": "EEMV",
          "t2": "GLD",
          "corr": 0.3633,
          "w1": 9.0,
          "w2": 5.1,
          "combined_weight": 14.1
        },
        {
          "t1": "EEMV",
          "t2": "XLV",
          "corr": 0.3601,
          "w1": 9.0,
          "w2": 3.0,
          "combined_weight": 12.0
        },
        {
          "t1": "VT",
          "t2": "GLD",
          "corr": 0.3561,
          "w1": 5.6,
          "w2": 5.1,
          "combined_weight": 10.6
        },
        {
          "t1": "VT",
          "t2": "XLV",
          "corr": 0.3422,
          "w1": 5.6,
          "w2": 3.0,
          "combined_weight": 8.6
        },
        {
          "t1": "SCHD",
          "t2": "FNDF",
          "corr": 0.3337,
          "w1": 9.0,
          "w2": 5.6,
          "combined_weight": 14.6
        }
      ],
      "least_correlated": [
        {
          "t1": "CF",
          "t2": "GLD",
          "corr": -0.0896,
          "w1": 8.3,
          "w2": 5.1,
          "combined_weight": 13.3
        },
        {
          "t1": "CF",
          "t2": "XLV",
          "corr": -0.1059,
          "w1": 8.3,
          "w2": 3.0,
          "combined_weight": 11.3
        },
        {
          "t1": "CF",
          "t2": "FNDF",
          "corr": -0.2977,
          "w1": 8.3,
          "w2": 5.6,
          "combined_weight": 13.8
        },
        {
          "t1": "CF",
          "t2": "VT",
          "corr": -0.3159,
          "w1": 8.3,
          "w2": 5.6,
          "combined_weight": 13.8
        },
        {
          "t1": "EEMV",
          "t2": "CF",
          "corr": -0.3918,
          "w1": 9.0,
          "w2": 8.3,
          "combined_weight": 17.3
        }
      ],
      "high_corr_high_weight": [
        {
          "t1": "EEMV",
          "t2": "VT",
          "corr": 0.7088,
          "w1": 9.0,
          "w2": 5.6,
          "combined_weight": 14.6
        }
      ]
    },
    "Stable": {
      "n_assets": 16,
      "weighted_avg_correlation": 0.1148,
      "most_correlated": [
        {
          "t1": "CS",
          "t2": "GLD",
          "corr": 0.4547,
          "w1": 5.5,
          "w2": 4.4,
          "combined_weight": 9.9
        },
        {
          "t1": "ACWV",
          "t2": "SPYV",
          "corr": 0.3662,
          "w1": 5.4,
          "w2": 5.2,
          "combined_weight": 10.5
        },
        {
          "t1": "SPYV",
          "t2": "CS",
          "corr": 0.3404,
          "w1": 5.2,
          "w2": 5.5,
          "combined_weight": 10.6
        },
        {
          "t1": "VICI",
          "t2": "SCHP",
          "corr": 0.3385,
          "w1": 5.4,
          "w2": 5.4,
          "combined_weight": 10.8
        },
        {
          "t1": "SCHP",
          "t2": "KO",
          "corr": 0.3299,
          "w1": 5.4,
          "w2": 3.9,
          "combined_weight": 9.3
        },
        {
          "t1": "SCHP",
          "t2": "JNJ",
          "corr": 0.3261,
          "w1": 5.4,
          "w2": 4.6,
          "combined_weight": 10.0
        },
        {
          "t1": "ACWV",
          "t2": "CS",
          "corr": 0.3097,
          "w1": 5.4,
          "w2": 5.5,
          "combined_weight": 10.9
        },
        {
          "t1": "VICI",
          "t2": "KO",
          "corr": 0.3075,
          "w1": 5.4,
          "w2": 3.9,
          "combined_weight": 9.3
        },
        {
          "t1": "ACWV",
          "t2": "SCHD",
          "corr": 0.3069,
          "w1": 5.4,
          "w2": 4.3,
          "combined_weight": 9.7
        },
        {
          "t1": "ACWV",
          "t2": "XLV",
          "corr": 0.3039,
          "w1": 5.4,
          "w2": 4.3,
          "combined_weight": 9.7
        }
      ],
      "least_correlated": [
        {
          "t1": "VGSH",
          "t2": "CLTL",
          "corr": 0.0226,
          "w1": 13.0,
          "w2": 3.5,
          "combined_weight": 16.5
        },
        {
          "t1": "VGSH",
          "t2": "STIP",
          "corr": 0.0226,
          "w1": 13.0,
          "w2": 13.0,
          "combined_weight": 26.0
        },
        {
          "t1": "CLTL",
          "t2": "STIP",
          "corr": 0.0226,
          "w1": 3.5,
          "w2": 13.0,
          "combined_weight": 16.5
        },
        {
          "t1": "NTGY",
          "t2": "GLD",
          "corr": 0.0049,
          "w1": 5.4,
          "w2": 4.4,
          "combined_weight": 9.8
        },
        {
          "t1": "NTGY",
          "t2": "CS",
          "corr": -0.0621,
          "w1": 5.4,
          "w2": 5.5,
          "combined_weight": 10.9
        }
      ],
      "high_corr_high_weight": []
    }
  },
  "all_pairs_top_30": [
    {
      "t1": "FIX",
      "t2": "VRT",
      "corr_hybrid": 0.7942,
      "corr_structured": null,
      "cat1": "Act",
      "cat2": "Act",
      "exp1": null,
      "exp2": null,
      "fam1": null,
      "fam2": null
    },
    {
      "t1": "COPX",
      "t2": "PICK",
      "corr_hybrid": 0.7669,
      "corr_structured": 0.2,
      "cat1": "ETF",
      "cat2": "ETF",
      "exp1": "copper",
      "exp2": "metals_mining",
      "fam1": "commodities",
      "fam2": null
    },
    {
      "t1": "EEMV",
      "t2": "XCEM",
      "corr_hybrid": 0.759,
      "corr_structured": 0.95,
      "cat1": "ETF",
      "cat2": "ETF",
      "exp1": "emerging_markets",
      "exp2": "emerging_markets",
      "fam1": "em_equity",
      "fam2": "em_equity"
    },
    {
      "t1": "FLKR",
      "t2": "XCEM",
      "corr_hybrid": 0.7565,
      "corr_structured": 0.9,
      "cat1": "ETF",
      "cat2": "ETF",
      "exp1": "south_korea",
      "exp2": "emerging_markets",
      "fam1": "em_equity",
      "fam2": "em_equity"
    },
    {
      "t1": "VT",
      "t2": "XCEM",
      "corr_hybrid": 0.7461,
      "corr_structured": null,
      "cat1": "ETF",
      "cat2": "ETF",
      "exp1": null,
      "exp2": "emerging_markets",
      "fam1": null,
      "fam2": "em_equity"
    },
    {
      "t1": "EME",
      "t2": "FIX",
      "corr_hybrid": 0.7279,
      "corr_structured": null,
      "cat1": "Act",
      "cat2": "Act",
      "exp1": null,
      "exp2": null,
      "fam1": null,
      "fam2": null
    },
    {
      "t1": "PICK",
      "t2": "XCEM",
      "corr_hybrid": 0.7211,
      "corr_structured": 0.2,
      "cat1": "ETF",
      "cat2": "ETF",
      "exp1": "metals_mining",
      "exp2": "emerging_markets",
      "fam1": null,
      "fam2": "em_equity"
    },
    {
      "t1": "COPX",
      "t2": "CS",
      "corr_hybrid": 0.7197,
      "corr_structured": null,
      "cat1": "ETF",
      "cat2": "Act",
      "exp1": "copper",
      "exp2": null,
      "fam1": "commodities",
      "fam2": null
    },
    {
      "t1": "EME",
      "t2": "VRT",
      "corr_hybrid": 0.7172,
      "corr_structured": null,
      "cat1": "Act",
      "cat2": "Act",
      "exp1": null,
      "exp2": null,
      "fam1": null,
      "fam2": null
    },
    {
      "t1": "FNDF",
      "t2": "XCEM",
      "corr_hybrid": 0.716,
      "corr_structured": 0.62,
      "cat1": "ETF",
      "cat2": "ETF",
      "exp1": "international",
      "exp2": "emerging_markets",
      "fam1": "intl_equity",
      "fam2": "em_equity"
    },
    {
      "t1": "EEMV",
      "t2": "VT",
      "corr_hybrid": 0.7088,
      "corr_structured": null,
      "cat1": "ETF",
      "cat2": "ETF",
      "exp1": "emerging_markets",
      "exp2": null,
      "fam1": "em_equity",
      "fam2": null
    },
    {
      "t1": "000660",
      "t2": "2059",
      "corr_hybrid": 0.706,
      "corr_structured": null,
      "cat1": "Act",
      "cat2": "Act",
      "exp1": null,
      "exp2": null,
      "fam1": null,
      "fam2": null
    },
    {
      "t1": "EEMV",
      "t2": "FLKR",
      "corr_hybrid": 0.7049,
      "corr_structured": 0.9,
      "cat1": "ETF",
      "cat2": "ETF",
      "exp1": "emerging_markets",
      "exp2": "south_korea",
      "fam1": "em_equity",
      "fam2": "em_equity"
    },
    {
      "t1": "FNDF",
      "t2": "PICK",
      "corr_hybrid": 0.7031,
      "corr_structured": 0.2,
      "cat1": "ETF",
      "cat2": "ETF",
      "exp1": "international",
      "exp2": "metals_mining",
      "fam1": "intl_equity",
      "fam2": null
    },
    {
      "t1": "SOXX",
      "t2": "XCEM",
      "corr_hybrid": 0.6998,
      "corr_structured": 0.2,
      "cat1": "ETF",
      "cat2": "ETF",
      "exp1": "semiconductor",
      "exp2": "emerging_markets",
      "fam1": "sector_tech",
      "fam2": "em_equity"
    },
    {
      "t1": "COPX",
      "t2": "XCEM",
      "corr_hybrid": 0.6962,
      "corr_structured": 0.2,
      "cat1": "ETF",
      "cat2": "ETF",
      "exp1": "copper",
      "exp2": "emerging_markets",
      "fam1": "commodities",
      "fam2": "em_equity"
    },
    {
      "t1": "EEMV",
      "t2": "FNDF",
      "corr_hybrid": 0.6918,
      "corr_structured": 0.62,
      "cat1": "ETF",
      "cat2": "ETF",
      "exp1": "emerging_markets",
      "exp2": "international",
      "fam1": "em_equity",
      "fam2": "intl_equity"
    },
    {
      "t1": "FLKR",
      "t2": "VT",
      "corr_hybrid": 0.691,
      "corr_structured": null,
      "cat1": "ETF",
      "cat2": "ETF",
      "exp1": "south_korea",
      "exp2": null,
      "fam1": "em_equity",
      "fam2": null
    },
    {
      "t1": "EEMV",
      "t2": "PICK",
      "corr_hybrid": 0.6907,
      "corr_structured": 0.2,
      "cat1": "ETF",
      "cat2": "ETF",
      "exp1": "emerging_markets",
      "exp2": "metals_mining",
      "fam1": "em_equity",
      "fam2": null
    },
    {
      "t1": "PICK",
      "t2": "VT",
      "corr_hybrid": 0.6847,
      "corr_structured": null,
      "cat1": "ETF",
      "cat2": "ETF",
      "exp1": "metals_mining",
      "exp2": null,
      "fam1": null,
      "fam2": null
    },
    {
      "t1": "SOXX",
      "t2": "XLK",
      "corr_hybrid": 0.684,
      "corr_structured": 0.9,
      "cat1": "ETF",
      "cat2": "ETF",
      "exp1": "semiconductor",
      "exp2": "tech",
      "fam1": "sector_tech",
      "fam2": "sector_tech"
    },
    {
      "t1": "FNDF",
      "t2": "VT",
      "corr_hybrid": 0.6836,
      "corr_structured": null,
      "cat1": "ETF",
      "cat2": "ETF",
      "exp1": "international",
      "exp2": null,
      "fam1": "intl_equity",
      "fam2": null
    },
    {
      "t1": "COPX",
      "t2": "FNDF",
      "corr_hybrid": 0.6808,
      "corr_structured": 0.2,
      "cat1": "ETF",
      "cat2": "ETF",
      "exp1": "copper",
      "exp2": "international",
      "fam1": "commodities",
      "fam2": "intl_equity"
    },
    {
      "t1": "CS",
      "t2": "PICK",
      "corr_hybrid": 0.6776,
      "corr_structured": null,
      "cat1": "Act",
      "cat2": "ETF",
      "exp1": null,
      "exp2": "metals_mining",
      "fam1": null,
      "fam2": null
    },
    {
      "t1": "XCEM",
      "t2": "XLK",
      "corr_hybrid": 0.6727,
      "corr_structured": 0.2,
      "cat1": "ETF",
      "cat2": "ETF",
      "exp1": "emerging_markets",
      "exp2": "tech",
      "fam1": "em_equity",
      "fam2": "sector_tech"
    },
    {
      "t1": "FLKR",
      "t2": "SOXX",
      "corr_hybrid": 0.6663,
      "corr_structured": 0.2,
      "cat1": "ETF",
      "cat2": "ETF",
      "exp1": "south_korea",
      "exp2": "semiconductor",
      "fam1": "em_equity",
      "fam2": "sector_tech"
    },
    {
      "t1": "SOXX",
      "t2": "VT",
      "corr_hybrid": 0.664,
      "corr_structured": null,
      "cat1": "ETF",
      "cat2": "ETF",
      "exp1": "semiconductor",
      "exp2": null,
      "fam1": "sector_tech",
      "fam2": null
    },
    {
      "t1": "COPX",
      "t2": "EEMV",
      "corr_hybrid": 0.6635,
      "corr_structured": 0.2,
      "cat1": "ETF",
      "cat2": "ETF",
      "exp1": "copper",
      "exp2": "emerging_markets",
      "fam1": "commodities",
      "fam2": "em_equity"
    },
    {
      "t1": "COPX",
      "t2": "VT",
      "corr_hybrid": 0.6634,
      "corr_structured": null,
      "cat1": "ETF",
      "cat2": "ETF",
      "exp1": "copper",
      "exp2": null,
      "fam1": "commodities",
      "fam2": null
    },
    {
      "t1": "FLKR",
      "t2": "PICK",
      "corr_hybrid": 0.6609,
      "corr_structured": 0.2,
      "cat1": "ETF",
      "cat2": "ETF",
      "exp1": "south_korea",
      "exp2": "metals_mining",
      "fam1": "em_equity",
      "fam2": null
    }
  ],
  "all_pairs_bottom_10": [
    {
      "t1": "LUPIN",
      "t2": "XLK",
      "corr_hybrid": 0.0064,
      "corr_structured": null,
      "cat1": "Act",
      "cat2": "ETF",
      "exp1": null,
      "exp2": "tech",
      "fam1": null,
      "fam2": "sector_tech"
    },
    {
      "t1": "ITX",
      "t2": "VRT",
      "corr_hybrid": 0.0059,
      "corr_structured": null,
      "cat1": "Act",
      "cat2": "Act",
      "exp1": null,
      "exp2": null,
      "fam1": null,
      "fam2": null
    },
    {
      "t1": "CHD",
      "t2": "XLK",
      "corr_hybrid": -0.0058,
      "corr_structured": null,
      "cat1": "Act",
      "cat2": "ETF",
      "exp1": null,
      "exp2": "tech",
      "fam1": null,
      "fam2": "sector_tech"
    },
    {
      "t1": "COPX",
      "t2": "NTGY",
      "corr_hybrid": -0.0055,
      "corr_structured": null,
      "cat1": "ETF",
      "cat2": "Act",
      "exp1": "copper",
      "exp2": null,
      "fam1": "commodities",
      "fam2": null
    },
    {
      "t1": "GLD",
      "t2": "NTGY",
      "corr_hybrid": 0.0049,
      "corr_structured": null,
      "cat1": "ETF",
      "cat2": "Act",
      "exp1": "gold_physical",
      "exp2": null,
      "fam1": "gold",
      "fam2": null
    },
    {
      "t1": "GALP",
      "t2": "XLK",
      "corr_hybrid": -0.0034,
      "corr_structured": null,
      "cat1": "Act",
      "cat2": "ETF",
      "exp1": null,
      "exp2": "tech",
      "fam1": null,
      "fam2": "sector_tech"
    },
    {
      "t1": "FNDF",
      "t2": "GALP",
      "corr_hybrid": -0.0023,
      "corr_structured": null,
      "cat1": "ETF",
      "cat2": "Act",
      "exp1": "international",
      "exp2": null,
      "fam1": "intl_equity",
      "fam2": null
    },
    {
      "t1": "FSLR",
      "t2": "NTGY",
      "corr_hybrid": -0.0014,
      "corr_structured": null,
      "cat1": "Act",
      "cat2": "Act",
      "exp1": null,
      "exp2": null,
      "fam1": null,
      "fam2": null
    },
    {
      "t1": "FIX",
      "t2": "LUPIN",
      "corr_hybrid": 0.0008,
      "corr_structured": null,
      "cat1": "Act",
      "cat2": "Act",
      "exp1": null,
      "exp2": null,
      "fam1": null,
      "fam2": null
    },
    {
      "t1": "CF",
      "t2": "EME",
      "corr_hybrid": 0.0001,
      "corr_structured": null,
      "cat1": "Act",
      "cat2": "Act",
      "exp1": null,
      "exp2": null,
      "fam1": null,
      "fam2": null
    }
  ],
  "correlation_matrix": {
    "tickers": [
      "000660",
      "2059",
      "ACWV",
      "ANET",
      "BSV",
      "CF",
      "CHD",
      "CLTL",
      "COPX",
      "CS",
      "EEMV",
      "EME",
      "EXPD",
      "FIX",
      "FLKR",
      "FNDF",
      "FSLR",
      "GALP",
      "GLD",
      "ICLO",
      "ITX",
      "JNJ",
      "KO",
      "LUPIN",
      "NTGY",
      "NVDA",
      "PAAA",
      "PICK",
      "SCHD",
      "SCHP",
      "SOXX",
      "SPYV",
      "STIP",
      "TDTT",
      "VGSH",
      "VICI",
      "VRIG",
      "VRT",
      "VT",
      "XBI",
      "XCEM",
      "XLK",
      "XLV"
    ],
    "matrix": [
      [
        1.0,
        0.706,
        0.3442,
        0.1784,
        0.1022,
        0.2781,
        0.335,
        0.1022,
        0.1472,
        0.1425,
        0.2283,
        0.2388,
        0.3519,
        0.1886,
        0.1281,
        0.2626,
        0.1569,
        0.3542,
        0.1065,
        0.1022,
        0.3679,
        0.3848,
        0.3813,
        0.3107,
        0.3332,
        0.2145,
        0.1022,
        0.1802,
        0.3473,
        0.5369,
        0.1309,
        0.3313,
        0.1022,
        0.1022,
        0.1022,
        0.4002,
        0.1022,
        0.168,
        0.279,
        0.1497,
        0.1731,
        0.1779,
        0.2605
      ],
      [
        0.706,
        1.0,
        0.3442,
        0.1784,
        0.1022,
        0.2781,
        0.335,
        0.1022,
        0.1472,
        0.1425,
        0.2283,
        0.2388,
        0.3519,
        0.1886,
        0.1281,
        0.2626,
        0.1569,
        0.3542,
        0.1065,
        0.1022,
        0.3679,
        0.3848,
        0.3813,
        0.3107,
        0.3332,
        0.2145,
        0.1022,
        0.1802,
        0.3473,
        0.5369,
        0.1309,
        0.3313,
        0.1022,
        0.1022,
        0.1022,
        0.4002,
        0.1022,
        0.168,
        0.279,
        0.1497,
        0.1731,
        0.1779,
        0.2605
      ],
      [
        0.3442,
        0.3442,
        1.0,
        0.1126,
        0.0862,
        -0.1145,
        0.2588,
        0.0862,
        0.3843,
        0.3097,
        0.4285,
        0.1099,
        0.1962,
        0.1076,
        0.3631,
        0.4385,
        0.1166,
        0.0801,
        0.2389,
        0.0862,
        0.2063,
        0.288,
        0.245,
        0.153,
        0.1723,
        0.1871,
        0.0862,
        0.4126,
        0.3069,
        0.2955,
        0.2713,
        0.3662,
        0.0862,
        0.0862,
        0.0862,
        0.2727,
        0.0862,
        0.0928,
        0.414,
        0.288,
        0.4118,
        0.2746,
        0.3039
      ],
      [
        0.1784,
        0.1784,
        0.1126,
        1.0,
        0.0222,
        -0.0912,
        -0.0927,
        0.0222,
        0.2846,
        0.1969,
        0.3067,
        0.3199,
        0.024,
        0.3213,
        0.2996,
        0.2514,
        0.1684,
        0.0513,
        0.0872,
        0.0222,
        0.1025,
        -0.0172,
        -0.1475,
        -0.0289,
        -0.0082,
        0.4564,
        0.0222,
        0.2511,
        -0.0164,
        0.0739,
        0.4233,
        0.2108,
        0.0222,
        0.0222,
        0.0222,
        -0.1049,
        0.0222,
        0.3932,
        0.387,
        0.1713,
        0.3556,
        0.5495,
        0.0329
      ],
      [
        0.1022,
        0.1022,
        0.0862,
        0.0222,
        1.0,
        -0.019,
        0.0667,
        0.0226,
        0.0666,
        0.0398,
        0.0923,
        0.0357,
        0.0533,
        0.0322,
        0.0772,
        0.0928,
        0.0219,
        0.0329,
        0.0408,
        0.0226,
        0.0618,
        0.0735,
        0.0683,
        0.0494,
        0.0566,
        0.0495,
        0.0226,
        0.0768,
        0.0732,
        0.0864,
        0.058,
        0.0852,
        0.0226,
        0.0226,
        0.0226,
        0.0734,
        0.0226,
        0.0269,
        0.0912,
        0.0618,
        0.0869,
        0.0613,
        0.0696
      ],
      [
        0.2781,
        0.2781,
        -0.1145,
        -0.0912,
        -0.019,
        1.0,
        0.0282,
        -0.019,
        -0.2327,
        0.0712,
        -0.3918,
        0.0001,
        0.1519,
        -0.0356,
        -0.4475,
        -0.2977,
        -0.0308,
        0.2857,
        -0.0896,
        -0.019,
        0.0401,
        0.0599,
        0.1141,
        0.0994,
        0.058,
        -0.1465,
        -0.019,
        -0.2657,
        0.0211,
        0.1558,
        -0.3229,
        -0.1584,
        -0.019,
        -0.019,
        -0.019,
        0.0962,
        -0.019,
        -0.0324,
        -0.3159,
        -0.2512,
        -0.4511,
        -0.3072,
        -0.1059
      ],
      [
        0.335,
        0.335,
        0.2588,
        -0.0927,
        0.0667,
        0.0282,
        1.0,
        0.0667,
        0.1044,
        0.0818,
        0.1683,
        -0.0618,
        0.1936,
        -0.1067,
        0.093,
        0.1808,
        0.1392,
        0.1212,
        0.0996,
        0.0667,
        0.2266,
        0.2832,
        0.2763,
        0.1759,
        0.1898,
        -0.0285,
        0.0667,
        0.1348,
        0.2477,
        0.2925,
        -0.0125,
        0.2043,
        0.0667,
        0.0667,
        0.0667,
        0.2857,
        0.0667,
        -0.1375,
        0.1407,
        0.107,
        0.1224,
        -0.0058,
        0.2144
      ],
      [
        0.1022,
        0.1022,
        0.0862,
        0.0222,
        0.0226,
        -0.019,
        0.0667,
        1.0,
        0.0666,
        0.0398,
        0.0923,
        0.0357,
        0.0533,
        0.0322,
        0.0772,
        0.0928,
        0.0219,
        0.0329,
        0.0408,
        0.0226,
        0.0618,
        0.0735,
        0.0683,
        0.0494,
        0.0566,
        0.0495,
        0.0226,
        0.0768,
        0.0732,
        0.0864,
        0.058,
        0.0852,
        0.0226,
        0.0226,
        0.0226,
        0.0734,
        0.0226,
        0.0269,
        0.0912,
        0.0618,
        0.0869,
        0.0613,
        0.0696
      ],
      [
        0.1472,
        0.1472,
        0.3843,
        0.2846,
        0.0666,
        -0.2327,
        0.1044,
        0.0666,
        1.0,
        0.7197,
        0.6635,
        0.3323,
        0.1182,
        0.4018,
        0.635,
        0.6808,
        0.2657,
        -0.0443,
        0.4509,
        0.0666,
        0.0415,
        0.1646,
        0.0653,
        -0.0092,
        -0.0055,
        0.3573,
        0.0666,
        0.7669,
        0.2964,
        0.1039,
        0.6042,
        0.4654,
        0.0666,
        0.0666,
        0.0666,
        0.1259,
        0.0666,
        0.4048,
        0.6634,
        0.4548,
        0.6962,
        0.5558,
        0.3315
      ],
      [
        0.1425,
        0.1425,
        0.3097,
        0.1969,
        0.0398,
        0.0712,
        0.0818,
        0.0398,
        0.7197,
        1.0,
        0.4411,
        0.1725,
        0.1423,
        0.2399,
        0.3778,
        0.5296,
        0.1198,
        0.0111,
        0.4547,
        0.0398,
        -0.0335,
        0.1626,
        0.0808,
        -0.0237,
        -0.0621,
        0.1953,
        0.0398,
        0.6776,
        0.2836,
        0.0839,
        0.377,
        0.3404,
        0.0398,
        0.0398,
        0.0398,
        0.1259,
        0.0398,
        0.2596,
        0.461,
        0.3185,
        0.4443,
        0.3309,
        0.2677
      ],
      [
        0.2283,
        0.2283,
        0.4285,
        0.3067,
        0.0923,
        -0.3918,
        0.1683,
        0.0923,
        0.6635,
        0.4411,
        1.0,
        0.3561,
        0.1297,
        0.402,
        0.7049,
        0.6918,
        0.2675,
        -0.0327,
        0.3633,
        0.0923,
        0.1517,
        0.2096,
        0.1199,
        0.0642,
        0.1017,
        0.4176,
        0.0923,
        0.6907,
        0.3039,
        0.1932,
        0.6349,
        0.5115,
        0.0923,
        0.0923,
        0.0923,
        0.1767,
        0.0923,
        0.3917,
        0.7088,
        0.4839,
        0.759,
        0.6112,
        0.3601
      ],
      [
        0.2388,
        0.2388,
        0.1099,
        0.3199,
        0.0357,
        0.0001,
        -0.0618,
        0.0357,
        0.3323,
        0.1725,
        0.3561,
        1.0,
        0.0935,
        0.7279,
        0.3992,
        0.3307,
        0.3581,
        0.1341,
        0.1432,
        0.0357,
        0.0718,
        -0.0071,
        -0.0356,
        0.0288,
        0.0596,
        0.4675,
        0.0357,
        0.3349,
        0.1003,
        0.1108,
        0.5571,
        0.2708,
        0.0357,
        0.0357,
        0.0357,
        0.0128,
        0.0357,
        0.7172,
        0.4344,
        0.2416,
        0.4036,
        0.5215,
        0.0945
      ],
      [
        0.3519,
        0.3519,
        0.1962,
        0.024,
        0.0533,
        0.1519,
        0.1936,
        0.0533,
        0.1182,
        0.1423,
        0.1297,
        0.0935,
        1.0,
        0.0709,
        0.071,
        0.1586,
        0.0967,
        0.1718,
        0.0917,
        0.0533,
        0.1779,
        0.2157,
        0.214,
        0.155,
        0.1607,
        0.0738,
        0.0533,
        0.1329,
        0.2054,
        0.2711,
        0.0559,
        0.1806,
        0.0533,
        0.0533,
        0.0533,
        0.2251,
        0.0533,
        0.0554,
        0.1469,
        0.0885,
        0.0964,
        0.0651,
        0.1565
      ],
      [
        0.1886,
        0.1886,
        0.1076,
        0.3213,
        0.0322,
        -0.0356,
        -0.1067,
        0.0322,
        0.4018,
        0.2399,
        0.402,
        0.7279,
        0.0709,
        1.0,
        0.4585,
        0.3816,
        0.319,
        0.1042,
        0.1776,
        0.0322,
        0.0247,
        -0.0399,
        -0.0688,
        0.0008,
        0.0289,
        0.5129,
        0.0322,
        0.4017,
        0.0942,
        0.0698,
        0.6283,
        0.2866,
        0.0322,
        0.0322,
        0.0322,
        -0.0182,
        0.0322,
        0.7942,
        0.4838,
        0.2793,
        0.4616,
        0.5782,
        0.097
      ],
      [
        0.1281,
        0.1281,
        0.3631,
        0.2996,
        0.0772,
        -0.4475,
        0.093,
        0.0772,
        0.635,
        0.3778,
        0.7049,
        0.3992,
        0.071,
        0.4585,
        1.0,
        0.6586,
        0.2636,
        -0.077,
        0.333,
        0.0772,
        0.0969,
        0.1297,
        0.0448,
        0.0175,
        0.0581,
        0.436,
        0.0772,
        0.6609,
        0.2385,
        0.1102,
        0.6663,
        0.4688,
        0.0772,
        0.0772,
        0.0772,
        0.1009,
        0.0772,
        0.449,
        0.691,
        0.4721,
        0.7565,
        0.6317,
        0.3102
      ],
      [
        0.2626,
        0.2626,
        0.4385,
        0.2514,
        0.0928,
        -0.2977,
        0.1808,
        0.0928,
        0.6808,
        0.5296,
        0.6918,
        0.3307,
        0.1586,
        0.3816,
        0.6586,
        1.0,
        0.1985,
        -0.0023,
        0.3868,
        0.0928,
        0.1397,
        0.2355,
        0.1567,
        0.0805,
        0.106,
        0.3896,
        0.0928,
        0.7031,
        0.3337,
        0.219,
        0.5921,
        0.5067,
        0.0928,
        0.0928,
        0.0928,
        0.2089,
        0.0928,
        0.373,
        0.6836,
        0.471,
        0.716,
        0.5625,
        0.3699
      ],
      [
        0.1569,
        0.1569,
        0.1166,
        0.1684,
        0.0219,
        -0.0308,
        0.1392,
        0.0219,
        0.2657,
        0.1198,
        0.2675,
        0.3581,
        0.0967,
        0.319,
        0.2636,
        0.1985,
        1.0,
        0.065,
        0.1648,
        0.0219,
        0.1661,
        0.0687,
        -0.0204,
        -0.0302,
        -0.0014,
        0.0938,
        0.0219,
        0.2487,
        0.1206,
        0.0474,
        0.304,
        0.2091,
        0.0219,
        0.0219,
        0.0219,
        0.0518,
        0.0219,
        0.2691,
        0.2638,
        0.1379,
        0.2785,
        0.2537,
        0.1183
      ],
      [
        0.3542,
        0.3542,
        0.0801,
        0.0513,
        0.0329,
        0.2857,
        0.1212,
        0.0329,
        -0.0443,
        0.0111,
        -0.0327,
        0.1341,
        0.1718,
        0.1042,
        -0.077,
        -0.0023,
        0.065,
        1.0,
        -0.0125,
        0.0329,
        0.1586,
        0.1475,
        0.1668,
        0.1507,
        0.1533,
        0.0641,
        0.0329,
        -0.0371,
        0.1213,
        0.2498,
        -0.0266,
        0.074,
        0.0329,
        0.0329,
        0.0329,
        0.1688,
        0.0329,
        0.0949,
        0.0134,
        -0.0213,
        -0.0665,
        -0.0034,
        0.0532
      ],
      [
        0.1065,
        0.1065,
        0.2389,
        0.0872,
        0.0408,
        -0.0896,
        0.0996,
        0.0408,
        0.4509,
        0.4547,
        0.3633,
        0.1432,
        0.0917,
        0.1776,
        0.333,
        0.3868,
        0.1648,
        -0.0125,
        1.0,
        0.0408,
        0.0327,
        0.129,
        0.0767,
        0.0086,
        0.0049,
        0.1505,
        0.0408,
        0.4449,
        0.2019,
        0.0808,
        0.2978,
        0.2677,
        0.0408,
        0.0408,
        0.0408,
        0.1103,
        0.0408,
        0.1732,
        0.3561,
        0.2514,
        0.3704,
        0.2614,
        0.2098
      ],
      [
        0.1022,
        0.1022,
        0.0862,
        0.0222,
        0.0226,
        -0.019,
        0.0667,
        0.0226,
        0.0666,
        0.0398,
        0.0923,
        0.0357,
        0.0533,
        0.0322,
        0.0772,
        0.0928,
        0.0219,
        0.0329,
        0.0408,
        1.0,
        0.0618,
        0.0735,
        0.0683,
        0.0494,
        0.0566,
        0.0495,
        0.0226,
        0.0768,
        0.0732,
        0.0864,
        0.058,
        0.0852,
        0.0226,
        0.0226,
        0.0226,
        0.0734,
        0.0226,
        0.0269,
        0.0912,
        0.0618,
        0.0869,
        0.0613,
        0.0696
      ],
      [
        0.3679,
        0.3679,
        0.2063,
        0.1025,
        0.0618,
        0.0401,
        0.2266,
        0.0618,
        0.0415,
        -0.0335,
        0.1517,
        0.0718,
        0.1779,
        0.0247,
        0.0969,
        0.1397,
        0.1661,
        0.1586,
        0.0327,
        0.0618,
        1.0,
        0.2266,
        0.2131,
        0.1733,
        0.1989,
        0.0864,
        0.0618,
        0.07,
        0.1844,
        0.2941,
        0.0567,
        0.1897,
        0.0618,
        0.0618,
        0.0618,
        0.2258,
        0.0618,
        0.0059,
        0.1558,
        0.0879,
        0.1216,
        0.0921,
        0.1565
      ],
      [
        0.3848,
        0.3848,
        0.288,
        -0.0172,
        0.0735,
        0.0599,
        0.2832,
        0.0735,
        0.1646,
        0.1626,
        0.2096,
        -0.0071,
        0.2157,
        -0.0399,
        0.1297,
        0.2355,
        0.0687,
        0.1475,
        0.129,
        0.0735,
        0.2266,
        1.0,
        0.2873,
        0.1907,
        0.2016,
        0.0429,
        0.0735,
        0.1926,
        0.2712,
        0.3261,
        0.0444,
        0.2427,
        0.0735,
        0.0735,
        0.0735,
        0.2976,
        0.0735,
        -0.0608,
        0.1992,
        0.1403,
        0.1663,
        0.059,
        0.2327
      ],
      [
        0.3813,
        0.3813,
        0.245,
        -0.1475,
        0.0683,
        0.1141,
        0.2763,
        0.0683,
        0.0653,
        0.0808,
        0.1199,
        -0.0356,
        0.214,
        -0.0688,
        0.0448,
        0.1567,
        -0.0204,
        0.1668,
        0.0767,
        0.0683,
        0.2131,
        0.2873,
        1.0,
        0.21,
        0.2186,
        -0.0074,
        0.0683,
        0.1004,
        0.2541,
        0.3299,
        -0.0388,
        0.1869,
        0.0683,
        0.0683,
        0.0683,
        0.3075,
        0.0683,
        -0.0966,
        0.1099,
        0.0874,
        0.0687,
        -0.0335,
        0.2013
      ],
      [
        0.3107,
        0.3107,
        0.153,
        -0.0289,
        0.0494,
        0.0994,
        0.1759,
        0.0494,
        -0.0092,
        -0.0237,
        0.0642,
        0.0288,
        0.155,
        0.0008,
        0.0175,
        0.0805,
        -0.0302,
        0.1507,
        0.0086,
        0.0494,
        0.1733,
        0.1907,
        0.21,
        1.0,
        0.1789,
        0.0448,
        0.0494,
        0.0189,
        0.1566,
        0.2577,
        -0.0145,
        0.1237,
        0.0494,
        0.0494,
        0.0494,
        0.207,
        0.0494,
        -0.0145,
        0.0727,
        0.0451,
        0.0314,
        0.0064,
        0.1174
      ],
      [
        0.3332,
        0.3332,
        0.1723,
        -0.0082,
        0.0566,
        0.058,
        0.1898,
        0.0566,
        -0.0055,
        -0.0621,
        0.1017,
        0.0596,
        0.1607,
        0.0289,
        0.0581,
        0.106,
        -0.0014,
        0.1533,
        0.0049,
        0.0566,
        0.1989,
        0.2016,
        0.2186,
        0.1789,
        1.0,
        0.0755,
        0.0566,
        0.0295,
        0.1659,
        0.2777,
        0.0213,
        0.1503,
        0.0566,
        0.0566,
        0.0566,
        0.2182,
        0.0566,
        0.0101,
        0.1084,
        0.0674,
        0.0718,
        0.0446,
        0.1325
      ],
      [
        0.2145,
        0.2145,
        0.1871,
        0.4564,
        0.0495,
        -0.1465,
        -0.0285,
        0.0495,
        0.3573,
        0.1953,
        0.4176,
        0.4675,
        0.0738,
        0.5129,
        0.436,
        0.3896,
        0.0938,
        0.0641,
        0.1505,
        0.0495,
        0.0864,
        0.0429,
        -0.0074,
        0.0448,
        0.0755,
        1.0,
        0.0495,
        0.3675,
        0.1106,
        0.1353,
        0.5168,
        0.3006,
        0.0495,
        0.0495,
        0.0495,
        0.0284,
        0.0495,
        0.53,
        0.4735,
        0.2804,
        0.4625,
        0.5353,
        0.1381
      ],
      [
        0.1022,
        0.1022,
        0.0862,
        0.0222,
        0.0226,
        -0.019,
        0.0667,
        0.0226,
        0.0666,
        0.0398,
        0.0923,
        0.0357,
        0.0533,
        0.0322,
        0.0772,
        0.0928,
        0.0219,
        0.0329,
        0.0408,
        0.0226,
        0.0618,
        0.0735,
        0.0683,
        0.0494,
        0.0566,
        0.0495,
        1.0,
        0.0768,
        0.0732,
        0.0864,
        0.058,
        0.0852,
        0.0226,
        0.0226,
        0.0226,
        0.0734,
        0.0226,
        0.0269,
        0.0912,
        0.0618,
        0.0869,
        0.0613,
        0.0696
      ],
      [
        0.1802,
        0.1802,
        0.4126,
        0.2511,
        0.0768,
        -0.2657,
        0.1348,
        0.0768,
        0.7669,
        0.6776,
        0.6907,
        0.3349,
        0.1329,
        0.4017,
        0.6609,
        0.7031,
        0.2487,
        -0.0371,
        0.4449,
        0.0768,
        0.07,
        0.1926,
        0.1004,
        0.0189,
        0.0295,
        0.3675,
        0.0768,
        1.0,
        0.3194,
        0.14,
        0.6125,
        0.4902,
        0.0768,
        0.0768,
        0.0768,
        0.1593,
        0.0768,
        0.3985,
        0.6847,
        0.4737,
        0.7211,
        0.5635,
