{
  "_meta": {
    "generated": "2026-05-29T09:35:17",
    "portfolio_generated": "2026-05-29T09:31:22.624255",
    "n_assets": 42,
    "n_with_returns": 32,
    "covariance_method": "hybrid_shrunk",
    "condition_number": 289.82,
    "pca_factors": 5
  },
  "profiles": {
    "Agressif": {
      "n_assets": 17,
      "weighted_avg_correlation": 0.2674,
      "most_correlated": [
        {
          "t1": "XCEM",
          "t2": "FLKR",
          "corr": 0.7827,
          "w1": 8.3,
          "w2": 4.7,
          "combined_weight": 13.1
        },
        {
          "t1": "XCEM",
          "t2": "PICK",
          "corr": 0.7785,
          "w1": 8.3,
          "w2": 7.5,
          "combined_weight": 15.9
        },
        {
          "t1": "XCEM",
          "t2": "SOXX",
          "corr": 0.7527,
          "w1": 8.3,
          "w2": 7.1,
          "combined_weight": 15.4
        },
        {
          "t1": "FLKR",
          "t2": "PICK",
          "corr": 0.7426,
          "w1": 4.7,
          "w2": 7.5,
          "combined_weight": 12.2
        },
        {
          "t1": "SOXX",
          "t2": "FLKR",
          "corr": 0.738,
          "w1": 7.1,
          "w2": 4.7,
          "combined_weight": 11.8
        },
        {
          "t1": "SOXX",
          "t2": "XLK",
          "corr": 0.7327,
          "w1": 7.1,
          "w2": 4.7,
          "combined_weight": 11.8
        },
        {
          "t1": "XCEM",
          "t2": "XLK",
          "corr": 0.7052,
          "w1": 8.3,
          "w2": 4.7,
          "combined_weight": 13.0
        },
        {
          "t1": "FLKR",
          "t2": "XLK",
          "corr": 0.6896,
          "w1": 4.7,
          "w2": 4.7,
          "combined_weight": 9.4
        },
        {
          "t1": "SOXX",
          "t2": "PICK",
          "corr": 0.6732,
          "w1": 7.1,
          "w2": 7.5,
          "combined_weight": 14.6
        },
        {
          "t1": "XCEM",
          "t2": "ICLN",
          "corr": 0.6465,
          "w1": 8.3,
          "w2": 4.2,
          "combined_weight": 12.5
        }
      ],
      "least_correlated": [
        {
          "t1": "FRES",
          "t2": "NVDA",
          "corr": 0.024,
          "w1": 5.8,
          "w2": 7.1,
          "combined_weight": 12.9
        },
        {
          "t1": "FLTR",
          "t2": "FRES",
          "corr": 0.0224,
          "w1": 5.5,
          "w2": 5.8,
          "combined_weight": 11.3
        },
        {
          "t1": "PAAA",
          "t2": "FRES",
          "corr": 0.0224,
          "w1": 5.5,
          "w2": 5.8,
          "combined_weight": 11.3
        },
        {
          "t1": "FLTR",
          "t2": "PAAA",
          "corr": 0.0204,
          "w1": 5.5,
          "w2": 5.5,
          "combined_weight": 11.0
        },
        {
          "t1": "BKR",
          "t2": "FRES",
          "corr": 0.0128,
          "w1": 6.7,
          "w2": 5.8,
          "combined_weight": 12.5
        }
      ],
      "high_corr_high_weight": [
        {
          "t1": "XCEM",
          "t2": "FLKR",
          "corr": 0.7827,
          "w1": 8.3,
          "w2": 4.7,
          "combined_weight": 13.1
        },
        {
          "t1": "XCEM",
          "t2": "PICK",
          "corr": 0.7785,
          "w1": 8.3,
          "w2": 7.5,
          "combined_weight": 15.9
        },
        {
          "t1": "XCEM",
          "t2": "SOXX",
          "corr": 0.7527,
          "w1": 8.3,
          "w2": 7.1,
          "combined_weight": 15.4
        },
        {
          "t1": "FLKR",
          "t2": "PICK",
          "corr": 0.7426,
          "w1": 4.7,
          "w2": 7.5,
          "combined_weight": 12.2
        },
        {
          "t1": "SOXX",
          "t2": "FLKR",
          "corr": 0.738,
          "w1": 7.1,
          "w2": 4.7,
          "combined_weight": 11.8
        }
      ]
    },
    "Mod\u00e9r\u00e9": {
      "n_assets": 14,
      "weighted_avg_correlation": 0.1609,
      "most_correlated": [
        {
          "t1": "RIO",
          "t2": "FNDF",
          "corr": 0.645,
          "w1": 5.0,
          "w2": 7.6,
          "combined_weight": 12.6
        },
        {
          "t1": "FNDF",
          "t2": "FNDX",
          "corr": 0.5994,
          "w1": 7.6,
          "w2": 7.3,
          "combined_weight": 14.9
        },
        {
          "t1": "RIO",
          "t2": "FNDX",
          "corr": 0.5364,
          "w1": 5.0,
          "w2": 7.3,
          "combined_weight": 12.3
        },
        {
          "t1": "DIVB",
          "t2": "FNDF",
          "corr": 0.5254,
          "w1": 8.1,
          "w2": 7.6,
          "combined_weight": 15.7
        },
        {
          "t1": "RIO",
          "t2": "DIVB",
          "corr": 0.4837,
          "w1": 5.0,
          "w2": 8.1,
          "combined_weight": 13.1
        },
        {
          "t1": "DIVB",
          "t2": "FNDX",
          "corr": 0.4642,
          "w1": 8.1,
          "w2": 7.3,
          "combined_weight": 15.3
        },
        {
          "t1": "FNDF",
          "t2": "GLD",
          "corr": 0.4358,
          "w1": 7.6,
          "w2": 5.0,
          "combined_weight": 12.6
        },
        {
          "t1": "RIO",
          "t2": "SCHD",
          "corr": 0.4078,
          "w1": 5.0,
          "w2": 8.1,
          "combined_weight": 13.1
        },
        {
          "t1": "SCHD",
          "t2": "FNDF",
          "corr": 0.406,
          "w1": 8.1,
          "w2": 7.6,
          "combined_weight": 15.7
        },
        {
          "t1": "RIO",
          "t2": "GLD",
          "corr": 0.4008,
          "w1": 5.0,
          "w2": 5.0,
          "combined_weight": 10.0
        }
      ],
      "least_correlated": [
        {
          "t1": "GBIL",
          "t2": "STIP",
          "corr": 0.0204,
          "w1": 8.0,
          "w2": 8.0,
          "combined_weight": 16.0
        },
        {
          "t1": "GBIL",
          "t2": "VGSH",
          "corr": 0.0204,
          "w1": 8.0,
          "w2": 8.0,
          "combined_weight": 16.0
        },
        {
          "t1": "STIP",
          "t2": "VGSH",
          "corr": 0.0204,
          "w1": 8.0,
          "w2": 8.0,
          "combined_weight": 16.0
        },
        {
          "t1": "EOG",
          "t2": "GLD",
          "corr": 0.0019,
          "w1": 8.0,
          "w2": 5.0,
          "combined_weight": 13.0
        },
        {
          "t1": "NOVN",
          "t2": "GLD",
          "corr": -0.0135,
          "w1": 8.3,
          "w2": 5.0,
          "combined_weight": 13.3
        }
      ],
      "high_corr_high_weight": []
    },
    "Stable": {
      "n_assets": 17,
      "weighted_avg_correlation": 0.1241,
      "most_correlated": [
        {
          "t1": "SCHP",
          "t2": "SUNPHARMA",
          "corr": 0.5612,
          "w1": 3.8,
          "w2": 4.7,
          "combined_weight": 8.5
        },
        {
          "t1": "SHEL",
          "t2": "SUNPHARMA",
          "corr": 0.4529,
          "w1": 3.7,
          "w2": 4.7,
          "combined_weight": 8.4
        },
        {
          "t1": "VICI",
          "t2": "SUNPHARMA",
          "corr": 0.4214,
          "w1": 5.5,
          "w2": 4.7,
          "combined_weight": 10.1
        },
        {
          "t1": "GD",
          "t2": "SUNPHARMA",
          "corr": 0.4172,
          "w1": 5.5,
          "w2": 4.7,
          "combined_weight": 10.1
        },
        {
          "t1": "SCHP",
          "t2": "SHEL",
          "corr": 0.408,
          "w1": 3.8,
          "w2": 3.7,
          "combined_weight": 7.6
        },
        {
          "t1": "KO",
          "t2": "SUNPHARMA",
          "corr": 0.4006,
          "w1": 4.6,
          "w2": 4.7,
          "combined_weight": 9.3
        },
        {
          "t1": "ACWV",
          "t2": "SPYV",
          "corr": 0.3753,
          "w1": 5.4,
          "w2": 4.0,
          "combined_weight": 9.4
        },
        {
          "t1": "SCHP",
          "t2": "VICI",
          "corr": 0.3741,
          "w1": 3.8,
          "w2": 5.5,
          "combined_weight": 9.3
        },
        {
          "t1": "SCHP",
          "t2": "KO",
          "corr": 0.3687,
          "w1": 3.8,
          "w2": 4.6,
          "combined_weight": 8.5
        },
        {
          "t1": "SCHP",
          "t2": "GD",
          "corr": 0.3682,
          "w1": 3.8,
          "w2": 5.5,
          "combined_weight": 9.3
        }
      ],
      "least_correlated": [
        {
          "t1": "VGSH",
          "t2": "CLTL",
          "corr": 0.0204,
          "w1": 12.1,
          "w2": 3.8,
          "combined_weight": 15.9
        },
        {
          "t1": "VGSH",
          "t2": "STIP",
          "corr": 0.0204,
          "w1": 12.1,
          "w2": 13.1,
          "combined_weight": 25.2
        },
        {
          "t1": "BSV",
          "t2": "CLTL",
          "corr": 0.0204,
          "w1": 13.1,
          "w2": 3.8,
          "combined_weight": 17.0
        },
        {
          "t1": "BSV",
          "t2": "STIP",
          "corr": 0.0204,
          "w1": 13.1,
          "w2": 13.1,
          "combined_weight": 26.3
        },
        {
          "t1": "CLTL",
          "t2": "STIP",
          "corr": 0.0204,
          "w1": 3.8,
          "w2": 13.1,
          "combined_weight": 17.0
        }
      ],
      "high_corr_high_weight": []
    }
  },
  "all_pairs_top_30": [
    {
      "t1": "FLKR",
      "t2": "XCEM",
      "corr_hybrid": 0.7827,
      "corr_structured": 0.9,
      "cat1": "ETF",
      "cat2": "ETF",
      "exp1": "south_korea",
      "exp2": "emerging_markets",
      "fam1": "em_equity",
      "fam2": "em_equity"
    },
    {
      "t1": "PICK",
      "t2": "XCEM",
      "corr_hybrid": 0.7785,
      "corr_structured": 0.2,
      "cat1": "ETF",
      "cat2": "ETF",
      "exp1": "metals_mining",
      "exp2": "emerging_markets",
      "fam1": null,
      "fam2": "em_equity"
    },
    {
      "t1": "FNDF",
      "t2": "PICK",
      "corr_hybrid": 0.7564,
      "corr_structured": 0.2,
      "cat1": "ETF",
      "cat2": "ETF",
      "exp1": "international",
      "exp2": "metals_mining",
      "fam1": "intl_equity",
      "fam2": null
    },
    {
      "t1": "SOXX",
      "t2": "XCEM",
      "corr_hybrid": 0.7527,
      "corr_structured": 0.2,
      "cat1": "ETF",
      "cat2": "ETF",
      "exp1": "semiconductor",
      "exp2": "emerging_markets",
      "fam1": "sector_tech",
      "fam2": "em_equity"
    },
    {
      "t1": "FNDF",
      "t2": "XCEM",
      "corr_hybrid": 0.7435,
      "corr_structured": 0.62,
      "cat1": "ETF",
      "cat2": "ETF",
      "exp1": "international",
      "exp2": "emerging_markets",
      "fam1": "intl_equity",
      "fam2": "em_equity"
    },
    {
      "t1": "FLKR",
      "t2": "PICK",
      "corr_hybrid": 0.7426,
      "corr_structured": 0.2,
      "cat1": "ETF",
      "cat2": "ETF",
      "exp1": "south_korea",
      "exp2": "metals_mining",
      "fam1": "em_equity",
      "fam2": null
    },
    {
      "t1": "FLKR",
      "t2": "SOXX",
      "corr_hybrid": 0.738,
      "corr_structured": 0.2,
      "cat1": "ETF",
      "cat2": "ETF",
      "exp1": "south_korea",
      "exp2": "semiconductor",
      "fam1": "em_equity",
      "fam2": "sector_tech"
    },
    {
      "t1": "SOXX",
      "t2": "XLK",
      "corr_hybrid": 0.7327,
      "corr_structured": 0.9,
      "cat1": "ETF",
      "cat2": "ETF",
      "exp1": "semiconductor",
      "exp2": "tech",
      "fam1": "sector_tech",
      "fam2": "sector_tech"
    },
    {
      "t1": "XCEM",
      "t2": "XLK",
      "corr_hybrid": 0.7052,
      "corr_structured": 0.2,
      "cat1": "ETF",
      "cat2": "ETF",
      "exp1": "emerging_markets",
      "exp2": "tech",
      "fam1": "em_equity",
      "fam2": "sector_tech"
    },
    {
      "t1": "FLKR",
      "t2": "FNDF",
      "corr_hybrid": 0.7018,
      "corr_structured": 0.62,
      "cat1": "ETF",
      "cat2": "ETF",
      "exp1": "south_korea",
      "exp2": "international",
      "fam1": "em_equity",
      "fam2": "intl_equity"
    },
    {
      "t1": "FLKR",
      "t2": "XLK",
      "corr_hybrid": 0.6896,
      "corr_structured": 0.2,
      "cat1": "ETF",
      "cat2": "ETF",
      "exp1": "south_korea",
      "exp2": "tech",
      "fam1": "em_equity",
      "fam2": "sector_tech"
    },
    {
      "t1": "PICK",
      "t2": "SOXX",
      "corr_hybrid": 0.6732,
      "corr_structured": 0.2,
      "cat1": "ETF",
      "cat2": "ETF",
      "exp1": "metals_mining",
      "exp2": "semiconductor",
      "fam1": null,
      "fam2": "sector_tech"
    },
    {
      "t1": "PICK",
      "t2": "RIO",
      "corr_hybrid": 0.6637,
      "corr_structured": null,
      "cat1": "ETF",
      "cat2": "Act",
      "exp1": "metals_mining",
      "exp2": null,
      "fam1": null,
      "fam2": null
    },
    {
      "t1": "ICLN",
      "t2": "XCEM",
      "corr_hybrid": 0.6465,
      "corr_structured": 0.2,
      "cat1": "ETF",
      "cat2": "ETF",
      "exp1": "clean_energy",
      "exp2": "emerging_markets",
      "fam1": null,
      "fam2": "em_equity"
    },
    {
      "t1": "FNDF",
      "t2": "SOXX",
      "corr_hybrid": 0.6451,
      "corr_structured": 0.2,
      "cat1": "ETF",
      "cat2": "ETF",
      "exp1": "international",
      "exp2": "semiconductor",
      "fam1": "intl_equity",
      "fam2": "sector_tech"
    },
    {
      "t1": "FNDF",
      "t2": "RIO",
      "corr_hybrid": 0.645,
      "corr_structured": null,
      "cat1": "ETF",
      "cat2": "Act",
      "exp1": "international",
      "exp2": null,
      "fam1": "intl_equity",
      "fam2": null
    },
    {
      "t1": "ICLN",
      "t2": "SOXX",
      "corr_hybrid": 0.6386,
      "corr_structured": 0.2,
      "cat1": "ETF",
      "cat2": "ETF",
      "exp1": "clean_energy",
      "exp2": "semiconductor",
      "fam1": null,
      "fam2": "sector_tech"
    },
    {
      "t1": "000660",
      "t2": "2059",
      "corr_hybrid": 0.6344,
      "corr_structured": null,
      "cat1": "Act",
      "cat2": "Act",
      "exp1": null,
      "exp2": null,
      "fam1": null,
      "fam2": null
    },
    {
      "t1": "000660",
      "t2": "SUNPHARMA",
      "corr_hybrid": 0.6344,
      "corr_structured": null,
      "cat1": "Act",
      "cat2": "Act",
      "exp1": null,
      "exp2": null,
      "fam1": null,
      "fam2": null
    },
    {
      "t1": "2059",
      "t2": "SUNPHARMA",
      "corr_hybrid": 0.6344,
      "corr_structured": null,
      "cat1": "Act",
      "cat2": "Act",
      "exp1": null,
      "exp2": null,
      "fam1": null,
      "fam2": null
    },
    {
      "t1": "FIX",
      "t2": "SOXX",
      "corr_hybrid": 0.6316,
      "corr_structured": null,
      "cat1": "Act",
      "cat2": "ETF",
      "exp1": null,
      "exp2": "semiconductor",
      "fam1": null,
      "fam2": "sector_tech"
    },
    {
      "t1": "FIX",
      "t2": "XLK",
      "corr_hybrid": 0.6297,
      "corr_structured": null,
      "cat1": "Act",
      "cat2": "ETF",
      "exp1": null,
      "exp2": "tech",
      "fam1": null,
      "fam2": "sector_tech"
    },
    {
      "t1": "PICK",
      "t2": "XLK",
      "corr_hybrid": 0.6262,
      "corr_structured": 0.2,
      "cat1": "ETF",
      "cat2": "ETF",
      "exp1": "metals_mining",
      "exp2": "tech",
      "fam1": null,
      "fam2": "sector_tech"
    },
    {
      "t1": "FSLR",
      "t2": "ICLN",
      "corr_hybrid": 0.6227,
      "corr_structured": null,
      "cat1": "Act",
      "cat2": "ETF",
      "exp1": null,
      "exp2": "clean_energy",
      "fam1": null,
      "fam2": null
    },
    {
      "t1": "FLKR",
      "t2": "ICLN",
      "corr_hybrid": 0.6206,
      "corr_structured": 0.2,
      "cat1": "ETF",
      "cat2": "ETF",
      "exp1": "south_korea",
      "exp2": "clean_energy",
      "fam1": "em_equity",
      "fam2": null
    },
    {
      "t1": "RIO",
      "t2": "XCEM",
      "corr_hybrid": 0.6192,
      "corr_structured": null,
      "cat1": "Act",
      "cat2": "ETF",
      "exp1": null,
      "exp2": "emerging_markets",
      "fam1": null,
      "fam2": "em_equity"
    },
    {
      "t1": "FIX",
      "t2": "NVDA",
      "corr_hybrid": 0.6123,
      "corr_structured": null,
      "cat1": "Act",
      "cat2": "Act",
      "exp1": null,
      "exp2": null,
      "fam1": null,
      "fam2": null
    },
    {
      "t1": "FNDF",
      "t2": "XLK",
      "corr_hybrid": 0.6061,
      "corr_structured": 0.2,
      "cat1": "ETF",
      "cat2": "ETF",
      "exp1": "international",
      "exp2": "tech",
      "fam1": "intl_equity",
      "fam2": "sector_tech"
    },
    {
      "t1": "FNDF",
      "t2": "FNDX",
      "corr_hybrid": 0.5994,
      "corr_structured": 0.2,
      "cat1": "ETF",
      "cat2": "ETF",
      "exp1": "international",
      "exp2": "value",
      "fam1": "intl_equity",
      "fam2": "factor_value"
    },
    {
      "t1": "FNDX",
      "t2": "PICK",
      "corr_hybrid": 0.599,
      "corr_structured": 0.2,
      "cat1": "ETF",
      "cat2": "ETF",
      "exp1": "value",
      "exp2": "metals_mining",
      "fam1": "factor_value",
      "fam2": null
    }
  ],
  "all_pairs_bottom_10": [
    {
      "t1": "BKR",
      "t2": "FRES",
      "corr_hybrid": 0.0128,
      "corr_structured": null,
      "cat1": "Act",
      "cat2": "Act",
      "exp1": null,
      "exp2": null,
      "fam1": null,
      "fam2": null
    },
    {
      "t1": "KO",
      "t2": "XBI",
      "corr_hybrid": 0.0104,
      "corr_structured": null,
      "cat1": "Act",
      "cat2": "ETF",
      "exp1": null,
      "exp2": "biotech",
      "fam1": null,
      "fam2": "sector_healthcare"
    },
    {
      "t1": "NVDA",
      "t2": "SPLV",
      "corr_hybrid": 0.009,
      "corr_structured": null,
      "cat1": "Act",
      "cat2": "ETF",
      "exp1": null,
      "exp2": "sp500",
      "fam1": null,
      "fam2": "us_equity_large"
    },
    {
      "t1": "EOG",
      "t2": "XBI",
      "corr_hybrid": -0.0089,
      "corr_structured": null,
      "cat1": "Act",
      "cat2": "ETF",
      "exp1": null,
      "exp2": "biotech",
      "fam1": null,
      "fam2": "sector_healthcare"
    },
    {
      "t1": "FIX",
      "t2": "SHEL",
      "corr_hybrid": 0.0053,
      "corr_structured": null,
      "cat1": "Act",
      "cat2": "Act",
      "exp1": null,
      "exp2": null,
      "fam1": null,
      "fam2": null
    },
    {
      "t1": "FSLR",
      "t2": "SHEL",
      "corr_hybrid": -0.0046,
      "corr_structured": null,
      "cat1": "Act",
      "cat2": "Act",
      "exp1": null,
      "exp2": null,
      "fam1": null,
      "fam2": null
    },
    {
      "t1": "ICLN",
      "t2": "NOVN",
      "corr_hybrid": -0.0046,
      "corr_structured": null,
      "cat1": "ETF",
      "cat2": "Act",
      "exp1": "clean_energy",
      "exp2": null,
      "fam1": null,
      "fam2": null
    },
    {
      "t1": "NOVN",
      "t2": "XBI",
      "corr_hybrid": -0.0041,
      "corr_structured": null,
      "cat1": "Act",
      "cat2": "ETF",
      "exp1": null,
      "exp2": "biotech",
      "fam1": null,
      "fam2": "sector_healthcare"
    },
    {
      "t1": "FLKR",
      "t2": "SCHP",
      "corr_hybrid": 0.0025,
      "corr_structured": 0.1,
      "cat1": "ETF",
      "cat2": "Act",
      "exp1": "south_korea",
      "exp2": "bonds_tips",
      "fam1": "em_equity",
      "fam2": "bonds_gov"
    },
    {
      "t1": "EOG",
      "t2": "GLD",
      "corr_hybrid": 0.0019,
      "corr_structured": null,
      "cat1": "Act",
      "cat2": "ETF",
      "exp1": null,
      "exp2": "gold_physical",
      "fam1": null,
      "fam2": "gold"
    }
  ],
  "correlation_matrix": {
    "tickers": [
      "000660",
      "2059",
      "ACWV",
      "BKR",
      "BSV",
      "CLTL",
      "DIVB",
      "EOG",
      "FIX",
      "FLKR",
      "FLTR",
      "FNDF",
      "FNDX",
      "FRES",
      "FSLR",
      "GBIL",
      "GD",
      "GLD",
      "ICLN",
      "KO",
      "NOVN",
      "NVDA",
      "PAAA",
      "PEG",
      "PG",
      "PICK",
      "RIO",
      "SCHD",
      "SCHN",
      "SCHP",
      "SHEL",
      "SOXX",
      "SPLV",
      "SPYV",
      "STIP",
      "SUNPHARMA",
      "VGSH",
      "VICI",
      "XBI",
      "XCEM",
      "XLK",
      "XLV"
    ],
    "matrix": [
      [
        1.0,
        0.6344,
        0.3253,
        0.3754,
        0.0775,
        0.0775,
        0.3344,
        0.4111,
        0.2197,
        0.0772,
        0.0775,
        0.254,
        0.3336,
        0.1802,
        0.1677,
        0.0775,
        0.4172,
        0.1106,
        0.1764,
        0.4006,
        0.3324,
        0.1828,
        0.0775,
        0.3983,
        0.3539,
        0.1814,
        0.2863,
        0.3696,
        0.3416,
        0.5612,
        0.4529,
        0.113,
        0.321,
        0.3303,
        0.0775,
        0.6344,
        0.0775,
        0.4214,
        0.144,
        0.1483,
        0.1352,
        0.2498
      ],
      [
        0.6344,
        1.0,
        0.3253,
        0.3754,
        0.0775,
        0.0775,
        0.3344,
        0.4111,
        0.2197,
        0.0772,
        0.0775,
        0.254,
        0.3336,
        0.1802,
        0.1677,
        0.0775,
        0.4172,
        0.1106,
        0.1764,
        0.4006,
        0.3324,
        0.1828,
        0.0775,
        0.3983,
        0.3539,
        0.1814,
        0.2863,
        0.3696,
        0.3416,
        0.5612,
        0.4529,
        0.113,
        0.321,
        0.3303,
        0.0775,
        0.6344,
        0.0775,
        0.4214,
        0.144,
        0.1483,
        0.1352,
        0.2498
      ],
      [
        0.3253,
        0.3253,
        1.0,
        0.3325,
        0.0835,
        0.0835,
        0.3753,
        0.1948,
        0.0965,
        0.3383,
        0.0835,
        0.4385,
        0.3931,
        0.1191,
        0.1374,
        0.0835,
        0.2493,
        0.2619,
        0.2917,
        0.1896,
        0.1232,
        0.1672,
        0.0835,
        0.2104,
        0.2366,
        0.4255,
        0.4199,
        0.3539,
        0.1566,
        0.2644,
        0.3,
        0.2872,
        0.2653,
        0.3753,
        0.0835,
        0.3253,
        0.0835,
        0.2682,
        0.2745,
        0.3852,
        0.2725,
        0.28
      ],
      [
        0.3754,
        0.3754,
        0.3325,
        1.0,
        0.0823,
        0.0823,
        0.3615,
        0.2502,
        0.1407,
        0.2954,
        0.0823,
        0.4027,
        0.3768,
        0.0128,
        0.0411,
        0.0823,
        0.288,
        0.2068,
        0.2285,
        0.2205,
        0.1635,
        0.2097,
        0.0823,
        0.2514,
        0.2406,
        0.3612,
        0.3784,
        0.3454,
        0.1856,
        0.3241,
        0.3377,
        0.268,
        0.2611,
        0.3622,
        0.0823,
        0.3754,
        0.0823,
        0.2831,
        0.2519,
        0.3437,
        0.2638,
        0.2649
      ],
      [
        0.0775,
        0.0775,
        0.0835,
        0.0823,
        1.0,
        0.0204,
        0.0916,
        0.0473,
        0.0241,
        0.0844,
        0.0204,
        0.1081,
        0.0961,
        0.0224,
        0.0276,
        0.0204,
        0.0605,
        0.0634,
        0.0696,
        0.0448,
        0.0291,
        0.043,
        0.0204,
        0.0508,
        0.0563,
        0.1043,
        0.1025,
        0.0858,
        0.037,
        0.0633,
        0.0731,
        0.0719,
        0.0638,
        0.0917,
        0.0204,
        0.0775,
        0.0204,
        0.064,
        0.0679,
        0.0956,
        0.0683,
        0.0681
      ],
      [
        0.0775,
        0.0775,
        0.0835,
        0.0823,
        0.0204,
        1.0,
        0.0916,
        0.0473,
        0.0241,
        0.0844,
        0.0204,
        0.1081,
        0.0961,
        0.0224,
        0.0276,
        0.0204,
        0.0605,
        0.0634,
        0.0696,
        0.0448,
        0.0291,
        0.043,
        0.0204,
        0.0508,
        0.0563,
        0.1043,
        0.1025,
        0.0858,
        0.037,
        0.0633,
        0.0731,
        0.0719,
        0.0638,
        0.0917,
        0.0204,
        0.0775,
        0.0204,
        0.064,
        0.0679,
        0.0956,
        0.0683,
        0.0681
      ],
      [
        0.3344,
        0.3344,
        0.3753,
        0.3615,
        0.0916,
        0.0916,
        1.0,
        0.1627,
        0.2078,
        0.4481,
        0.0916,
        0.5254,
        0.4642,
        0.1199,
        0.2116,
        0.0916,
        0.2666,
        0.3051,
        0.4007,
        0.1648,
        0.1109,
        0.2518,
        0.0916,
        0.2247,
        0.2228,
        0.5175,
        0.4837,
        0.3734,
        0.1622,
        0.2617,
        0.2954,
        0.4077,
        0.2609,
        0.4374,
        0.0916,
        0.3344,
        0.0916,
        0.2594,
        0.3417,
        0.4957,
        0.3866,
        0.3093
      ],
      [
        0.4111,
        0.4111,
        0.1948,
        0.2502,
        0.0473,
        0.0473,
        0.1627,
        1.0,
        -0.1187,
        -0.1212,
        0.0473,
        0.047,
        0.1183,
        -0.0456,
        -0.0467,
        0.0473,
        0.2739,
        0.0019,
        -0.0841,
        0.3263,
        0.252,
        -0.0403,
        0.0473,
        0.243,
        0.2831,
        -0.0259,
        0.1014,
        0.2526,
        0.2169,
        0.3923,
        0.3502,
        -0.1394,
        0.252,
        0.1368,
        0.0473,
        0.4111,
        0.0473,
        0.3183,
        -0.0089,
        -0.0727,
        -0.1165,
        0.1438
      ],
      [
        0.2197,
        0.2197,
        0.0965,
        0.1407,
        0.0241,
        0.0241,
        0.2078,
        -0.1187,
        1.0,
        0.4528,
        0.0241,
        0.3293,
        0.3267,
        0.1101,
        0.3116,
        0.0241,
        0.1696,
        0.093,
        0.506,
        -0.0643,
        0.0433,
        0.6123,
        0.0241,
        0.2061,
        -0.0916,
        0.3162,
        0.2087,
        0.0188,
        0.1382,
        0.1495,
        0.0053,
        0.6316,
        -0.0831,
        0.2746,
        0.0241,
        0.2197,
        0.0241,
        -0.0298,
        0.2889,
        0.4608,
        0.6297,
        0.0762
      ],
      [
        0.0772,
        0.0772,
        0.3383,
        0.2954,
        0.0844,
        0.0844,
        0.4481,
        -0.1212,
        0.4528,
        1.0,
        0.0844,
        0.7018,
        0.5445,
        0.0957,
        0.2582,
        0.0844,
        0.1264,
        0.4031,
        0.6206,
        -0.0898,
        -0.0815,
        0.4483,
        0.0844,
        0.0958,
        0.0232,
        0.7426,
        0.5727,
        0.2735,
        0.0202,
        0.0025,
        0.0901,
        0.738,
        0.1096,
        0.4882,
        0.0844,
        0.0772,
        0.0844,
        0.0468,
        0.4989,
        0.7827,
        0.6896,
        0.2911
      ],
      [
        0.0775,
        0.0775,
        0.0835,
        0.0823,
        0.0204,
        0.0204,
        0.0916,
        0.0473,
        0.0241,
        0.0844,
        1.0,
        0.1081,
        0.0961,
        0.0224,
        0.0276,
        0.0204,
        0.0605,
        0.0634,
        0.0696,
        0.0448,
        0.0291,
        0.043,
        0.0204,
        0.0508,
        0.0563,
        0.1043,
        0.1025,
        0.0858,
        0.037,
        0.0633,
        0.0731,
        0.0719,
        0.0638,
        0.0917,
        0.0204,
        0.0775,
        0.0204,
        0.064,
        0.0679,
        0.0956,
        0.0683,
        0.0681
      ],
      [
        0.254,
        0.254,
        0.4385,
        0.4027,
        0.1081,
        0.1081,
        0.5254,
        0.047,
        0.3293,
        0.7018,
        0.1081,
        1.0,
        0.5994,
        0.1875,
        0.1967,
        0.1081,
        0.2317,
        0.4358,
        0.5559,
        0.0677,
        0.0223,
        0.3853,
        0.1081,
        0.1942,
        0.1718,
        0.7564,
        0.645,
        0.406,
        0.1075,
        0.1677,
        0.2552,
        0.6451,
        0.2476,
        0.5512,
        0.1081,
        0.254,
        0.1081,
        0.2064,
        0.4965,
        0.7435,
        0.6061,
        0.3666
      ],
      [
        0.3336,
        0.3336,
        0.3931,
        0.3768,
        0.0961,
        0.0961,
        0.4642,
        0.1183,
        0.3267,
        0.5445,
        0.0961,
        0.5994,
        1.0,
        0.1687,
        0.2316,
        0.0961,
        0.2691,
        0.3428,
        0.4796,
        0.1337,
        0.0923,
        0.3404,
        0.0961,
        0.2355,
        0.1988,
        0.599,
        0.5364,
        0.3763,
        0.161,
        0.2507,
        0.281,
        0.5195,
        0.2456,
        0.4841,
        0.0961,
        0.3336,
        0.0961,
        0.2407,
        0.4017,
        0.591,
        0.4948,
        0.3248
      ],
      [
        0.1802,
        0.1802,
        0.1191,
        0.0128,
        0.0224,
        0.0224,
        0.1199,
        -0.0456,
        0.1101,
        0.0957,
        0.0224,
        0.1875,
        0.1687,
        1.0,
        0.0529,
        0.0224,
        0.0176,
        0.23,
        0.1242,
        0.1046,
        0.0282,
        0.024,
        0.0224,
        0.101,
        0.1328,
        0.269,
        0.2484,
        0.1294,
        0.0804,
        0.1006,
        0.0741,
        0.089,
        0.1309,
        0.1404,
        0.0224,
        0.1802,
        0.0224,
        0.1436,
        0.1198,
        0.1231,
        0.0919,
        0.0989
      ],
      [
        0.1677,
        0.1677,
        0.1374,
        0.0411,
        0.0276,
        0.0276,
        0.2116,
        -0.0467,
        0.3116,
        0.2582,
        0.0276,
        0.1967,
        0.2316,
        0.0529,
        1.0,
        0.0276,
        0.1427,
        0.1405,
        0.6227,
        0.0173,
        0.0526,
        0.102,
        0.0276,
        0.0765,
        0.0617,
        0.2361,
        0.1789,
        0.1253,
        0.1227,
        0.0848,
        -0.0046,
        0.2949,
        0.0525,
        0.2181,
        0.0276,
        0.1677,
        0.0276,
        0.0708,
        0.1484,
        0.2816,
        0.2591,
        0.1394
      ],
      [
        0.0775,
        0.0775,
        0.0835,
        0.0823,
        0.0204,
        0.0204,
        0.0916,
        0.0473,
        0.0241,
        0.0844,
        0.0204,
        0.1081,
        0.0961,
        0.0224,
        0.0276,
        1.0,
        0.0605,
        0.0634,
        0.0696,
        0.0448,
        0.0291,
        0.043,
        0.0204,
        0.0508,
        0.0563,
        0.1043,
        0.1025,
        0.0858,
        0.037,
        0.0633,
        0.0731,
        0.0719,
        0.0638,
        0.0917,
        0.0204,
        0.0775,
        0.0204,
        0.064,
        0.0679,
        0.0956,
        0.0683,
        0.0681
      ],
      [
        0.4172,
        0.4172,
        0.2493,
        0.288,
        0.0605,
        0.0605,
        0.2666,
        0.2739,
        0.1696,
        0.1264,
        0.0605,
        0.2317,
        0.2691,
        0.0176,
        0.1427,
        0.0605,
        1.0,
        0.0981,
        0.1754,
        0.2524,
        0.2128,
        0.1605,
        0.0605,
        0.2669,
        0.2327,
        0.1787,
        0.2341,
        0.2725,
        0.2237,
        0.3682,
        0.3118,
        0.1432,
        0.221,
        0.2645,
        0.0605,
        0.4172,
        0.0605,
        0.2787,
        0.1397,
        0.174,
        0.1516,
        0.1949
      ],
      [
        0.1106,
        0.1106,
        0.2619,
        0.2068,
        0.0634,
        0.0634,
        0.3051,
        0.0019,
        0.093,
        0.4031,
        0.0634,
        0.4358,
        0.3428,
        0.23,
        0.1405,
        0.0634,
        0.0981,
        1.0,
        0.3234,
        0.0334,
        -0.0135,
        0.1489,
        0.0634,
        0.0778,
        0.1146,
        0.4715,
        0.4008,
        0.2494,
        0.038,
        0.0556,
        0.1318,
        0.3394,
        0.1633,
        0.3153,
        0.0634,
        0.1106,
        0.0634,
        0.1237,
        0.287,
        0.4277,
        0.3109,
        0.2231
      ],
      [
        0.1764,
        0.1764,
        0.2917,
        0.2285,
        0.0696,
        0.0696,
        0.4007,
        -0.0841,
        0.506,
        0.6206,
        0.0696,
        0.5559,
        0.4796,
        0.1242,
        0.6227,
        0.0696,
        0.1754,
        0.3234,
        1.0,
        -0.0294,
        -0.0046,
        0.3812,
        0.0696,
        0.1329,
        0.0535,
        0.5946,
        0.4624,
        0.2428,
        0.0975,
        0.0834,
        0.0779,
        0.6386,
        0.1007,
        0.4342,
        0.0696,
        0.1764,
        0.0696,
        0.0812,
        0.4018,
        0.6465,
        0.595,
        0.2578
      ],
      [
        0.4006,
        0.4006,
        0.1896,
        0.2205,
        0.0448,
        0.0448,
        0.1648,
        0.3263,
        -0.0643,
        -0.0898,
        0.0448,
        0.0677,
        0.1337,
        0.1046,
        0.0173,
        0.0448,
        0.2524,
        0.0334,
        -0.0294,
        1.0,
        0.2325,
        -0.0247,
        0.0448,
        0.2352,
        0.2696,
        0.0156,
        0.1241,
        0.2414,
        0.212,
        0.3687,
        0.3176,
        -0.1003,
        0.2393,
        0.1456,
        0.0448,
        0.4006,
        0.0448,
        0.3035,
        0.0104,
        -0.0422,
        -0.0802,
        0.1425
      ],
      [
        0.3324,
        0.3324,
        0.1232,
        0.1635,
        0.0291,
        0.0291,
        0.1109,
        0.252,
        0.0433,
        -0.0815,
        0.0291,
        0.0223,
        0.0923,
        0.0282,
        0.0526,
        0.0291,
        0.2128,
        -0.0135,
        -0.0046,
        0.2325,
        1.0,
        0.0292,
        0.0291,
        0.2017,
        0.1876,
        -0.0292,
        0.0572,
        0.1577,
        0.1832,
        0.3076,
        0.2355,
        -0.0578,
        0.1559,
        0.1009,
        0.0291,
        0.3324,
        0.0291,
        0.2208,
        -0.0041,
        -0.0461,
        -0.0381,
        0.0894
      ],
      [
        0.1828,
        0.1828,
        0.1672,
        0.2097,
        0.043,
        0.043,
        0.2518,
        -0.0403,
        0.6123,
        0.4483,
        0.043,
        0.3853,
        0.3404,
        0.024,
        0.102,
        0.043,
        0.1605,
        0.1489,
        0.3812,
        -0.0247,
        0.0292,
        1.0,
        0.043,
        0.1733,
        -0.0203,
        0.3684,
        0.2802,
        0.1107,
        0.0986,
        0.1318,
        0.0829,
        0.538,
        0.009,
        0.2981,
        0.043,
        0.1828,
        0.043,
        0.0275,
        0.2994,
        0.4611,
        0.5304,
        0.133
      ],
      [
        0.0775,
        0.0775,
        0.0835,
        0.0823,
        0.0204,
        0.0204,
        0.0916,
        0.0473,
        0.0241,
        0.0844,
        0.0204,
        0.1081,
        0.0961,
        0.0224,
        0.0276,
        0.0204,
        0.0605,
        0.0634,
        0.0696,
        0.0448,
        0.0291,
        0.043,
        1.0,
        0.0508,
        0.0563,
        0.1043,
        0.1025,
        0.0858,
        0.037,
        0.0633,
        0.0731,
        0.0719,
        0.0638,
        0.0917,
        0.0204,
        0.0775,
        0.0204,
        0.064,
        0.0679,
        0.0956,
        0.0683,
        0.0681
      ],
      [
        0.3983,
        0.3983,
        0.2104,
        0.2514,
        0.0508,
        0.0508,
        0.2247,
        0.243,
        0.2061,
        0.0958,
        0.0508,
        0.1942,
        0.2355,
        0.101,
        0.0765,
        0.0508,
        0.2669,
        0.0778,
        0.1329,
        0.2352,
        0.2017,
        0.1733,
        0.0508,
        1.0,
        0.2051,
        0.1459,
        0.1993,
        0.2294,
        0.2136,
        0.3513,
        0.2819,
        0.1295,
        0.1894,
        0.2284,
        0.0508,
        0.3983,
        0.0508,
        0.252,
        0.1198,
        0.139,
        0.1434,
        0.1607
      ],
      [
        0.3539,
        0.3539,
        0.2366,
        0.2406,
        0.0563,
        0.0563,
        0.2228,
        0.2831,
        -0.0916,
        0.0232,
        0.0563,
        0.1718,
        0.1988,
        0.1328,
        0.0617,
        0.0563,
        0.2327,
        0.1146,
        0.0535,
        0.2696,
        0.1876,
        -0.0203,
        0.0563,
        0.2051,
        1.0,
        0.1402,
        0.2159,
        0.2818,
        0.1802,
        0.3146,
        0.3062,
        -0.0196,
        0.2585,
        0.2043,
        0.0563,
        0.3539,
        0.0563,
        0.2953,
        0.0793,
        0.0704,
        -0.0129,
        0.1869
      ],
      [
        0.1814,
        0.1814,
        0.4255,
        0.3612,
        0.1043,
        0.1043,
        0.5175,
        -0.0259,
        0.3162,
        0.7426,
        0.1043,
        0.7564,
        0.599,
        0.269,
        0.2361,
        0.1043,
        0.1787,
        0.4715,
        0.5946,
        0.0156,
        -0.0292,
        0.3684,
        0.1043,
        0.1459,
        0.1402,
        1.0,
        0.6637,
        0.3858,
        0.0665,
        0.0916,
        0.1986,
        0.6732,
        0.2251,
        0.5462,
        0.1043,
        0.1814,
        0.1043,
        0.1651,
        0.514,
        0.7785,
        0.6262,
        0.3612
      ],
      [
        0.2863,
        0.2863,
        0.4199,
        0.3784,
        0.1025,
        0.1025,
        0.4837,
        0.1014,
        0.2087,
        0.5727,
        0.1025,
        0.645,
        0.5364,
        0.2484,
        0.1789,
        0.1025,
        0.2341,
        0.4008,
        0.4624,
        0.1241,
        0.0572,
        0.2802,
        0.1025,
        0.1993,
        0.2159,
        0.6637,
        1.0,
        0.4078,
        0.1257,
        0.2036,
        0.2811,
        0.5047,
        0.2761,
        0.4985,
        0.1025,
        0.2863,
        0.1025,
        0.2469,
        0.4233,
        0.6192,
        0.473,
        0.3496
      ],
      [
        0.3696,
        0.3696,
        0.3539,
        0.3454,
        0.0858,
        0.0858,
        0.3734,
        0.2526,
        0.0188,
        0.2735,
        0.0858,
        0.406,
        0.3763,
        0.1294,
        0.1253,
        0.0858,
        0.2725,
        0.2494,
        0.2428,
        0.2414,
        0.1577,
        0.1107,
        0.0858,
        0.2294,
        0.2818,
        0.3858,
        0.4078,
        1.0,
        0.1798,
        0.3096,
        0.3424,
        0.2111,
        0.3024,
        0.3651,
        0.0858,
        0.3696,
        0.0858,
        0.3137,
        0.2426,
        0.3266,
        0.2007,
        0.2877
      ],
      [
        0.3416,
        0.3416,
        0.1566,
        0.1856,
        0.037,
        0.037,
        0.1622,
        0.2169,
        0.1382,
        0.0202,
        0.037,
        0.1075,
        0.161,
        0.0804,
        0.1227,
        0.037,
        0.2237,
        0.038,
        0.0975,
        0.212,
        0.1832,
        0.0986,
        0.037,
        0.2136,
        0.1802,
        0.0665,
        0.1257,
        0.1798,
        1.0,
        0.3028,
        0.2307,
        0.0505,
        0.1574,
        0.1604,
