{
  "_meta": {
    "generated": "2026-04-01T09:00:51",
    "portfolio_generated": "2026-04-01T08:59:05.584548",
    "n_assets": 41,
    "n_with_returns": 32,
    "covariance_method": "hybrid_shrunk",
    "condition_number": 501.11,
    "pca_factors": 4
  },
  "profiles": {
    "Agressif": {
      "n_assets": 17,
      "weighted_avg_correlation": 0.234,
      "most_correlated": [
        {
          "t1": "SOXX",
          "t2": "MU",
          "corr": 0.8069,
          "w1": 8.2,
          "w2": 3.9,
          "combined_weight": 12.1
        },
        {
          "t1": "VRT",
          "t2": "MU",
          "corr": 0.7902,
          "w1": 4.8,
          "w2": 3.9,
          "combined_weight": 8.7
        },
        {
          "t1": "VRT",
          "t2": "SOXX",
          "corr": 0.7871,
          "w1": 4.8,
          "w2": 8.2,
          "combined_weight": 12.9
        },
        {
          "t1": "SOXX",
          "t2": "NVDA",
          "corr": 0.72,
          "w1": 8.2,
          "w2": 2.7,
          "combined_weight": 10.9
        },
        {
          "t1": "NVDA",
          "t2": "MU",
          "corr": 0.7079,
          "w1": 2.7,
          "w2": 3.9,
          "combined_weight": 6.6
        },
        {
          "t1": "SLV",
          "t2": "GLD",
          "corr": 0.7038,
          "w1": 7.1,
          "w2": 8.0,
          "combined_weight": 15.0
        },
        {
          "t1": "SLVP",
          "t2": "SLV",
          "corr": 0.6886,
          "w1": 4.7,
          "w2": 7.1,
          "combined_weight": 11.8
        },
        {
          "t1": "VRT",
          "t2": "NVDA",
          "corr": 0.6802,
          "w1": 4.8,
          "w2": 2.7,
          "combined_weight": 7.5
        },
        {
          "t1": "FLKR",
          "t2": "SOXX",
          "corr": 0.6219,
          "w1": 6.1,
          "w2": 8.2,
          "combined_weight": 14.3
        },
        {
          "t1": "HWM",
          "t2": "SOXX",
          "corr": 0.6037,
          "w1": 9.1,
          "w2": 8.2,
          "combined_weight": 17.3
        }
      ],
      "least_correlated": [
        {
          "t1": "2059",
          "t2": "SLV",
          "corr": 0.0153,
          "w1": 3.9,
          "w2": 7.1,
          "combined_weight": 11.0
        },
        {
          "t1": "FRES",
          "t2": "SLV",
          "corr": 0.0108,
          "w1": 2.6,
          "w2": 7.1,
          "combined_weight": 9.7
        },
        {
          "t1": "INCY",
          "t2": "SLVP",
          "corr": 0.0056,
          "w1": 6.5,
          "w2": 4.7,
          "combined_weight": 11.2
        },
        {
          "t1": "FRES",
          "t2": "GLD",
          "corr": -0.0002,
          "w1": 2.6,
          "w2": 8.0,
          "combined_weight": 10.6
        },
        {
          "t1": "VRT",
          "t2": "FRES",
          "corr": -0.0348,
          "w1": 4.8,
          "w2": 2.6,
          "combined_weight": 7.4
        }
      ],
      "high_corr_high_weight": [
        {
          "t1": "SOXX",
          "t2": "MU",
          "corr": 0.8069,
          "w1": 8.2,
          "w2": 3.9,
          "combined_weight": 12.1
        },
        {
          "t1": "VRT",
          "t2": "SOXX",
          "corr": 0.7871,
          "w1": 4.8,
          "w2": 8.2,
          "combined_weight": 12.9
        },
        {
          "t1": "SOXX",
          "t2": "NVDA",
          "corr": 0.72,
          "w1": 8.2,
          "w2": 2.7,
          "combined_weight": 10.9
        },
        {
          "t1": "SLV",
          "t2": "GLD",
          "corr": 0.7038,
          "w1": 7.1,
          "w2": 8.0,
          "combined_weight": 15.0
        }
      ]
    },
    "Mod\u00e9r\u00e9": {
      "n_assets": 15,
      "weighted_avg_correlation": 0.2454,
      "most_correlated": [
        {
          "t1": "VSS",
          "t2": "RIO",
          "corr": 0.5867,
          "w1": 7.5,
          "w2": 6.5,
          "combined_weight": 13.9
        },
        {
          "t1": "SCHD",
          "t2": "HDV",
          "corr": 0.5734,
          "w1": 5.9,
          "w2": 7.5,
          "combined_weight": 13.4
        },
        {
          "t1": "SCHD",
          "t2": "GGG",
          "corr": 0.5625,
          "w1": 5.9,
          "w2": 4.9,
          "combined_weight": 10.8
        },
        {
          "t1": "SCHY",
          "t2": "VSS",
          "corr": 0.5621,
          "w1": 5.9,
          "w2": 7.5,
          "combined_weight": 13.3
        },
        {
          "t1": "SCHD",
          "t2": "VSS",
          "corr": 0.5614,
          "w1": 5.9,
          "w2": 7.5,
          "combined_weight": 13.4
        },
        {
          "t1": "SCHD",
          "t2": "XLV",
          "corr": 0.5432,
          "w1": 5.9,
          "w2": 3.1,
          "combined_weight": 9.0
        },
        {
          "t1": "SCHY",
          "t2": "SCHD",
          "corr": 0.5374,
          "w1": 5.9,
          "w2": 5.9,
          "combined_weight": 11.8
        },
        {
          "t1": "SCHY",
          "t2": "HDV",
          "corr": 0.5224,
          "w1": 5.9,
          "w2": 7.5,
          "combined_weight": 13.4
        },
        {
          "t1": "HDV",
          "t2": "GGG",
          "corr": 0.5186,
          "w1": 7.5,
          "w2": 4.9,
          "combined_weight": 12.4
        },
        {
          "t1": "HDV",
          "t2": "XLV",
          "corr": 0.5182,
          "w1": 7.5,
          "w2": 3.1,
          "combined_weight": 10.6
        }
      ],
      "least_correlated": [
        {
          "t1": "AGS",
          "t2": "GLD",
          "corr": 0.0315,
          "w1": 5.2,
          "w2": 8.1,
          "combined_weight": 13.3
        },
        {
          "t1": "VGSH",
          "t2": "ITX",
          "corr": 0.0297,
          "w1": 9.0,
          "w2": 6.8,
          "combined_weight": 15.8
        },
        {
          "t1": "STIP",
          "t2": "ITX",
          "corr": 0.0297,
          "w1": 9.0,
          "w2": 6.8,
          "combined_weight": 15.8
        },
        {
          "t1": "VGSH",
          "t2": "STIP",
          "corr": 0.0177,
          "w1": 9.0,
          "w2": 9.0,
          "combined_weight": 18.0
        },
        {
          "t1": "ITX",
          "t2": "GLD",
          "corr": -0.0069,
          "w1": 6.8,
          "w2": 8.1,
          "combined_weight": 14.9
        }
      ],
      "high_corr_high_weight": []
    },
    "Stable": {
      "n_assets": 16,
      "weighted_avg_correlation": 0.1218,
      "most_correlated": [
        {
          "t1": "ACWV",
          "t2": "SPYV",
          "corr": 0.5516,
          "w1": 4.7,
          "w2": 4.3,
          "combined_weight": 8.9
        },
        {
          "t1": "SPYV",
          "t2": "XLV",
          "corr": 0.5433,
          "w1": 4.3,
          "w2": 3.1,
          "combined_weight": 7.4
        },
        {
          "t1": "ACWV",
          "t2": "SPLV",
          "corr": 0.5182,
          "w1": 4.7,
          "w2": 4.7,
          "combined_weight": 9.3
        },
        {
          "t1": "ACWV",
          "t2": "XLV",
          "corr": 0.5075,
          "w1": 4.7,
          "w2": 3.1,
          "combined_weight": 7.8
        },
        {
          "t1": "SPLV",
          "t2": "SPYV",
          "corr": 0.5004,
          "w1": 4.7,
          "w2": 4.3,
          "combined_weight": 8.9
        },
        {
          "t1": "SPLV",
          "t2": "XLV",
          "corr": 0.4896,
          "w1": 4.7,
          "w2": 3.1,
          "combined_weight": 7.8
        },
        {
          "t1": "SPYV",
          "t2": "GD",
          "corr": 0.4797,
          "w1": 4.3,
          "w2": 3.8,
          "combined_weight": 8.1
        },
        {
          "t1": "SPLV",
          "t2": "VICI",
          "corr": 0.4657,
          "w1": 4.7,
          "w2": 4.5,
          "combined_weight": 9.2
        },
        {
          "t1": "ACWV",
          "t2": "VICI",
          "corr": 0.4583,
          "w1": 4.7,
          "w2": 4.5,
          "combined_weight": 9.2
        },
        {
          "t1": "ACWV",
          "t2": "GD",
          "corr": 0.4562,
          "w1": 4.7,
          "w2": 3.8,
          "combined_weight": 8.5
        }
      ],
      "least_correlated": [
        {
          "t1": "BSV",
          "t2": "STIP",
          "corr": 0.0177,
          "w1": 10.3,
          "w2": 14.0,
          "combined_weight": 24.3
        },
        {
          "t1": "CLTL",
          "t2": "VGSH",
          "corr": 0.0177,
          "w1": 10.8,
          "w2": 13.3,
          "combined_weight": 24.1
        },
        {
          "t1": "CLTL",
          "t2": "STIP",
          "corr": 0.0177,
          "w1": 10.8,
          "w2": 14.0,
          "combined_weight": 24.8
        },
        {
          "t1": "VGSH",
          "t2": "STIP",
          "corr": 0.0177,
          "w1": 13.3,
          "w2": 14.0,
          "combined_weight": 27.3
        },
        {
          "t1": "SCHP",
          "t2": "GLD",
          "corr": 0.0153,
          "w1": 4.5,
          "w2": 5.0,
          "combined_weight": 9.4
        }
      ],
      "high_corr_high_weight": []
    }
  },
  "all_pairs_top_30": [
    {
      "t1": "MU",
      "t2": "SOXX",
      "corr_hybrid": 0.8069,
      "corr_structured": null,
      "cat1": "Act",
      "cat2": "ETF",
      "exp1": null,
      "exp2": "semiconductor",
      "fam1": null,
      "fam2": "sector_tech"
    },
    {
      "t1": "MU",
      "t2": "VRT",
      "corr_hybrid": 0.7902,
      "corr_structured": null,
      "cat1": "Act",
      "cat2": "Act",
      "exp1": null,
      "exp2": null,
      "fam1": null,
      "fam2": null
    },
    {
      "t1": "SOXX",
      "t2": "VRT",
      "corr_hybrid": 0.7871,
      "corr_structured": null,
      "cat1": "ETF",
      "cat2": "Act",
      "exp1": "semiconductor",
      "exp2": null,
      "fam1": "sector_tech",
      "fam2": null
    },
    {
      "t1": "NVDA",
      "t2": "SOXX",
      "corr_hybrid": 0.72,
      "corr_structured": null,
      "cat1": "Act",
      "cat2": "ETF",
      "exp1": null,
      "exp2": "semiconductor",
      "fam1": null,
      "fam2": "sector_tech"
    },
    {
      "t1": "MU",
      "t2": "NVDA",
      "corr_hybrid": 0.7079,
      "corr_structured": null,
      "cat1": "Act",
      "cat2": "Act",
      "exp1": null,
      "exp2": null,
      "fam1": null,
      "fam2": null
    },
    {
      "t1": "GLD",
      "t2": "SLV",
      "corr_hybrid": 0.7038,
      "corr_structured": 0.85,
      "cat1": "ETF",
      "cat2": "ETF",
      "exp1": "gold_physical",
      "exp2": "silver_physical",
      "fam1": "gold",
      "fam2": "precious_metals"
    },
    {
      "t1": "SLV",
      "t2": "SLVP",
      "corr_hybrid": 0.6886,
      "corr_structured": 0.9,
      "cat1": "ETF",
      "cat2": "ETF",
      "exp1": "silver_physical",
      "exp2": "silver_miners",
      "fam1": "precious_metals",
      "fam2": "precious_metals"
    },
    {
      "t1": "NVDA",
      "t2": "VRT",
      "corr_hybrid": 0.6802,
      "corr_structured": null,
      "cat1": "Act",
      "cat2": "Act",
      "exp1": null,
      "exp2": null,
      "fam1": null,
      "fam2": null
    },
    {
      "t1": "SCHD",
      "t2": "SPYV",
      "corr_hybrid": 0.6272,
      "corr_structured": 0.8,
      "cat1": "ETF",
      "cat2": "ETF",
      "exp1": "dividend",
      "exp2": "sp500_value",
      "fam1": "factor_dividend",
      "fam2": "factor_value"
    },
    {
      "t1": "SOXX",
      "t2": "SPYV",
      "corr_hybrid": 0.6244,
      "corr_structured": 0.2,
      "cat1": "ETF",
      "cat2": "ETF",
      "exp1": "semiconductor",
      "exp2": "sp500_value",
      "fam1": "sector_tech",
      "fam2": "factor_value"
    },
    {
      "t1": "SPYV",
      "t2": "VSS",
      "corr_hybrid": 0.6223,
      "corr_structured": 0.2,
      "cat1": "ETF",
      "cat2": "ETF",
      "exp1": "sp500_value",
      "exp2": "intl_small_cap",
      "fam1": "factor_value",
      "fam2": null
    },
    {
      "t1": "FLKR",
      "t2": "SOXX",
      "corr_hybrid": 0.6219,
      "corr_structured": 0.2,
      "cat1": "ETF",
      "cat2": "ETF",
      "exp1": "south_korea",
      "exp2": "semiconductor",
      "fam1": "em_equity",
      "fam2": "sector_tech"
    },
    {
      "t1": "HWM",
      "t2": "SOXX",
      "corr_hybrid": 0.6037,
      "corr_structured": null,
      "cat1": "Act",
      "cat2": "ETF",
      "exp1": null,
      "exp2": "semiconductor",
      "fam1": null,
      "fam2": "sector_tech"
    },
    {
      "t1": "SOXX",
      "t2": "VSS",
      "corr_hybrid": 0.5986,
      "corr_structured": 0.2,
      "cat1": "ETF",
      "cat2": "ETF",
      "exp1": "semiconductor",
      "exp2": "intl_small_cap",
      "fam1": "sector_tech",
      "fam2": null
    },
    {
      "t1": "RIO",
      "t2": "VSS",
      "corr_hybrid": 0.5867,
      "corr_structured": null,
      "cat1": "Act",
      "cat2": "ETF",
      "exp1": null,
      "exp2": "intl_small_cap",
      "fam1": null,
      "fam2": null
    },
    {
      "t1": "REMX",
      "t2": "SLV",
      "corr_hybrid": 0.5827,
      "corr_structured": 0.2,
      "cat1": "ETF",
      "cat2": "ETF",
      "exp1": "rare_earth",
      "exp2": "silver_physical",
      "fam1": null,
      "fam2": "precious_metals"
    },
    {
      "t1": "GGG",
      "t2": "SPYV",
      "corr_hybrid": 0.5772,
      "corr_structured": null,
      "cat1": "Act",
      "cat2": "ETF",
      "exp1": null,
      "exp2": "sp500_value",
      "fam1": null,
      "fam2": "factor_value"
    },
    {
      "t1": "HDV",
      "t2": "SCHD",
      "corr_hybrid": 0.5734,
      "corr_structured": 0.95,
      "cat1": "ETF",
      "cat2": "ETF",
      "exp1": "dividend",
      "exp2": "dividend",
      "fam1": "factor_dividend",
      "fam2": "factor_dividend"
    },
    {
      "t1": "FLKR",
      "t2": "MU",
      "corr_hybrid": 0.5698,
      "corr_structured": null,
      "cat1": "ETF",
      "cat2": "Act",
      "exp1": "south_korea",
      "exp2": null,
      "fam1": "em_equity",
      "fam2": null
    },
    {
      "t1": "HWM",
      "t2": "MU",
      "corr_hybrid": 0.5664,
      "corr_structured": null,
      "cat1": "Act",
      "cat2": "Act",
      "exp1": null,
      "exp2": null,
      "fam1": null,
      "fam2": null
    },
    {
      "t1": "REMX",
      "t2": "VSS",
      "corr_hybrid": 0.5649,
      "corr_structured": 0.2,
      "cat1": "ETF",
      "cat2": "ETF",
      "exp1": "rare_earth",
      "exp2": "intl_small_cap",
      "fam1": null,
      "fam2": null
    },
    {
      "t1": "GGG",
      "t2": "SCHD",
      "corr_hybrid": 0.5625,
      "corr_structured": null,
      "cat1": "Act",
      "cat2": "ETF",
      "exp1": null,
      "exp2": "dividend",
      "fam1": null,
      "fam2": "factor_dividend"
    },
    {
      "t1": "SCHY",
      "t2": "VSS",
      "corr_hybrid": 0.5621,
      "corr_structured": 0.2,
      "cat1": "ETF",
      "cat2": "ETF",
      "exp1": "international",
      "exp2": "intl_small_cap",
      "fam1": "intl_equity",
      "fam2": null
    },
    {
      "t1": "FLKR",
      "t2": "VRT",
      "corr_hybrid": 0.5618,
      "corr_structured": null,
      "cat1": "ETF",
      "cat2": "Act",
      "exp1": "south_korea",
      "exp2": null,
      "fam1": "em_equity",
      "fam2": null
    },
    {
      "t1": "SCHD",
      "t2": "VSS",
      "corr_hybrid": 0.5614,
      "corr_structured": 0.2,
      "cat1": "ETF",
      "cat2": "ETF",
      "exp1": "dividend",
      "exp2": "intl_small_cap",
      "fam1": "factor_dividend",
      "fam2": null
    },
    {
      "t1": "HDV",
      "t2": "SPYV",
      "corr_hybrid": 0.5595,
      "corr_structured": 0.8,
      "cat1": "ETF",
      "cat2": "ETF",
      "exp1": "dividend",
      "exp2": "sp500_value",
      "fam1": "factor_dividend",
      "fam2": "factor_value"
    },
    {
      "t1": "ACWV",
      "t2": "SCHD",
      "corr_hybrid": 0.5581,
      "corr_structured": 0.72,
      "cat1": "ETF",
      "cat2": "ETF",
      "exp1": "min_vol",
      "exp2": "dividend",
      "fam1": "factor_min_vol",
      "fam2": "factor_dividend"
    },
    {
      "t1": "GLD",
      "t2": "SLVP",
      "corr_hybrid": 0.5542,
      "corr_structured": 0.85,
      "cat1": "ETF",
      "cat2": "ETF",
      "exp1": "gold_physical",
      "exp2": "silver_miners",
      "fam1": "gold",
      "fam2": "precious_metals"
    },
    {
      "t1": "ACWV",
      "t2": "SPYV",
      "corr_hybrid": 0.5516,
      "corr_structured": 0.2,
      "cat1": "ETF",
      "cat2": "ETF",
      "exp1": "min_vol",
      "exp2": "sp500_value",
      "fam1": "factor_min_vol",
      "fam2": "factor_value"
    },
    {
      "t1": "SCHY",
      "t2": "SPYV",
      "corr_hybrid": 0.5495,
      "corr_structured": 0.2,
      "cat1": "ETF",
      "cat2": "ETF",
      "exp1": "international",
      "exp2": "sp500_value",
      "fam1": "intl_equity",
      "fam2": "factor_value"
    }
  ],
  "all_pairs_bottom_10": [
    {
      "t1": "MU",
      "t2": "SCHP",
      "corr_hybrid": 0.0122,
      "corr_structured": null,
      "cat1": "Act",
      "cat2": "Act",
      "exp1": null,
      "exp2": "bonds_tips",
      "fam1": null,
      "fam2": "bonds_gov"
    },
    {
      "t1": "FRES",
      "t2": "SLV",
      "corr_hybrid": 0.0108,
      "corr_structured": null,
      "cat1": "Act",
      "cat2": "ETF",
      "exp1": null,
      "exp2": "silver_physical",
      "fam1": null,
      "fam2": "precious_metals"
    },
    {
      "t1": "SCHP",
      "t2": "SLVP",
      "corr_hybrid": 0.0101,
      "corr_structured": 0.2,
      "cat1": "Act",
      "cat2": "ETF",
      "exp1": "bonds_tips",
      "exp2": "silver_miners",
      "fam1": "bonds_gov",
      "fam2": "precious_metals"
    },
    {
      "t1": "EOG",
      "t2": "SLVP",
      "corr_hybrid": 0.0097,
      "corr_structured": null,
      "cat1": "Act",
      "cat2": "ETF",
      "exp1": null,
      "exp2": "silver_miners",
      "fam1": null,
      "fam2": "precious_metals"
    },
    {
      "t1": "GLD",
      "t2": "ITX",
      "corr_hybrid": -0.0069,
      "corr_structured": null,
      "cat1": "ETF",
      "cat2": "Act",
      "exp1": "gold_physical",
      "exp2": null,
      "fam1": "gold",
      "fam2": null
    },
    {
      "t1": "NVDA",
      "t2": "PG",
      "corr_hybrid": -0.0057,
      "corr_structured": null,
      "cat1": "Act",
      "cat2": "Act",
      "exp1": null,
      "exp2": null,
      "fam1": null,
      "fam2": null
    },
    {
      "t1": "INCY",
      "t2": "SLVP",
      "corr_hybrid": 0.0056,
      "corr_structured": null,
      "cat1": "Act",
      "cat2": "ETF",
      "exp1": null,
      "exp2": "silver_miners",
      "fam1": null,
      "fam2": "precious_metals"
    },
    {
      "t1": "JNJ",
      "t2": "NVDA",
      "corr_hybrid": 0.0043,
      "corr_structured": null,
      "cat1": "Act",
      "cat2": "Act",
      "exp1": null,
      "exp2": null,
      "fam1": null,
      "fam2": null
    },
    {
      "t1": "FRES",
      "t2": "SCHD",
      "corr_hybrid": -0.0021,
      "corr_structured": null,
      "cat1": "Act",
      "cat2": "ETF",
      "exp1": null,
      "exp2": "dividend",
      "fam1": null,
      "fam2": "factor_dividend"
    },
    {
      "t1": "FRES",
      "t2": "GLD",
      "corr_hybrid": -0.0002,
      "corr_structured": null,
      "cat1": "Act",
      "cat2": "ETF",
      "exp1": null,
      "exp2": "gold_physical",
      "fam1": null,
      "fam2": "gold"
    }
  ],
  "correlation_matrix": {
    "tickers": [
      "2059",
      "ACWV",
      "AGS",
      "BSV",
      "CLTL",
      "EOG",
      "FLKR",
      "FRES",
      "GD",
      "GGG",
      "GLD",
      "GOOGL",
      "HDV",
      "HWM",
      "INCY",
      "ITX",
      "JNJ",
      "MU",
      "NVDA",
      "PAAA",
      "PG",
      "PULS",
      "REMX",
      "RIO",
      "SCHD",
      "SCHO",
      "SCHP",
      "SCHY",
      "SLV",
      "SLVP",
      "SOXX",
      "SPLV",
      "SPYV",
      "STIP",
      "ULVR",
      "VGSH",
      "VICI",
      "VRT",
      "VSS",
      "XBI",
      "XLV"
    ],
    "matrix": [
      [
        1.0,
        0.4244,
        0.4014,
        0.0777,
        0.0777,
        0.255,
        0.1984,
        0.2273,
        0.3748,
        0.4122,
        0.0315,
        0.2507,
        0.4299,
        0.2608,
        0.3371,
        0.166,
        0.3498,
        0.1335,
        0.1879,
        0.0777,
        0.357,
        0.0777,
        0.2155,
        0.2873,
        0.4332,
        0.0777,
        0.3137,
        0.3748,
        0.0153,
        0.0462,
        0.2247,
        0.4265,
        0.4148,
        0.0777,
        0.1415,
        0.0777,
        0.3901,
        0.079,
        0.3461,
        0.3407,
        0.4092
      ],
      [
        0.4244,
        1.0,
        0.4244,
        0.0958,
        0.0958,
        0.3674,
        0.3385,
        0.0884,
        0.4562,
        0.5062,
        0.211,
        0.3245,
        0.5452,
        0.3323,
        0.4019,
        0.1608,
        0.3984,
        0.241,
        0.2728,
        0.0958,
        0.3913,
        0.0958,
        0.3893,
        0.4634,
        0.5581,
        0.0958,
        0.3248,
        0.5196,
        0.2379,
        0.1698,
        0.3655,
        0.5182,
        0.5516,
        0.0958,
        0.1405,
        0.0958,
        0.4583,
        0.2066,
        0.5214,
        0.4573,
        0.5075
      ],
      [
        0.4014,
        0.4244,
        1.0,
        0.0777,
        0.0777,
        0.255,
        0.1984,
        0.2273,
        0.3748,
        0.4122,
        0.0315,
        0.2507,
        0.4299,
        0.2608,
        0.3371,
        0.166,
        0.3498,
        0.1335,
        0.1879,
        0.0777,
        0.357,
        0.0777,
        0.2155,
        0.2873,
        0.4332,
        0.0777,
        0.3137,
        0.3748,
        0.0153,
        0.0462,
        0.2247,
        0.4265,
        0.4148,
        0.0777,
        0.1415,
        0.0777,
        0.3901,
        0.079,
        0.3461,
        0.3407,
        0.4092
      ],
      [
        0.0777,
        0.0958,
        0.0777,
        1.0,
        0.0177,
        0.0596,
        0.0509,
        0.0259,
        0.0808,
        0.086,
        0.0422,
        0.0503,
        0.0969,
        0.0496,
        0.0685,
        0.0297,
        0.0771,
        0.0258,
        0.0342,
        0.0177,
        0.0765,
        0.0177,
        0.0673,
        0.0809,
        0.0952,
        0.0177,
        0.0614,
        0.0922,
        0.0456,
        0.0366,
        0.0494,
        0.0942,
        0.0908,
        0.0177,
        0.0268,
        0.0177,
        0.0852,
        0.0193,
        0.0883,
        0.0771,
        0.0889
      ],
      [
        0.0777,
        0.0958,
        0.0777,
        0.0177,
        1.0,
        0.0596,
        0.0509,
        0.0259,
        0.0808,
        0.086,
        0.0422,
        0.0503,
        0.0969,
        0.0496,
        0.0685,
        0.0297,
        0.0771,
        0.0258,
        0.0342,
        0.0177,
        0.0765,
        0.0177,
        0.0673,
        0.0809,
        0.0952,
        0.0177,
        0.0614,
        0.0922,
        0.0456,
        0.0366,
        0.0494,
        0.0942,
        0.0908,
        0.0177,
        0.0268,
        0.0177,
        0.0852,
        0.0193,
        0.0883,
        0.0771,
        0.0889
      ],
      [
        0.255,
        0.3674,
        0.255,
        0.0596,
        0.0596,
        1.0,
        0.2995,
        -0.1637,
        0.3129,
        0.3856,
        0.1021,
        0.2704,
        0.386,
        0.2817,
        0.3077,
        0.0852,
        0.2272,
        0.2864,
        0.2838,
        0.0596,
        0.2105,
        0.0596,
        0.2658,
        0.3268,
        0.4312,
        0.0596,
        0.1855,
        0.3599,
        0.1264,
        0.0097,
        0.3657,
        0.3482,
        0.442,
        0.0596,
        0.0614,
        0.0596,
        0.287,
        0.2766,
        0.3871,
        0.347,
        0.3639
      ],
      [
        0.1984,
        0.3385,
        0.1984,
        0.0509,
        0.0509,
        0.2995,
        1.0,
        0.0335,
        0.292,
        0.3686,
        0.2477,
        0.3781,
        0.3303,
        0.4422,
        0.2698,
        0.0768,
        0.0965,
        0.5698,
        0.5088,
        0.0509,
        0.08,
        0.0509,
        0.454,
        0.4414,
        0.4054,
        0.0509,
        0.0964,
        0.388,
        0.3548,
        0.2565,
        0.6219,
        0.2588,
        0.5026,
        0.0509,
        0.0707,
        0.0509,
        0.1932,
        0.5618,
        0.5201,
        0.4032,
        0.3337
      ],
      [
        0.2273,
        0.0884,
        0.2273,
        0.0259,
        0.0259,
        -0.1637,
        0.0335,
        1.0,
        0.107,
        0.0545,
        -0.0002,
        0.1004,
        0.0365,
        0.1594,
        0.0338,
        0.1483,
        0.0912,
        0.0501,
        0.0931,
        0.0259,
        0.1359,
        0.0259,
        0.1072,
        0.052,
        -0.0021,
        0.0259,
        0.1523,
        0.0662,
        0.0108,
        0.3079,
        0.0426,
        0.062,
        0.04,
        0.0259,
        0.1627,
        0.0259,
        0.1001,
        -0.0348,
        0.0781,
        0.0655,
        0.0693
      ],
      [
        0.3748,
        0.4562,
        0.3748,
        0.0808,
        0.0808,
        0.3129,
        0.292,
        0.107,
        1.0,
        0.442,
        0.1374,
        0.2921,
        0.4632,
        0.3053,
        0.3527,
        0.1459,
        0.3342,
        0.2295,
        0.258,
        0.0808,
        0.3306,
        0.0808,
        0.3152,
        0.3791,
        0.4804,
        0.0808,
        0.2838,
        0.4343,
        0.1549,
        0.1155,
        0.3302,
        0.4403,
        0.4797,
        0.0808,
        0.1253,
        0.0808,
        0.3891,
        0.1931,
        0.4381,
        0.3937,
        0.4368
      ],
      [
        0.4122,
        0.5062,
        0.4122,
        0.086,
        0.086,
        0.3856,
        0.3686,
        0.0545,
        0.442,
        1.0,
        0.0961,
        0.3683,
        0.5186,
        0.3947,
        0.4173,
        0.1597,
        0.3406,
        0.3487,
        0.3681,
        0.086,
        0.3334,
        0.086,
        0.342,
        0.4157,
        0.5625,
        0.086,
        0.3026,
        0.4786,
        0.1163,
        0.0592,
        0.4515,
        0.4829,
        0.5772,
        0.086,
        0.1295,
        0.086,
        0.416,
        0.3075,
        0.5017,
        0.4612,
        0.4978
      ],
      [
        0.0315,
        0.211,
        0.0315,
        0.0422,
        0.0422,
        0.1021,
        0.2477,
        -0.0002,
        0.1374,
        0.0961,
        1.0,
        0.0775,
        0.1914,
        0.0664,
        0.0408,
        -0.0069,
        0.1192,
        0.0908,
        0.0517,
        0.0422,
        0.0998,
        0.0422,
        0.4576,
        0.4194,
        0.1565,
        0.0422,
        0.0153,
        0.3118,
        0.7038,
        0.5542,
        0.1686,
        0.1569,
        0.179,
        0.0422,
        0.0298,
        0.0422,
        0.1362,
        0.133,
        0.3706,
        0.193,
        0.1464
      ],
      [
        0.2507,
        0.3245,
        0.2507,
        0.0503,
        0.0503,
        0.2704,
        0.3781,
        0.1004,
        0.2921,
        0.3683,
        0.0775,
        1.0,
        0.3227,
        0.3963,
        0.2845,
        0.1049,
        0.1379,
        0.4565,
        0.4317,
        0.0503,
        0.1319,
        0.0503,
        0.3109,
        0.3258,
        0.3883,
        0.0503,
        0.1519,
        0.329,
        0.1308,
        0.0995,
        0.5029,
        0.2741,
        0.4551,
        0.0503,
        0.0867,
        0.0503,
        0.2194,
        0.4263,
        0.4122,
        0.3573,
        0.3303
      ],
      [
        0.4299,
        0.5452,
        0.4299,
        0.0969,
        0.0969,
        0.386,
        0.3303,
        0.0365,
        0.4632,
        0.5186,
        0.1914,
        0.3227,
        1.0,
        0.3256,
        0.4146,
        0.1599,
        0.4104,
        0.2293,
        0.2644,
        0.0969,
        0.4016,
        0.0969,
        0.3726,
        0.4569,
        0.5734,
        0.0969,
        0.3327,
        0.5224,
        0.2104,
        0.1298,
        0.3572,
        0.5323,
        0.5595,
        0.0969,
        0.136,
        0.0969,
        0.4695,
        0.1963,
        0.5163,
        0.4605,
        0.5182
      ],
      [
        0.2608,
        0.3323,
        0.2608,
        0.0496,
        0.0496,
        0.2817,
        0.4422,
        0.1594,
        0.3053,
        0.3947,
        0.0664,
        0.3963,
        0.3256,
        1.0,
        0.3019,
        0.1147,
        0.1094,
        0.5664,
        0.5283,
        0.0496,
        0.1046,
        0.0496,
        0.347,
        0.3491,
        0.4089,
        0.0496,
        0.1449,
        0.3416,
        0.134,
        0.118,
        0.6037,
        0.2668,
        0.502,
        0.0496,
        0.0954,
        0.0496,
        0.2071,
        0.5294,
        0.4539,
        0.3912,
        0.3446
      ],
      [
        0.3371,
        0.4019,
        0.3371,
        0.0685,
        0.0685,
        0.3077,
        0.2698,
        0.0338,
        0.3527,
        0.4173,
        0.0408,
        0.2845,
        0.4146,
        0.3019,
        1.0,
        0.1306,
        0.2814,
        0.2522,
        0.2749,
        0.0685,
        0.2768,
        0.0685,
        0.2407,
        0.3076,
        0.4484,
        0.0685,
        0.2519,
        0.3704,
        0.0448,
        0.0056,
        0.3341,
        0.3905,
        0.452,
        0.0685,
        0.1034,
        0.0685,
        0.3382,
        0.2165,
        0.3774,
        0.3587,
        0.3977
      ],
      [
        0.166,
        0.1608,
        0.166,
        0.0297,
        0.0297,
        0.0852,
        0.0768,
        0.1483,
        0.1459,
        0.1597,
        -0.0069,
        0.1049,
        0.1599,
        0.1147,
        0.1306,
        1.0,
        0.1314,
        0.0629,
        0.0858,
        0.0297,
        0.1376,
        0.0297,
        0.0782,
        0.102,
        0.1618,
        0.0297,
        0.1269,
        0.1381,
        -0.0145,
        0.021,
        0.0937,
        0.16,
        0.1595,
        0.0297,
        0.0634,
        0.0297,
        0.1485,
        0.0352,
        0.1293,
        0.1311,
        0.1566
      ],
      [
        0.3498,
        0.3984,
        0.3498,
        0.0771,
        0.0771,
        0.2272,
        0.0965,
        0.0912,
        0.3342,
        0.3406,
        0.1192,
        0.1379,
        0.4104,
        0.1094,
        0.2814,
        0.1314,
        1.0,
        -0.0638,
        0.0043,
        0.0771,
        0.3853,
        0.0771,
        0.1867,
        0.2712,
        0.378,
        0.0771,
        0.299,
        0.3568,
        0.0937,
        0.0728,
        0.0452,
        0.421,
        0.3166,
        0.0771,
        0.1154,
        0.0771,
        0.3937,
        -0.0953,
        0.2857,
        0.2734,
        0.3654
      ],
      [
        0.1335,
        0.241,
        0.1335,
        0.0258,
        0.0258,
        0.2864,
        0.5698,
        0.0501,
        0.2295,
        0.3487,
        0.0908,
        0.4565,
        0.2293,
        0.5664,
        0.2522,
        0.0629,
        -0.0638,
        1.0,
        0.7079,
        0.0258,
        -0.0789,
        0.0258,
        0.4057,
        0.3636,
        0.3608,
        0.0258,
        0.0122,
        0.2913,
        0.2095,
        0.1458,
        0.8069,
        0.1366,
        0.5188,
        0.0258,
        0.0483,
        0.0258,
        0.064,
        0.7902,
        0.4886,
        0.3914,
        0.2709
      ],
      [
        0.1879,
        0.2728,
        0.1879,
        0.0342,
        0.0342,
        0.2838,
        0.5088,
        0.0931,
        0.258,
        0.3681,
        0.0517,
        0.4317,
        0.2644,
        0.5283,
        0.2749,
        0.0858,
        0.0043,
        0.7079,
        1.0,
        0.0342,
        -0.0057,
        0.0342,
        0.3615,
        0.3404,
        0.3786,
        0.0342,
        0.0687,
        0.3008,
        0.1434,
        0.1056,
        0.72,
        0.1869,
        0.5089,
        0.0342,
        0.0671,
        0.0342,
        0.1198,
        0.6802,
        0.4606,
        0.3863,
        0.2987
      ],
      [
        0.0777,
        0.0958,
        0.0777,
        0.0177,
        0.0177,
        0.0596,
        0.0509,
        0.0259,
        0.0808,
        0.086,
        0.0422,
        0.0503,
        0.0969,
        0.0496,
        0.0685,
        0.0297,
        0.0771,
        0.0258,
        0.0342,
        1.0,
        0.0765,
        0.0177,
        0.0673,
        0.0809,
        0.0952,
        0.0177,
        0.0614,
        0.0922,
        0.0456,
        0.0366,
        0.0494,
        0.0942,
        0.0908,
        0.0177,
        0.0268,
        0.0177,
        0.0852,
        0.0193,
        0.0883,
        0.0771,
        0.0889
      ],
      [
        0.357,
        0.3913,
        0.357,
        0.0765,
        0.0765,
        0.2105,
        0.08,
        0.1359,
        0.3306,
        0.3334,
        0.0998,
        0.1319,
        0.4016,
        0.1046,
        0.2768,
        0.1376,
        0.3853,
        -0.0789,
        -0.0057,
        0.0765,
        1.0,
        0.0765,
        0.1704,
        0.254,
        0.366,
        0.0765,
        0.3054,
        0.3448,
        0.0689,
        0.0683,
        0.0273,
        0.4162,
        0.3031,
        0.0765,
        0.1213,
        0.0765,
        0.3927,
        -0.1154,
        0.2689,
        0.2632,
        0.3588
      ],
      [
        0.0777,
        0.0958,
        0.0777,
        0.0177,
        0.0177,
        0.0596,
        0.0509,
        0.0259,
        0.0808,
        0.086,
        0.0422,
        0.0503,
        0.0969,
        0.0496,
        0.0685,
        0.0297,
        0.0771,
        0.0258,
        0.0342,
        0.0177,
        0.0765,
        1.0,
        0.0673,
        0.0809,
        0.0952,
        0.0177,
        0.0614,
        0.0922,
        0.0456,
        0.0366,
        0.0494,
        0.0942,
        0.0908,
        0.0177,
        0.0268,
        0.0177,
        0.0852,
        0.0193,
        0.0883,
        0.0771,
        0.0889
      ],
      [
        0.2155,
        0.3893,
        0.2155,
        0.0673,
        0.0673,
        0.2658,
        0.454,
        0.1072,
        0.3152,
        0.342,
        0.4576,
        0.3109,
        0.3726,
        0.347,
        0.2407,
        0.0782,
        0.1867,
        0.4057,
        0.3615,
        0.0673,
        0.1704,
        0.0673,
        1.0,
        0.5331,
        0.3963,
        0.0673,
        0.1281,
        0.4615,
        0.5827,
        0.4667,
        0.4932,
        0.3134,
        0.4635,
        0.0673,
        0.0905,
        0.0673,
        0.2597,
        0.4094,
        0.5649,
        0.4012,
        0.3486
      ],
      [
        0.2873,
        0.4634,
        0.2873,
        0.0809,
        0.0809,
        0.3268,
        0.4414,
        0.052,
        0.3791,
        0.4157,
        0.4194,
        0.3258,
        0.4569,
        0.3491,
        0.3076,
        0.102,
        0.2712,
        0.3636,
        0.3404,
        0.0809,
        0.254,
        0.0809,
        0.5331,
        1.0,
        0.4777,
        0.0809,
        0.1957,
        0.5133,
        0.5203,
        0.3921,
        0.4725,
        0.4037,
        0.5198,
        0.0809,
        0.1043,
        0.0809,
        0.3426,
        0.3609,
        0.5867,
        0.4432,
        0.4227
      ],
      [
        0.4332,
        0.5581,
        0.4332,
        0.0952,
        0.0952,
        0.4312,
        0.4054,
        -0.0021,
        0.4804,
        0.5625,
        0.1565,
        0.3883,
        0.5734,
        0.4089,
        0.4484,
        0.1618,
        0.378,
        0.3608,
        0.3786,
        0.0952,
        0.366,
        0.0952,
        0.3963,
        0.4777,
        1.0,
        0.0952,
        0.3208,
        0.5374,
        0.1858,
        0.0925,
        0.4806,
        0.5324,
        0.6272,
        0.0952,
        0.1319,
        0.0952,
        0.4573,
        0.326,
        0.5614,
        0.5044,
        0.5432
      ],
      [
        0.0777,
        0.0958,
        0.0777,
        0.0177,
        0.0177,
        0.0596,
        0.0509,
        0.0259,
        0.0808,
        0.086,
        0.0422,
        0.0503,
        0.0969,
        0.0496,
        0.0685,
        0.0297,
        0.0771,
        0.0258,
        0.0342,
        0.0177,
        0.0765,
        0.0177,
        0.0673,
        0.0809,
        0.0952,
        1.0,
        0.0614,
        0.0922,
        0.0456,
        0.0366,
        0.0494,
        0.0942,
        0.0908,
        0.0177,
        0.0268,
        0.0177,
        0.0852,
        0.0193,
        0.0883,
        0.0771,
        0.0889
      ],
      [
        0.3137,
        0.3248,
        0.3137,
        0.0614,
        0.0614,
        0.1855,
        0.0964,
        0.1523,
        0.2838,
        0.3026,
        0.0153,
        0.1519,
        0.3327,
        0.1449,
        0.2519,
        0.1269,
        0.299,
        0.0122,
        0.0687,
        0.0614,
        0.3054,
        0.0614,
        0.1281,
        0.1957,
        0.3208,
        0.0614,
        1.0,
        0.2776,
        -0.0132,
        0.0101,
        0.0893,
        0.3402,
        0.2845,
        0.0614,
        0.1075,
        0.0614,
        0.3171,
        -0.0285,
        0.229,
        0.2368,
        0.3091
      ],
      [
        0.3748,
        0.5196,
        0.3748,
        0.0922,
        0.0922,
        0.3599,
        0.388,
        0.0662,
        0.4343,
        0.4786,
        0.3118,
        0.329,
        0.5224,
        0.3416,
        0.3704,
        0.1381,
        0.3568,
        0.2913,
        0.3008,
        0.0922,
        0.3448,
        0.0922,
        0.4615,
        0.5133,
        0.5374,
        0.0922,
        0.2776,
        1.0,
        0.3711,
        0.2716,
        0.4137,
        0.4838,
        0.5495,
        0.0922,
        0.1274,
        0.0922,
        0.422,
        0.2709,
        0.5621,
        0.4615,
        0.4837
      ],
      [
        0.0153,
        0.2379,
        0.0153,
        0.0456,
        0.0456,
        0.1264,
        0.3548,
        0.0108,
        0.1549,
        0.1163,
        0.7038,
        0.1308,
        0.2104,
        0.134,
        0.0448,
        -0.0145,
        0.0937,
        0.2095,
        0.1434,
        0.0456,
        0.0689,
        0.0456,
        0.5827,
        0.5203,
        0.1858,
        0.0456,
        -0.0132,
        0.3711,
        1.0,
        0.6886,
        0.2911,
        0.1572,
        0.2389,
        0.0456,
        0.0308,
        0.0456,
        0.1277,
        0.2613,
        0.4735,
        0.2475,
        0.1662
      ],
      [
        0.0462,
        0.1698,
        0.0462,
        0.0366,
        0.0366,
        0.0097,
        0.2565,
        0.3079,
        0.1155,
        0.0592,
        0.5542,
        0.0995,
        0.1298,
        0.118,
        0.0056,
        0.021,
        0.0728,
        0.1458,
        0.1056,
        0.0366,
        0.0683,
        0.0366,
        0.4667,
        0.3921,
        0.0925,
        0.0366,
        0.0101,
        0.2716,
        0.6886,
        1.0,
        0.199,
        0.0994,
        0.1463,
        0.0366,
