{
  "_meta": {
    "generated": "2026-04-02T12:17:09",
    "portfolio_generated": "2026-04-02T12:15:42.691405",
    "n_assets": 39,
    "n_with_returns": 31,
    "covariance_method": "hybrid_shrunk",
    "condition_number": 496.9,
    "pca_factors": 4
  },
  "profiles": {
    "Agressif": {
      "n_assets": 16,
      "weighted_avg_correlation": 0.228,
      "most_correlated": [
        {
          "t1": "MU",
          "t2": "SOXX",
          "corr": 0.8175,
          "w1": 6.2,
          "w2": 7.6,
          "combined_weight": 13.8
        },
        {
          "t1": "VRT",
          "t2": "MU",
          "corr": 0.7859,
          "w1": 4.4,
          "w2": 6.2,
          "combined_weight": 10.6
        },
        {
          "t1": "VRT",
          "t2": "SOXX",
          "corr": 0.7743,
          "w1": 4.4,
          "w2": 7.6,
          "combined_weight": 12.0
        },
        {
          "t1": "SLV",
          "t2": "GLD",
          "corr": 0.7142,
          "w1": 8.0,
          "w2": 6.8,
          "combined_weight": 14.8
        },
        {
          "t1": "NVDA",
          "t2": "SOXX",
          "corr": 0.7137,
          "w1": 3.8,
          "w2": 7.6,
          "combined_weight": 11.4
        },
        {
          "t1": "NVDA",
          "t2": "MU",
          "corr": 0.7031,
          "w1": 3.8,
          "w2": 6.2,
          "combined_weight": 10.0
        },
        {
          "t1": "VRT",
          "t2": "NVDA",
          "corr": 0.6803,
          "w1": 4.4,
          "w2": 3.8,
          "combined_weight": 8.1
        },
        {
          "t1": "SLVP",
          "t2": "SLV",
          "corr": 0.6743,
          "w1": 5.3,
          "w2": 8.0,
          "combined_weight": 13.3
        },
        {
          "t1": "FLKR",
          "t2": "SOXX",
          "corr": 0.6424,
          "w1": 5.6,
          "w2": 7.6,
          "combined_weight": 13.2
        },
        {
          "t1": "BKR",
          "t2": "XLE",
          "corr": 0.6387,
          "w1": 7.1,
          "w2": 3.8,
          "combined_weight": 10.9
        }
      ],
      "least_correlated": [
        {
          "t1": "CF",
          "t2": "MU",
          "corr": -0.0567,
          "w1": 9.2,
          "w2": 6.2,
          "combined_weight": 15.5
        },
        {
          "t1": "CF",
          "t2": "XBI",
          "corr": -0.0652,
          "w1": 9.2,
          "w2": 3.4,
          "combined_weight": 12.7
        },
        {
          "t1": "CF",
          "t2": "INCY",
          "corr": -0.0923,
          "w1": 9.2,
          "w2": 6.2,
          "combined_weight": 15.5
        },
        {
          "t1": "FLKR",
          "t2": "CF",
          "corr": -0.1043,
          "w1": 5.6,
          "w2": 9.2,
          "combined_weight": 14.9
        },
        {
          "t1": "CF",
          "t2": "SLVP",
          "corr": -0.1762,
          "w1": 9.2,
          "w2": 5.3,
          "combined_weight": 14.6
        }
      ],
      "high_corr_high_weight": [
        {
          "t1": "MU",
          "t2": "SOXX",
          "corr": 0.8175,
          "w1": 6.2,
          "w2": 7.6,
          "combined_weight": 13.8
        },
        {
          "t1": "VRT",
          "t2": "MU",
          "corr": 0.7859,
          "w1": 4.4,
          "w2": 6.2,
          "combined_weight": 10.6
        },
        {
          "t1": "VRT",
          "t2": "SOXX",
          "corr": 0.7743,
          "w1": 4.4,
          "w2": 7.6,
          "combined_weight": 12.0
        },
        {
          "t1": "SLV",
          "t2": "GLD",
          "corr": 0.7142,
          "w1": 8.0,
          "w2": 6.8,
          "combined_weight": 14.8
        },
        {
          "t1": "NVDA",
          "t2": "SOXX",
          "corr": 0.7137,
          "w1": 3.8,
          "w2": 7.6,
          "combined_weight": 11.4
        }
      ]
    },
    "Mod\u00e9r\u00e9": {
      "n_assets": 15,
      "weighted_avg_correlation": 0.2601,
      "most_correlated": [
        {
          "t1": "SCHD",
          "t2": "HDV",
          "corr": 0.6648,
          "w1": 6.6,
          "w2": 6.6,
          "combined_weight": 13.2
        },
        {
          "t1": "SCHD",
          "t2": "GGG",
          "corr": 0.6006,
          "w1": 6.6,
          "w2": 4.3,
          "combined_weight": 10.9
        },
        {
          "t1": "SCHD",
          "t2": "XLV",
          "corr": 0.5887,
          "w1": 6.6,
          "w2": 3.2,
          "combined_weight": 9.8
        },
        {
          "t1": "SCHD",
          "t2": "VSS",
          "corr": 0.5827,
          "w1": 6.6,
          "w2": 7.6,
          "combined_weight": 14.2
        },
        {
          "t1": "SCHY",
          "t2": "VSS",
          "corr": 0.5764,
          "w1": 8.3,
          "w2": 7.6,
          "combined_weight": 15.9
        },
        {
          "t1": "RIO",
          "t2": "VSS",
          "corr": 0.567,
          "w1": 7.6,
          "w2": 7.6,
          "combined_weight": 15.2
        },
        {
          "t1": "SCHD",
          "t2": "SCHY",
          "corr": 0.5669,
          "w1": 6.6,
          "w2": 8.3,
          "combined_weight": 14.9
        },
        {
          "t1": "HDV",
          "t2": "XLV",
          "corr": 0.5504,
          "w1": 6.6,
          "w2": 3.2,
          "combined_weight": 9.7
        },
        {
          "t1": "HDV",
          "t2": "GGG",
          "corr": 0.546,
          "w1": 6.6,
          "w2": 4.3,
          "combined_weight": 10.9
        },
        {
          "t1": "SCHY",
          "t2": "HDV",
          "corr": 0.5421,
          "w1": 8.3,
          "w2": 6.6,
          "combined_weight": 14.9
        }
      ],
      "least_correlated": [
        {
          "t1": "STIP",
          "t2": "GLD",
          "corr": 0.0347,
          "w1": 9.0,
          "w2": 8.3,
          "combined_weight": 17.3
        },
        {
          "t1": "VGSH",
          "t2": "ITX",
          "corr": 0.0271,
          "w1": 9.0,
          "w2": 2.6,
          "combined_weight": 11.6
        },
        {
          "t1": "STIP",
          "t2": "ITX",
          "corr": 0.0271,
          "w1": 9.0,
          "w2": 2.6,
          "combined_weight": 11.6
        },
        {
          "t1": "VGSH",
          "t2": "STIP",
          "corr": 0.0187,
          "w1": 9.0,
          "w2": 9.0,
          "combined_weight": 18.0
        },
        {
          "t1": "ITX",
          "t2": "GLD",
          "corr": -0.0113,
          "w1": 2.6,
          "w2": 8.3,
          "combined_weight": 10.9
        }
      ],
      "high_corr_high_weight": []
    },
    "Stable": {
      "n_assets": 16,
      "weighted_avg_correlation": 0.1315,
      "most_correlated": [
        {
          "t1": "SPYV",
          "t2": "XLV",
          "corr": 0.5961,
          "w1": 4.3,
          "w2": 4.4,
          "combined_weight": 8.7
        },
        {
          "t1": "ACWV",
          "t2": "SPYV",
          "corr": 0.5874,
          "w1": 4.7,
          "w2": 4.3,
          "combined_weight": 8.9
        },
        {
          "t1": "ACWV",
          "t2": "XLV",
          "corr": 0.5593,
          "w1": 4.7,
          "w2": 4.4,
          "combined_weight": 9.1
        },
        {
          "t1": "ACWV",
          "t2": "SPLV",
          "corr": 0.5522,
          "w1": 4.7,
          "w2": 4.7,
          "combined_weight": 9.3
        },
        {
          "t1": "SPLV",
          "t2": "SPYV",
          "corr": 0.5469,
          "w1": 4.7,
          "w2": 4.3,
          "combined_weight": 8.9
        },
        {
          "t1": "SPLV",
          "t2": "XLV",
          "corr": 0.5392,
          "w1": 4.7,
          "w2": 4.4,
          "combined_weight": 9.1
        },
        {
          "t1": "SPYV",
          "t2": "GD",
          "corr": 0.5049,
          "w1": 4.3,
          "w2": 3.8,
          "combined_weight": 8.1
        },
        {
          "t1": "EOG",
          "t2": "SPYV",
          "corr": 0.4615,
          "w1": 4.5,
          "w2": 4.3,
          "combined_weight": 8.8
        },
        {
          "t1": "SPLV",
          "t2": "VICI",
          "corr": 0.4565,
          "w1": 4.7,
          "w2": 4.5,
          "combined_weight": 9.2
        },
        {
          "t1": "ACWV",
          "t2": "GD",
          "corr": 0.4551,
          "w1": 4.7,
          "w2": 3.8,
          "combined_weight": 8.5
        }
      ],
      "least_correlated": [
        {
          "t1": "BSV",
          "t2": "VGSH",
          "corr": 0.0187,
          "w1": 10.3,
          "w2": 13.0,
          "combined_weight": 23.3
        },
        {
          "t1": "BSV",
          "t2": "STIP",
          "corr": 0.0187,
          "w1": 10.3,
          "w2": 13.0,
          "combined_weight": 23.3
        },
        {
          "t1": "CLTL",
          "t2": "VGSH",
          "corr": 0.0187,
          "w1": 10.8,
          "w2": 13.0,
          "combined_weight": 23.8
        },
        {
          "t1": "CLTL",
          "t2": "STIP",
          "corr": 0.0187,
          "w1": 10.8,
          "w2": 13.0,
          "combined_weight": 23.8
        },
        {
          "t1": "VGSH",
          "t2": "STIP",
          "corr": 0.0187,
          "w1": 13.0,
          "w2": 13.0,
          "combined_weight": 26.0
        }
      ],
      "high_corr_high_weight": []
    }
  },
  "all_pairs_top_30": [
    {
      "t1": "MU",
      "t2": "SOXX",
      "corr_hybrid": 0.8175,
      "corr_structured": null,
      "cat1": "Act",
      "cat2": "ETF",
      "exp1": null,
      "exp2": "semiconductor",
      "fam1": null,
      "fam2": "sector_tech"
    },
    {
      "t1": "MU",
      "t2": "VRT",
      "corr_hybrid": 0.7859,
      "corr_structured": null,
      "cat1": "Act",
      "cat2": "Act",
      "exp1": null,
      "exp2": null,
      "fam1": null,
      "fam2": null
    },
    {
      "t1": "SOXX",
      "t2": "VRT",
      "corr_hybrid": 0.7743,
      "corr_structured": null,
      "cat1": "ETF",
      "cat2": "Act",
      "exp1": "semiconductor",
      "exp2": null,
      "fam1": "sector_tech",
      "fam2": null
    },
    {
      "t1": "GLD",
      "t2": "SLV",
      "corr_hybrid": 0.7142,
      "corr_structured": 0.85,
      "cat1": "ETF",
      "cat2": "ETF",
      "exp1": "gold_physical",
      "exp2": "silver_physical",
      "fam1": "gold",
      "fam2": "precious_metals"
    },
    {
      "t1": "NVDA",
      "t2": "SOXX",
      "corr_hybrid": 0.7137,
      "corr_structured": null,
      "cat1": "Act",
      "cat2": "ETF",
      "exp1": null,
      "exp2": "semiconductor",
      "fam1": null,
      "fam2": "sector_tech"
    },
    {
      "t1": "MU",
      "t2": "NVDA",
      "corr_hybrid": 0.7031,
      "corr_structured": null,
      "cat1": "Act",
      "cat2": "Act",
      "exp1": null,
      "exp2": null,
      "fam1": null,
      "fam2": null
    },
    {
      "t1": "SCHD",
      "t2": "SPYV",
      "corr_hybrid": 0.6929,
      "corr_structured": 0.8,
      "cat1": "ETF",
      "cat2": "ETF",
      "exp1": "dividend",
      "exp2": "sp500_value",
      "fam1": "factor_dividend",
      "fam2": "factor_value"
    },
    {
      "t1": "EOG",
      "t2": "XLE",
      "corr_hybrid": 0.6872,
      "corr_structured": null,
      "cat1": "Act",
      "cat2": "ETF",
      "exp1": null,
      "exp2": "energy",
      "fam1": null,
      "fam2": "sector_energy"
    },
    {
      "t1": "NVDA",
      "t2": "VRT",
      "corr_hybrid": 0.6803,
      "corr_structured": null,
      "cat1": "Act",
      "cat2": "Act",
      "exp1": null,
      "exp2": null,
      "fam1": null,
      "fam2": null
    },
    {
      "t1": "SLV",
      "t2": "SLVP",
      "corr_hybrid": 0.6743,
      "corr_structured": 0.9,
      "cat1": "ETF",
      "cat2": "ETF",
      "exp1": "silver_physical",
      "exp2": "silver_miners",
      "fam1": "precious_metals",
      "fam2": "precious_metals"
    },
    {
      "t1": "HDV",
      "t2": "SCHD",
      "corr_hybrid": 0.6648,
      "corr_structured": 0.95,
      "cat1": "ETF",
      "cat2": "ETF",
      "exp1": "dividend",
      "exp2": "dividend",
      "fam1": "factor_dividend",
      "fam2": "factor_dividend"
    },
    {
      "t1": "SPYV",
      "t2": "VSS",
      "corr_hybrid": 0.6426,
      "corr_structured": 0.2,
      "cat1": "ETF",
      "cat2": "ETF",
      "exp1": "sp500_value",
      "exp2": "intl_small_cap",
      "fam1": "factor_value",
      "fam2": null
    },
    {
      "t1": "FLKR",
      "t2": "SOXX",
      "corr_hybrid": 0.6424,
      "corr_structured": 0.2,
      "cat1": "ETF",
      "cat2": "ETF",
      "exp1": "south_korea",
      "exp2": "semiconductor",
      "fam1": "em_equity",
      "fam2": "sector_tech"
    },
    {
      "t1": "SOXX",
      "t2": "SPYV",
      "corr_hybrid": 0.6391,
      "corr_structured": 0.2,
      "cat1": "ETF",
      "cat2": "ETF",
      "exp1": "semiconductor",
      "exp2": "sp500_value",
      "fam1": "sector_tech",
      "fam2": "factor_value"
    },
    {
      "t1": "BKR",
      "t2": "XLE",
      "corr_hybrid": 0.6387,
      "corr_structured": null,
      "cat1": "Act",
      "cat2": "ETF",
      "exp1": null,
      "exp2": "energy",
      "fam1": null,
      "fam2": "sector_energy"
    },
    {
      "t1": "HDV",
      "t2": "SPYV",
      "corr_hybrid": 0.6157,
      "corr_structured": 0.8,
      "cat1": "ETF",
      "cat2": "ETF",
      "exp1": "dividend",
      "exp2": "sp500_value",
      "fam1": "factor_dividend",
      "fam2": "factor_value"
    },
    {
      "t1": "SOXX",
      "t2": "VSS",
      "corr_hybrid": 0.6112,
      "corr_structured": 0.2,
      "cat1": "ETF",
      "cat2": "ETF",
      "exp1": "semiconductor",
      "exp2": "intl_small_cap",
      "fam1": "sector_tech",
      "fam2": null
    },
    {
      "t1": "SCHD",
      "t2": "XLE",
      "corr_hybrid": 0.6044,
      "corr_structured": 0.2,
      "cat1": "ETF",
      "cat2": "ETF",
      "exp1": "dividend",
      "exp2": "energy",
      "fam1": "factor_dividend",
      "fam2": "sector_energy"
    },
    {
      "t1": "GGG",
      "t2": "SPYV",
      "corr_hybrid": 0.6034,
      "corr_structured": null,
      "cat1": "Act",
      "cat2": "ETF",
      "exp1": null,
      "exp2": "sp500_value",
      "fam1": null,
      "fam2": "factor_value"
    },
    {
      "t1": "GGG",
      "t2": "SCHD",
      "corr_hybrid": 0.6006,
      "corr_structured": null,
      "cat1": "Act",
      "cat2": "ETF",
      "exp1": null,
      "exp2": "dividend",
      "fam1": null,
      "fam2": "factor_dividend"
    },
    {
      "t1": "ACWV",
      "t2": "SCHD",
      "corr_hybrid": 0.6003,
      "corr_structured": 0.72,
      "cat1": "ETF",
      "cat2": "ETF",
      "exp1": "min_vol",
      "exp2": "dividend",
      "fam1": "factor_min_vol",
      "fam2": "factor_dividend"
    },
    {
      "t1": "BKR",
      "t2": "EOG",
      "corr_hybrid": 0.598,
      "corr_structured": null,
      "cat1": "Act",
      "cat2": "Act",
      "exp1": null,
      "exp2": null,
      "fam1": null,
      "fam2": null
    },
    {
      "t1": "SPYV",
      "t2": "XLV",
      "corr_hybrid": 0.5961,
      "corr_structured": 0.2,
      "cat1": "ETF",
      "cat2": "ETF",
      "exp1": "sp500_value",
      "exp2": "healthcare",
      "fam1": "factor_value",
      "fam2": "sector_healthcare"
    },
    {
      "t1": "FLKR",
      "t2": "MU",
      "corr_hybrid": 0.5947,
      "corr_structured": null,
      "cat1": "ETF",
      "cat2": "Act",
      "exp1": "south_korea",
      "exp2": null,
      "fam1": "em_equity",
      "fam2": null
    },
    {
      "t1": "SCHD",
      "t2": "SPLV",
      "corr_hybrid": 0.5941,
      "corr_structured": 0.82,
      "cat1": "ETF",
      "cat2": "ETF",
      "exp1": "dividend",
      "exp2": "sp500",
      "fam1": "factor_dividend",
      "fam2": "us_equity_large"
    },
    {
      "t1": "BKR",
      "t2": "SCHD",
      "corr_hybrid": 0.5932,
      "corr_structured": null,
      "cat1": "Act",
      "cat2": "ETF",
      "exp1": null,
      "exp2": "dividend",
      "fam1": null,
      "fam2": "factor_dividend"
    },
    {
      "t1": "CF",
      "t2": "EOG",
      "corr_hybrid": 0.5924,
      "corr_structured": null,
      "cat1": "Act",
      "cat2": "Act",
      "exp1": null,
      "exp2": null,
      "fam1": null,
      "fam2": null
    },
    {
      "t1": "SCHD",
      "t2": "XLV",
      "corr_hybrid": 0.5887,
      "corr_structured": 0.2,
      "cat1": "ETF",
      "cat2": "ETF",
      "exp1": "dividend",
      "exp2": "healthcare",
      "fam1": "factor_dividend",
      "fam2": "sector_healthcare"
    },
    {
      "t1": "ACWV",
      "t2": "SPYV",
      "corr_hybrid": 0.5874,
      "corr_structured": 0.2,
      "cat1": "ETF",
      "cat2": "ETF",
      "exp1": "min_vol",
      "exp2": "sp500_value",
      "fam1": "factor_min_vol",
      "fam2": "factor_value"
    },
    {
      "t1": "SPYV",
      "t2": "XBI",
      "corr_hybrid": 0.5839,
      "corr_structured": 0.2,
      "cat1": "ETF",
      "cat2": "ETF",
      "exp1": "sp500_value",
      "exp2": "biotech",
      "fam1": "factor_value",
      "fam2": "sector_healthcare"
    }
  ],
  "all_pairs_bottom_10": [
    {
      "t1": "PAAA",
      "t2": "VRT",
      "corr_hybrid": 0.0137,
      "corr_structured": null,
      "cat1": "Obl",
      "cat2": "Act",
      "exp1": "bonds_clo_aaa",
      "exp2": null,
      "fam1": "bonds_short",
      "fam2": null
    },
    {
      "t1": "SCHO",
      "t2": "VRT",
      "corr_hybrid": 0.0137,
      "corr_structured": null,
      "cat1": "Obl",
      "cat2": "Act",
      "exp1": "bonds_short_treasury",
      "exp2": null,
      "fam1": "bonds_short",
      "fam2": null
    },
    {
      "t1": "SGOV",
      "t2": "VRT",
      "corr_hybrid": 0.0137,
      "corr_structured": null,
      "cat1": "Obl",
      "cat2": "Act",
      "exp1": "bonds_tbill",
      "exp2": null,
      "fam1": "bonds_short",
      "fam2": null
    },
    {
      "t1": "STIP",
      "t2": "VRT",
      "corr_hybrid": 0.0137,
      "corr_structured": null,
      "cat1": "Obl",
      "cat2": "Act",
      "exp1": "bonds_tips",
      "exp2": null,
      "fam1": "bonds_gov",
      "fam2": null
    },
    {
      "t1": "VGSH",
      "t2": "VRT",
      "corr_hybrid": 0.0137,
      "corr_structured": null,
      "cat1": "Obl",
      "cat2": "Act",
      "exp1": "bonds_short_treasury",
      "exp2": null,
      "fam1": "bonds_short",
      "fam2": null
    },
    {
      "t1": "GLD",
      "t2": "ITX",
      "corr_hybrid": -0.0113,
      "corr_structured": null,
      "cat1": "ETF",
      "cat2": "Act",
      "exp1": "gold_physical",
      "exp2": null,
      "fam1": "gold",
      "fam2": null
    },
    {
      "t1": "CF",
      "t2": "XLV",
      "corr_hybrid": -0.0094,
      "corr_structured": null,
      "cat1": "Act",
      "cat2": "ETF",
      "exp1": null,
      "exp2": "healthcare",
      "fam1": null,
      "fam2": "sector_healthcare"
    },
    {
      "t1": "SCHP",
      "t2": "SLV",
      "corr_hybrid": 0.008,
      "corr_structured": 0.2,
      "cat1": "Act",
      "cat2": "ETF",
      "exp1": "bonds_tips",
      "exp2": "silver_physical",
      "fam1": "bonds_gov",
      "fam2": "precious_metals"
    },
    {
      "t1": "CF",
      "t2": "SOXX",
      "corr_hybrid": 0.0063,
      "corr_structured": null,
      "cat1": "Act",
      "cat2": "ETF",
      "exp1": null,
      "exp2": "semiconductor",
      "fam1": null,
      "fam2": "sector_tech"
    },
    {
      "t1": "JNJ",
      "t2": "NVDA",
      "corr_hybrid": 0.0018,
      "corr_structured": null,
      "cat1": "Act",
      "cat2": "Act",
      "exp1": null,
      "exp2": null,
      "fam1": null,
      "fam2": null
    }
  ],
  "correlation_matrix": {
    "tickers": [
      "ACWV",
      "BKR",
      "BKW",
      "BSV",
      "CF",
      "CLTL",
      "EOG",
      "FLKR",
      "GD",
      "GGG",
      "GLD",
      "HDV",
      "INCY",
      "ITX",
      "JNJ",
      "MU",
      "NVDA",
      "PAAA",
      "PG",
      "REMX",
      "RIO",
      "SCHD",
      "SCHO",
      "SCHP",
      "SCHY",
      "SGOV",
      "SLV",
      "SLVP",
      "SOXX",
      "SPLV",
      "SPYV",
      "STIP",
      "VGSH",
      "VICI",
      "VRT",
      "VSS",
      "XBI",
      "XLE",
      "XLV"
    ],
    "matrix": [
      [
        1.0,
        0.427,
        0.3718,
        0.1016,
        0.0812,
        0.1016,
        0.3276,
        0.3691,
        0.4551,
        0.5171,
        0.1651,
        0.5766,
        0.4267,
        0.1557,
        0.3937,
        0.2483,
        0.2529,
        0.1016,
        0.3954,
        0.3973,
        0.4338,
        0.6003,
        0.1016,
        0.2424,
        0.5447,
        0.1016,
        0.1946,
        0.2327,
        0.3795,
        0.5522,
        0.5874,
        0.1016,
        0.1016,
        0.4391,
        0.1702,
        0.5367,
        0.5047,
        0.4112,
        0.5593
      ],
      [
        0.427,
        1.0,
        0.3537,
        0.0719,
        0.4098,
        0.0719,
        0.598,
        0.3473,
        0.4399,
        0.4711,
        0.1635,
        0.5296,
        0.2763,
        0.0999,
        0.2129,
        0.4037,
        0.4207,
        0.0719,
        0.204,
        0.3818,
        0.4463,
        0.5932,
        0.0719,
        0.1824,
        0.4205,
        0.0719,
        0.225,
        0.0473,
        0.5031,
        0.4153,
        0.5775,
        0.0719,
        0.0719,
        0.3551,
        0.4174,
        0.4871,
        0.3793,
        0.6387,
        0.3957
      ],
      [
        0.3718,
        0.3537,
        1.0,
        0.0674,
        0.2055,
        0.0674,
        0.3397,
        0.176,
        0.3356,
        0.3611,
        0.0484,
        0.4261,
        0.2633,
        0.1004,
        0.2661,
        0.1183,
        0.1529,
        0.0674,
        0.2717,
        0.2069,
        0.2631,
        0.4432,
        0.0674,
        0.183,
        0.3348,
        0.0674,
        0.049,
        0.0237,
        0.2124,
        0.388,
        0.3968,
        0.0674,
        0.0674,
        0.3238,
        0.086,
        0.3129,
        0.2944,
        0.3794,
        0.3568
      ],
      [
        0.1016,
        0.0719,
        0.0674,
        1.0,
        0.0186,
        0.0187,
        0.0569,
        0.0562,
        0.0813,
        0.0887,
        0.0347,
        0.1043,
        0.0727,
        0.0271,
        0.0755,
        0.0267,
        0.0304,
        0.0187,
        0.0766,
        0.0687,
        0.0763,
        0.105,
        0.0187,
        0.0453,
        0.0972,
        0.0187,
        0.0387,
        0.0454,
        0.0521,
        0.1013,
        0.0985,
        0.0187,
        0.0187,
        0.082,
        0.0137,
        0.0915,
        0.0853,
        0.0714,
        0.0982
      ],
      [
        0.0812,
        0.4098,
        0.2055,
        0.0186,
        1.0,
        0.0186,
        0.5924,
        -0.1043,
        0.2182,
        0.1213,
        0.1295,
        0.2666,
        -0.0923,
        -0.021,
        0.0418,
        -0.0567,
        0.0455,
        0.0186,
        0.0461,
        0.0745,
        0.1763,
        0.2623,
        0.0186,
        0.0879,
        0.0598,
        0.0186,
        0.1456,
        -0.1762,
        0.0063,
        0.1395,
        0.1406,
        0.0186,
        0.0186,
        0.1874,
        0.0685,
        0.0614,
        -0.0652,
        0.5493,
        -0.0094
      ],
      [
        0.1016,
        0.0719,
        0.0674,
        0.0187,
        0.0186,
        1.0,
        0.0569,
        0.0562,
        0.0813,
        0.0887,
        0.0347,
        0.1043,
        0.0727,
        0.0271,
        0.0755,
        0.0267,
        0.0304,
        0.0187,
        0.0766,
        0.0687,
        0.0763,
        0.105,
        0.0187,
        0.0453,
        0.0972,
        0.0187,
        0.0387,
        0.0454,
        0.0521,
        0.1013,
        0.0985,
        0.0187,
        0.0187,
        0.082,
        0.0137,
        0.0915,
        0.0853,
        0.0714,
        0.0982
      ],
      [
        0.3276,
        0.598,
        0.3397,
        0.0569,
        0.5924,
        0.0569,
        1.0,
        0.1832,
        0.4003,
        0.3834,
        0.1326,
        0.484,
        0.1556,
        0.0622,
        0.1646,
        0.2521,
        0.3119,
        0.0569,
        0.1615,
        0.272,
        0.3661,
        0.5294,
        0.0569,
        0.1677,
        0.306,
        0.0569,
        0.1741,
        -0.0846,
        0.3463,
        0.3494,
        0.4615,
        0.0569,
        0.0569,
        0.3279,
        0.3133,
        0.3482,
        0.2295,
        0.6872,
        0.2703
      ],
      [
        0.3691,
        0.3473,
        0.176,
        0.0562,
        -0.1043,
        0.0562,
        0.1832,
        1.0,
        0.2828,
        0.3867,
        0.2107,
        0.3233,
        0.3293,
        0.1041,
        0.1341,
        0.5947,
        0.5047,
        0.0562,
        0.1108,
        0.4603,
        0.4256,
        0.4041,
        0.0562,
        0.0862,
        0.4197,
        0.0562,
        0.3117,
        0.3171,
        0.6424,
        0.2805,
        0.5206,
        0.0562,
        0.0562,
        0.1887,
        0.5363,
        0.544,
        0.4688,
        0.2639,
        0.3965
      ],
      [
        0.4551,
        0.4399,
        0.3356,
        0.0813,
        0.2182,
        0.0813,
        0.4003,
        0.2828,
        1.0,
        0.4399,
        0.1341,
        0.5066,
        0.3191,
        0.1182,
        0.3012,
        0.2238,
        0.245,
        0.0813,
        0.302,
        0.3239,
        0.3751,
        0.5342,
        0.0813,
        0.2044,
        0.4331,
        0.0813,
        0.1619,
        0.1169,
        0.3345,
        0.4542,
        0.5049,
        0.0813,
        0.0813,
        0.3752,
        0.1894,
        0.437,
        0.3867,
        0.4556,
        0.4356
      ],
      [
        0.5171,
        0.4711,
        0.3611,
        0.0887,
        0.1213,
        0.0887,
        0.3834,
        0.3867,
        0.4399,
        1.0,
        0.0669,
        0.546,
        0.4163,
        0.1498,
        0.3225,
        0.3575,
        0.3541,
        0.0887,
        0.3203,
        0.3519,
        0.3949,
        0.6006,
        0.0887,
        0.2199,
        0.4894,
        0.0887,
        0.0939,
        0.1046,
        0.4651,
        0.5006,
        0.6034,
        0.0887,
        0.0887,
        0.3929,
        0.2862,
        0.5089,
        0.4874,
        0.4566,
        0.526
      ],
      [
        0.1651,
        0.1635,
        0.0484,
        0.0347,
        0.1295,
        0.0347,
        0.1326,
        0.2107,
        0.1341,
        0.0669,
        1.0,
        0.159,
        -0.0194,
        -0.0113,
        0.0813,
        0.0905,
        0.0698,
        0.0347,
        0.0658,
        0.4441,
        0.4092,
        0.1226,
        0.0347,
        0.0188,
        0.2652,
        0.0347,
        0.7142,
        0.5519,
        0.1572,
        0.1133,
        0.1443,
        0.0347,
        0.0347,
        0.1192,
        0.1572,
        0.3375,
        0.1356,
        0.1642,
        0.0839
      ],
      [
        0.5766,
        0.5296,
        0.4261,
        0.1043,
        0.2666,
        0.1043,
        0.484,
        0.3233,
        0.5066,
        0.546,
        0.159,
        1.0,
        0.4019,
        0.1506,
        0.4002,
        0.2237,
        0.2589,
        0.1043,
        0.4043,
        0.3854,
        0.4531,
        0.6648,
        0.1043,
        0.266,
        0.5421,
        0.1043,
        0.1834,
        0.1432,
        0.3679,
        0.5835,
        0.6157,
        0.1043,
        0.1043,
        0.4834,
        0.1759,
        0.5287,
        0.476,
        0.5532,
        0.5504
      ],
      [
        0.4267,
        0.2763,
        0.2633,
        0.0727,
        -0.0923,
        0.0727,
        0.1556,
        0.3293,
        0.3191,
        0.4163,
        -0.0194,
        0.4019,
        1.0,
        0.1396,
        0.2848,
        0.278,
        0.2558,
        0.0727,
        0.2852,
        0.245,
        0.2605,
        0.4454,
        0.0727,
        0.1761,
        0.3963,
        0.0727,
        -0.0161,
        0.1022,
        0.3558,
        0.4062,
        0.4692,
        0.0727,
        0.0727,
        0.2977,
        0.174,
        0.3941,
        0.4297,
        0.2294,
        0.4623
      ],
      [
        0.1557,
        0.0999,
        0.1004,
        0.0271,
        -0.021,
        0.0271,
        0.0622,
        0.1041,
        0.1182,
        0.1498,
        -0.0113,
        0.1506,
        0.1396,
        1.0,
        0.1099,
        0.0793,
        0.0765,
        0.0271,
        0.1113,
        0.0796,
        0.0889,
        0.1631,
        0.0271,
        0.0682,
        0.1413,
        0.0271,
        -0.0141,
        0.0277,
        0.1099,
        0.1526,
        0.1648,
        0.0271,
        0.0271,
        0.1144,
        0.0427,
        0.1341,
        0.1489,
        0.0874,
        0.1665
      ],
      [
        0.3937,
        0.2129,
        0.2661,
        0.0755,
        0.0418,
        0.0755,
        0.1646,
        0.1341,
        0.3012,
        0.3225,
        0.0813,
        0.4002,
        0.2848,
        0.1099,
        1.0,
        -0.0322,
        0.0018,
        0.0755,
        0.3483,
        0.1927,
        0.2306,
        0.3818,
        0.0755,
        0.1941,
        0.3559,
        0.0755,
        0.0661,
        0.1402,
        0.0736,
        0.4128,
        0.3289,
        0.0755,
        0.0755,
        0.3361,
        -0.0974,
        0.2889,
        0.3001,
        0.2182,
        0.3815
      ],
      [
        0.2483,
        0.4037,
        0.1183,
        0.0267,
        -0.0567,
        0.0267,
        0.2521,
        0.5947,
        0.2238,
        0.3575,
        0.0905,
        0.2237,
        0.278,
        0.0793,
        -0.0322,
        1.0,
        0.7031,
        0.0267,
        -0.0666,
        0.4097,
        0.3716,
        0.3604,
        0.0267,
        0.0176,
        0.3063,
        0.0267,
        0.2057,
        0.1466,
        0.8175,
        0.1409,
        0.5232,
        0.0267,
        0.0267,
        0.0665,
        0.7859,
        0.5007,
        0.4231,
        0.3138,
        0.3
      ],
      [
        0.2529,
        0.4207,
        0.1529,
        0.0304,
        0.0455,
        0.0304,
        0.3119,
        0.5047,
        0.245,
        0.3541,
        0.0698,
        0.2589,
        0.2558,
        0.0765,
        0.0018,
        0.7031,
        1.0,
        0.0304,
        -0.0258,
        0.3595,
        0.3461,
        0.3785,
        0.0304,
        0.0435,
        0.2914,
        0.0304,
        0.1641,
        0.0823,
        0.7137,
        0.1719,
        0.4979,
        0.0304,
        0.0304,
        0.1068,
        0.6803,
        0.4518,
        0.3788,
        0.3624,
        0.289
      ],
      [
        0.1016,
        0.0719,
        0.0674,
        0.0187,
        0.0186,
        0.0187,
        0.0569,
        0.0562,
        0.0813,
        0.0887,
        0.0347,
        0.1043,
        0.0727,
        0.0271,
        0.0755,
        0.0267,
        0.0304,
        1.0,
        0.0766,
        0.0687,
        0.0763,
        0.105,
        0.0187,
        0.0453,
        0.0972,
        0.0187,
        0.0387,
        0.0454,
        0.0521,
        0.1013,
        0.0985,
        0.0187,
        0.0187,
        0.082,
        0.0137,
        0.0915,
        0.0853,
        0.0714,
        0.0982
      ],
      [
        0.3954,
        0.204,
        0.2717,
        0.0766,
        0.0461,
        0.0766,
        0.1615,
        0.1108,
        0.302,
        0.3203,
        0.0658,
        0.4043,
        0.2852,
        0.1113,
        0.3483,
        -0.0666,
        -0.0258,
        0.0766,
        1.0,
        0.1732,
        0.2154,
        0.3812,
        0.0766,
        0.2008,
        0.3511,
        0.0766,
        0.0424,
        0.124,
        0.0419,
        0.4209,
        0.3189,
        0.0766,
        0.0766,
        0.3443,
        -0.134,
        0.2725,
        0.2917,
        0.2137,
        0.3825
      ],
      [
        0.3973,
        0.3818,
        0.2069,
        0.0687,
        0.0745,
        0.0687,
        0.272,
        0.4603,
        0.3239,
        0.3519,
        0.4441,
        0.3854,
        0.245,
        0.0796,
        0.1927,
        0.4097,
        0.3595,
        0.0687,
        0.1732,
        1.0,
        0.529,
        0.4154,
        0.0687,
        0.1098,
        0.4682,
        0.0687,
        0.5684,
        0.4753,
        0.4987,
        0.3257,
        0.4774,
        0.0687,
        0.0687,
        0.2604,
        0.4049,
        0.5693,
        0.4138,
        0.3443,
        0.3641
      ],
      [
        0.4338,
        0.4463,
        0.2631,
        0.0763,
        0.1763,
        0.0763,
        0.3661,
        0.4256,
        0.3751,
        0.3949,
        0.4092,
        0.4531,
        0.2605,
        0.0889,
        0.2306,
        0.3716,
        0.3461,
        0.0763,
        0.2154,
        0.529,
        1.0,
        0.4816,
        0.0763,
        0.1441,
        0.4849,
        0.0763,
        0.5184,
        0.4015,
        0.4759,
        0.3813,
        0.5127,
        0.0763,
        0.0763,
        0.3153,
        0.3726,
        0.567,
        0.4159,
        0.4333,
        0.3926
      ],
      [
        0.6003,
        0.5932,
        0.4432,
        0.105,
        0.2623,
        0.105,
        0.5294,
        0.4041,
        0.5342,
        0.6006,
        0.1226,
        0.6648,
        0.4454,
        0.1631,
        0.3818,
        0.3604,
        0.3785,
        0.105,
        0.3812,
        0.4154,
        0.4816,
        1.0,
        0.105,
        0.2662,
        0.5669,
        0.105,
        0.1563,
        0.1107,
        0.4974,
        0.5941,
        0.6929,
        0.105,
        0.105,
        0.483,
        0.3045,
        0.5827,
        0.5313,
        0.6044,
        0.5887
      ],
      [
        0.1016,
        0.0719,
        0.0674,
        0.0187,
        0.0186,
        0.0187,
        0.0569,
        0.0562,
        0.0813,
        0.0887,
        0.0347,
        0.1043,
        0.0727,
        0.0271,
        0.0755,
        0.0267,
        0.0304,
        0.0187,
        0.0766,
        0.0687,
        0.0763,
        0.105,
        1.0,
        0.0453,
        0.0972,
        0.0187,
        0.0387,
        0.0454,
        0.0521,
        0.1013,
        0.0985,
        0.0187,
        0.0187,
        0.082,
        0.0137,
        0.0915,
        0.0853,
        0.0714,
        0.0982
      ],
      [
        0.2424,
        0.1824,
        0.183,
        0.0453,
        0.0879,
        0.0453,
        0.1677,
        0.0862,
        0.2044,
        0.2199,
        0.0188,
        0.266,
        0.1761,
        0.0682,
        0.1941,
        0.0176,
        0.0435,
        0.0453,
        0.2008,
        0.1098,
        0.1441,
        0.2662,
        0.0453,
        1.0,
        0.2129,
        0.0453,
        0.008,
        0.0256,
        0.0811,
        0.2579,
        0.2296,
        0.0453,
        0.0453,
        0.2131,
        -0.0146,
        0.1796,
        0.1841,
        0.1956,
        0.2351
      ],
      [
        0.5447,
        0.4205,
        0.3348,
        0.0972,
        0.0598,
        0.0972,
        0.306,
        0.4197,
        0.4331,
        0.4894,
        0.2652,
        0.5421,
        0.3963,
        0.1413,
        0.3559,
        0.3063,
        0.2914,
        0.0972,
        0.3511,
        0.4682,
        0.4849,
        0.5669,
        0.0972,
        0.2129,
        1.0,
        0.0972,
        0.3258,
        0.3364,
        0.4312,
        0.5106,
        0.5794,
        0.0972,
        0.0972,
        0.4045,
        0.2427,
        0.5764,
        0.5068,
        0.3927,
        0.5311
      ],
      [
        0.1016,
        0.0719,
        0.0674,
        0.0187,
        0.0186,
        0.0187,
        0.0569,
        0.0562,
        0.0813,
        0.0887,
        0.0347,
        0.1043,
        0.0727,
        0.0271,
        0.0755,
        0.0267,
        0.0304,
        0.0187,
        0.0766,
        0.0687,
        0.0763,
        0.105,
        0.0187,
        0.0453,
        0.0972,
        1.0,
        0.0387,
        0.0454,
        0.0521,
        0.1013,
        0.0985,
        0.0187,
        0.0187,
        0.082,
        0.0137,
        0.0915,
        0.0853,
        0.0714,
        0.0982
      ],
      [
        0.1946,
        0.225,
        0.049,
        0.0387,
        0.1456,
        0.0387,
        0.1741,
        0.3117,
        0.1619,
        0.0939,
        0.7142,
        0.1834,
        -0.0161,
        -0.0141,
        0.0661,
        0.2057,
        0.1641,
        0.0387,
        0.0424,
        0.5684,
        0.5184,
        0.1563,
        0.0387,
        0.008,
        0.3258,
        0.0387,
        1.0,
        0.6743,
        0.277,
        0.1178,
        0.2059,
        0.0387,
        0.0387,
        0.123,
        0.2879,
        0.4412,
        0.1869,
        0.2149,
        0.1031
      ],
      [
        0.2327,
        0.0473,
        0.0237,
        0.0454,
        -0.1762,
        0.0454,
        -0.0846,
        0.3171,
        0.1169,
        0.1046,
        0.5519,
        0.1432,
        0.1022,
        0.0277,
        0.1402,
        0.1466,
        0.0823,
        0.0454,
        0.124,
        0.4753,
        0.4015,
        0.1107,
        0.0454,
        0.0256,
        0.3364,
        0.0454,
        0.6743,
        1.0,
        0.2097,
        0.1541,
        0.1826,
        0.0454,
        0.0454,
        0.1168,
        0.1398,
        0.4013,
        0.2554,
        -0.018,
        0.1919
      ],
      [
        0.3795,
        0.5031,
        0.2124,
        0.0521,
        0.0063,
        0.0521,
        0.3463,
        0.6424,
        0.3345,
        0.4651,
        0.1572,
        0.3679,
        0.3558,
        0.1099,
        0.0736,
        0.8175,
        0.7137,
        0.0521,
        0.0419,
        0.4987,
        0.4759,
        0.4974,
        0.0521,
        0.0811,
        0.4312,
        0.0521,
        0.277,
        0.2097,
        1.0,
        0.2778,
        0.6391,
        0.0521,
        0.0521,
        0.184,
        0.7743,
        0.6112,
        0.5168,
        0.4231,
        0.4174
      ],
      [
        0.5522,
        0.4153,
        0.388,
        0.1013,
        0.1395,
        0.1013,
        0.3494,
        0.2805,
        0.4542,
        0.5006,
        0.1133,
        0.5835,
        0.4062,
        0.1526,
        0.4128,
        0.1409,
        0.1719,
        0.1013,
        0.4209,
        0.3257,
        0.3813,
        0.5941,
        0.1013,
        0.2579,
        0.5106,
        0.1013,
        0.1178,
        0.1541,
        0.2778,
        1.0,
        0.5469,
        0.1013,
        0.1013,
        0.4565,
        0.0675,
        0.47,
        0.456,
        0.4223,
        0.5392
      ],
      [
        0.5874,
        0.5775,
        0.3968,
        0.0985,
        0.1406,
        0.0985,
        0.4615,
        0.5206,
        0.5049,
        0.6034,
        0.1443,
        0.6157,
        0.4692,
        0.1648,
        0.3289,
        0.5232,
        0.4979,
        0.0985,
        0.3189,
        0.4774,
        0.5127,
        0.6929,
        0.0985,
        0.2296,
        0.5794,
        0.0985,
        0.2059,
        0.1826,
        0.6391,
        0.5469,
        1.0,
        0.0985,
        0.0985,
        0.4257,
        0.4537,
        0.6426,
        0.5839,
        0.5492,
        0.5961
      ],
      [
        0.1016,
