{
  "_meta": {
    "generated": "2026-05-29T16:57:49",
    "portfolio_generated": "2026-05-29T16:53:46.704962",
    "n_assets": 41,
    "n_with_returns": 30,
    "covariance_method": "hybrid_shrunk",
    "condition_number": 285.28,
    "pca_factors": 6
  },
  "profiles": {
    "Agressif": {
      "n_assets": 16,
      "weighted_avg_correlation": 0.2788,
      "most_correlated": [
        {
          "t1": "XCEM",
          "t2": "SOXX",
          "corr": 0.781,
          "w1": 8.7,
          "w2": 6.8,
          "combined_weight": 15.5
        },
        {
          "t1": "FLKR",
          "t2": "XCEM",
          "corr": 0.7762,
          "w1": 5.0,
          "w2": 8.7,
          "combined_weight": 13.7
        },
        {
          "t1": "XLK",
          "t2": "SOXX",
          "corr": 0.7754,
          "w1": 4.4,
          "w2": 6.8,
          "combined_weight": 11.2
        },
        {
          "t1": "FLKR",
          "t2": "SOXX",
          "corr": 0.7725,
          "w1": 5.0,
          "w2": 6.8,
          "combined_weight": 11.8
        },
        {
          "t1": "XLK",
          "t2": "XCEM",
          "corr": 0.7402,
          "w1": 4.4,
          "w2": 8.7,
          "combined_weight": 13.0
        },
        {
          "t1": "FLKR",
          "t2": "XLK",
          "corr": 0.7338,
          "w1": 5.0,
          "w2": 4.4,
          "combined_weight": 9.4
        },
        {
          "t1": "PICK",
          "t2": "XCEM",
          "corr": 0.7232,
          "w1": 9.3,
          "w2": 8.7,
          "combined_weight": 18.0
        },
        {
          "t1": "FLKR",
          "t2": "PICK",
          "corr": 0.6826,
          "w1": 5.0,
          "w2": 9.3,
          "combined_weight": 14.3
        },
        {
          "t1": "PICK",
          "t2": "SOXX",
          "corr": 0.6644,
          "w1": 9.3,
          "w2": 6.8,
          "combined_weight": 16.1
        },
        {
          "t1": "ICLN",
          "t2": "SOXX",
          "corr": 0.6483,
          "w1": 4.5,
          "w2": 6.8,
          "combined_weight": 11.4
        }
      ],
      "least_correlated": [
        {
          "t1": "FLTR",
          "t2": "GLD",
          "corr": 0.0397,
          "w1": 5.6,
          "w2": 7.3,
          "combined_weight": 12.8
        },
        {
          "t1": "PAAA",
          "t2": "GLD",
          "corr": 0.0397,
          "w1": 5.6,
          "w2": 7.3,
          "combined_weight": 12.8
        },
        {
          "t1": "FSLR",
          "t2": "FLTR",
          "corr": 0.029,
          "w1": 6.0,
          "w2": 5.6,
          "combined_weight": 11.6
        },
        {
          "t1": "FSLR",
          "t2": "PAAA",
          "corr": 0.029,
          "w1": 6.0,
          "w2": 5.6,
          "combined_weight": 11.6
        },
        {
          "t1": "FLTR",
          "t2": "PAAA",
          "corr": 0.0238,
          "w1": 5.6,
          "w2": 5.6,
          "combined_weight": 11.2
        }
      ],
      "high_corr_high_weight": [
        {
          "t1": "XCEM",
          "t2": "SOXX",
          "corr": 0.781,
          "w1": 8.7,
          "w2": 6.8,
          "combined_weight": 15.5
        },
        {
          "t1": "FLKR",
          "t2": "XCEM",
          "corr": 0.7762,
          "w1": 5.0,
          "w2": 8.7,
          "combined_weight": 13.7
        },
        {
          "t1": "XLK",
          "t2": "SOXX",
          "corr": 0.7754,
          "w1": 4.4,
          "w2": 6.8,
          "combined_weight": 11.2
        },
        {
          "t1": "FLKR",
          "t2": "SOXX",
          "corr": 0.7725,
          "w1": 5.0,
          "w2": 6.8,
          "combined_weight": 11.8
        },
        {
          "t1": "XLK",
          "t2": "XCEM",
          "corr": 0.7402,
          "w1": 4.4,
          "w2": 8.7,
          "combined_weight": 13.0
        }
      ]
    },
    "Mod\u00e9r\u00e9": {
      "n_assets": 15,
      "weighted_avg_correlation": 0.1512,
      "most_correlated": [
        {
          "t1": "FNDX",
          "t2": "FNDF",
          "corr": 0.629,
          "w1": 8.4,
          "w2": 8.2,
          "combined_weight": 16.5
        },
        {
          "t1": "FNDF",
          "t2": "DIVB",
          "corr": 0.5591,
          "w1": 8.2,
          "w2": 4.6,
          "combined_weight": 12.8
        },
        {
          "t1": "FNDX",
          "t2": "DIVB",
          "corr": 0.5465,
          "w1": 8.4,
          "w2": 4.6,
          "combined_weight": 13.0
        },
        {
          "t1": "SCHD",
          "t2": "DIVB",
          "corr": 0.4809,
          "w1": 9.2,
          "w2": 4.6,
          "combined_weight": 13.8
        },
        {
          "t1": "SCHD",
          "t2": "FNDX",
          "corr": 0.4768,
          "w1": 9.2,
          "w2": 8.4,
          "combined_weight": 17.6
        },
        {
          "t1": "SCHD",
          "t2": "FNDF",
          "corr": 0.4437,
          "w1": 9.2,
          "w2": 8.2,
          "combined_weight": 17.4
        },
        {
          "t1": "FNDX",
          "t2": "XLV",
          "corr": 0.3983,
          "w1": 8.4,
          "w2": 3.1,
          "combined_weight": 11.5
        },
        {
          "t1": "FNDF",
          "t2": "XLV",
          "corr": 0.3964,
          "w1": 8.2,
          "w2": 3.1,
          "combined_weight": 11.3
        },
        {
          "t1": "SCHD",
          "t2": "XLV",
          "corr": 0.3935,
          "w1": 9.2,
          "w2": 3.1,
          "combined_weight": 12.3
        },
        {
          "t1": "DIVB",
          "t2": "XLV",
          "corr": 0.3917,
          "w1": 4.6,
          "w2": 3.1,
          "combined_weight": 7.7
        }
      ],
      "least_correlated": [
        {
          "t1": "EOG",
          "t2": "GLD",
          "corr": -0.0423,
          "w1": 5.7,
          "w2": 5.2,
          "combined_weight": 10.9
        },
        {
          "t1": "ITX",
          "t2": "DIVB",
          "corr": -0.061,
          "w1": 4.9,
          "w2": 4.6,
          "combined_weight": 9.5
        },
        {
          "t1": "FNDX",
          "t2": "ITX",
          "corr": -0.0632,
          "w1": 8.4,
          "w2": 4.9,
          "combined_weight": 13.3
        },
        {
          "t1": "ITX",
          "t2": "XLV",
          "corr": -0.0887,
          "w1": 4.9,
          "w2": 3.1,
          "combined_weight": 8.0
        },
        {
          "t1": "SCHD",
          "t2": "ITX",
          "corr": -0.0992,
          "w1": 9.2,
          "w2": 4.9,
          "combined_weight": 14.1
        }
      ],
      "high_corr_high_weight": []
    },
    "Stable": {
      "n_assets": 15,
      "weighted_avg_correlation": 0.1248,
      "most_correlated": [
        {
          "t1": "ACWV",
          "t2": "SPYV",
          "corr": 0.443,
          "w1": 6.4,
          "w2": 4.6,
          "combined_weight": 11.0
        },
        {
          "t1": "VICI",
          "t2": "SUNPHARMA",
          "corr": 0.4168,
          "w1": 5.7,
          "w2": 5.1,
          "combined_weight": 10.7
        },
        {
          "t1": "SUNPHARMA",
          "t2": "KO",
          "corr": 0.4108,
          "w1": 5.1,
          "w2": 5.1,
          "combined_weight": 10.1
        },
        {
          "t1": "CS",
          "t2": "GLD",
          "corr": 0.3905,
          "w1": 5.1,
          "w2": 4.1,
          "combined_weight": 9.2
        },
        {
          "t1": "SPYV",
          "t2": "XLV",
          "corr": 0.3813,
          "w1": 4.6,
          "w2": 4.1,
          "combined_weight": 8.7
        },
        {
          "t1": "PG",
          "t2": "SUNPHARMA",
          "corr": 0.3792,
          "w1": 5.0,
          "w2": 5.1,
          "combined_weight": 10.0
        },
        {
          "t1": "PG",
          "t2": "KO",
          "corr": 0.3787,
          "w1": 5.0,
          "w2": 5.1,
          "combined_weight": 10.0
        },
        {
          "t1": "GD",
          "t2": "SUNPHARMA",
          "corr": 0.374,
          "w1": 5.0,
          "w2": 5.1,
          "combined_weight": 10.0
        },
        {
          "t1": "VICI",
          "t2": "KO",
          "corr": 0.3622,
          "w1": 5.7,
          "w2": 5.1,
          "combined_weight": 10.7
        },
        {
          "t1": "ACWV",
          "t2": "XLV",
          "corr": 0.3575,
          "w1": 6.4,
          "w2": 4.1,
          "combined_weight": 10.5
        }
      ],
      "least_correlated": [
        {
          "t1": "CLTL",
          "t2": "BSV",
          "corr": 0.0238,
          "w1": 11.8,
          "w2": 9.2,
          "combined_weight": 21.0
        },
        {
          "t1": "CLTL",
          "t2": "STIP",
          "corr": 0.0238,
          "w1": 11.8,
          "w2": 13.0,
          "combined_weight": 24.8
        },
        {
          "t1": "VGSH",
          "t2": "BSV",
          "corr": 0.0238,
          "w1": 10.5,
          "w2": 9.2,
          "combined_weight": 19.7
        },
        {
          "t1": "VGSH",
          "t2": "STIP",
          "corr": 0.0238,
          "w1": 10.5,
          "w2": 13.0,
          "combined_weight": 23.5
        },
        {
          "t1": "BSV",
          "t2": "STIP",
          "corr": 0.0238,
          "w1": 9.2,
          "w2": 13.0,
          "combined_weight": 22.2
        }
      ],
      "high_corr_high_weight": []
    }
  },
  "all_pairs_top_30": [
    {
      "t1": "SOXX",
      "t2": "XCEM",
      "corr_hybrid": 0.781,
      "corr_structured": 0.2,
      "cat1": "ETF",
      "cat2": "ETF",
      "exp1": "semiconductor",
      "exp2": "emerging_markets",
      "fam1": "sector_tech",
      "fam2": "em_equity"
    },
    {
      "t1": "FLKR",
      "t2": "XCEM",
      "corr_hybrid": 0.7762,
      "corr_structured": 0.9,
      "cat1": "ETF",
      "cat2": "ETF",
      "exp1": "south_korea",
      "exp2": "emerging_markets",
      "fam1": "em_equity",
      "fam2": "em_equity"
    },
    {
      "t1": "SOXX",
      "t2": "XLK",
      "corr_hybrid": 0.7754,
      "corr_structured": 0.9,
      "cat1": "ETF",
      "cat2": "ETF",
      "exp1": "semiconductor",
      "exp2": "tech",
      "fam1": "sector_tech",
      "fam2": "sector_tech"
    },
    {
      "t1": "FLKR",
      "t2": "SOXX",
      "corr_hybrid": 0.7725,
      "corr_structured": 0.2,
      "cat1": "ETF",
      "cat2": "ETF",
      "exp1": "south_korea",
      "exp2": "semiconductor",
      "fam1": "em_equity",
      "fam2": "sector_tech"
    },
    {
      "t1": "XCEM",
      "t2": "XLK",
      "corr_hybrid": 0.7402,
      "corr_structured": 0.2,
      "cat1": "ETF",
      "cat2": "ETF",
      "exp1": "emerging_markets",
      "exp2": "tech",
      "fam1": "em_equity",
      "fam2": "sector_tech"
    },
    {
      "t1": "FLKR",
      "t2": "XLK",
      "corr_hybrid": 0.7338,
      "corr_structured": 0.2,
      "cat1": "ETF",
      "cat2": "ETF",
      "exp1": "south_korea",
      "exp2": "tech",
      "fam1": "em_equity",
      "fam2": "sector_tech"
    },
    {
      "t1": "FNDF",
      "t2": "XCEM",
      "corr_hybrid": 0.7238,
      "corr_structured": 0.62,
      "cat1": "ETF",
      "cat2": "ETF",
      "exp1": "international",
      "exp2": "emerging_markets",
      "fam1": "intl_equity",
      "fam2": "em_equity"
    },
    {
      "t1": "PICK",
      "t2": "XCEM",
      "corr_hybrid": 0.7232,
      "corr_structured": 0.2,
      "cat1": "ETF",
      "cat2": "ETF",
      "exp1": "metals_mining",
      "exp2": "emerging_markets",
      "fam1": null,
      "fam2": "em_equity"
    },
    {
      "t1": "FNDF",
      "t2": "PICK",
      "corr_hybrid": 0.6986,
      "corr_structured": 0.2,
      "cat1": "ETF",
      "cat2": "ETF",
      "exp1": "international",
      "exp2": "metals_mining",
      "fam1": "intl_equity",
      "fam2": null
    },
    {
      "t1": "FLKR",
      "t2": "PICK",
      "corr_hybrid": 0.6826,
      "corr_structured": 0.2,
      "cat1": "ETF",
      "cat2": "ETF",
      "exp1": "south_korea",
      "exp2": "metals_mining",
      "fam1": "em_equity",
      "fam2": null
    },
    {
      "t1": "FLKR",
      "t2": "FNDF",
      "corr_hybrid": 0.6786,
      "corr_structured": 0.62,
      "cat1": "ETF",
      "cat2": "ETF",
      "exp1": "south_korea",
      "exp2": "international",
      "fam1": "em_equity",
      "fam2": "intl_equity"
    },
    {
      "t1": "PICK",
      "t2": "SOXX",
      "corr_hybrid": 0.6644,
      "corr_structured": 0.2,
      "cat1": "ETF",
      "cat2": "ETF",
      "exp1": "metals_mining",
      "exp2": "semiconductor",
      "fam1": null,
      "fam2": "sector_tech"
    },
    {
      "t1": "FNDF",
      "t2": "SOXX",
      "corr_hybrid": 0.6524,
      "corr_structured": 0.2,
      "cat1": "ETF",
      "cat2": "ETF",
      "exp1": "international",
      "exp2": "semiconductor",
      "fam1": "intl_equity",
      "fam2": "sector_tech"
    },
    {
      "t1": "ICLN",
      "t2": "SOXX",
      "corr_hybrid": 0.6483,
      "corr_structured": 0.2,
      "cat1": "ETF",
      "cat2": "ETF",
      "exp1": "clean_energy",
      "exp2": "semiconductor",
      "fam1": null,
      "fam2": "sector_tech"
    },
    {
      "t1": "ICLN",
      "t2": "XCEM",
      "corr_hybrid": 0.6464,
      "corr_structured": 0.2,
      "cat1": "ETF",
      "cat2": "ETF",
      "exp1": "clean_energy",
      "exp2": "emerging_markets",
      "fam1": null,
      "fam2": "em_equity"
    },
    {
      "t1": "FNDF",
      "t2": "FNDX",
      "corr_hybrid": 0.629,
      "corr_structured": 0.2,
      "cat1": "ETF",
      "cat2": "ETF",
      "exp1": "international",
      "exp2": "value",
      "fam1": "intl_equity",
      "fam2": "factor_value"
    },
    {
      "t1": "FSLR",
      "t2": "ICLN",
      "corr_hybrid": 0.627,
      "corr_structured": null,
      "cat1": "Act",
      "cat2": "ETF",
      "exp1": null,
      "exp2": "clean_energy",
      "fam1": null,
      "fam2": null
    },
    {
      "t1": "FLKR",
      "t2": "ICLN",
      "corr_hybrid": 0.6246,
      "corr_structured": 0.2,
      "cat1": "ETF",
      "cat2": "ETF",
      "exp1": "south_korea",
      "exp2": "clean_energy",
      "fam1": "em_equity",
      "fam2": null
    },
    {
      "t1": "NVDA",
      "t2": "XLK",
      "corr_hybrid": 0.6218,
      "corr_structured": null,
      "cat1": "Act",
      "cat2": "ETF",
      "exp1": null,
      "exp2": "tech",
      "fam1": null,
      "fam2": "sector_tech"
    },
    {
      "t1": "PICK",
      "t2": "XLK",
      "corr_hybrid": 0.6132,
      "corr_structured": 0.2,
      "cat1": "ETF",
      "cat2": "ETF",
      "exp1": "metals_mining",
      "exp2": "tech",
      "fam1": null,
      "fam2": "sector_tech"
    },
    {
      "t1": "CS",
      "t2": "PICK",
      "corr_hybrid": 0.6108,
      "corr_structured": null,
      "cat1": "Act",
      "cat2": "ETF",
      "exp1": null,
      "exp2": "metals_mining",
      "fam1": null,
      "fam2": null
    },
    {
      "t1": "FNDX",
      "t2": "XCEM",
      "corr_hybrid": 0.6062,
      "corr_structured": 0.2,
      "cat1": "ETF",
      "cat2": "ETF",
      "exp1": "value",
      "exp2": "emerging_markets",
      "fam1": "factor_value",
      "fam2": "em_equity"
    },
    {
      "t1": "FNDF",
      "t2": "XLK",
      "corr_hybrid": 0.6049,
      "corr_structured": 0.2,
      "cat1": "ETF",
      "cat2": "ETF",
      "exp1": "international",
      "exp2": "tech",
      "fam1": "intl_equity",
      "fam2": "sector_tech"
    },
    {
      "t1": "ICLN",
      "t2": "XLK",
      "corr_hybrid": 0.6036,
      "corr_structured": 0.2,
      "cat1": "ETF",
      "cat2": "ETF",
      "exp1": "clean_energy",
      "exp2": "tech",
      "fam1": null,
      "fam2": "sector_tech"
    },
    {
      "t1": "NVDA",
      "t2": "SOXX",
      "corr_hybrid": 0.5867,
      "corr_structured": null,
      "cat1": "Act",
      "cat2": "ETF",
      "exp1": null,
      "exp2": "semiconductor",
      "fam1": null,
      "fam2": "sector_tech"
    },
    {
      "t1": "FNDF",
      "t2": "SPYV",
      "corr_hybrid": 0.5806,
      "corr_structured": 0.2,
      "cat1": "ETF",
      "cat2": "ETF",
      "exp1": "international",
      "exp2": "sp500_value",
      "fam1": "intl_equity",
      "fam2": "factor_value"
    },
    {
      "t1": "000660",
      "t2": "2059",
      "corr_hybrid": 0.5721,
      "corr_structured": null,
      "cat1": "Act",
      "cat2": "Act",
      "exp1": null,
      "exp2": null,
      "fam1": null,
      "fam2": null
    },
    {
      "t1": "000660",
      "t2": "GVT&D",
      "corr_hybrid": 0.5721,
      "corr_structured": null,
      "cat1": "Act",
      "cat2": "Act",
      "exp1": null,
      "exp2": null,
      "fam1": null,
      "fam2": null
    },
    {
      "t1": "000660",
      "t2": "SUNPHARMA",
      "corr_hybrid": 0.5721,
      "corr_structured": null,
      "cat1": "Act",
      "cat2": "Act",
      "exp1": null,
      "exp2": null,
      "fam1": null,
      "fam2": null
    },
    {
      "t1": "2059",
      "t2": "GVT&D",
      "corr_hybrid": 0.5721,
      "corr_structured": null,
      "cat1": "Act",
      "cat2": "Act",
      "exp1": null,
      "exp2": null,
      "fam1": null,
      "fam2": null
    }
  ],
  "all_pairs_bottom_10": [
    {
      "t1": "SCHN",
      "t2": "XCEM",
      "corr_hybrid": -0.0034,
      "corr_structured": null,
      "cat1": "Act",
      "cat2": "ETF",
      "exp1": null,
      "exp2": "emerging_markets",
      "fam1": null,
      "fam2": "em_equity"
    },
    {
      "t1": "NVDA",
      "t2": "VICI",
      "corr_hybrid": 0.002,
      "corr_structured": null,
      "cat1": "Act",
      "cat2": "Act",
      "exp1": null,
      "exp2": null,
      "fam1": null,
      "fam2": null
    },
    {
      "t1": "SPLV",
      "t2": "XLK",
      "corr_hybrid": -0.0006,
      "corr_structured": 0.85,
      "cat1": "ETF",
      "cat2": "ETF",
      "exp1": "sp500",
      "exp2": "tech",
      "fam1": "us_equity_large",
      "fam2": "sector_tech"
    },
    {
      "t1": "BSV",
      "t2": "ITX",
      "corr_hybrid": 0.0003,
      "corr_structured": null,
      "cat1": "Obl",
      "cat2": "Act",
      "exp1": "bonds_short",
      "exp2": null,
      "fam1": "bonds_short",
      "fam2": null
    },
    {
      "t1": "CLTL",
      "t2": "ITX",
      "corr_hybrid": 0.0003,
      "corr_structured": null,
      "cat1": "Obl",
      "cat2": "Act",
      "exp1": "bonds_tbill",
      "exp2": null,
      "fam1": "bonds_short",
      "fam2": null
    },
    {
      "t1": "FLTR",
      "t2": "ITX",
      "corr_hybrid": 0.0003,
      "corr_structured": null,
      "cat1": "Obl",
      "cat2": "Act",
      "exp1": null,
      "exp2": null,
      "fam1": null,
      "fam2": null
    },
    {
      "t1": "GBIL",
      "t2": "ITX",
      "corr_hybrid": 0.0003,
      "corr_structured": null,
      "cat1": "Obl",
      "cat2": "Act",
      "exp1": "bonds_tbill",
      "exp2": null,
      "fam1": "bonds_short",
      "fam2": null
    },
    {
      "t1": "ITX",
      "t2": "PAAA",
      "corr_hybrid": 0.0003,
      "corr_structured": null,
      "cat1": "Act",
      "cat2": "Obl",
      "exp1": null,
      "exp2": "bonds_clo_aaa",
      "fam1": null,
      "fam2": "bonds_short"
    },
    {
      "t1": "ITX",
      "t2": "STIP",
      "corr_hybrid": 0.0003,
      "corr_structured": null,
      "cat1": "Act",
      "cat2": "Obl",
      "exp1": null,
      "exp2": "bonds_tips",
      "fam1": null,
      "fam2": "bonds_gov"
    },
    {
      "t1": "ITX",
      "t2": "VGSH",
      "corr_hybrid": 0.0003,
      "corr_structured": null,
      "cat1": "Act",
      "cat2": "Obl",
      "exp1": null,
      "exp2": "bonds_short_treasury",
      "fam1": null,
      "fam2": "bonds_short"
    }
  ],
  "correlation_matrix": {
    "tickers": [
      "000660",
      "2059",
      "ACWV",
      "BKR",
      "BSV",
      "BZU",
      "CLTL",
      "CS",
      "DIVB",
      "EOG",
      "FLKR",
      "FLTR",
      "FNDF",
      "FNDX",
      "FSLR",
      "GBIL",
      "GD",
      "GLD",
      "GVT&D",
      "ICLN",
      "ITX",
      "KO",
      "LI",
      "NVDA",
      "PAAA",
      "PEG",
      "PG",
      "PICK",
      "SCHD",
      "SCHN",
      "SOXX",
      "SPLV",
      "SPYV",
      "STIP",
      "SUNPHARMA",
      "VGSH",
      "VICI",
      "XBI",
      "XCEM",
      "XLK",
      "XLV"
    ],
    "matrix": [
      [
        1.0,
        0.5721,
        0.3216,
        0.3297,
        0.076,
        0.2769,
        0.076,
        0.1645,
        0.311,
        0.3345,
        0.1027,
        0.076,
        0.2466,
        0.3156,
        0.1604,
        0.076,
        0.374,
        0.1007,
        0.5721,
        0.1641,
        0.2861,
        0.4108,
        0.2783,
        0.198,
        0.076,
        0.3891,
        0.3792,
        0.1728,
        0.3359,
        0.3179,
        0.1083,
        0.3126,
        0.3163,
        0.076,
        0.5721,
        0.076,
        0.4168,
        0.1619,
        0.1713,
        0.1362,
        0.254
      ],
      [
        0.5721,
        1.0,
        0.3216,
        0.3297,
        0.076,
        0.2769,
        0.076,
        0.1645,
        0.311,
        0.3345,
        0.1027,
        0.076,
        0.2466,
        0.3156,
        0.1604,
        0.076,
        0.374,
        0.1007,
        0.5721,
        0.1641,
        0.2861,
        0.4108,
        0.2783,
        0.198,
        0.076,
        0.3891,
        0.3792,
        0.1728,
        0.3359,
        0.3179,
        0.1083,
        0.3126,
        0.3163,
        0.076,
        0.5721,
        0.076,
        0.4168,
        0.1619,
        0.1713,
        0.1362,
        0.254
      ],
      [
        0.3216,
        0.3216,
        1.0,
        0.375,
        0.0912,
        0.1808,
        0.0912,
        0.315,
        0.4497,
        0.2283,
        0.3276,
        0.0912,
        0.4608,
        0.4627,
        0.1387,
        0.0912,
        0.3163,
        0.2064,
        0.3216,
        0.2922,
        -0.0419,
        0.2534,
        0.1195,
        0.0984,
        0.0912,
        0.2652,
        0.2995,
        0.4019,
        0.4457,
        0.0996,
        0.2846,
        0.351,
        0.443,
        0.0912,
        0.3216,
        0.0912,
        0.2996,
        0.302,
        0.3827,
        0.2515,
        0.3575
      ],
      [
        0.3297,
        0.3297,
        0.375,
        1.0,
        0.1002,
        0.1052,
        0.1002,
        0.1205,
        0.4239,
        0.295,
        0.3444,
        0.1002,
        0.4336,
        0.4445,
        0.049,
        0.1002,
        0.3412,
        0.1595,
        0.3297,
        0.2466,
        0.1252,
        0.2105,
        -0.032,
        0.1808,
        0.1002,
        0.2503,
        0.2312,
        0.3396,
        0.4145,
        0.1351,
        0.3072,
        0.2996,
        0.4272,
        0.1002,
        0.3297,
        0.1002,
        0.2816,
        0.271,
        0.3828,
        0.3002,
        0.3048
      ],
      [
        0.076,
        0.076,
        0.0912,
        0.1002,
        1.0,
        0.0328,
        0.0238,
        0.031,
        0.1047,
        0.0628,
        0.0885,
        0.0238,
        0.1078,
        0.1119,
        0.029,
        0.0238,
        0.0755,
        0.0397,
        0.076,
        0.0736,
        0.0003,
        0.0473,
        0.0224,
        0.0435,
        0.0238,
        0.0598,
        0.0549,
        0.0871,
        0.1,
        0.0303,
        0.082,
        0.0712,
        0.1068,
        0.0238,
        0.076,
        0.0238,
        0.0654,
        0.0711,
        0.0981,
        0.0774,
        0.0763
      ],
      [
        0.2769,
        0.2769,
        0.1808,
        0.1052,
        0.0328,
        1.0,
        0.0328,
        0.202,
        0.1685,
        0.1189,
        0.0503,
        0.0328,
        0.1484,
        0.1738,
        0.0584,
        0.0328,
        0.1533,
        0.0755,
        0.2769,
        0.0873,
        -0.0202,
        0.2279,
        0.2871,
        0.0745,
        0.0328,
        0.2071,
        0.2273,
        0.1302,
        0.1808,
        0.15,
        0.0541,
        0.1819,
        0.1703,
        0.0328,
        0.2769,
        0.0328,
        0.2158,
        0.1127,
        0.0947,
        0.0532,
        0.1573
      ],
      [
        0.076,
        0.076,
        0.0912,
        0.1002,
        0.0238,
        0.0328,
        1.0,
        0.031,
        0.1047,
        0.0628,
        0.0885,
        0.0238,
        0.1078,
        0.1119,
        0.029,
        0.0238,
        0.0755,
        0.0397,
        0.076,
        0.0736,
        0.0003,
        0.0473,
        0.0224,
        0.0435,
        0.0238,
        0.0598,
        0.0549,
        0.0871,
        0.1,
        0.0303,
        0.082,
        0.0712,
        0.1068,
        0.0238,
        0.076,
        0.0238,
        0.0654,
        0.0711,
        0.0981,
        0.0774,
        0.0763
      ],
      [
        0.1645,
        0.1645,
        0.315,
        0.1205,
        0.031,
        0.202,
        0.031,
        1.0,
        0.3291,
        -0.1557,
        0.3769,
        0.031,
        0.506,
        0.3447,
        0.1176,
        0.031,
        0.1364,
        0.3905,
        0.1645,
        0.3131,
        0.0556,
        0.162,
        0.2558,
        0.1801,
        0.031,
        0.1601,
        0.2458,
        0.6108,
        0.2496,
        -0.0506,
        0.3378,
        0.2268,
        0.3138,
        0.031,
        0.1645,
        0.031,
        0.1393,
        0.3468,
        0.4434,
        0.2904,
        0.2944
      ],
      [
        0.311,
        0.311,
        0.4497,
        0.4239,
        0.1047,
        0.1685,
        0.1047,
        0.3291,
        1.0,
        0.2124,
        0.4539,
        0.1047,
        0.5591,
        0.5465,
        0.2127,
        0.1047,
        0.3295,
        0.2494,
        0.311,
        0.4074,
        -0.061,
        0.2102,
        0.1426,
        0.1684,
        0.1047,
        0.2606,
        0.2719,
        0.4985,
        0.4809,
        0.078,
        0.4134,
        0.3497,
        0.5175,
        0.1047,
        0.311,
        0.1047,
        0.2846,
        0.3726,
        0.5059,
        0.3714,
        0.3917
      ],
      [
        0.3345,
        0.3345,
        0.2283,
        0.295,
        0.0628,
        0.1189,
        0.0628,
        -0.1557,
        0.2124,
        1.0,
        -0.0685,
        0.0628,
        0.0727,
        0.182,
        -0.0395,
        0.0628,
        0.29,
        -0.0423,
        0.3345,
        -0.0566,
        0.0698,
        0.3054,
        -0.0833,
        -0.0919,
        0.0628,
        0.2419,
        0.2765,
        -0.0444,
        0.3079,
        0.1975,
        -0.1029,
        0.2859,
        0.1954,
        0.0628,
        0.3345,
        0.0628,
        0.3128,
        0.0211,
        -0.0325,
        -0.0899,
        0.1841
      ],
      [
        0.1027,
        0.1027,
        0.3276,
        0.3444,
        0.0885,
        0.0503,
        0.0885,
        0.3769,
        0.4539,
        -0.0685,
        1.0,
        0.0885,
        0.6786,
        0.557,
        0.2664,
        0.0885,
        0.1532,
        0.3376,
        0.1027,
        0.6246,
        -0.0058,
        -0.103,
        0.2576,
        0.5108,
        0.0885,
        0.0962,
        -0.0181,
        0.6826,
        0.2735,
        -0.0327,
        0.7725,
        0.086,
        0.5004,
        0.0885,
        0.1027,
        0.0885,
        0.0304,
        0.4833,
        0.7762,
        0.7338,
        0.273
      ],
      [
        0.076,
        0.076,
        0.0912,
        0.1002,
        0.0238,
        0.0328,
        0.0238,
        0.031,
        0.1047,
        0.0628,
        0.0885,
        1.0,
        0.1078,
        0.1119,
        0.029,
        0.0238,
        0.0755,
        0.0397,
        0.076,
        0.0736,
        0.0003,
        0.0473,
        0.0224,
        0.0435,
        0.0238,
        0.0598,
        0.0549,
        0.0871,
        0.1,
        0.0303,
        0.082,
        0.0712,
        0.1068,
        0.0238,
        0.076,
        0.0238,
        0.0654,
        0.0711,
        0.0981,
        0.0774,
        0.0763
      ],
      [
        0.2466,
        0.2466,
        0.4608,
        0.4336,
        0.1078,
        0.1484,
        0.1078,
        0.506,
        0.5591,
        0.0727,
        0.6786,
        0.1078,
        1.0,
        0.629,
        0.204,
        0.1078,
        0.2789,
        0.3572,
        0.2466,
        0.5488,
        -0.0417,
        0.0948,
        0.2309,
        0.3717,
        0.1078,
        0.2183,
        0.1814,
        0.6986,
        0.4437,
        0.026,
        0.6524,
        0.2757,
        0.5806,
        0.1078,
        0.2466,
        0.1078,
        0.1974,
        0.4961,
        0.7238,
        0.6049,
        0.3964
      ],
      [
        0.3156,
        0.3156,
        0.4627,
        0.4445,
        0.1119,
        0.1738,
        0.1119,
        0.3447,
        0.5465,
        0.182,
        0.557,
        0.1119,
        0.629,
        1.0,
        0.2345,
        0.1119,
        0.3232,
        0.2811,
        0.3156,
        0.4879,
        -0.0632,
        0.1716,
        0.2223,
        0.2771,
        0.1119,
        0.2624,
        0.2389,
        0.5715,
        0.4768,
        0.0843,
        0.5301,
        0.3226,
        0.5619,
        0.1119,
        0.3156,
        0.1119,
        0.2663,
        0.4299,
        0.6062,
        0.4887,
        0.3983
      ],
      [
        0.1604,
        0.1604,
        0.1387,
        0.049,
        0.029,
        0.0584,
        0.029,
        0.1176,
        0.2127,
        -0.0395,
        0.2664,
        0.029,
        0.204,
        0.2345,
        1.0,
        0.029,
        0.1444,
        0.1513,
        0.1604,
        0.627,
        0.1632,
        0.0102,
        0.2486,
        0.0954,
        0.029,
        0.0783,
        0.0544,
        0.2453,
        0.1305,
        -0.0319,
        0.2969,
        0.0549,
        0.2205,
        0.029,
        0.1604,
        0.029,
        0.0693,
        0.1525,
        0.2856,
        0.2571,
        0.1413
      ],
      [
        0.076,
        0.076,
        0.0912,
        0.1002,
        0.0238,
        0.0328,
        0.0238,
        0.031,
        0.1047,
        0.0628,
        0.0885,
        0.0238,
        0.1078,
        0.1119,
        0.029,
        1.0,
        0.0755,
        0.0397,
        0.076,
        0.0736,
        0.0003,
        0.0473,
        0.0224,
        0.0435,
        0.0238,
        0.0598,
        0.0549,
        0.0871,
        0.1,
        0.0303,
        0.082,
        0.0712,
        0.1068,
        0.0238,
        0.076,
        0.0238,
        0.0654,
        0.0711,
        0.0981,
        0.0774,
        0.0763
      ],
      [
        0.374,
        0.374,
        0.3163,
        0.3412,
        0.0755,
        0.1533,
        0.0755,
        0.1364,
        0.3295,
        0.29,
        0.1532,
        0.0755,
        0.2789,
        0.3232,
        0.1444,
        0.0755,
        1.0,
        0.1105,
        0.374,
        0.1715,
        0.1613,
        0.2886,
        0.0288,
        0.0648,
        0.0755,
        0.2699,
        0.2914,
        0.2066,
        0.3578,
        0.1641,
        0.123,
        0.3024,
        0.32,
        0.0755,
        0.374,
        0.0755,
        0.3144,
        0.1675,
        0.2022,
        0.1215,
        0.263
      ],
      [
        0.1007,
        0.1007,
        0.2064,
        0.1595,
        0.0397,
        0.0755,
        0.0397,
        0.3905,
        0.2494,
        -0.0423,
        0.3376,
        0.0397,
        0.3572,
        0.2811,
        0.1513,
        0.0397,
        0.1105,
        1.0,
        0.1007,
        0.293,
        0.0398,
        0.0344,
        0.1318,
        0.1937,
        0.0397,
        0.089,
        0.0837,
        0.3838,
        0.1772,
        -0.0188,
        0.3258,
        0.1112,
        0.2563,
        0.0397,
        0.1007,
        0.0397,
        0.0694,
        0.2465,
        0.3633,
        0.2999,
        0.1817
      ],
      [
        0.5721,
        0.5721,
        0.3216,
        0.3297,
        0.076,
        0.2769,
        0.076,
        0.1645,
        0.311,
        0.3345,
        0.1027,
        0.076,
        0.2466,
        0.3156,
        0.1604,
        0.076,
        0.374,
        0.1007,
        1.0,
        0.1641,
        0.2861,
        0.4108,
        0.2783,
        0.198,
        0.076,
        0.3891,
        0.3792,
        0.1728,
        0.3359,
        0.3179,
        0.1083,
        0.3126,
        0.3163,
        0.076,
        0.5721,
        0.076,
        0.4168,
        0.1619,
        0.1713,
        0.1362,
        0.254
      ],
      [
        0.1641,
        0.1641,
        0.2922,
        0.2466,
        0.0736,
        0.0873,
        0.0736,
        0.3131,
        0.4074,
        -0.0566,
        0.6246,
        0.0736,
        0.5488,
        0.4879,
        0.627,
        0.0736,
        0.1715,
        0.293,
        0.1641,
        1.0,
        0.0354,
        -0.0431,
        0.3412,
        0.3871,
        0.0736,
        0.1187,
        0.0331,
        0.5684,
        0.2521,
        -0.0186,
        0.6483,
        0.0956,
        0.4435,
        0.0736,
        0.1641,
        0.0736,
        0.07,
        0.3987,
        0.6464,
        0.6036,
        0.2569
      ],
      [
        0.2861,
        0.2861,
        -0.0419,
        0.1252,
        0.0003,
        -0.0202,
        0.0003,
        0.0556,
        -0.061,
        0.0698,
        -0.0058,
        0.0003,
        -0.0417,
        -0.0632,
        0.1632,
        0.0003,
        0.1613,
        0.0398,
        0.2861,
        0.0354,
        1.0,
        0.1003,
        -0.1399,
        0.2992,
        0.0003,
        0.1111,
        0.027,
        -0.0248,
        -0.0992,
        0.1703,
        0.0278,
        -0.0707,
        -0.0506,
        0.0003,
        0.2861,
        0.0003,
        0.0902,
        -0.0598,
        0.0039,
        0.1076,
        -0.0887
      ],
      [
        0.4108,
        0.4108,
        0.2534,
        0.2105,
        0.0473,
        0.2279,
        0.0473,
        0.162,
        0.2102,
        0.3054,
        -0.103,
        0.0473,
        0.0948,
        0.1716,
        0.0102,
        0.0473,
        0.2886,
        0.0344,
        0.4108,
        -0.0431,
        0.1003,
        1.0,
        0.0989,
        -0.0848,
        0.0473,
        0.2997,
        0.3787,
        0.0331,
        0.3013,
        0.2167,
        -0.1339,
        0.3259,
        0.1851,
        0.0473,
        0.4108,
        0.0473,
        0.3622,
        0.0456,
        -0.0401,
        -0.1254,
        0.2168
      ],
      [
        0.2783,
        0.2783,
        0.1195,
        -0.032,
        0.0224,
        0.2871,
        0.0224,
        0.2558,
        0.1426,
        -0.0833,
        0.2576,
        0.0224,
        0.2309,
        0.2223,
        0.2486,
        0.0224,
        0.0288,
        0.1318,
        0.2783,
        0.3412,
        -0.1399,
        0.0989,
        1.0,
        0.4005,
        0.0224,
        0.1964,
        0.1073,
        0.2636,
        0.0395,
        0.1878,
        0.3418,
        0.0175,
        0.1959,
        0.0224,
        0.2783,
        0.0224,
        0.1197,
        0.2295,
        0.2956,
        0.3427,
        0.1025
      ],
      [
        0.198,
        0.198,
        0.0984,
        0.1808,
        0.0435,
        0.0745,
        0.0435,
        0.1801,
        0.1684,
        -0.0919,
        0.5108,
        0.0435,
        0.3717,
        0.2771,
        0.0954,
        0.0435,
        0.0648,
        0.1937,
        0.198,
        0.3871,
        0.2992,
        -0.0848,
        0.4005,
        1.0,
        0.0435,
        0.1066,
        -0.086,
        0.3884,
        -0.0095,
        0.1369,
        0.5867,
        -0.106,
        0.2391,
        0.0435,
        0.198,
        0.0435,
        0.002,
        0.2902,
        0.5139,
        0.6218,
        0.0413
      ],
      [
        0.076,
        0.076,
        0.0912,
        0.1002,
        0.0238,
        0.0328,
        0.0238,
        0.031,
        0.1047,
        0.0628,
        0.0885,
        0.0238,
        0.1078,
        0.1119,
        0.029,
        0.0238,
        0.0755,
        0.0397,
        0.076,
        0.0736,
        0.0003,
        0.0473,
        0.0224,
        0.0435,
        1.0,
        0.0598,
        0.0549,
        0.0871,
        0.1,
        0.0303,
        0.082,
        0.0712,
        0.1068,
        0.0238,
        0.076,
        0.0238,
        0.0654,
        0.0711,
        0.0981,
        0.0774,
        0.0763
      ],
      [
        0.3891,
        0.3891,
        0.2652,
        0.2503,
        0.0598,
        0.2071,
        0.0598,
        0.1601,
        0.2606,
        0.2419,
        0.0962,
        0.0598,
        0.2183,
        0.2624,
        0.0783,
        0.0598,
        0.2699,
        0.089,
        0.3891,
        0.1187,
        0.1111,
        0.2997,
        0.1964,
        0.1066,
        0.0598,
        1.0,
        0.2904,
        0.1626,
        0.2841,
        0.2056,
        0.0885,
        0.2596,
        0.2601,
        0.0598,
        0.3891,
        0.0598,
        0.3052,
        0.1443,
        0.1484,
        0.0965,
        0.2185
      ],
      [
        0.3792,
        0.3792,
        0.2995,
        0.2312,
        0.0549,
        0.2273,
        0.0549,
        0.2458,
        0.2719,
        0.2765,
        -0.0181,
        0.0549,
        0.1814,
        0.2389,
        0.0544,
        0.0549,
        0.2914,
        0.0837,
        0.3792,
        0.0331,
        0.027,
        0.3787,
        0.1073,
        -0.086,
        0.0549,
        0.2904,
        1.0,
        0.128,
        0.3482,
        0.1718,
        -0.0586,
        0.3513,
        0.2452,
        0.0549,
        0.3792,
        0.0549,
        0.352,
        0.1058,
        0.0467,
        -0.0676,
        0.2645
      ],
      [
        0.1728,
        0.1728,
        0.4019,
        0.3396,
        0.0871,
        0.1302,
        0.0871,
        0.6108,
        0.4985,
        -0.0444,
        0.6826,
        0.0871,
        0.6986,
        0.5715,
        0.2453,
        0.0871,
        0.2066,
        0.3838,
        0.1728,
        0.5684,
        -0.0248,
        0.0331,
        0.2636,
        0.3884,
        0.0871,
        0.1626,
        0.128,
        1.0,
        0.3585,
        -0.0273,
        0.6644,
        0.207,
        0.5208,
        0.0871,
        0.1728,
        0.0871,
        0.1236,
        0.4873,
        0.7232,
        0.6132,
        0.351
      ],
      [
        0.3359,
        0.3359,
        0.4457,
        0.4145,
        0.1,
        0.1808,
        0.1,
        0.2496,
        0.4809,
        0.3079,
        0.2735,
        0.1,
        0.4437,
        0.4768,
        0.1305,
        0.1,
        0.3578,
        0.1772,
        0.3359,
        0.2521,
        -0.0992,
        0.3013,
        0.0395,
        -0.0095,
        0.1,
        0.2841,
        0.3482,
        0.3585,
        1.0,
        0.1013,
        0.2119,
        0.4173,
        0.4625,
        0.1,
        0.3359,
        0.1,
        0.3454,
        0.2805,
        0.332,
        0.1716,
        0.3935
      ],
      [
        0.3179,
        0.3179,
        0.0996,
        0.1351,
        0.0303,
        0.15,
        0.0303,
        -0.0506,
        0.078,
        0.1975,
        -0.0327,
        0.0303,
        0.026,
        0.0843,
        -0.0319,
        0.0303,
        0.1641,
        -0.0188,
        0.3179,
        -0.0186,
        0.1703,
        0.2167,
        0.1878,
