{
  "_meta": {
    "generated": "2026-06-02T11:38:57",
    "portfolio_generated": "2026-06-02T11:34:59.971590",
    "n_assets": 45,
    "n_with_returns": 33,
    "covariance_method": "hybrid_shrunk",
    "condition_number": 343.01,
    "pca_factors": 6
  },
  "profiles": {
    "Agressif": {
      "n_assets": 19,
      "weighted_avg_correlation": 0.248,
      "most_correlated": [
        {
          "t1": "PICK",
          "t2": "COPX",
          "corr": 0.7793,
          "w1": 7.3,
          "w2": 6.9,
          "combined_weight": 14.2
        },
        {
          "t1": "XCEM",
          "t2": "FLKR",
          "corr": 0.7085,
          "w1": 2.6,
          "w2": 6.1,
          "combined_weight": 8.6
        },
        {
          "t1": "PICK",
          "t2": "XCEM",
          "corr": 0.6958,
          "w1": 7.3,
          "w2": 2.6,
          "combined_weight": 9.9
        },
        {
          "t1": "COPX",
          "t2": "XCEM",
          "corr": 0.6811,
          "w1": 6.9,
          "w2": 2.6,
          "combined_weight": 9.4
        },
        {
          "t1": "PICK",
          "t2": "FLKR",
          "corr": 0.6401,
          "w1": 7.3,
          "w2": 6.1,
          "combined_weight": 13.4
        },
        {
          "t1": "XLK",
          "t2": "XCEM",
          "corr": 0.6381,
          "w1": 3.8,
          "w2": 2.6,
          "combined_weight": 6.4
        },
        {
          "t1": "COPX",
          "t2": "FLKR",
          "corr": 0.6327,
          "w1": 6.9,
          "w2": 6.1,
          "combined_weight": 12.9
        },
        {
          "t1": "ICLN",
          "t2": "FSLR",
          "corr": 0.6315,
          "w1": 4.7,
          "w2": 4.7,
          "combined_weight": 9.4
        },
        {
          "t1": "XLK",
          "t2": "FLKR",
          "corr": 0.6192,
          "w1": 3.8,
          "w2": 6.1,
          "combined_weight": 9.9
        },
        {
          "t1": "FIX",
          "t2": "XLK",
          "corr": 0.5975,
          "w1": 7.5,
          "w2": 3.8,
          "combined_weight": 11.3
        }
      ],
      "least_correlated": [
        {
          "t1": "FSLR",
          "t2": "FLRN",
          "corr": 0.0302,
          "w1": 4.7,
          "w2": 5.1,
          "combined_weight": 9.8
        },
        {
          "t1": "FLTR",
          "t2": "FLRN",
          "corr": 0.0176,
          "w1": 5.1,
          "w2": 5.1,
          "combined_weight": 10.3
        },
        {
          "t1": "NVDA",
          "t2": "LLY",
          "corr": 0.0053,
          "w1": 4.4,
          "w2": 5.7,
          "combined_weight": 10.1
        },
        {
          "t1": "PLTR",
          "t2": "LLY",
          "corr": -0.023,
          "w1": 6.9,
          "w2": 5.7,
          "combined_weight": 12.6
        },
        {
          "t1": "FIX",
          "t2": "LLY",
          "corr": -0.0396,
          "w1": 7.5,
          "w2": 5.7,
          "combined_weight": 13.2
        }
      ],
      "high_corr_high_weight": [
        {
          "t1": "PICK",
          "t2": "COPX",
          "corr": 0.7793,
          "w1": 7.3,
          "w2": 6.9,
          "combined_weight": 14.2
        }
      ]
    },
    "Mod\u00e9r\u00e9": {
      "n_assets": 14,
      "weighted_avg_correlation": 0.1266,
      "most_correlated": [
        {
          "t1": "FNDF",
          "t2": "EEMV",
          "corr": 0.6731,
          "w1": 9.0,
          "w2": 9.0,
          "combined_weight": 18.0
        },
        {
          "t1": "GPIQ",
          "t2": "EEMV",
          "corr": 0.5938,
          "w1": 6.5,
          "w2": 9.0,
          "combined_weight": 15.5
        },
        {
          "t1": "FNDF",
          "t2": "GPIQ",
          "corr": 0.5536,
          "w1": 9.0,
          "w2": 6.5,
          "combined_weight": 15.5
        },
        {
          "t1": "FNDF",
          "t2": "BMED",
          "corr": 0.5205,
          "w1": 9.0,
          "w2": 5.5,
          "combined_weight": 14.5
        },
        {
          "t1": "BMED",
          "t2": "EEMV",
          "corr": 0.5139,
          "w1": 5.5,
          "w2": 9.0,
          "combined_weight": 14.5
        },
        {
          "t1": "BMED",
          "t2": "XLV",
          "corr": 0.509,
          "w1": 5.5,
          "w2": 3.2,
          "combined_weight": 8.7
        },
        {
          "t1": "FNDF",
          "t2": "XLV",
          "corr": 0.4388,
          "w1": 9.0,
          "w2": 3.2,
          "combined_weight": 12.2
        },
        {
          "t1": "EEMV",
          "t2": "XLV",
          "corr": 0.4249,
          "w1": 9.0,
          "w2": 3.2,
          "combined_weight": 12.2
        },
        {
          "t1": "GPIQ",
          "t2": "BMED",
          "corr": 0.4214,
          "w1": 6.5,
          "w2": 5.5,
          "combined_weight": 12.0
        },
        {
          "t1": "SCHD",
          "t2": "BMED",
          "corr": 0.3941,
          "w1": 9.0,
          "w2": 5.5,
          "combined_weight": 14.5
        }
      ],
      "least_correlated": [
        {
          "t1": "CF",
          "t2": "BMED",
          "corr": -0.1382,
          "w1": 9.0,
          "w2": 5.5,
          "combined_weight": 14.5
        },
        {
          "t1": "CF",
          "t2": "XLV",
          "corr": -0.2087,
          "w1": 9.0,
          "w2": 3.2,
          "combined_weight": 12.2
        },
        {
          "t1": "CF",
          "t2": "GPIQ",
          "corr": -0.2446,
          "w1": 9.0,
          "w2": 6.5,
          "combined_weight": 15.5
        },
        {
          "t1": "FNDF",
          "t2": "CF",
          "corr": -0.3044,
          "w1": 9.0,
          "w2": 9.0,
          "combined_weight": 18.0
        },
        {
          "t1": "CF",
          "t2": "EEMV",
          "corr": -0.3704,
          "w1": 9.0,
          "w2": 9.0,
          "combined_weight": 18.0
        }
      ],
      "high_corr_high_weight": []
    },
    "Stable": {
      "n_assets": 16,
      "weighted_avg_correlation": 0.1104,
      "most_correlated": [
        {
          "t1": "CS",
          "t2": "GLD",
          "corr": 0.4542,
          "w1": 4.6,
          "w2": 5.2,
          "combined_weight": 9.8
        },
        {
          "t1": "ACWV",
          "t2": "XLV",
          "corr": 0.438,
          "w1": 4.5,
          "w2": 4.9,
          "combined_weight": 9.4
        },
        {
          "t1": "PG",
          "t2": "XLV",
          "corr": 0.4078,
          "w1": 4.5,
          "w2": 4.9,
          "combined_weight": 9.4
        },
        {
          "t1": "ACWV",
          "t2": "SPYV",
          "corr": 0.4012,
          "w1": 4.5,
          "w2": 4.6,
          "combined_weight": 9.1
        },
        {
          "t1": "SPYV",
          "t2": "XLV",
          "corr": 0.3987,
          "w1": 4.6,
          "w2": 4.9,
          "combined_weight": 9.5
        },
        {
          "t1": "SCHP",
          "t2": "VICI",
          "corr": 0.395,
          "w1": 4.5,
          "w2": 4.5,
          "combined_weight": 9.0
        },
        {
          "t1": "SCHP",
          "t2": "GD",
          "corr": 0.3749,
          "w1": 4.5,
          "w2": 4.6,
          "combined_weight": 9.1
        },
        {
          "t1": "PG",
          "t2": "KO",
          "corr": 0.366,
          "w1": 4.5,
          "w2": 4.6,
          "combined_weight": 9.1
        },
        {
          "t1": "PG",
          "t2": "SPLV",
          "corr": 0.3591,
          "w1": 4.5,
          "w2": 4.5,
          "combined_weight": 9.0
        },
        {
          "t1": "SPLV",
          "t2": "XLV",
          "corr": 0.3518,
          "w1": 4.5,
          "w2": 4.9,
          "combined_weight": 9.4
        }
      ],
      "least_correlated": [
        {
          "t1": "VGSH",
          "t2": "BSV",
          "corr": 0.0176,
          "w1": 13.0,
          "w2": 7.7,
          "combined_weight": 20.7
        },
        {
          "t1": "VGSH",
          "t2": "STIP",
          "corr": 0.0176,
          "w1": 13.0,
          "w2": 13.0,
          "combined_weight": 26.0
        },
        {
          "t1": "BSV",
          "t2": "STIP",
          "corr": 0.0176,
          "w1": 7.7,
          "w2": 13.0,
          "combined_weight": 20.7
        },
        {
          "t1": "NOVN",
          "t2": "CS",
          "corr": 0.0128,
          "w1": 4.5,
          "w2": 4.6,
          "combined_weight": 9.1
        },
        {
          "t1": "NOVN",
          "t2": "GLD",
          "corr": -0.0054,
          "w1": 4.5,
          "w2": 5.2,
          "combined_weight": 9.7
        }
      ],
      "high_corr_high_weight": []
    }
  },
  "all_pairs_top_30": [
    {
      "t1": "COPX",
      "t2": "PICK",
      "corr_hybrid": 0.7793,
      "corr_structured": 0.2,
      "cat1": "ETF",
      "cat2": "ETF",
      "exp1": "copper",
      "exp2": "metals_mining",
      "fam1": "commodities",
      "fam2": null
    },
    {
      "t1": "COPX",
      "t2": "CS",
      "corr_hybrid": 0.7231,
      "corr_structured": null,
      "cat1": "ETF",
      "cat2": "Act",
      "exp1": "copper",
      "exp2": null,
      "fam1": "commodities",
      "fam2": null
    },
    {
      "t1": "EEMV",
      "t2": "XCEM",
      "corr_hybrid": 0.7138,
      "corr_structured": 0.95,
      "cat1": "ETF",
      "cat2": "ETF",
      "exp1": "emerging_markets",
      "exp2": "emerging_markets",
      "fam1": "em_equity",
      "fam2": "em_equity"
    },
    {
      "t1": "FLKR",
      "t2": "XCEM",
      "corr_hybrid": 0.7085,
      "corr_structured": 0.9,
      "cat1": "ETF",
      "cat2": "ETF",
      "exp1": "south_korea",
      "exp2": "emerging_markets",
      "fam1": "em_equity",
      "fam2": "em_equity"
    },
    {
      "t1": "PICK",
      "t2": "XCEM",
      "corr_hybrid": 0.6958,
      "corr_structured": 0.2,
      "cat1": "ETF",
      "cat2": "ETF",
      "exp1": "metals_mining",
      "exp2": "emerging_markets",
      "fam1": null,
      "fam2": "em_equity"
    },
    {
      "t1": "CS",
      "t2": "PICK",
      "corr_hybrid": 0.6892,
      "corr_structured": null,
      "cat1": "Act",
      "cat2": "ETF",
      "exp1": null,
      "exp2": "metals_mining",
      "fam1": null,
      "fam2": null
    },
    {
      "t1": "FNDF",
      "t2": "PICK",
      "corr_hybrid": 0.6842,
      "corr_structured": 0.2,
      "cat1": "ETF",
      "cat2": "ETF",
      "exp1": "international",
      "exp2": "metals_mining",
      "fam1": "intl_equity",
      "fam2": null
    },
    {
      "t1": "FNDF",
      "t2": "XCEM",
      "corr_hybrid": 0.6835,
      "corr_structured": 0.62,
      "cat1": "ETF",
      "cat2": "ETF",
      "exp1": "international",
      "exp2": "emerging_markets",
      "fam1": "intl_equity",
      "fam2": "em_equity"
    },
    {
      "t1": "COPX",
      "t2": "XCEM",
      "corr_hybrid": 0.6811,
      "corr_structured": 0.2,
      "cat1": "ETF",
      "cat2": "ETF",
      "exp1": "copper",
      "exp2": "emerging_markets",
      "fam1": "commodities",
      "fam2": "em_equity"
    },
    {
      "t1": "EEMV",
      "t2": "FNDF",
      "corr_hybrid": 0.6731,
      "corr_structured": 0.62,
      "cat1": "ETF",
      "cat2": "ETF",
      "exp1": "emerging_markets",
      "exp2": "international",
      "fam1": "em_equity",
      "fam2": "intl_equity"
    },
    {
      "t1": "EEMV",
      "t2": "PICK",
      "corr_hybrid": 0.6706,
      "corr_structured": 0.2,
      "cat1": "ETF",
      "cat2": "ETF",
      "exp1": "emerging_markets",
      "exp2": "metals_mining",
      "fam1": "em_equity",
      "fam2": null
    },
    {
      "t1": "COPX",
      "t2": "FNDF",
      "corr_hybrid": 0.6643,
      "corr_structured": 0.2,
      "cat1": "ETF",
      "cat2": "ETF",
      "exp1": "copper",
      "exp2": "international",
      "fam1": "commodities",
      "fam2": "intl_equity"
    },
    {
      "t1": "EEMV",
      "t2": "FLKR",
      "corr_hybrid": 0.6577,
      "corr_structured": 0.9,
      "cat1": "ETF",
      "cat2": "ETF",
      "exp1": "emerging_markets",
      "exp2": "south_korea",
      "fam1": "em_equity",
      "fam2": "em_equity"
    },
    {
      "t1": "COPX",
      "t2": "EEMV",
      "corr_hybrid": 0.6487,
      "corr_structured": 0.2,
      "cat1": "ETF",
      "cat2": "ETF",
      "exp1": "copper",
      "exp2": "emerging_markets",
      "fam1": "commodities",
      "fam2": "em_equity"
    },
    {
      "t1": "GPIQ",
      "t2": "XLK",
      "corr_hybrid": 0.6427,
      "corr_structured": 0.9,
      "cat1": "ETF",
      "cat2": "ETF",
      "exp1": "nasdaq100",
      "exp2": "tech",
      "fam1": "sector_tech",
      "fam2": "sector_tech"
    },
    {
      "t1": "FLKR",
      "t2": "PICK",
      "corr_hybrid": 0.6401,
      "corr_structured": 0.2,
      "cat1": "ETF",
      "cat2": "ETF",
      "exp1": "south_korea",
      "exp2": "metals_mining",
      "fam1": "em_equity",
      "fam2": null
    },
    {
      "t1": "XCEM",
      "t2": "XLK",
      "corr_hybrid": 0.6381,
      "corr_structured": 0.2,
      "cat1": "ETF",
      "cat2": "ETF",
      "exp1": "emerging_markets",
      "exp2": "tech",
      "fam1": "em_equity",
      "fam2": "sector_tech"
    },
    {
      "t1": "COPX",
      "t2": "FLKR",
      "corr_hybrid": 0.6327,
      "corr_structured": 0.2,
      "cat1": "ETF",
      "cat2": "ETF",
      "exp1": "copper",
      "exp2": "south_korea",
      "fam1": "commodities",
      "fam2": "em_equity"
    },
    {
      "t1": "FSLR",
      "t2": "ICLN",
      "corr_hybrid": 0.6315,
      "corr_structured": null,
      "cat1": "Act",
      "cat2": "ETF",
      "exp1": null,
      "exp2": "clean_energy",
      "fam1": null,
      "fam2": null
    },
    {
      "t1": "GPIQ",
      "t2": "XCEM",
      "corr_hybrid": 0.6268,
      "corr_structured": 0.2,
      "cat1": "ETF",
      "cat2": "ETF",
      "exp1": "nasdaq100",
      "exp2": "emerging_markets",
      "fam1": "sector_tech",
      "fam2": "em_equity"
    },
    {
      "t1": "FLKR",
      "t2": "XLK",
      "corr_hybrid": 0.6192,
      "corr_structured": 0.2,
      "cat1": "ETF",
      "cat2": "ETF",
      "exp1": "south_korea",
      "exp2": "tech",
      "fam1": "em_equity",
      "fam2": "sector_tech"
    },
    {
      "t1": "FLKR",
      "t2": "FNDF",
      "corr_hybrid": 0.6178,
      "corr_structured": 0.62,
      "cat1": "ETF",
      "cat2": "ETF",
      "exp1": "south_korea",
      "exp2": "international",
      "fam1": "em_equity",
      "fam2": "intl_equity"
    },
    {
      "t1": "FIX",
      "t2": "XLK",
      "corr_hybrid": 0.5975,
      "corr_structured": null,
      "cat1": "Act",
      "cat2": "ETF",
      "exp1": null,
      "exp2": "tech",
      "fam1": null,
      "fam2": "sector_tech"
    },
    {
      "t1": "FLKR",
      "t2": "GPIQ",
      "corr_hybrid": 0.595,
      "corr_structured": 0.2,
      "cat1": "ETF",
      "cat2": "ETF",
      "exp1": "south_korea",
      "exp2": "nasdaq100",
      "fam1": "em_equity",
      "fam2": "sector_tech"
    },
    {
      "t1": "EEMV",
      "t2": "GPIQ",
      "corr_hybrid": 0.5938,
      "corr_structured": 0.2,
      "cat1": "ETF",
      "cat2": "ETF",
      "exp1": "emerging_markets",
      "exp2": "nasdaq100",
      "fam1": "em_equity",
      "fam2": "sector_tech"
    },
    {
      "t1": "EEMV",
      "t2": "XLK",
      "corr_hybrid": 0.5873,
      "corr_structured": 0.2,
      "cat1": "ETF",
      "cat2": "ETF",
      "exp1": "emerging_markets",
      "exp2": "tech",
      "fam1": "em_equity",
      "fam2": "sector_tech"
    },
    {
      "t1": "ICLN",
      "t2": "XCEM",
      "corr_hybrid": 0.5725,
      "corr_structured": 0.2,
      "cat1": "ETF",
      "cat2": "ETF",
      "exp1": "clean_energy",
      "exp2": "emerging_markets",
      "fam1": null,
      "fam2": "em_equity"
    },
    {
      "t1": "COPX",
      "t2": "XLK",
      "corr_hybrid": 0.5721,
      "corr_structured": 0.2,
      "cat1": "ETF",
      "cat2": "ETF",
      "exp1": "copper",
      "exp2": "tech",
      "fam1": "commodities",
      "fam2": "sector_tech"
    },
    {
      "t1": "000660",
      "t2": "2059",
      "corr_hybrid": 0.5691,
      "corr_structured": null,
      "cat1": "Act",
      "cat2": "Act",
      "exp1": null,
      "exp2": null,
      "fam1": null,
      "fam2": null
    },
    {
      "t1": "000660",
      "t2": "CUMMINSIND",
      "corr_hybrid": 0.5691,
      "corr_structured": null,
      "cat1": "Act",
      "cat2": "Act",
      "exp1": null,
      "exp2": null,
      "fam1": null,
      "fam2": null
    }
  ],
  "all_pairs_bottom_10": [
    {
      "t1": "LLY",
      "t2": "NVDA",
      "corr_hybrid": 0.0053,
      "corr_structured": null,
      "cat1": "Act",
      "cat2": "Act",
      "exp1": null,
      "exp2": null,
      "fam1": null,
      "fam2": null
    },
    {
      "t1": "GPIQ",
      "t2": "KO",
      "corr_hybrid": -0.0042,
      "corr_structured": null,
      "cat1": "ETF",
      "cat2": "Act",
      "exp1": "nasdaq100",
      "exp2": null,
      "fam1": "sector_tech",
      "fam2": null
    },
    {
      "t1": "CF",
      "t2": "SPLV",
      "corr_hybrid": 0.0036,
      "corr_structured": null,
      "cat1": "Act",
      "cat2": "ETF",
      "exp1": null,
      "exp2": "sp500",
      "fam1": null,
      "fam2": "us_equity_large"
    },
    {
      "t1": "COPX",
      "t2": "KO",
      "corr_hybrid": 0.0027,
      "corr_structured": null,
      "cat1": "ETF",
      "cat2": "Act",
      "exp1": "copper",
      "exp2": null,
      "fam1": "commodities",
      "fam2": null
    },
    {
      "t1": "FSLR",
      "t2": "LUPIN",
      "corr_hybrid": 0.0025,
      "corr_structured": null,
      "cat1": "Act",
      "cat2": "Act",
      "exp1": null,
      "exp2": null,
      "fam1": null,
      "fam2": null
    },
    {
      "t1": "LUPIN",
      "t2": "XLK",
      "corr_hybrid": 0.0022,
      "corr_structured": null,
      "cat1": "Act",
      "cat2": "ETF",
      "exp1": null,
      "exp2": "tech",
      "fam1": null,
      "fam2": "sector_tech"
    },
    {
      "t1": "PLTR",
      "t2": "XLV",
      "corr_hybrid": 0.0012,
      "corr_structured": null,
      "cat1": "Act",
      "cat2": "ETF",
      "exp1": null,
      "exp2": "healthcare",
      "fam1": null,
      "fam2": "sector_healthcare"
    },
    {
      "t1": "FIX",
      "t2": "VICI",
      "corr_hybrid": 0.0006,
      "corr_structured": null,
      "cat1": "Act",
      "cat2": "Act",
      "exp1": null,
      "exp2": null,
      "fam1": null,
      "fam2": null
    },
    {
      "t1": "EEMV",
      "t2": "NOVN",
      "corr_hybrid": 0.0005,
      "corr_structured": null,
      "cat1": "ETF",
      "cat2": "Act",
      "exp1": "emerging_markets",
      "exp2": null,
      "fam1": "em_equity",
      "fam2": null
    },
    {
      "t1": "FSLR",
      "t2": "KO",
      "corr_hybrid": 0.0004,
      "corr_structured": null,
      "cat1": "Act",
      "cat2": "Act",
      "exp1": null,
      "exp2": null,
      "fam1": null,
      "fam2": null
    }
  ],
  "correlation_matrix": {
    "tickers": [
      "000660",
      "2059",
      "ACWV",
      "BMED",
      "BSV",
      "CF",
      "CLTL",
      "COPX",
      "CS",
      "CUMMINSIND",
      "EEMV",
      "EXPD",
      "FIX",
      "FLKR",
      "FLRN",
      "FLTR",
      "FNDF",
      "FSLR",
      "GD",
      "GLD",
      "GPIQ",
      "GVT&D",
      "ICLN",
      "ITX",
      "KO",
      "LLY",
      "LUPIN",
      "NOVN",
      "NVDA",
      "PAAA",
      "PG",
      "PICK",
      "PLTR",
      "SCHD",
      "SCHP",
      "SPLV",
      "SPYV",
      "STIP",
      "TDTT",
      "VGSH",
      "VICI",
      "XBI",
      "XCEM",
      "XLK",
      "XLV"
    ],
    "matrix": [
      [
        1.0,
        0.5691,
        0.343,
        0.4551,
        0.0801,
        0.2546,
        0.0801,
        0.12,
        0.1582,
        0.5691,
        0.2165,
        0.3273,
        0.2087,
        0.0828,
        0.0801,
        0.0801,
        0.2469,
        0.1604,
        0.413,
        0.0995,
        0.2253,
        0.5691,
        0.1931,
        0.3049,
        0.3379,
        0.3248,
        0.3161,
        0.2784,
        0.1829,
        0.0801,
        0.3149,
        0.1593,
        0.1917,
        0.3295,
        0.531,
        0.3086,
        0.337,
        0.0801,
        0.0801,
        0.0801,
        0.4028,
        0.2082,
        0.1497,
        0.1725,
        0.3226
      ],
      [
        0.5691,
        1.0,
        0.343,
        0.4551,
        0.0801,
        0.2546,
        0.0801,
        0.12,
        0.1582,
        0.5691,
        0.2165,
        0.3273,
        0.2087,
        0.0828,
        0.0801,
        0.0801,
        0.2469,
        0.1604,
        0.413,
        0.0995,
        0.2253,
        0.5691,
        0.1931,
        0.3049,
        0.3379,
        0.3248,
        0.3161,
        0.2784,
        0.1829,
        0.0801,
        0.3149,
        0.1593,
        0.1917,
        0.3295,
        0.531,
        0.3086,
        0.337,
        0.0801,
        0.0801,
        0.0801,
        0.4028,
        0.2082,
        0.1497,
        0.1725,
        0.3226
      ],
      [
        0.343,
        0.343,
        1.0,
        0.4899,
        0.0829,
        -0.1289,
        0.0829,
        0.3562,
        0.3137,
        0.343,
        0.4302,
        0.1899,
        0.1279,
        0.3195,
        0.0829,
        0.0829,
        0.4511,
        0.1327,
        0.258,
        0.23,
        0.3151,
        0.343,
        0.2723,
        0.1971,
        0.27,
        0.3695,
        0.1883,
        0.1191,
        0.1592,
        0.0829,
        0.3517,
        0.3965,
        0.0889,
        0.3412,
        0.3263,
        0.3198,
        0.4012,
        0.0829,
        0.0829,
        0.0829,
        0.3108,
        0.3766,
        0.3901,
        0.2587,
        0.438
      ],
      [
        0.4551,
        0.4551,
        0.4899,
        1.0,
        0.1027,
        -0.1382,
        0.1027,
        0.3837,
        0.2826,
        0.4551,
        0.5139,
        0.2387,
        0.2248,
        0.3882,
        0.1027,
        0.1027,
        0.5205,
        0.2028,
        0.3446,
        0.2419,
        0.4214,
        0.4551,
        0.3558,
        0.2293,
        0.3078,
        0.4464,
        0.2492,
        0.1653,
        0.2509,
        0.1027,
        0.389,
        0.4356,
        0.2052,
        0.3941,
        0.4284,
        0.3573,
        0.4903,
        0.1027,
        0.1027,
        0.1027,
        0.373,
        0.4572,
        0.4671,
        0.3614,
        0.509
      ],
      [
        0.0801,
        0.0801,
        0.0829,
        0.1027,
        1.0,
        -0.0181,
        0.0176,
        0.0625,
        0.0457,
        0.0801,
        0.084,
        0.0413,
        0.0336,
        0.0618,
        0.0176,
        0.0176,
        0.0856,
        0.0302,
        0.0611,
        0.0405,
        0.0703,
        0.0801,
        0.0563,
        0.0401,
        0.0527,
        0.0758,
        0.0441,
        0.0301,
        0.0425,
        0.0176,
        0.0652,
        0.0711,
        0.0407,
        0.067,
        0.0756,
        0.0608,
        0.0823,
        0.0176,
        0.0176,
        0.0176,
        0.0649,
        0.0766,
        0.0752,
        0.0599,
        0.0855
      ],
      [
        0.2546,
        0.2546,
        -0.1289,
        -0.1382,
        -0.0181,
        1.0,
        -0.0181,
        -0.2081,
        0.0517,
        0.2546,
        -0.3704,
        0.189,
        -0.104,
        -0.4217,
        -0.0181,
        -0.0181,
        -0.3044,
        0.015,
        0.1918,
        -0.0584,
        -0.2446,
        0.2546,
        -0.1708,
        0.1076,
        0.0807,
        -0.1462,
        0.1097,
        0.2046,
        -0.0978,
        -0.0181,
        -0.067,
        -0.2457,
        0.084,
        0.0053,
        0.2148,
        0.0036,
        -0.1462,
        -0.0181,
        -0.0181,
        -0.0181,
        0.1186,
        -0.3035,
        -0.4209,
        -0.2425,
        -0.2087
      ],
      [
        0.0801,
        0.0801,
        0.0829,
        0.1027,
        0.0176,
        -0.0181,
        1.0,
        0.0625,
        0.0457,
        0.0801,
        0.084,
        0.0413,
        0.0336,
        0.0618,
        0.0176,
        0.0176,
        0.0856,
        0.0302,
        0.0611,
        0.0405,
        0.0703,
        0.0801,
        0.0563,
        0.0401,
        0.0527,
        0.0758,
        0.0441,
        0.0301,
        0.0425,
        0.0176,
        0.0652,
        0.0711,
        0.0407,
        0.067,
        0.0756,
        0.0608,
        0.0823,
        0.0176,
        0.0176,
        0.0176,
        0.0649,
        0.0766,
        0.0752,
        0.0599,
        0.0855
      ],
      [
        0.12,
        0.12,
        0.3562,
        0.3837,
        0.0625,
        -0.2081,
        0.0625,
        1.0,
        0.7231,
        0.12,
        0.6487,
        0.0759,
        0.3709,
        0.6327,
        0.0625,
        0.0625,
        0.6643,
        0.2569,
        0.1604,
        0.479,
        0.5533,
        0.12,
        0.5313,
        -0.0263,
        0.0027,
        0.1173,
        -0.0475,
        -0.0448,
        0.3777,
        0.0625,
        0.1069,
        0.7793,
        0.3029,
        0.263,
        0.0566,
        0.1507,
        0.4389,
        0.0625,
        0.0625,
        0.0625,
        0.0816,
        0.4762,
        0.6811,
        0.5721,
        0.303
      ],
      [
        0.1582,
        0.1582,
        0.3137,
        0.2826,
        0.0457,
        0.0517,
        0.0457,
        0.7231,
        1.0,
        0.1582,
        0.463,
        0.1565,
        0.2469,
        0.4122,
        0.0457,
        0.0457,
        0.548,
        0.1041,
        0.1612,
        0.4542,
        0.3247,
        0.1582,
        0.353,
        0.1098,
        0.1157,
        0.0506,
        -0.016,
        0.0128,
        0.2068,
        0.0457,
        0.1818,
        0.6892,
        0.0198,
        0.2872,
        0.1022,
        0.2185,
        0.341,
        0.0457,
        0.0457,
        0.0457,
        0.1489,
        0.2953,
        0.475,
        0.3238,
        0.2411
      ],
      [
        0.5691,
        0.5691,
        0.343,
        0.4551,
        0.0801,
        0.2546,
        0.0801,
        0.12,
        0.1582,
        1.0,
        0.2165,
        0.3273,
        0.2087,
        0.0828,
        0.0801,
        0.0801,
        0.2469,
        0.1604,
        0.413,
        0.0995,
        0.2253,
        0.5691,
        0.1931,
        0.3049,
        0.3379,
        0.3248,
        0.3161,
        0.2784,
        0.1829,
        0.0801,
        0.3149,
        0.1593,
        0.1917,
        0.3295,
        0.531,
        0.3086,
        0.337,
        0.0801,
        0.0801,
        0.0801,
        0.4028,
        0.2082,
        0.1497,
        0.1725,
        0.3226
      ],
      [
        0.2165,
        0.2165,
        0.4302,
        0.5139,
        0.084,
        -0.3704,
        0.084,
        0.6487,
        0.463,
        0.2165,
        1.0,
        0.1061,
        0.4397,
        0.6577,
        0.084,
        0.084,
        0.6731,
        0.2822,
        0.2,
        0.3589,
        0.5938,
        0.2165,
        0.5434,
        0.0536,
        0.0998,
        0.2859,
        0.0602,
        0.0005,
        0.3983,
        0.084,
        0.2212,
        0.6706,
        0.2617,
        0.2997,
        0.1736,
        0.2125,
        0.5034,
        0.084,
        0.084,
        0.084,
        0.1641,
        0.5415,
        0.7138,
        0.5873,
        0.4249
      ],
      [
        0.3273,
        0.3273,
        0.1899,
        0.2387,
        0.0413,
        0.189,
        0.0413,
        0.0759,
        0.1565,
        0.3273,
        0.1061,
        1.0,
        0.1388,
        0.0266,
        0.0413,
        0.0413,
        0.1363,
        0.1199,
        0.2288,
        0.0606,
        0.089,
        0.3273,
        0.1185,
        0.1954,
        0.2191,
        0.1695,
        0.1782,
        0.1652,
        0.0697,
        0.0413,
        0.2025,
        0.0962,
        0.0059,
        0.1994,
        0.3027,
        0.193,
        0.1817,
        0.0413,
        0.0413,
        0.0413,
        0.2399,
        0.0819,
        0.0687,
        0.0565,
        0.1753
      ],
      [
        0.2087,
        0.2087,
        0.1279,
        0.2248,
        0.0336,
        -0.104,
        0.0336,
        0.3709,
        0.2469,
        0.2087,
        0.4397,
        0.1388,
        1.0,
        0.5087,
        0.0336,
        0.0336,
        0.3903,
        0.3236,
        0.1691,
        0.1148,
        0.5308,
        0.2087,
        0.5336,
        0.0681,
        -0.0358,
        -0.0396,
        0.0334,
        0.0339,
        0.5509,
        0.0336,
        -0.0517,
        0.3741,
        0.2388,
        0.0687,
        0.1372,
        -0.0359,
        0.2993,
        0.0336,
        0.0336,
        0.0336,
        0.0006,
        0.2362,
        0.517,
        0.5975,
        0.0465
      ],
      [
        0.0828,
        0.0828,
        0.3195,
        0.3882,
        0.0618,
        -0.4217,
        0.0618,
        0.6327,
        0.4122,
        0.0828,
        0.6577,
        0.0266,
        0.5087,
        1.0,
        0.0618,
        0.0618,
        0.6178,
        0.2715,
        0.1087,
        0.3269,
        0.595,
        0.0828,
        0.5436,
        -0.0355,
        -0.0242,
        0.1598,
        -0.0277,
        -0.0695,
        0.4333,
        0.0618,
        0.087,
        0.6401,
        0.2852,
        0.1903,
        0.0386,
        0.0913,
        0.4244,
        0.0618,
        0.0618,
        0.0618,
        0.0334,
        0.49,
        0.7085,
        0.6192,
        0.3015
      ],
      [
        0.0801,
        0.0801,
        0.0829,
        0.1027,
        0.0176,
        -0.0181,
        0.0176,
        0.0625,
        0.0457,
        0.0801,
        0.084,
        0.0413,
        0.0336,
        0.0618,
        1.0,
        0.0176,
        0.0856,
        0.0302,
        0.0611,
        0.0405,
        0.0703,
        0.0801,
        0.0563,
        0.0401,
        0.0527,
        0.0758,
        0.0441,
        0.0301,
        0.0425,
        0.0176,
        0.0652,
        0.0711,
        0.0407,
        0.067,
        0.0756,
        0.0608,
        0.0823,
        0.0176,
        0.0176,
        0.0176,
        0.0649,
        0.0766,
        0.0752,
        0.0599,
        0.0855
      ],
      [
        0.0801,
        0.0801,
        0.0829,
        0.1027,
        0.0176,
        -0.0181,
        0.0176,
        0.0625,
        0.0457,
        0.0801,
        0.084,
        0.0413,
        0.0336,
        0.0618,
        0.0176,
        1.0,
        0.0856,
        0.0302,
        0.0611,
        0.0405,
        0.0703,
        0.0801,
        0.0563,
        0.0401,
        0.0527,
        0.0758,
        0.0441,
        0.0301,
        0.0425,
        0.0176,
        0.0652,
        0.0711,
        0.0407,
        0.067,
        0.0756,
        0.0608,
        0.0823,
        0.0176,
        0.0176,
        0.0176,
        0.0649,
        0.0766,
        0.0752,
        0.0599,
        0.0855
      ],
      [
        0.2469,
        0.2469,
        0.4511,
        0.5205,
        0.0856,
        -0.3044,
        0.0856,
        0.6643,
        0.548,
        0.2469,
        0.6731,
        0.1363,
        0.3903,
        0.6178,
        0.0856,
        0.0856,
        1.0,
        0.211,
        0.2186,
        0.3796,
        0.5536,
        0.2469,
        0.494,
        0.1082,
        0.1467,
        0.2887,
        0.0792,
        0.022,
        0.3635,
        0.0856,
        0.264,
        0.6842,
        0.208,
        0.3312,
        0.2063,
        0.2551,
        0.5041,
        0.0856,
        0.0856,
        0.0856,
        0.2043,
        0.5237,
        0.6835,
        0.5374,
        0.4388
      ],
      [
        0.1604,
        0.1604,
        0.1327,
        0.2028,
        0.0302,
        0.015,
        0.0302,
        0.2569,
        0.1041,
        0.1604,
        0.2822,
        0.1199,
        0.3236,
        0.2715,
        0.0302,
        0.0302,
        0.211,
        1.0,
        0.1456,
        0.1647,
        0.2496,
        0.1604,
        0.6315,
        -0.2215,
        0.0004,
        0.1641,
        0.0025,
        0.0465,
        0.1008,
        0.0302,
        0.0362,
        0.2533,
        0.1172,
        0.1532,
        0.079,
        0.0513,
        0.2292,
        0.0302,
        0.0302,
        0.0302,
        0.064,
        0.169,
        0.2808,
        0.258,
        0.1551
      ],
      [
        0.413,
        0.413,
        0.258,
        0.3446,
        0.0611,
        0.1918,
        0.0611,
        0.1604,
        0.1612,
        0.413,
        0.2,
        0.2288,
        0.1691,
        0.1087,
        0.0611,
        0.0611,
        0.2186,
        0.1456,
        1.0,
        0.1215,
        0.2228,
        0.413,
        0.186,
        0.1841,
        0.2077,
        0.2197,
        0.2103,
        0.1935,
        0.1834,
        0.0611,
        0.1921,
        0.1792,
        0.2463,
        0.2419,
        0.3749,
        0.2067,
        0.2696,
        0.0611,
        0.0611,
        0.0611,
        0.2768,
        0.1893,
        0.1554,
        0.194,
        0.2306
      ],
      [
        0.0995,
        0.0995,
        0.23,
        0.2419,
        0.0405,
        -0.0584,
        0.0405,
        0.479,
        0.4542,
        0.0995,
        0.3589,
        0.0606,
        0.1148,
        0.3269,
        0.0405,
        0.0405,
        0.3796,
        0.1647,
        0.1215,
        1.0,
        0.2921,
        0.0995,
        0.2909,
        -0.0177,
        0.026,
        0.0964,
        -0.0139,
        -0.0054,
        0.1743,
        0.0405,
        0.0875,
        0.4609,
        0.198,
        0.1858,
        0.0605,
        0.1212,
        0.2609,
        0.0405,
        0.0405,
        0.0405,
        0.0838,
        0.2784,
        0.3611,
        0.2925,
        0.2011
      ],
      [
        0.2253,
        0.2253,
        0.3151,
        0.4214,
        0.0703,
        -0.2446,
        0.0703,
        0.5533,
        0.3247,
        0.2253,
        0.5938,
        0.089,
        0.5308,
        0.595,
        0.0703,
        0.0703,
        0.5536,
        0.2496,
        0.2228,
        0.2921,
        1.0,
        0.2253,
        0.5084,
        0.0114,
        -0.0042,
        0.1617,
        0.0487,
        0.017,
        0.5008,
        0.0703,
        0.0577,
        0.5592,
        0.4788,
        0.1988,
        0.1682,
        0.0883,
        0.4303,
        0.0703,
        0.0703,
        0.0703,
        0.0917,
        0.4662,
        0.6268,
        0.6427,
        0.2714
      ],
      [
        0.5691,
        0.5691,
        0.343,
        0.4551,
        0.0801,
        0.2546,
        0.0801,
        0.12,
        0.1582,
        0.5691,
        0.2165,
        0.3273,
        0.2087,
        0.0828,
        0.0801,
        0.0801,
        0.2469,
        0.1604,
        0.413,
        0.0995,
        0.2253,
        1.0,
        0.1931,
        0.3049,
        0.3379,
        0.3248,
        0.3161,
        0.2784,
        0.1829,
        0.0801,
        0.3149,
        0.1593,
        0.1917,
        0.3295,
        0.531,
        0.3086,
        0.337,
        0.0801,
        0.0801,
        0.0801,
        0.4028,
        0.2082,
        0.1497,
        0.1725,
        0.3226
      ],
      [
        0.1931,
        0.1931,
        0.2723,
        0.3558,
        0.0563,
        -0.1708,
        0.0563,
        0.5313,
        0.353,
        0.1931,
        0.5434,
        0.1185,
        0.5336,
        0.5436,
        0.0563,
        0.0563,
        0.494,
        0.6315,
        0.186,
        0.2909,
        0.5084,
        0.1931,
        1.0,
        -0.0866,
        0.008,
        0.1653,
        0.0112,
        0.0145,
        0.3569,
        0.0563,
        0.0753,
        0.5312,
        0.2616,
        0.2107,
        0.1171,
        0.094,
        0.3918,
        0.0563,
        0.0563,
        0.0563,
        0.0816,
        0.3765,
        0.5725,
        0.5305,
        0.2531
      ],
      [
        0.3049,
        0.3049,
        0.1971,
        0.2293,
        0.0401,
        0.1076,
        0.0401,
        -0.0263,
        0.1098,
        0.3049,
        0.0536,
        0.1954,
        0.0681,
        -0.0355,
        0.0401,
        0.0401,
        0.1082,
        -0.2215,
        0.1841,
        -0.0177,
        0.0114,
        0.3049,
        -0.0866,
        1.0,
        0.2872,
        0.1833,
        0.2162,
        0.1612,
        0.0263,
        0.0401,
        0.2757,
        0.0141,
        -0.1417,
        0.1859,
        0.3182,
        0.231,
        0.1438,
        0.0401,
        0.0401,
        0.0401,
        0.2647,
        0.0547,
        0.0142,
        -0.039,
        0.1936
      ],
      [
        0.3379,
        0.3379,
        0.27,
        0.3078,
        0.0527,
        0.0807,
        0.0527,
        0.0027,
        0.1157,
        0.3379,
        0.0998,
        0.2191,
        -0.0358,
        -0.0242,
        0.0527,
        0.0527,
        0.1467,
        0.0004,
        0.2077,
        0.026,
        -0.0042,
        0.3379,
        0.008,
        0.2872,
        1.0,
        0.3064,
        0.2353,
        0.1758,
        -0.0662,
        0.0527,
        0.366,
        0.0518,
        -0.1959,
        0.264,
        0.3468,
        0.3074,
        0.1975,
        0.0527,
        0.0527,
        0.0527,
        0.3273,
        0.1049,
        0.0372,
        -0.0796,
        0.3035
      ],
      [
        0.3248,
        0.3248,
        0.3695,
        0.4464,
        0.0758,
        -0.1462,
        0.0758,
        0.1173,
        0.0506,
        0.3248,
        0.2859,
        0.1695,
        -0.0396,
        0.1598,
        0.0758,
        0.0758,
        0.2887,
        0.1641,
        0.2197,
        0.0964,
        0.1617,
        0.3248,
        0.1653,
        0.1833,
        0.3064,
        1.0,
        0.2236,
        0.1357,
        0.0053,
        0.0758,
        0.386,
        0.1784,
        -0.023,
        0.3085,
        0.331,
        0.3238,
        0.3156,
        0.0758,
        0.0758,
        0.0758,
        0.3259,
        0.2917,
        0.223,
        0.0818,
        0.4373
      ],
      [
        0.3161,
        0.3161,
        0.1883,
        0.2492,
        0.0441,
        0.1097,
        0.0441,
        -0.0475,
        -0.016,
        0.3161,
        0.0602,
        0.1782,
        0.0334,
        -0.0277,
        0.0441,
        0.0441,
        0.0792,
        0.0025,
        0.2103,
        -0.0139,
        0.0487,
        0.3161,
        0.0112,
        0.2162,
        0.2353,
        0.2236,
        1.0,
        0.1657,
        0.0307,
        0.0441,
        0.2256,
        -0.0099,
        0.0138,
        0.1792,
        0.3148,
        0.1977,
        0.1552,
        0.0441,
        0.0441,
        0.0441,
        0.2501,
        0.0842,
        0.0118,
        0.0022,
        0.1997
      ],
      [
        0.2784,
        0.2784,
        0.1191,
        0.1653,
        0.0301,
        0.2046,
        0.0301,
        -0.0448,
        0.0128,
        0.2784,
        0.0005,
        0.1652,
        0.0339,
        -0.0695,
        0.0301,
        0.0301,
        0.022,
        0.0465,
        0.1935,
        -0.0054,
        0.017,
        0.2784,
        0.0145,
        0.1612,
        0.1758,
        0.1357,
        0.1657,
        1.0,
        0.0241,
        0.0301,
        0.1439,
        -0.0262,
        0.0472,
        0.1352,
        0.2651,
