{
  "_meta": {
    "generated": "2026-06-05T08:57:35",
    "portfolio_generated": "2026-06-05T08:54:21.175450",
    "n_assets": 16,
    "n_with_returns": 9,
    "covariance_method": "hybrid_shrunk",
    "condition_number": 765.79,
    "pca_factors": 3
  },
  "profiles": {
    "Agressif": {
      "n_assets": 9,
      "weighted_avg_correlation": 0.2602,
      "most_correlated": [
        {
          "t1": "VWCE.DE",
          "t2": "HEROMOTOCO",
          "corr": 0.464,
          "w1": 50.0,
          "w2": 5.0,
          "combined_weight": 55.0
        },
        {
          "t1": "IWDA.AS",
          "t2": "HEROMOTOCO",
          "corr": 0.464,
          "w1": 15.0,
          "w2": 5.0,
          "combined_weight": 20.0
        },
        {
          "t1": "HEROMOTOCO",
          "t2": "SGLN.AS",
          "corr": 0.464,
          "w1": 5.0,
          "w2": 5.0,
          "combined_weight": 10.0
        },
        {
          "t1": "HEROMOTOCO",
          "t2": "EXPD",
          "corr": 0.4251,
          "w1": 5.0,
          "w2": 5.0,
          "combined_weight": 10.0
        },
        {
          "t1": "HEROMOTOCO",
          "t2": "LUPIN",
          "corr": 0.4105,
          "w1": 5.0,
          "w2": 5.0,
          "combined_weight": 10.0
        },
        {
          "t1": "HEROMOTOCO",
          "t2": "LOGN",
          "corr": 0.3585,
          "w1": 5.0,
          "w2": 5.0,
          "combined_weight": 10.0
        },
        {
          "t1": "VWCE.DE",
          "t2": "IWDA.AS",
          "corr": 0.3187,
          "w1": 50.0,
          "w2": 15.0,
          "combined_weight": 65.0
        },
        {
          "t1": "VWCE.DE",
          "t2": "SGLN.AS",
          "corr": 0.3187,
          "w1": 50.0,
          "w2": 5.0,
          "combined_weight": 55.0
        },
        {
          "t1": "IWDA.AS",
          "t2": "SGLN.AS",
          "corr": 0.3187,
          "w1": 15.0,
          "w2": 5.0,
          "combined_weight": 20.0
        },
        {
          "t1": "VWCE.DE",
          "t2": "EXPD",
          "corr": 0.2899,
          "w1": 50.0,
          "w2": 5.0,
          "combined_weight": 55.0
        }
      ],
      "least_correlated": [
        {
          "t1": "EXPD",
          "t2": "IBGS.AS",
          "corr": 0.064,
          "w1": 5.0,
          "w2": 5.0,
          "combined_weight": 10.0
        },
        {
          "t1": "LUPIN",
          "t2": "IBGS.AS",
          "corr": 0.0628,
          "w1": 5.0,
          "w2": 5.0,
          "combined_weight": 10.0
        },
        {
          "t1": "LOGN",
          "t2": "IBGS.AS",
          "corr": 0.0541,
          "w1": 5.0,
          "w2": 5.0,
          "combined_weight": 10.0
        },
        {
          "t1": "CF",
          "t2": "LUPIN",
          "corr": 0.0327,
          "w1": 5.0,
          "w2": 5.0,
          "combined_weight": 10.0
        },
        {
          "t1": "CF",
          "t2": "IBGS.AS",
          "corr": 0.0291,
          "w1": 5.0,
          "w2": 5.0,
          "combined_weight": 10.0
        }
      ],
      "high_corr_high_weight": []
    },
    "Mod\u00e9r\u00e9": {
      "n_assets": 9,
      "weighted_avg_correlation": 0.1539,
      "most_correlated": [
        {
          "t1": "VWCE.DE",
          "t2": "HEROMOTOCO",
          "corr": 0.464,
          "w1": 50.0,
          "w2": 5.0,
          "combined_weight": 55.0
        },
        {
          "t1": "HEROMOTOCO",
          "t2": "SGLN.AS",
          "corr": 0.464,
          "w1": 5.0,
          "w2": 5.0,
          "combined_weight": 10.0
        },
        {
          "t1": "HEROMOTOCO",
          "t2": "EXPD",
          "corr": 0.4251,
          "w1": 5.0,
          "w2": 5.0,
          "combined_weight": 10.0
        },
        {
          "t1": "HEROMOTOCO",
          "t2": "NOVN",
          "corr": 0.3356,
          "w1": 5.0,
          "w2": 5.0,
          "combined_weight": 10.0
        },
        {
          "t1": "VWCE.DE",
          "t2": "SGLN.AS",
          "corr": 0.3187,
          "w1": 50.0,
          "w2": 5.0,
          "combined_weight": 55.0
        },
        {
          "t1": "VWCE.DE",
          "t2": "EXPD",
          "corr": 0.2899,
          "w1": 50.0,
          "w2": 5.0,
          "combined_weight": 55.0
        },
        {
          "t1": "EXPD",
          "t2": "SGLN.AS",
          "corr": 0.2899,
          "w1": 5.0,
          "w2": 5.0,
          "combined_weight": 10.0
        },
        {
          "t1": "HEROMOTOCO",
          "t2": "CF",
          "corr": 0.2417,
          "w1": 5.0,
          "w2": 5.0,
          "combined_weight": 10.0
        },
        {
          "t1": "VWCE.DE",
          "t2": "NOVN",
          "corr": 0.2293,
          "w1": 50.0,
          "w2": 5.0,
          "combined_weight": 55.0
        },
        {
          "t1": "NOVN",
          "t2": "SGLN.AS",
          "corr": 0.2293,
          "w1": 5.0,
          "w2": 5.0,
          "combined_weight": 10.0
        }
      ],
      "least_correlated": [
        {
          "t1": "CF",
          "t2": "IBCI.AS",
          "corr": 0.0291,
          "w1": 5.0,
          "w2": 5.0,
          "combined_weight": 10.0
        },
        {
          "t1": "CF",
          "t2": "IBGS.AS",
          "corr": 0.0291,
          "w1": 5.0,
          "w2": 5.0,
          "combined_weight": 10.0
        },
        {
          "t1": "AGGH.AS",
          "t2": "IBCI.AS",
          "corr": 0.0155,
          "w1": 15.0,
          "w2": 5.0,
          "combined_weight": 20.0
        },
        {
          "t1": "AGGH.AS",
          "t2": "IBGS.AS",
          "corr": 0.0155,
          "w1": 15.0,
          "w2": 5.0,
          "combined_weight": 20.0
        },
        {
          "t1": "IBCI.AS",
          "t2": "IBGS.AS",
          "corr": 0.0155,
          "w1": 5.0,
          "w2": 5.0,
          "combined_weight": 10.0
        }
      ],
      "high_corr_high_weight": []
    },
    "Stable": {
      "n_assets": 9,
      "weighted_avg_correlation": 0.0723,
      "most_correlated": [
        {
          "t1": "ADM",
          "t2": "SHEL",
          "corr": 0.3534,
          "w1": 2.5,
          "w2": 2.5,
          "combined_weight": 5.0
        },
        {
          "t1": "VWCE.DE",
          "t2": "SGLN.AS",
          "corr": 0.3187,
          "w1": 20.0,
          "w2": 10.0,
          "combined_weight": 30.0
        },
        {
          "t1": "VWCE.DE",
          "t2": "FGR",
          "corr": 0.269,
          "w1": 20.0,
          "w2": 2.5,
          "combined_weight": 22.5
        },
        {
          "t1": "SGLN.AS",
          "t2": "FGR",
          "corr": 0.269,
          "w1": 10.0,
          "w2": 2.5,
          "combined_weight": 12.5
        },
        {
          "t1": "VWCE.DE",
          "t2": "ADM",
          "corr": 0.2426,
          "w1": 20.0,
          "w2": 2.5,
          "combined_weight": 22.5
        },
        {
          "t1": "SGLN.AS",
          "t2": "ADM",
          "corr": 0.2426,
          "w1": 10.0,
          "w2": 2.5,
          "combined_weight": 12.5
        },
        {
          "t1": "VWCE.DE",
          "t2": "SHEL",
          "corr": 0.2376,
          "w1": 20.0,
          "w2": 2.5,
          "combined_weight": 22.5
        },
        {
          "t1": "SGLN.AS",
          "t2": "SHEL",
          "corr": 0.2376,
          "w1": 10.0,
          "w2": 2.5,
          "combined_weight": 12.5
        },
        {
          "t1": "ADM",
          "t2": "FGR",
          "corr": 0.1117,
          "w1": 2.5,
          "w2": 2.5,
          "combined_weight": 5.0
        },
        {
          "t1": "SHEL",
          "t2": "FGR",
          "corr": 0.0891,
          "w1": 2.5,
          "w2": 2.5,
          "combined_weight": 5.0
        }
      ],
      "least_correlated": [
        {
          "t1": "AGGH.AS",
          "t2": "AD",
          "corr": 0.009,
          "w1": 25.0,
          "w2": 2.5,
          "combined_weight": 27.5
        },
        {
          "t1": "IBCI.AS",
          "t2": "AD",
          "corr": 0.009,
          "w1": 20.0,
          "w2": 2.5,
          "combined_weight": 22.5
        },
        {
          "t1": "IBGS.AS",
          "t2": "AD",
          "corr": 0.009,
          "w1": 15.0,
          "w2": 2.5,
          "combined_weight": 17.5
        },
        {
          "t1": "AD",
          "t2": "SHEL",
          "corr": -0.0131,
          "w1": 2.5,
          "w2": 2.5,
          "combined_weight": 5.0
        },
        {
          "t1": "ADM",
          "t2": "AD",
          "corr": -0.0636,
          "w1": 2.5,
          "w2": 2.5,
          "combined_weight": 5.0
        }
      ],
      "high_corr_high_weight": []
    }
  },
  "all_pairs_top_30": [
    {
      "t1": "CF",
      "t2": "SHEL",
      "corr_hybrid": 0.5202,
      "corr_structured": null,
      "cat1": "Act",
      "cat2": "Act",
      "exp1": null,
      "exp2": null,
      "fam1": null,
      "fam2": null
    },
    {
      "t1": "HEROMOTOCO",
      "t2": "IWDA.AS",
      "corr_hybrid": 0.464,
      "corr_structured": null,
      "cat1": "Act",
      "cat2": "ETF",
      "exp1": null,
      "exp2": null,
      "fam1": null,
      "fam2": null
    },
    {
      "t1": "HEROMOTOCO",
      "t2": "SGLN.AS",
      "corr_hybrid": 0.464,
      "corr_structured": null,
      "cat1": "Act",
      "cat2": "ETF",
      "exp1": null,
      "exp2": null,
      "fam1": null,
      "fam2": null
    },
    {
      "t1": "HEROMOTOCO",
      "t2": "VWCE.DE",
      "corr_hybrid": 0.464,
      "corr_structured": null,
      "cat1": "Act",
      "cat2": "ETF",
      "exp1": null,
      "exp2": null,
      "fam1": null,
      "fam2": null
    },
    {
      "t1": "ADM",
      "t2": "CF",
      "corr_hybrid": 0.4479,
      "corr_structured": null,
      "cat1": "Act",
      "cat2": "Act",
      "exp1": null,
      "exp2": null,
      "fam1": null,
      "fam2": null
    },
    {
      "t1": "EXPD",
      "t2": "HEROMOTOCO",
      "corr_hybrid": 0.4251,
      "corr_structured": null,
      "cat1": "Act",
      "cat2": "Act",
      "exp1": null,
      "exp2": null,
      "fam1": null,
      "fam2": null
    },
    {
      "t1": "HEROMOTOCO",
      "t2": "LUPIN",
      "corr_hybrid": 0.4105,
      "corr_structured": null,
      "cat1": "Act",
      "cat2": "Act",
      "exp1": null,
      "exp2": null,
      "fam1": null,
      "fam2": null
    },
    {
      "t1": "HEROMOTOCO",
      "t2": "SHEL",
      "corr_hybrid": 0.3849,
      "corr_structured": null,
      "cat1": "Act",
      "cat2": "Act",
      "exp1": null,
      "exp2": null,
      "fam1": null,
      "fam2": null
    },
    {
      "t1": "ADM",
      "t2": "HEROMOTOCO",
      "corr_hybrid": 0.3841,
      "corr_structured": null,
      "cat1": "Act",
      "cat2": "Act",
      "exp1": null,
      "exp2": null,
      "fam1": null,
      "fam2": null
    },
    {
      "t1": "FGR",
      "t2": "HEROMOTOCO",
      "corr_hybrid": 0.3713,
      "corr_structured": null,
      "cat1": "Act",
      "cat2": "Act",
      "exp1": null,
      "exp2": null,
      "fam1": null,
      "fam2": null
    },
    {
      "t1": "HEROMOTOCO",
      "t2": "LOGN",
      "corr_hybrid": 0.3585,
      "corr_structured": null,
      "cat1": "Act",
      "cat2": "Act",
      "exp1": null,
      "exp2": null,
      "fam1": null,
      "fam2": null
    },
    {
      "t1": "ADM",
      "t2": "SHEL",
      "corr_hybrid": 0.3534,
      "corr_structured": null,
      "cat1": "Act",
      "cat2": "Act",
      "exp1": null,
      "exp2": null,
      "fam1": null,
      "fam2": null
    },
    {
      "t1": "HEROMOTOCO",
      "t2": "NOVN",
      "corr_hybrid": 0.3356,
      "corr_structured": null,
      "cat1": "Act",
      "cat2": "Act",
      "exp1": null,
      "exp2": null,
      "fam1": null,
      "fam2": null
    },
    {
      "t1": "IWDA.AS",
      "t2": "SGLN.AS",
      "corr_hybrid": 0.3187,
      "corr_structured": null,
      "cat1": "ETF",
      "cat2": "ETF",
      "exp1": null,
      "exp2": null,
      "fam1": null,
      "fam2": null
    },
    {
      "t1": "IWDA.AS",
      "t2": "VWCE.DE",
      "corr_hybrid": 0.3187,
      "corr_structured": null,
      "cat1": "ETF",
      "cat2": "ETF",
      "exp1": null,
      "exp2": null,
      "fam1": null,
      "fam2": null
    },
    {
      "t1": "SGLN.AS",
      "t2": "VWCE.DE",
      "corr_hybrid": 0.3187,
      "corr_structured": null,
      "cat1": "ETF",
      "cat2": "ETF",
      "exp1": null,
      "exp2": null,
      "fam1": null,
      "fam2": null
    },
    {
      "t1": "EXPD",
      "t2": "IWDA.AS",
      "corr_hybrid": 0.2899,
      "corr_structured": null,
      "cat1": "Act",
      "cat2": "ETF",
      "exp1": null,
      "exp2": null,
      "fam1": null,
      "fam2": null
    },
    {
      "t1": "EXPD",
      "t2": "SGLN.AS",
      "corr_hybrid": 0.2899,
      "corr_structured": null,
      "cat1": "Act",
      "cat2": "ETF",
      "exp1": null,
      "exp2": null,
      "fam1": null,
      "fam2": null
    },
    {
      "t1": "EXPD",
      "t2": "VWCE.DE",
      "corr_hybrid": 0.2899,
      "corr_structured": null,
      "cat1": "Act",
      "cat2": "ETF",
      "exp1": null,
      "exp2": null,
      "fam1": null,
      "fam2": null
    },
    {
      "t1": "IWDA.AS",
      "t2": "LUPIN",
      "corr_hybrid": 0.2875,
      "corr_structured": null,
      "cat1": "ETF",
      "cat2": "Act",
      "exp1": null,
      "exp2": null,
      "fam1": null,
      "fam2": null
    },
    {
      "t1": "LUPIN",
      "t2": "SGLN.AS",
      "corr_hybrid": 0.2875,
      "corr_structured": null,
      "cat1": "Act",
      "cat2": "ETF",
      "exp1": null,
      "exp2": null,
      "fam1": null,
      "fam2": null
    },
    {
      "t1": "LUPIN",
      "t2": "VWCE.DE",
      "corr_hybrid": 0.2875,
      "corr_structured": null,
      "cat1": "Act",
      "cat2": "ETF",
      "exp1": null,
      "exp2": null,
      "fam1": null,
      "fam2": null
    },
    {
      "t1": "FGR",
      "t2": "IWDA.AS",
      "corr_hybrid": 0.269,
      "corr_structured": null,
      "cat1": "Act",
      "cat2": "ETF",
      "exp1": null,
      "exp2": null,
      "fam1": null,
      "fam2": null
    },
    {
      "t1": "FGR",
      "t2": "SGLN.AS",
      "corr_hybrid": 0.269,
      "corr_structured": null,
      "cat1": "Act",
      "cat2": "ETF",
      "exp1": null,
      "exp2": null,
      "fam1": null,
      "fam2": null
    },
    {
      "t1": "FGR",
      "t2": "VWCE.DE",
      "corr_hybrid": 0.269,
      "corr_structured": null,
      "cat1": "Act",
      "cat2": "ETF",
      "exp1": null,
      "exp2": null,
      "fam1": null,
      "fam2": null
    },
    {
      "t1": "FGR",
      "t2": "LUPIN",
      "corr_hybrid": 0.2591,
      "corr_structured": null,
      "cat1": "Act",
      "cat2": "Act",
      "exp1": null,
      "exp2": null,
      "fam1": null,
      "fam2": null
    },
    {
      "t1": "EXPD",
      "t2": "LUPIN",
      "corr_hybrid": 0.2559,
      "corr_structured": null,
      "cat1": "Act",
      "cat2": "Act",
      "exp1": null,
      "exp2": null,
      "fam1": null,
      "fam2": null
    },
    {
      "t1": "IWDA.AS",
      "t2": "LOGN",
      "corr_hybrid": 0.2448,
      "corr_structured": null,
      "cat1": "ETF",
      "cat2": "Act",
      "exp1": null,
      "exp2": null,
      "fam1": null,
      "fam2": null
    },
    {
      "t1": "LOGN",
      "t2": "SGLN.AS",
      "corr_hybrid": 0.2448,
      "corr_structured": null,
      "cat1": "Act",
      "cat2": "ETF",
      "exp1": null,
      "exp2": null,
      "fam1": null,
      "fam2": null
    },
    {
      "t1": "LOGN",
      "t2": "VWCE.DE",
      "corr_hybrid": 0.2448,
      "corr_structured": null,
      "cat1": "Act",
      "cat2": "ETF",
      "exp1": null,
      "exp2": null,
      "fam1": null,
      "fam2": null
    }
  ],
  "all_pairs_bottom_10": [
    {
      "t1": "CF",
      "t2": "IBCI.AS",
      "corr_hybrid": 0.0291,
      "corr_structured": null,
      "cat1": "Act",
      "cat2": "Obl",
      "exp1": null,
      "exp2": null,
      "fam1": null,
      "fam2": null
    },
    {
      "t1": "CF",
      "t2": "IBGS.AS",
      "corr_hybrid": 0.0291,
      "corr_structured": null,
      "cat1": "Act",
      "cat2": "Obl",
      "exp1": null,
      "exp2": null,
      "fam1": null,
      "fam2": null
    },
    {
      "t1": "AGGH.AS",
      "t2": "IBCI.AS",
      "corr_hybrid": 0.0155,
      "corr_structured": null,
      "cat1": "Obl",
      "cat2": "Obl",
      "exp1": null,
      "exp2": null,
      "fam1": null,
      "fam2": null
    },
    {
      "t1": "AGGH.AS",
      "t2": "IBGS.AS",
      "corr_hybrid": 0.0155,
      "corr_structured": null,
      "cat1": "Obl",
      "cat2": "Obl",
      "exp1": null,
      "exp2": null,
      "fam1": null,
      "fam2": null
    },
    {
      "t1": "IBCI.AS",
      "t2": "IBGS.AS",
      "corr_hybrid": 0.0155,
      "corr_structured": null,
      "cat1": "Obl",
      "cat2": "Obl",
      "exp1": null,
      "exp2": null,
      "fam1": null,
      "fam2": null
    },
    {
      "t1": "AD",
      "t2": "SHEL",
      "corr_hybrid": -0.0131,
      "corr_structured": null,
      "cat1": "Act",
      "cat2": "Act",
      "exp1": null,
      "exp2": null,
      "fam1": null,
      "fam2": null
    },
    {
      "t1": "AD",
      "t2": "AGGH.AS",
      "corr_hybrid": 0.009,
      "corr_structured": null,
      "cat1": "Act",
      "cat2": "Obl",
      "exp1": null,
      "exp2": null,
      "fam1": null,
      "fam2": null
    },
    {
      "t1": "AD",
      "t2": "IBCI.AS",
      "corr_hybrid": 0.009,
      "corr_structured": null,
      "cat1": "Act",
      "cat2": "Obl",
      "exp1": null,
      "exp2": null,
      "fam1": null,
      "fam2": null
    },
    {
      "t1": "AD",
      "t2": "IBGS.AS",
      "corr_hybrid": 0.009,
      "corr_structured": null,
      "cat1": "Act",
      "cat2": "Obl",
      "exp1": null,
      "exp2": null,
      "fam1": null,
      "fam2": null
    },
    {
      "t1": "AD",
      "t2": "NOVN",
      "corr_hybrid": 0.0014,
      "corr_structured": null,
      "cat1": "Act",
      "cat2": "Act",
      "exp1": null,
      "exp2": null,
      "fam1": null,
      "fam2": null
    }
  ],
  "correlation_matrix": {
    "tickers": [
      "AD",
      "ADM",
      "AGGH.AS",
      "CF",
      "EXPD",
      "FGR",
      "HEROMOTOCO",
      "IBCI.AS",
      "IBGS.AS",
      "IWDA.AS",
      "LOGN",
      "LUPIN",
      "NOVN",
      "SGLN.AS",
      "SHEL",
      "VWCE.DE"
    ],
    "matrix": [
      [
        1.0,
        -0.0636,
        0.009,
        -0.1205,
        0.0864,
        0.0732,
        0.0674,
        0.009,
        0.009,
        0.036,
        0.0355,
        -0.0329,
        0.0014,
        0.036,
        -0.0131,
        0.036
      ],
      [
        -0.0636,
        1.0,
        0.0552,
        0.4479,
        0.2255,
        0.1117,
        0.3841,
        0.0552,
        0.0552,
        0.2426,
        0.1943,
        0.1951,
        0.1859,
        0.2426,
        0.3534,
        0.2426
      ],
      [
        0.009,
        0.0552,
        1.0,
        0.0291,
        0.064,
        0.0581,
        0.1027,
        0.0155,
        0.0155,
        0.0702,
        0.0541,
        0.0628,
        0.0506,
        0.0702,
        0.0546,
        0.0702
      ],
      [
        -0.1205,
        0.4479,
        0.0291,
        1.0,
        0.1183,
        -0.1406,
        0.2417,
        0.0291,
        0.0291,
        0.1108,
        0.1063,
        0.0327,
        0.1063,
        0.1108,
        0.5202,
        0.1108
      ],
      [
        0.0864,
        0.2255,
        0.064,
        0.1183,
        1.0,
        0.2407,
        0.4251,
        0.064,
        0.064,
        0.2899,
        0.2237,
        0.2559,
        0.2079,
        0.2899,
        0.2259,
        0.2899
      ],
      [
        0.0732,
        0.1117,
        0.0581,
        -0.1406,
        0.2407,
        1.0,
        0.3713,
        0.0581,
        0.0581,
        0.269,
        0.2013,
        0.2591,
        0.1866,
        0.269,
        0.0891,
        0.269
      ],
      [
        0.0674,
        0.3841,
        0.1027,
        0.2417,
        0.4251,
        0.3713,
        1.0,
        0.1027,
        0.1027,
        0.464,
        0.3585,
        0.4105,
        0.3356,
        0.464,
        0.3849,
        0.464
      ],
      [
        0.009,
        0.0552,
        0.0155,
        0.0291,
        0.064,
        0.0581,
        0.1027,
        1.0,
        0.0155,
        0.0702,
        0.0541,
        0.0628,
        0.0506,
        0.0702,
        0.0546,
        0.0702
      ],
      [
        0.009,
        0.0552,
        0.0155,
        0.0291,
        0.064,
        0.0581,
        0.1027,
        0.0155,
        1.0,
        0.0702,
        0.0541,
        0.0628,
        0.0506,
        0.0702,
        0.0546,
        0.0702
      ],
      [
        0.036,
        0.2426,
        0.0702,
        0.1108,
        0.2899,
        0.269,
        0.464,
        0.0702,
        0.0702,
        1.0,
        0.2448,
        0.2875,
        0.2293,
        0.3187,
        0.2376,
        0.3187
      ],
      [
        0.0355,
        0.1943,
        0.0541,
        0.1063,
        0.2237,
        0.2013,
        0.3585,
        0.0541,
        0.0541,
        0.2448,
        1.0,
        0.2184,
        0.1765,
        0.2448,
        0.1929,
        0.2448
      ],
      [
        -0.0329,
        0.1951,
        0.0628,
        0.0327,
        0.2559,
        0.2591,
        0.4105,
        0.0628,
        0.0628,
        0.2875,
        0.2184,
        1.0,
        0.2065,
        0.2875,
        0.1804,
        0.2875
      ],
      [
        0.0014,
        0.1859,
        0.0506,
        0.1063,
        0.2079,
        0.1866,
        0.3356,
        0.0506,
        0.0506,
        0.2293,
        0.1765,
        0.2065,
        1.0,
        0.2293,
        0.1832,
        0.2293
      ],
      [
        0.036,
        0.2426,
        0.0702,
        0.1108,
        0.2899,
        0.269,
        0.464,
        0.0702,
        0.0702,
        0.3187,
        0.2448,
        0.2875,
        0.2293,
        1.0,
        0.2376,
        0.3187
      ],
      [
        -0.0131,
        0.3534,
        0.0546,
        0.5202,
        0.2259,
        0.0891,
        0.3849,
        0.0546,
        0.0546,
        0.2376,
        0.1929,
        0.1804,
        0.1832,
        0.2376,
        1.0,
        0.2376
      ],
      [
        0.036,
        0.2426,
        0.0702,
        0.1108,
        0.2899,
        0.269,
        0.464,
        0.0702,
        0.0702,
        0.3187,
        0.2448,
        0.2875,
        0.2293,
        0.3187,
        0.2376,
        1.0
      ]
    ]
  }
}