{
  "_meta": {
    "generated": "2026-06-01T13:54:48",
    "portfolio_generated": "2026-06-01T13:50:54.798692",
    "n_assets": 45,
    "n_with_returns": 33,
    "covariance_method": "hybrid_shrunk",
    "condition_number": 385.58,
    "pca_factors": 7
  },
  "profiles": {
    "Agressif": {
      "n_assets": 18,
      "weighted_avg_correlation": 0.2187,
      "most_correlated": [
        {
          "t1": "CDE",
          "t2": "GLD",
          "corr": 0.7268,
          "w1": 7.4,
          "w2": 7.3,
          "combined_weight": 14.7
        },
        {
          "t1": "SOXX",
          "t2": "FIX",
          "corr": 0.7011,
          "w1": 5.0,
          "w2": 3.1,
          "combined_weight": 8.0
        },
        {
          "t1": "XLK",
          "t2": "SOXX",
          "corr": 0.6861,
          "w1": 4.5,
          "w2": 5.0,
          "combined_weight": 9.4
        },
        {
          "t1": "FLKR",
          "t2": "SOXX",
          "corr": 0.6654,
          "w1": 5.2,
          "w2": 5.0,
          "combined_weight": 10.2
        },
        {
          "t1": "CDE",
          "t2": "PICK",
          "corr": 0.6545,
          "w1": 7.4,
          "w2": 7.4,
          "combined_weight": 14.9
        },
        {
          "t1": "XLK",
          "t2": "FIX",
          "corr": 0.6387,
          "w1": 4.5,
          "w2": 3.1,
          "combined_weight": 7.5
        },
        {
          "t1": "FLKR",
          "t2": "XLK",
          "corr": 0.6332,
          "w1": 5.2,
          "w2": 4.5,
          "combined_weight": 9.7
        },
        {
          "t1": "FSLR",
          "t2": "ICLN",
          "corr": 0.6218,
          "w1": 5.9,
          "w2": 4.4,
          "combined_weight": 10.4
        },
        {
          "t1": "2059",
          "t2": "000660",
          "corr": 0.5951,
          "w1": 6.8,
          "w2": 8.7,
          "combined_weight": 15.5
        },
        {
          "t1": "2059",
          "t2": "BNB/USD",
          "corr": 0.5951,
          "w1": 6.8,
          "w2": 2.4,
          "combined_weight": 9.3
        }
      ],
      "least_correlated": [
        {
          "t1": "ICLN",
          "t2": "XCEM",
          "corr": -0.022,
          "w1": 4.4,
          "w2": 7.4,
          "combined_weight": 11.9
        },
        {
          "t1": "XCEM",
          "t2": "SOXX",
          "corr": -0.0225,
          "w1": 7.4,
          "w2": 5.0,
          "combined_weight": 12.4
        },
        {
          "t1": "XLK",
          "t2": "XCEM",
          "corr": -0.0354,
          "w1": 4.5,
          "w2": 7.4,
          "combined_weight": 11.9
        },
        {
          "t1": "FSLR",
          "t2": "XCEM",
          "corr": -0.0468,
          "w1": 5.9,
          "w2": 7.4,
          "combined_weight": 13.4
        },
        {
          "t1": "XCEM",
          "t2": "PLTR",
          "corr": -0.0886,
          "w1": 7.4,
          "w2": 5.0,
          "combined_weight": 12.4
        }
      ],
      "high_corr_high_weight": [
        {
          "t1": "CDE",
          "t2": "GLD",
          "corr": 0.7268,
          "w1": 7.4,
          "w2": 7.3,
          "combined_weight": 14.7
        }
      ]
    },
    "Mod\u00e9r\u00e9": {
      "n_assets": 15,
      "weighted_avg_correlation": 0.1031,
      "most_correlated": [
        {
          "t1": "FNDF",
          "t2": "VPL",
          "corr": 0.6411,
          "w1": 4.3,
          "w2": 6.0,
          "combined_weight": 10.3
        },
        {
          "t1": "EOG",
          "t2": "CF",
          "corr": 0.5812,
          "w1": 9.0,
          "w2": 5.2,
          "combined_weight": 14.3
        },
        {
          "t1": "GUNR",
          "t2": "GLD",
          "corr": 0.4658,
          "w1": 6.8,
          "w2": 5.0,
          "combined_weight": 11.8
        },
        {
          "t1": "FNDF",
          "t2": "GUNR",
          "corr": 0.4042,
          "w1": 4.3,
          "w2": 6.8,
          "combined_weight": 11.1
        },
        {
          "t1": "GUNR",
          "t2": "VPL",
          "corr": 0.3737,
          "w1": 6.8,
          "w2": 6.0,
          "combined_weight": 12.8
        },
        {
          "t1": "FNDF",
          "t2": "GLD",
          "corr": 0.3362,
          "w1": 4.3,
          "w2": 5.0,
          "combined_weight": 9.3
        },
        {
          "t1": "FNDF",
          "t2": "XLV",
          "corr": 0.3318,
          "w1": 4.3,
          "w2": 5.0,
          "combined_weight": 9.3
        },
        {
          "t1": "VPL",
          "t2": "GLD",
          "corr": 0.3266,
          "w1": 6.0,
          "w2": 5.0,
          "combined_weight": 11.0
        },
        {
          "t1": "VPL",
          "t2": "XLV",
          "corr": 0.3252,
          "w1": 6.0,
          "w2": 5.0,
          "combined_weight": 11.0
        },
        {
          "t1": "FNDF",
          "t2": "SCHD",
          "corr": 0.2913,
          "w1": 4.3,
          "w2": 7.3,
          "combined_weight": 11.6
        }
      ],
      "least_correlated": [
        {
          "t1": "FNDF",
          "t2": "EOG",
          "corr": -0.104,
          "w1": 4.3,
          "w2": 9.0,
          "combined_weight": 13.4
        },
        {
          "t1": "CF",
          "t2": "XLV",
          "corr": -0.1163,
          "w1": 5.2,
          "w2": 5.0,
          "combined_weight": 10.2
        },
        {
          "t1": "EOG",
          "t2": "VPL",
          "corr": -0.1716,
          "w1": 9.0,
          "w2": 6.0,
          "combined_weight": 15.1
        },
        {
          "t1": "FNDF",
          "t2": "CF",
          "corr": -0.2528,
          "w1": 4.3,
          "w2": 5.2,
          "combined_weight": 9.5
        },
        {
          "t1": "CF",
          "t2": "VPL",
          "corr": -0.3409,
          "w1": 5.2,
          "w2": 6.0,
          "combined_weight": 11.2
        }
      ],
      "high_corr_high_weight": []
    },
    "Stable": {
      "n_assets": 18,
      "weighted_avg_correlation": 0.1153,
      "most_correlated": [
        {
          "t1": "IG",
          "t2": "SUNPHARMA",
          "corr": 0.5548,
          "w1": 3.2,
          "w2": 3.4,
          "combined_weight": 6.7
        },
        {
          "t1": "PG",
          "t2": "KO",
          "corr": 0.4482,
          "w1": 4.3,
          "w2": 4.2,
          "combined_weight": 8.5
        },
        {
          "t1": "VICI",
          "t2": "IG",
          "corr": 0.4255,
          "w1": 4.8,
          "w2": 3.2,
          "combined_weight": 8.0
        },
        {
          "t1": "KO",
          "t2": "IG",
          "corr": 0.4187,
          "w1": 4.2,
          "w2": 3.2,
          "combined_weight": 7.4
        },
        {
          "t1": "VICI",
          "t2": "SUNPHARMA",
          "corr": 0.4158,
          "w1": 4.8,
          "w2": 3.4,
          "combined_weight": 8.2
        },
        {
          "t1": "KO",
          "t2": "SUNPHARMA",
          "corr": 0.3902,
          "w1": 4.2,
          "w2": 3.4,
          "combined_weight": 7.6
        },
        {
          "t1": "GD",
          "t2": "SUNPHARMA",
          "corr": 0.3849,
          "w1": 4.0,
          "w2": 3.4,
          "combined_weight": 7.5
        },
        {
          "t1": "PG",
          "t2": "IG",
          "corr": 0.3821,
          "w1": 4.3,
          "w2": 3.2,
          "combined_weight": 7.6
        },
        {
          "t1": "VICI",
          "t2": "KO",
          "corr": 0.3758,
          "w1": 4.8,
          "w2": 4.2,
          "combined_weight": 9.0
        },
        {
          "t1": "VICI",
          "t2": "PG",
          "corr": 0.3738,
          "w1": 4.8,
          "w2": 4.3,
          "combined_weight": 9.1
        }
      ],
      "least_correlated": [
        {
          "t1": "BSV",
          "t2": "STIP",
          "corr": 0.0176,
          "w1": 8.2,
          "w2": 13.0,
          "combined_weight": 21.2
        },
        {
          "t1": "CLTL",
          "t2": "STIP",
          "corr": 0.0176,
          "w1": 10.9,
          "w2": 13.0,
          "combined_weight": 23.9
        },
        {
          "t1": "KO",
          "t2": "GLD",
          "corr": -0.0089,
          "w1": 4.2,
          "w2": 4.1,
          "combined_weight": 8.3
        },
        {
          "t1": "CS",
          "t2": "SCHN",
          "corr": -0.036,
          "w1": 4.6,
          "w2": 2.9,
          "combined_weight": 7.5
        },
        {
          "t1": "SCHN",
          "t2": "GLD",
          "corr": -0.0412,
          "w1": 2.9,
          "w2": 4.1,
          "combined_weight": 7.1
        }
      ],
      "high_corr_high_weight": []
    }
  },
  "all_pairs_top_30": [
    {
      "t1": "CDE",
      "t2": "GLD",
      "corr_hybrid": 0.7268,
      "corr_structured": null,
      "cat1": "Act",
      "cat2": "ETF",
      "exp1": null,
      "exp2": "gold_physical",
      "fam1": null,
      "fam2": "gold"
    },
    {
      "t1": "FIX",
      "t2": "SOXX",
      "corr_hybrid": 0.7011,
      "corr_structured": null,
      "cat1": "Act",
      "cat2": "ETF",
      "exp1": null,
      "exp2": "semiconductor",
      "fam1": null,
      "fam2": "sector_tech"
    },
    {
      "t1": "SOXX",
      "t2": "XLK",
      "corr_hybrid": 0.6861,
      "corr_structured": 0.9,
      "cat1": "ETF",
      "cat2": "ETF",
      "exp1": "semiconductor",
      "exp2": "tech",
      "fam1": "sector_tech",
      "fam2": "sector_tech"
    },
    {
      "t1": "FLKR",
      "t2": "SOXX",
      "corr_hybrid": 0.6654,
      "corr_structured": 0.2,
      "cat1": "ETF",
      "cat2": "ETF",
      "exp1": "south_korea",
      "exp2": "semiconductor",
      "fam1": "em_equity",
      "fam2": "sector_tech"
    },
    {
      "t1": "CDE",
      "t2": "PICK",
      "corr_hybrid": 0.6545,
      "corr_structured": null,
      "cat1": "Act",
      "cat2": "ETF",
      "exp1": null,
      "exp2": "metals_mining",
      "fam1": null,
      "fam2": null
    },
    {
      "t1": "FLKR",
      "t2": "VPL",
      "corr_hybrid": 0.6459,
      "corr_structured": 0.2,
      "cat1": "ETF",
      "cat2": "ETF",
      "exp1": "south_korea",
      "exp2": "pacific_asia",
      "fam1": "em_equity",
      "fam2": null
    },
    {
      "t1": "FNDF",
      "t2": "VPL",
      "corr_hybrid": 0.6411,
      "corr_structured": 0.2,
      "cat1": "ETF",
      "cat2": "ETF",
      "exp1": "international",
      "exp2": "pacific_asia",
      "fam1": "intl_equity",
      "fam2": null
    },
    {
      "t1": "FIX",
      "t2": "XLK",
      "corr_hybrid": 0.6387,
      "corr_structured": null,
      "cat1": "Act",
      "cat2": "ETF",
      "exp1": null,
      "exp2": "tech",
      "fam1": null,
      "fam2": "sector_tech"
    },
    {
      "t1": "PICK",
      "t2": "VPL",
      "corr_hybrid": 0.638,
      "corr_structured": 0.2,
      "cat1": "ETF",
      "cat2": "ETF",
      "exp1": "metals_mining",
      "exp2": "pacific_asia",
      "fam1": null,
      "fam2": null
    },
    {
      "t1": "SOXX",
      "t2": "VPL",
      "corr_hybrid": 0.6368,
      "corr_structured": 0.2,
      "cat1": "ETF",
      "cat2": "ETF",
      "exp1": "semiconductor",
      "exp2": "pacific_asia",
      "fam1": "sector_tech",
      "fam2": null
    },
    {
      "t1": "FLKR",
      "t2": "XLK",
      "corr_hybrid": 0.6332,
      "corr_structured": 0.2,
      "cat1": "ETF",
      "cat2": "ETF",
      "exp1": "south_korea",
      "exp2": "tech",
      "fam1": "em_equity",
      "fam2": "sector_tech"
    },
    {
      "t1": "CS",
      "t2": "PICK",
      "corr_hybrid": 0.6245,
      "corr_structured": null,
      "cat1": "Act",
      "cat2": "ETF",
      "exp1": null,
      "exp2": "metals_mining",
      "fam1": null,
      "fam2": null
    },
    {
      "t1": "FSLR",
      "t2": "ICLN",
      "corr_hybrid": 0.6218,
      "corr_structured": null,
      "cat1": "Act",
      "cat2": "ETF",
      "exp1": null,
      "exp2": "clean_energy",
      "fam1": null,
      "fam2": null
    },
    {
      "t1": "FNDF",
      "t2": "PICK",
      "corr_hybrid": 0.6201,
      "corr_structured": 0.2,
      "cat1": "ETF",
      "cat2": "ETF",
      "exp1": "international",
      "exp2": "metals_mining",
      "fam1": "intl_equity",
      "fam2": null
    },
    {
      "t1": "VPL",
      "t2": "XLK",
      "corr_hybrid": 0.5991,
      "corr_structured": 0.2,
      "cat1": "ETF",
      "cat2": "ETF",
      "exp1": "pacific_asia",
      "exp2": "tech",
      "fam1": null,
      "fam2": "sector_tech"
    },
    {
      "t1": "000660",
      "t2": "2059",
      "corr_hybrid": 0.5951,
      "corr_structured": null,
      "cat1": "Act",
      "cat2": "Act",
      "exp1": null,
      "exp2": null,
      "fam1": null,
      "fam2": null
    },
    {
      "t1": "000660",
      "t2": "BNB/USD",
      "corr_hybrid": 0.5951,
      "corr_structured": null,
      "cat1": "Act",
      "cat2": "Act",
      "exp1": null,
      "exp2": null,
      "fam1": null,
      "fam2": null
    },
    {
      "t1": "000660",
      "t2": "SUNPHARMA",
      "corr_hybrid": 0.5951,
      "corr_structured": null,
      "cat1": "Act",
      "cat2": "Act",
      "exp1": null,
      "exp2": null,
      "fam1": null,
      "fam2": null
    },
    {
      "t1": "2059",
      "t2": "BNB/USD",
      "corr_hybrid": 0.5951,
      "corr_structured": null,
      "cat1": "Act",
      "cat2": "Act",
      "exp1": null,
      "exp2": null,
      "fam1": null,
      "fam2": null
    },
    {
      "t1": "2059",
      "t2": "SUNPHARMA",
      "corr_hybrid": 0.5951,
      "corr_structured": null,
      "cat1": "Act",
      "cat2": "Act",
      "exp1": null,
      "exp2": null,
      "fam1": null,
      "fam2": null
    },
    {
      "t1": "BNB/USD",
      "t2": "SUNPHARMA",
      "corr_hybrid": 0.5951,
      "corr_structured": null,
      "cat1": "Act",
      "cat2": "Act",
      "exp1": null,
      "exp2": null,
      "fam1": null,
      "fam2": null
    },
    {
      "t1": "ICLN",
      "t2": "SOXX",
      "corr_hybrid": 0.5949,
      "corr_structured": 0.2,
      "cat1": "ETF",
      "cat2": "ETF",
      "exp1": "clean_energy",
      "exp2": "semiconductor",
      "fam1": null,
      "fam2": "sector_tech"
    },
    {
      "t1": "FIX",
      "t2": "ICLN",
      "corr_hybrid": 0.5875,
      "corr_structured": null,
      "cat1": "Act",
      "cat2": "ETF",
      "exp1": null,
      "exp2": "clean_energy",
      "fam1": null,
      "fam2": null
    },
    {
      "t1": "FLKR",
      "t2": "FNDF",
      "corr_hybrid": 0.5857,
      "corr_structured": 0.62,
      "cat1": "ETF",
      "cat2": "ETF",
      "exp1": "south_korea",
      "exp2": "international",
      "fam1": "em_equity",
      "fam2": "intl_equity"
    },
    {
      "t1": "NVDA",
      "t2": "XLK",
      "corr_hybrid": 0.5855,
      "corr_structured": null,
      "cat1": "Act",
      "cat2": "ETF",
      "exp1": null,
      "exp2": "tech",
      "fam1": null,
      "fam2": "sector_tech"
    },
    {
      "t1": "CF",
      "t2": "EOG",
      "corr_hybrid": 0.5812,
      "corr_structured": null,
      "cat1": "Act",
      "cat2": "Act",
      "exp1": null,
      "exp2": null,
      "fam1": null,
      "fam2": null
    },
    {
      "t1": "CDE",
      "t2": "GUNR",
      "corr_hybrid": 0.5804,
      "corr_structured": null,
      "cat1": "Act",
      "cat2": "ETF",
      "exp1": null,
      "exp2": "natural_resources",
      "fam1": null,
      "fam2": null
    },
    {
      "t1": "PICK",
      "t2": "SOXX",
      "corr_hybrid": 0.5798,
      "corr_structured": 0.2,
      "cat1": "ETF",
      "cat2": "ETF",
      "exp1": "metals_mining",
      "exp2": "semiconductor",
      "fam1": null,
      "fam2": "sector_tech"
    },
    {
      "t1": "FNDF",
      "t2": "SOXX",
      "corr_hybrid": 0.5747,
      "corr_structured": 0.2,
      "cat1": "ETF",
      "cat2": "ETF",
      "exp1": "international",
      "exp2": "semiconductor",
      "fam1": "intl_equity",
      "fam2": "sector_tech"
    },
    {
      "t1": "FLKR",
      "t2": "PICK",
      "corr_hybrid": 0.5738,
      "corr_structured": 0.2,
      "cat1": "ETF",
      "cat2": "ETF",
      "exp1": "south_korea",
      "exp2": "metals_mining",
      "fam1": "em_equity",
      "fam2": null
    }
  ],
  "all_pairs_bottom_10": [
    {
      "t1": "CF",
      "t2": "TDTT",
      "corr_hybrid": 0.0032,
      "corr_structured": null,
      "cat1": "Act",
      "cat2": "Obl",
      "exp1": null,
      "exp2": null,
      "fam1": null,
      "fam2": null
    },
    {
      "t1": "CF",
      "t2": "VGSH",
      "corr_hybrid": 0.0032,
      "corr_structured": null,
      "cat1": "Act",
      "cat2": "Obl",
      "exp1": null,
      "exp2": "bonds_short_treasury",
      "fam1": null,
      "fam2": "bonds_short"
    },
    {
      "t1": "XBI",
      "t2": "XCEM",
      "corr_hybrid": 0.0032,
      "corr_structured": 0.2,
      "cat1": "ETF",
      "cat2": "ETF",
      "exp1": "biotech",
      "exp2": "emerging_markets",
      "fam1": "sector_healthcare",
      "fam2": "em_equity"
    },
    {
      "t1": "FIX",
      "t2": "SPLV",
      "corr_hybrid": -0.0027,
      "corr_structured": null,
      "cat1": "Act",
      "cat2": "ETF",
      "exp1": null,
      "exp2": "sp500",
      "fam1": null,
      "fam2": "us_equity_large"
    },
    {
      "t1": "FSLR",
      "t2": "NTGY",
      "corr_hybrid": 0.0025,
      "corr_structured": null,
      "cat1": "Act",
      "cat2": "Act",
      "exp1": null,
      "exp2": null,
      "fam1": null,
      "fam2": null
    },
    {
      "t1": "NTGY",
      "t2": "PICK",
      "corr_hybrid": 0.0018,
      "corr_structured": null,
      "cat1": "Act",
      "cat2": "ETF",
      "exp1": null,
      "exp2": "metals_mining",
      "fam1": null,
      "fam2": null
    },
    {
      "t1": "SCHN",
      "t2": "SOXX",
      "corr_hybrid": 0.0014,
      "corr_structured": null,
      "cat1": "Act",
      "cat2": "ETF",
      "exp1": null,
      "exp2": "semiconductor",
      "fam1": null,
      "fam2": "sector_tech"
    },
    {
      "t1": "ITX",
      "t2": "SOXX",
      "corr_hybrid": 0.001,
      "corr_structured": null,
      "cat1": "Act",
      "cat2": "ETF",
      "exp1": null,
      "exp2": "semiconductor",
      "fam1": null,
      "fam2": "sector_tech"
    },
    {
      "t1": "FIX",
      "t2": "VICI",
      "corr_hybrid": -0.0006,
      "corr_structured": null,
      "cat1": "Act",
      "cat2": "Act",
      "exp1": null,
      "exp2": null,
      "fam1": null,
      "fam2": null
    },
    {
      "t1": "GLD",
      "t2": "ITX",
      "corr_hybrid": 0.0006,
      "corr_structured": null,
      "cat1": "ETF",
      "cat2": "Act",
      "exp1": "gold_physical",
      "exp2": null,
      "fam1": "gold",
      "fam2": null
    }
  ],
  "correlation_matrix": {
    "tickers": [
      "000660",
      "2059",
      "ACWV",
      "BNB/USD",
      "BSV",
      "CDE",
      "CF",
      "CLTL",
      "CS",
      "EOG",
      "FIX",
      "FLKR",
      "FLTR",
      "FNDF",
      "FSLR",
      "GD",
      "GLD",
      "GTIP",
      "GUNR",
      "ICLN",
      "IG",
      "ITX",
      "KO",
      "NOVN",
      "NTGY",
      "NVDA",
      "PAAA",
      "PG",
      "PICK",
      "PLTR",
      "SCHD",
      "SCHN",
      "SOXX",
      "SPLV",
      "SPYV",
      "STIP",
      "SUNPHARMA",
      "TDTT",
      "VGSH",
      "VICI",
      "VPL",
      "XBI",
      "XCEM",
      "XLK",
      "XLV"
    ],
    "matrix": [
      [
        1.0,
        0.5951,
        0.332,
        0.5951,
        0.0922,
        0.1331,
        0.245,
        0.0922,
        0.1589,
        0.3518,
        0.1689,
        0.1281,
        0.0922,
        0.2624,
        0.1531,
        0.3849,
        0.117,
        0.0922,
        0.3074,
        0.1753,
        0.5548,
        0.3303,
        0.3902,
        0.3423,
        0.3352,
        0.2343,
        0.0922,
        0.3341,
        0.189,
        0.172,
        0.3314,
        0.3281,
        0.1281,
        0.3046,
        0.3224,
        0.0922,
        0.5951,
        0.0922,
        0.0922,
        0.4158,
        0.2194,
        0.1605,
        0.1339,
        0.1794,
        0.2486
      ],
      [
        0.5951,
        1.0,
        0.332,
        0.5951,
        0.0922,
        0.1331,
        0.245,
        0.0922,
        0.1589,
        0.3518,
        0.1689,
        0.1281,
        0.0922,
        0.2624,
        0.1531,
        0.3849,
        0.117,
        0.0922,
        0.3074,
        0.1753,
        0.5548,
        0.3303,
        0.3902,
        0.3423,
        0.3352,
        0.2343,
        0.0922,
        0.3341,
        0.189,
        0.172,
        0.3314,
        0.3281,
        0.1281,
        0.3046,
        0.3224,
        0.0922,
        0.5951,
        0.0922,
        0.0922,
        0.4158,
        0.2194,
        0.1605,
        0.1339,
        0.1794,
        0.2486
      ],
      [
        0.332,
        0.332,
        1.0,
        0.332,
        0.0692,
        0.2326,
        -0.1037,
        0.0692,
        0.3513,
        0.0404,
        0.1803,
        0.3001,
        0.0692,
        0.3892,
        0.1188,
        0.2136,
        0.196,
        0.0692,
        0.2672,
        0.2357,
        0.3129,
        0.198,
        0.2888,
        0.1922,
        0.1743,
        0.2103,
        0.0692,
        0.3267,
        0.3527,
        0.0344,
        0.2728,
        0.1616,
        0.259,
        0.2657,
        0.328,
        0.0692,
        0.332,
        0.0692,
        0.0692,
        0.2812,
        0.3781,
        0.2572,
        0.0808,
        0.2466,
        0.2778
      ],
      [
        0.5951,
        0.5951,
        0.332,
        1.0,
        0.0922,
        0.1331,
        0.245,
        0.0922,
        0.1589,
        0.3518,
        0.1689,
        0.1281,
        0.0922,
        0.2624,
        0.1531,
        0.3849,
        0.117,
        0.0922,
        0.3074,
        0.1753,
        0.5548,
        0.3303,
        0.3902,
        0.3423,
        0.3352,
        0.2343,
        0.0922,
        0.3341,
        0.189,
        0.172,
        0.3314,
        0.3281,
        0.1281,
        0.3046,
        0.3224,
        0.0922,
        0.5951,
        0.0922,
        0.0922,
        0.4158,
        0.2194,
        0.1605,
        0.1339,
        0.1794,
        0.2486
      ],
      [
        0.0922,
        0.0922,
        0.0692,
        0.0922,
        1.0,
        0.0296,
        0.0032,
        0.0176,
        0.0472,
        0.0347,
        0.0574,
        0.0583,
        0.0176,
        0.0749,
        0.024,
        0.0584,
        0.0239,
        0.0176,
        0.0542,
        0.049,
        0.0867,
        0.0501,
        0.0677,
        0.0487,
        0.0539,
        0.0586,
        0.0176,
        0.0646,
        0.0578,
        0.0173,
        0.0617,
        0.0513,
        0.0564,
        0.0558,
        0.0724,
        0.0176,
        0.0922,
        0.0176,
        0.0176,
        0.0673,
        0.0719,
        0.0478,
        0.022,
        0.0571,
        0.0559
      ],
      [
        0.1331,
        0.1331,
        0.2326,
        0.1331,
        0.0296,
        1.0,
        -0.0925,
        0.0296,
        0.3305,
        -0.1001,
        0.2724,
        0.3661,
        0.0296,
        0.434,
        0.1887,
        0.1718,
        0.7268,
        0.0296,
        0.5804,
        0.4334,
        0.1316,
        0.0061,
        -0.0601,
        0.0756,
        -0.0374,
        0.2015,
        0.0296,
        0.1235,
        0.6545,
        0.2542,
        0.1427,
        -0.0542,
        0.3944,
        0.1065,
        0.2822,
        0.0296,
        0.1331,
        0.0296,
        0.0296,
        0.1302,
        0.4372,
        0.3548,
        0.0145,
        0.3795,
        0.141
      ],
      [
        0.245,
        0.245,
        -0.1037,
        0.245,
        0.0032,
        -0.0925,
        1.0,
        0.0032,
        -0.0257,
        0.5812,
        -0.0221,
        -0.3927,
        0.0032,
        -0.2528,
        -0.0313,
        0.1987,
        -0.0225,
        0.0032,
        0.2358,
        -0.1214,
        0.1764,
        -0.0774,
        0.0148,
        0.1903,
        0.0532,
        -0.1382,
        0.0032,
        -0.1397,
        -0.1994,
        0.0284,
        0.0946,
        0.0948,
        -0.2729,
        0.0178,
        -0.1053,
        0.0032,
        0.245,
        0.0032,
        0.0032,
        0.0898,
        -0.3409,
        -0.2484,
        0.0602,
        -0.2518,
        -0.1163
      ],
      [
        0.0922,
        0.0922,
        0.0692,
        0.0922,
        0.0176,
        0.0296,
        0.0032,
        1.0,
        0.0472,
        0.0347,
        0.0574,
        0.0583,
        0.0176,
        0.0749,
        0.024,
        0.0584,
        0.0239,
        0.0176,
        0.0542,
        0.049,
        0.0867,
        0.0501,
        0.0677,
        0.0487,
        0.0539,
        0.0586,
        0.0176,
        0.0646,
        0.0578,
        0.0173,
        0.0617,
        0.0513,
        0.0564,
        0.0558,
        0.0724,
        0.0176,
        0.0922,
        0.0176,
        0.0176,
        0.0673,
        0.0719,
        0.0478,
        0.022,
        0.0571,
        0.0559
      ],
      [
        0.1589,
        0.1589,
        0.3513,
        0.1589,
        0.0472,
        0.3305,
        -0.0257,
        0.0472,
        1.0,
        -0.0515,
        0.212,
        0.4186,
        0.0472,
        0.5543,
        0.1269,
        0.165,
        0.3383,
        0.0472,
        0.4686,
        0.342,
        0.052,
        -0.0297,
        0.1436,
        0.1228,
        -0.0578,
        0.1968,
        0.0472,
        0.2075,
        0.6245,
        0.0753,
        0.3205,
        -0.036,
        0.3791,
        0.2465,
        0.3714,
        0.0472,
        0.1589,
        0.0472,
        0.0472,
        0.1448,
        0.5324,
        0.3584,
        0.0114,
        0.3325,
        0.3256
      ],
      [
        0.3518,
        0.3518,
        0.0404,
        0.3518,
        0.0347,
        -0.1001,
        0.5812,
        0.0347,
        -0.0515,
        1.0,
        0.0113,
        -0.2288,
        0.0347,
        -0.104,
        -0.0284,
        0.2308,
        -0.0473,
        0.0347,
        0.1702,
        -0.08,
        0.3174,
        0.0858,
        0.1816,
        0.2369,
        0.1791,
        -0.0244,
        0.0347,
        0.0582,
        -0.1331,
        0.0088,
        0.1579,
        0.1984,
        -0.1665,
        0.1226,
        0.0222,
        0.0347,
        0.3518,
        0.0347,
        0.0347,
        0.2089,
        -0.1716,
        -0.131,
        0.0958,
        -0.1402,
        0.0082
      ],
      [
        0.1689,
        0.1689,
        0.1803,
        0.1689,
        0.0574,
        0.2724,
        -0.0221,
        0.0574,
        0.212,
        0.0113,
        1.0,
        0.572,
        0.0574,
        0.469,
        0.3077,
        0.1716,
        0.166,
        0.0574,
        0.3422,
        0.5875,
        0.0856,
        -0.0572,
        -0.0865,
        -0.0597,
        0.047,
        0.524,
        0.0574,
        -0.0922,
        0.4496,
        0.2413,
        0.1655,
        0.0354,
        0.7011,
        -0.0027,
        0.3748,
        0.0574,
        0.1689,
        0.0574,
        0.0574,
        -0.0006,
        0.5199,
        0.3288,
        -0.0044,
        0.6387,
        0.154
      ],
      [
        0.1281,
        0.1281,
        0.3001,
        0.1281,
        0.0583,
        0.3661,
        -0.3927,
        0.0583,
        0.4186,
        -0.2288,
        0.572,
        1.0,
        0.0583,
        0.5857,
        0.2666,
        0.1267,
        0.2536,
        0.0583,
        0.2847,
        0.5323,
        0.072,
        0.0587,
        0.0209,
        -0.0343,
        0.0372,
        0.4776,
        0.0583,
        0.1049,
        0.5738,
        0.2474,
        0.1817,
        0.0156,
        0.6654,
        0.0922,
        0.4217,
        0.0583,
        0.1281,
        0.0583,
        0.0583,
        0.0598,
        0.6459,
        0.4465,
        -0.0136,
        0.6332,
        0.2633
      ],
      [
        0.0922,
        0.0922,
        0.0692,
        0.0922,
        0.0176,
        0.0296,
        0.0032,
        0.0176,
        0.0472,
        0.0347,
        0.0574,
        0.0583,
        1.0,
        0.0749,
        0.024,
        0.0584,
        0.0239,
        0.0176,
        0.0542,
        0.049,
        0.0867,
        0.0501,
        0.0677,
        0.0487,
        0.0539,
        0.0586,
        0.0176,
        0.0646,
        0.0578,
        0.0173,
        0.0617,
        0.0513,
        0.0564,
        0.0558,
        0.0724,
        0.0176,
        0.0922,
        0.0176,
        0.0176,
        0.0673,
        0.0719,
        0.0478,
        0.022,
        0.0571,
        0.0559
      ],
      [
        0.2624,
        0.2624,
        0.3892,
        0.2624,
        0.0749,
        0.434,
        -0.2528,
        0.0749,
        0.5543,
        -0.104,
        0.469,
        0.5857,
        0.0749,
        1.0,
        0.1962,
        0.2067,
        0.3362,
        0.0749,
        0.4042,
        0.4743,
        0.2117,
        0.1041,
        0.1684,
        0.1009,
        0.0949,
        0.4052,
        0.0749,
        0.2518,
        0.6201,
        0.1533,
        0.2913,
        0.0803,
        0.5747,
        0.2243,
        0.4613,
        0.0749,
        0.2624,
        0.0749,
        0.0749,
        0.1998,
        0.6411,
        0.4385,
        0.0411,
        0.5344,
        0.3318
      ],
      [
        0.1531,
        0.1531,
        0.1188,
        0.1531,
        0.024,
        0.1887,
        -0.0313,
        0.024,
        0.1269,
        -0.0284,
        0.3077,
        0.2666,
        0.024,
        0.1962,
        1.0,
        0.143,
        0.1417,
        0.024,
        0.1919,
        0.6218,
        0.0542,
        0.1877,
        -0.0079,
        -0.0643,
        0.0025,
        0.1096,
        0.024,
        0.0328,
        0.2393,
        0.136,
        0.1205,
        -0.0332,
        0.3039,
        0.0321,
        0.2089,
        0.024,
        0.1531,
        0.024,
        0.024,
        0.0529,
        0.2323,
        0.1469,
        -0.0468,
        0.2625,
        0.1246
      ],
      [
        0.3849,
        0.3849,
        0.2136,
        0.3849,
        0.0584,
        0.1718,
        0.1987,
        0.0584,
        0.165,
        0.2308,
        0.1716,
        0.1267,
        0.0584,
        0.2067,
        0.143,
        1.0,
        0.1397,
        0.0584,
        0.2714,
        0.1807,
        0.3353,
        0.1881,
        0.1909,
        0.2091,
        0.1878,
        0.2036,
        0.0584,
        0.1578,
        0.1923,
        0.2226,
        0.2143,
        0.1874,
        0.1459,
        0.1687,
        0.2323,
        0.0584,
        0.3849,
        0.0584,
        0.0584,
        0.2424,
        0.1824,
        0.1436,
        0.0688,
        0.1929,
        0.1539
      ],
      [
        0.117,
        0.117,
        0.196,
        0.117,
        0.0239,
        0.7268,
        -0.0225,
        0.0239,
        0.3383,
        -0.0473,
        0.166,
        0.2536,
        0.0239,
        0.3362,
        0.1417,
        0.1397,
        1.0,
        0.0239,
        0.4658,
        0.3133,
        0.1081,
        0.0006,
        -0.0089,
        0.084,
        -0.0333,
        0.1138,
        0.0239,
        0.1259,
        0.5064,
        0.1444,
        0.1416,
        -0.0412,
        0.2664,
        0.1164,
        0.2186,
        0.0239,
        0.117,
        0.0239,
        0.0239,
        0.1224,
        0.3266,
        0.259,
        0.019,
        0.2457,
        0.1295
      ],
      [
        0.0922,
        0.0922,
        0.0692,
        0.0922,
        0.0176,
        0.0296,
        0.0032,
        0.0176,
        0.0472,
        0.0347,
        0.0574,
        0.0583,
        0.0176,
        0.0749,
        0.024,
        0.0584,
        0.0239,
        1.0,
        0.0542,
        0.049,
        0.0867,
        0.0501,
        0.0677,
        0.0487,
        0.0539,
        0.0586,
        0.0176,
        0.0646,
        0.0578,
        0.0173,
        0.0617,
        0.0513,
        0.0564,
        0.0558,
        0.0724,
        0.0176,
        0.0922,
        0.0176,
        0.0176,
        0.0673,
        0.0719,
        0.0478,
        0.022,
        0.0571,
        0.0559
      ],
      [
        0.3074,
        0.3074,
        0.2672,
        0.3074,
        0.0542,
        0.5804,
        0.2358,
        0.0542,
        0.4686,
        0.1702,
        0.3422,
        0.2847,
        0.0542,
        0.4042,
        0.1919,
        0.2714,
        0.4658,
        0.0542,
        1.0,
        0.3847,
        0.2431,
        0.021,
        0.0877,
        0.1758,
        0.0526,
        0.2186,
        0.0542,
        0.1375,
        0.5196,
        0.1683,
        0.2738,
        0.058,
        0.3402,
        0.1878,
        0.3207,
        0.0542,
        0.3074,
        0.0542,
        0.0542,
        0.2079,
        0.3737,
        0.2661,
        0.0563,
        0.3131,
        0.1971
      ],
      [
        0.1753,
        0.1753,
        0.2357,
        0.1753,
        0.049,
        0.4334,
        -0.1214,
        0.049,
        0.342,
        -0.08,
        0.5875,
        0.5323,
        0.049,
        0.4743,
        0.6218,
        0.1807,
        0.3133,
        0.049,
        0.3847,
        1.0,
        0.0857,
        0.067,
        -0.0297,
        -0.0364,
        0.0094,
        0.3646,
        0.049,
        0.0392,
        0.5263,
        0.2299,
        0.1905,
        -0.0152,
        0.5949,
        0.0666,
        0.3738,
        0.049,
        0.1753,
        0.049,
        0.049,
        0.0633,
        0.5182,
        0.349,
        -0.022,
        0.5412,
        0.206
      ],
      [
        0.5548,
        0.5548,
        0.3129,
        0.5548,
        0.0867,
        0.1316,
        0.1764,
        0.0867,
        0.052,
        0.3174,
        0.0856,
        0.072,
        0.0867,
        0.2117,
        0.0542,
        0.3353,
        0.1081,
        0.0867,
        0.2431,
        0.0857,
        1.0,
        0.3301,
        0.4187,
        0.3413,
        0.344,
        0.162,
        0.0867,
        0.3821,
        0.1302,
        0.0523,
        0.3012,
        0.3309,
        0.0536,
        0.3148,
        0.274,
        0.0867,
        0.5548,
        0.0867,
        0.0867,
        0.4255,
        0.1666,
        0.1187,
        0.1496,
        0.0889,
        0.2301
      ],
      [
        0.3303,
        0.3303,
        0.198,
        0.3303,
        0.0501,
        0.0061,
        -0.0774,
        0.0501,
        -0.0297,
        0.0858,
        -0.0572,
        0.0587,
        0.0501,
        0.1041,
        0.1877,
        0.1881,
        0.0006,
        0.0501,
        0.021,
        0.067,
        0.3301,
        1.0,
        0.2747,
        0.1807,
        0.2297,
        0.0964,
        0.0501,
        0.2677,
        0.0285,
        0.1224,
        0.1445,
        0.2085,
        0.001,
        0.1791,
        0.1592,
        0.0501,
        0.3303,
        0.0501,
        0.0501,
        0.2583,
        0.0975,
        0.09,
        0.065,
        0.0638,
        0.1524
      ],
      [
        0.3902,
        0.3902,
        0.2888,
        0.3902,
        0.0677,
        -0.0601,
        0.0148,
        0.0677,
        0.1436,
        0.1816,
        -0.0865,
        0.0209,
        0.0677,
        0.1684,
        -0.0079,
        0.1909,
        -0.0089,
        0.0677,
        0.0877,
        -0.0297,
        0.4187,
        0.2747,
        1.0,
        0.2813,
        0.2681,
        -0.0071,
        0.0677,
        0.4482,
        0.0568,
        -0.2349,
        0.2748,
        0.2554,
        -0.0559,
        0.3389,
        0.199,
        0.0677,
        0.3902,
        0.0677,
        0.0677,
        0.3758,
        0.1227,
        0.0552,
        0.139,
        -0.0788,
        0.2474
      ],
      [
        0.3423,
        0.3423,
        0.1922,
        0.3423,
        0.0487,
        0.0756,
        0.1903,
        0.0487,
        0.1228,
        0.2369,
        -0.0597,
        -0.0343,
        0.0487,
        0.1009,
        -0.0643,
        0.2091,
        0.084,
        0.0487,
        0.1758,
        -0.0364,
        0.3413,
        0.1807,
        0.2813,
        1.0,
        0.1948,
        0.0305,
        0.0487,
        0.2536,
        0.0699,
        0.0061,
        0.2007,
        0.1979,
        -0.0597,
        0.2211,
        0.1384,
        0.0487,
        0.3423,
        0.0487,
        0.0487,
        0.2792,
        0.053,
        0.0427,
        0.1002,
        -0.0304,
        0.1403
      ],
      [
        0.3352,
        0.3352,
        0.1743,
        0.3352,
        0.0539,
        -0.0374,
        0.0532,
        0.0539,
        -0.0578,
        0.1791,
        0.047,
        0.0372,
        0.0539,
        0.0949,
        0.0025,
        0.1878,
        -0.0333,
        0.0539,
        0.0526,
        0.0094,
        0.344,
        0.2297,
        0.2681,
        0.1948,
        1.0,
        0.1207,
        0.0539,
        0.2266,
        0.0018,
        0.0391,
        0.1583,
        0.2286,
        0.0189,
        0.1743,
        0.1511,
        0.0539,
        0.3352,
        0.0539,
        0.0539,
        0.2493,
        0.0765,
        0.0539,
        0.0904,
        0.053,
        0.1296
      ],
      [
        0.2343,
        0.2343,
        0.2103,
        0.2343,
        0.0586,
        0.2015,
        -0.1382,
        0.0586,
        0.1968,
        -0.0244,
        0.524,
        0.4776,
        0.0586,
        0.4052,
        0.1096,
        0.2036,
        0.1138,
        0.0586,
        0.2186,
        0.3646,
        0.162,
        0.0964,
        -0.0071,
        0.0305,
        0.1207,
        1.0,
        0.0586,
        -0.0188,
        0.3601,
        0.4731,
        0.1314,
        0.1142,
        0.5252,
        0.0224,
        0.3382,
        0.0586,
        0.2343,
        0.0586,
        0.0586,
        0.0624,
        0.4508,
        0.3415,
        -0.0041,
        0.5855,
        0.1591
      ],
      [
        0.0922,
        0.0922,
        0.0692,
        0.0922,
        0.0176,
        0.0296,
        0.0032,
        0.0176,
        0.0472,
        0.0347,
        0.0574,
        0.0583,
        0.0176,
        0.0749,
        0.024,
        0.0584,
        0.0239,
        0.0176,
        0.0542,
        0.049,
        0.0867,
        0.0501,
        0.0677,
        0.0487,
        0.0539,
        0.0586,
        1.0,
        0.0646,
        0.0578,
        0.0173,
        0.0617,
        0.0513,
        0.0564,
        0.0558,
        0.0724,
        0.0176,
        0.0922,
        0.0176,
        0.0176,
        0.0673,
        0.0719,
        0.0478,
        0.022,
        0.0571,
        0.0559
      ],
      [
        0.3341,
        0.3341,
        0.3267,
        0.3341,
        0.0646,
        0.1235,
        -0.1397,
        0.0646,
        0.2075,
        0.0582,
        -0.0922,
        0.1049,
        0.0646,
        0.2518,
        0.0328,
        0.1578,
        0.1259,
        0.0646,
        0.1375,
        0.0392,
        0.3821,
        0.2677,
        0.4482,
        0.2536,
        0.2266,
        -0.0188,
        0.0646,
        1.0,
        0.1823,
        -0.2714,
        0.2733,
        0.2044,
        0.0066,
        0.3564,
        0.2309,
        0.0646,
        0.3341,
        0.0646,
        0.0646,
        0.3738,
        0.2159,
        0.1246,
        0.1306,
        -0.0387,
        0.2789
      ],
      [
        0.189,
        0.189,
