{
  "_meta": {
    "generated": "2026-04-14T09:14:23",
    "portfolio_generated": "2026-04-14T09:10:28.893192",
    "n_assets": 40,
    "n_with_returns": 29,
    "covariance_method": "hybrid_shrunk",
    "condition_number": 402.27,
    "pca_factors": 4
  },
  "profiles": {
    "Agressif": {
      "n_assets": 15,
      "weighted_avg_correlation": 0.2441,
      "most_correlated": [
        {
          "t1": "CDE",
          "t2": "SILJ",
          "corr": 0.9107,
          "w1": 6.9,
          "w2": 8.7,
          "combined_weight": 15.6
        },
        {
          "t1": "CDE",
          "t2": "GLD",
          "corr": 0.6935,
          "w1": 6.9,
          "w2": 10.0,
          "combined_weight": 16.9
        },
        {
          "t1": "SILJ",
          "t2": "GLD",
          "corr": 0.6758,
          "w1": 8.7,
          "w2": 10.0,
          "combined_weight": 18.7
        },
        {
          "t1": "PICK",
          "t2": "FCX",
          "corr": 0.6711,
          "w1": 10.1,
          "w2": 3.6,
          "combined_weight": 13.7
        },
        {
          "t1": "FLKR",
          "t2": "SOXX",
          "corr": 0.6657,
          "w1": 8.6,
          "w2": 8.9,
          "combined_weight": 17.4
        },
        {
          "t1": "PICK",
          "t2": "SOXX",
          "corr": 0.6588,
          "w1": 10.1,
          "w2": 8.9,
          "combined_weight": 19.0
        },
        {
          "t1": "PICK",
          "t2": "SILJ",
          "corr": 0.623,
          "w1": 10.1,
          "w2": 8.7,
          "combined_weight": 18.8
        },
        {
          "t1": "FLKR",
          "t2": "PICK",
          "corr": 0.619,
          "w1": 8.6,
          "w2": 10.1,
          "combined_weight": 18.7
        },
        {
          "t1": "SOXX",
          "t2": "FCX",
          "corr": 0.6093,
          "w1": 8.9,
          "w2": 3.6,
          "combined_weight": 12.4
        },
        {
          "t1": "SOXX",
          "t2": "NVDA",
          "corr": 0.6004,
          "w1": 8.9,
          "w2": 4.8,
          "combined_weight": 13.6
        }
      ],
      "least_correlated": [
        {
          "t1": "PAAA",
          "t2": "GLD",
          "corr": 0.018,
          "w1": 7.1,
          "w2": 10.0,
          "combined_weight": 17.1
        },
        {
          "t1": "FLTR",
          "t2": "PAAA",
          "corr": 0.015,
          "w1": 7.1,
          "w2": 7.1,
          "combined_weight": 14.2
        },
        {
          "t1": "SILJ",
          "t2": "UCB",
          "corr": 0.0129,
          "w1": 8.7,
          "w2": 2.4,
          "combined_weight": 11.1
        },
        {
          "t1": "UCB",
          "t2": "GLD",
          "corr": -0.001,
          "w1": 2.4,
          "w2": 10.0,
          "combined_weight": 12.4
        },
        {
          "t1": "CDE",
          "t2": "UCB",
          "corr": -0.0139,
          "w1": 6.9,
          "w2": 2.4,
          "combined_weight": 9.3
        }
      ],
      "high_corr_high_weight": [
        {
          "t1": "CDE",
          "t2": "SILJ",
          "corr": 0.9107,
          "w1": 6.9,
          "w2": 8.7,
          "combined_weight": 15.6
        }
      ]
    },
    "Mod\u00e9r\u00e9": {
      "n_assets": 17,
      "weighted_avg_correlation": 0.1524,
      "most_correlated": [
        {
          "t1": "VSS",
          "t2": "RIO",
          "corr": 0.5632,
          "w1": 8.5,
          "w2": 4.0,
          "combined_weight": 12.5
        },
        {
          "t1": "SCHY",
          "t2": "VSS",
          "corr": 0.4815,
          "w1": 4.0,
          "w2": 8.5,
          "combined_weight": 12.5
        },
        {
          "t1": "SCHY",
          "t2": "RIO",
          "corr": 0.455,
          "w1": 4.0,
          "w2": 4.0,
          "combined_weight": 8.0
        },
        {
          "t1": "VSS",
          "t2": "GCOW",
          "corr": 0.4189,
          "w1": 8.5,
          "w2": 9.0,
          "combined_weight": 17.5
        },
        {
          "t1": "RIO",
          "t2": "GCOW",
          "corr": 0.4065,
          "w1": 4.0,
          "w2": 9.0,
          "combined_weight": 13.0
        },
        {
          "t1": "EICHERMOT",
          "t2": "ITX",
          "corr": 0.402,
          "w1": 5.0,
          "w2": 3.0,
          "combined_weight": 8.0
        },
        {
          "t1": "KO",
          "t2": "EICHERMOT",
          "corr": 0.3958,
          "w1": 8.0,
          "w2": 5.0,
          "combined_weight": 13.0
        },
        {
          "t1": "EICHERMOT",
          "t2": "NOVN",
          "corr": 0.3918,
          "w1": 5.0,
          "w2": 4.0,
          "combined_weight": 9.0
        },
        {
          "t1": "VSS",
          "t2": "LI",
          "corr": 0.3658,
          "w1": 8.5,
          "w2": 5.0,
          "combined_weight": 13.5
        },
        {
          "t1": "SCHY",
          "t2": "GCOW",
          "corr": 0.359,
          "w1": 4.0,
          "w2": 9.0,
          "combined_weight": 13.0
        }
      ],
      "least_correlated": [
        {
          "t1": "USFR",
          "t2": "GLD",
          "corr": 0.018,
          "w1": 8.5,
          "w2": 5.0,
          "combined_weight": 13.5
        },
        {
          "t1": "STIP",
          "t2": "GBIL",
          "corr": 0.015,
          "w1": 8.5,
          "w2": 8.5,
          "combined_weight": 17.0
        },
        {
          "t1": "STIP",
          "t2": "USFR",
          "corr": 0.015,
          "w1": 8.5,
          "w2": 8.5,
          "combined_weight": 17.0
        },
        {
          "t1": "GBIL",
          "t2": "USFR",
          "corr": 0.015,
          "w1": 8.5,
          "w2": 8.5,
          "combined_weight": 17.0
        },
        {
          "t1": "KO",
          "t2": "GLD",
          "corr": -0.0165,
          "w1": 8.0,
          "w2": 5.0,
          "combined_weight": 13.0
        }
      ],
      "high_corr_high_weight": []
    },
    "Stable": {
      "n_assets": 13,
      "weighted_avg_correlation": 0.0845,
      "most_correlated": [
        {
          "t1": "ACWV",
          "t2": "SPYV",
          "corr": 0.3279,
          "w1": 6.8,
          "w2": 5.5,
          "combined_weight": 12.4
        },
        {
          "t1": "SPYV",
          "t2": "CS",
          "corr": 0.3269,
          "w1": 5.5,
          "w2": 6.8,
          "combined_weight": 12.4
        },
        {
          "t1": "ACWV",
          "t2": "CS",
          "corr": 0.3121,
          "w1": 6.8,
          "w2": 6.8,
          "combined_weight": 13.7
        },
        {
          "t1": "SPYV",
          "t2": "XLV",
          "corr": 0.3094,
          "w1": 5.5,
          "w2": 4.3,
          "combined_weight": 9.8
        },
        {
          "t1": "CS",
          "t2": "GLD",
          "corr": 0.271,
          "w1": 6.8,
          "w2": 4.3,
          "combined_weight": 11.2
        },
        {
          "t1": "CS",
          "t2": "XLV",
          "corr": 0.2539,
          "w1": 6.8,
          "w2": 4.3,
          "combined_weight": 11.1
        },
        {
          "t1": "SPLV",
          "t2": "CS",
          "corr": 0.2531,
          "w1": 6.8,
          "w2": 6.8,
          "combined_weight": 13.7
        },
        {
          "t1": "SHEL",
          "t2": "SPYV",
          "corr": 0.2451,
          "w1": 8.2,
          "w2": 5.5,
          "combined_weight": 13.7
        },
        {
          "t1": "SHEL",
          "t2": "CS",
          "corr": 0.2409,
          "w1": 8.2,
          "w2": 6.8,
          "combined_weight": 15.0
        },
        {
          "t1": "HEN",
          "t2": "CIPLA",
          "corr": 0.2356,
          "w1": 7.3,
          "w2": 7.3,
          "combined_weight": 14.6
        }
      ],
      "least_correlated": [
        {
          "t1": "BSV",
          "t2": "STIP",
          "corr": 0.015,
          "w1": 13.0,
          "w2": 13.0,
          "combined_weight": 26.0
        },
        {
          "t1": "CLTL",
          "t2": "VGSH",
          "corr": 0.015,
          "w1": 12.4,
          "w2": 4.1,
          "combined_weight": 16.5
        },
        {
          "t1": "CLTL",
          "t2": "STIP",
          "corr": 0.015,
          "w1": 12.4,
          "w2": 13.0,
          "combined_weight": 25.4
        },
        {
          "t1": "VGSH",
          "t2": "STIP",
          "corr": 0.015,
          "w1": 4.1,
          "w2": 13.0,
          "combined_weight": 17.1
        },
        {
          "t1": "CIPLA",
          "t2": "GLD",
          "corr": 0.0098,
          "w1": 7.3,
          "w2": 4.3,
          "combined_weight": 11.7
        }
      ],
      "high_corr_high_weight": []
    }
  },
  "all_pairs_top_30": [
    {
      "t1": "CDE",
      "t2": "SILJ",
      "corr_hybrid": 0.9107,
      "corr_structured": null,
      "cat1": "Act",
      "cat2": "ETF",
      "exp1": null,
      "exp2": "silver_miners",
      "fam1": null,
      "fam2": "precious_metals"
    },
    {
      "t1": "CDE",
      "t2": "GLD",
      "corr_hybrid": 0.6935,
      "corr_structured": null,
      "cat1": "Act",
      "cat2": "ETF",
      "exp1": null,
      "exp2": "gold_physical",
      "fam1": null,
      "fam2": "gold"
    },
    {
      "t1": "PICK",
      "t2": "VSS",
      "corr_hybrid": 0.6902,
      "corr_structured": 0.2,
      "cat1": "ETF",
      "cat2": "ETF",
      "exp1": "metals_mining",
      "exp2": "intl_small_cap",
      "fam1": null,
      "fam2": null
    },
    {
      "t1": "GLD",
      "t2": "SILJ",
      "corr_hybrid": 0.6758,
      "corr_structured": 0.85,
      "cat1": "ETF",
      "cat2": "ETF",
      "exp1": "gold_physical",
      "exp2": "silver_miners",
      "fam1": "gold",
      "fam2": "precious_metals"
    },
    {
      "t1": "FCX",
      "t2": "PICK",
      "corr_hybrid": 0.6711,
      "corr_structured": null,
      "cat1": "Act",
      "cat2": "ETF",
      "exp1": null,
      "exp2": "metals_mining",
      "fam1": null,
      "fam2": null
    },
    {
      "t1": "FLKR",
      "t2": "SOXX",
      "corr_hybrid": 0.6657,
      "corr_structured": 0.2,
      "cat1": "ETF",
      "cat2": "ETF",
      "exp1": "south_korea",
      "exp2": "semiconductor",
      "fam1": "em_equity",
      "fam2": "sector_tech"
    },
    {
      "t1": "PICK",
      "t2": "SOXX",
      "corr_hybrid": 0.6588,
      "corr_structured": 0.2,
      "cat1": "ETF",
      "cat2": "ETF",
      "exp1": "metals_mining",
      "exp2": "semiconductor",
      "fam1": null,
      "fam2": "sector_tech"
    },
    {
      "t1": "SOXX",
      "t2": "VSS",
      "corr_hybrid": 0.6259,
      "corr_structured": 0.2,
      "cat1": "ETF",
      "cat2": "ETF",
      "exp1": "semiconductor",
      "exp2": "intl_small_cap",
      "fam1": "sector_tech",
      "fam2": null
    },
    {
      "t1": "PICK",
      "t2": "RIO",
      "corr_hybrid": 0.6247,
      "corr_structured": null,
      "cat1": "ETF",
      "cat2": "Act",
      "exp1": "metals_mining",
      "exp2": null,
      "fam1": null,
      "fam2": null
    },
    {
      "t1": "PICK",
      "t2": "SILJ",
      "corr_hybrid": 0.623,
      "corr_structured": 0.2,
      "cat1": "ETF",
      "cat2": "ETF",
      "exp1": "metals_mining",
      "exp2": "silver_miners",
      "fam1": null,
      "fam2": "precious_metals"
    },
    {
      "t1": "FLKR",
      "t2": "PICK",
      "corr_hybrid": 0.619,
      "corr_structured": 0.2,
      "cat1": "ETF",
      "cat2": "ETF",
      "exp1": "south_korea",
      "exp2": "metals_mining",
      "fam1": "em_equity",
      "fam2": null
    },
    {
      "t1": "FCX",
      "t2": "VSS",
      "corr_hybrid": 0.61,
      "corr_structured": null,
      "cat1": "Act",
      "cat2": "ETF",
      "exp1": null,
      "exp2": "intl_small_cap",
      "fam1": null,
      "fam2": null
    },
    {
      "t1": "FCX",
      "t2": "SOXX",
      "corr_hybrid": 0.6093,
      "corr_structured": null,
      "cat1": "Act",
      "cat2": "ETF",
      "exp1": null,
      "exp2": "semiconductor",
      "fam1": null,
      "fam2": "sector_tech"
    },
    {
      "t1": "NVDA",
      "t2": "SOXX",
      "corr_hybrid": 0.6004,
      "corr_structured": null,
      "cat1": "Act",
      "cat2": "ETF",
      "exp1": null,
      "exp2": "semiconductor",
      "fam1": null,
      "fam2": "sector_tech"
    },
    {
      "t1": "2345",
      "t2": "402340",
      "corr_hybrid": 0.5866,
      "corr_structured": null,
      "cat1": "Act",
      "cat2": "Act",
      "exp1": null,
      "exp2": null,
      "fam1": null,
      "fam2": null
    },
    {
      "t1": "2345",
      "t2": "EICHERMOT",
      "corr_hybrid": 0.5866,
      "corr_structured": null,
      "cat1": "Act",
      "cat2": "Act",
      "exp1": null,
      "exp2": null,
      "fam1": null,
      "fam2": null
    },
    {
      "t1": "402340",
      "t2": "EICHERMOT",
      "corr_hybrid": 0.5866,
      "corr_structured": null,
      "cat1": "Act",
      "cat2": "Act",
      "exp1": null,
      "exp2": null,
      "fam1": null,
      "fam2": null
    },
    {
      "t1": "FLKR",
      "t2": "VSS",
      "corr_hybrid": 0.574,
      "corr_structured": 0.2,
      "cat1": "ETF",
      "cat2": "ETF",
      "exp1": "south_korea",
      "exp2": "intl_small_cap",
      "fam1": "em_equity",
      "fam2": null
    },
    {
      "t1": "CDE",
      "t2": "PICK",
      "corr_hybrid": 0.5704,
      "corr_structured": null,
      "cat1": "Act",
      "cat2": "ETF",
      "exp1": null,
      "exp2": "metals_mining",
      "fam1": null,
      "fam2": null
    },
    {
      "t1": "CS",
      "t2": "PICK",
      "corr_hybrid": 0.5681,
      "corr_structured": null,
      "cat1": "Act",
      "cat2": "ETF",
      "exp1": null,
      "exp2": "metals_mining",
      "fam1": null,
      "fam2": null
    },
    {
      "t1": "RIO",
      "t2": "VSS",
      "corr_hybrid": 0.5632,
      "corr_structured": null,
      "cat1": "Act",
      "cat2": "ETF",
      "exp1": null,
      "exp2": "intl_small_cap",
      "fam1": null,
      "fam2": null
    },
    {
      "t1": "FCX",
      "t2": "FLKR",
      "corr_hybrid": 0.5553,
      "corr_structured": null,
      "cat1": "Act",
      "cat2": "ETF",
      "exp1": null,
      "exp2": "south_korea",
      "fam1": null,
      "fam2": "em_equity"
    },
    {
      "t1": "FCX",
      "t2": "SILJ",
      "corr_hybrid": 0.5505,
      "corr_structured": null,
      "cat1": "Act",
      "cat2": "ETF",
      "exp1": null,
      "exp2": "silver_miners",
      "fam1": null,
      "fam2": "precious_metals"
    },
    {
      "t1": "FCX",
      "t2": "RIO",
      "corr_hybrid": 0.5389,
      "corr_structured": null,
      "cat1": "Act",
      "cat2": "Act",
      "exp1": null,
      "exp2": null,
      "fam1": null,
      "fam2": null
    },
    {
      "t1": "SOXX",
      "t2": "SPYV",
      "corr_hybrid": 0.5333,
      "corr_structured": 0.2,
      "cat1": "ETF",
      "cat2": "ETF",
      "exp1": "semiconductor",
      "exp2": "sp500_value",
      "fam1": "sector_tech",
      "fam2": "factor_value"
    },
    {
      "t1": "PICK",
      "t2": "SCHY",
      "corr_hybrid": 0.5222,
      "corr_structured": 0.2,
      "cat1": "ETF",
      "cat2": "ETF",
      "exp1": "metals_mining",
      "exp2": "international",
      "fam1": null,
      "fam2": "intl_equity"
    },
    {
      "t1": "CDE",
      "t2": "FCX",
      "corr_hybrid": 0.5115,
      "corr_structured": null,
      "cat1": "Act",
      "cat2": "Act",
      "exp1": null,
      "exp2": null,
      "fam1": null,
      "fam2": null
    },
    {
      "t1": "PICK",
      "t2": "SPYV",
      "corr_hybrid": 0.5054,
      "corr_structured": 0.2,
      "cat1": "ETF",
      "cat2": "ETF",
      "exp1": "metals_mining",
      "exp2": "sp500_value",
      "fam1": null,
      "fam2": "factor_value"
    },
    {
      "t1": "FLKR",
      "t2": "NVDA",
      "corr_hybrid": 0.5049,
      "corr_structured": null,
      "cat1": "ETF",
      "cat2": "Act",
      "exp1": "south_korea",
      "exp2": null,
      "fam1": "em_equity",
      "fam2": null
    },
    {
      "t1": "CS",
      "t2": "RIO",
      "corr_hybrid": 0.4993,
      "corr_structured": null,
      "cat1": "Act",
      "cat2": "Act",
      "exp1": null,
      "exp2": null,
      "fam1": null,
      "fam2": null
    }
  ],
  "all_pairs_bottom_10": [
    {
      "t1": "ITX",
      "t2": "SILJ",
      "corr_hybrid": 0.0141,
      "corr_structured": null,
      "cat1": "Act",
      "cat2": "ETF",
      "exp1": null,
      "exp2": "silver_miners",
      "fam1": null,
      "fam2": "precious_metals"
    },
    {
      "t1": "CDE",
      "t2": "UCB",
      "corr_hybrid": -0.0139,
      "corr_structured": null,
      "cat1": "Act",
      "cat2": "Act",
      "exp1": null,
      "exp2": null,
      "fam1": null,
      "fam2": null
    },
    {
      "t1": "SILJ",
      "t2": "UCB",
      "corr_hybrid": 0.0129,
      "corr_structured": null,
      "cat1": "ETF",
      "cat2": "Act",
      "exp1": "silver_miners",
      "exp2": null,
      "fam1": "precious_metals",
      "fam2": null
    },
    {
      "t1": "FLKR",
      "t2": "NOVN",
      "corr_hybrid": -0.011,
      "corr_structured": null,
      "cat1": "ETF",
      "cat2": "Act",
      "exp1": "south_korea",
      "exp2": null,
      "fam1": "em_equity",
      "fam2": null
    },
    {
      "t1": "CIPLA",
      "t2": "GLD",
      "corr_hybrid": 0.0098,
      "corr_structured": null,
      "cat1": "Act",
      "cat2": "ETF",
      "exp1": null,
      "exp2": "gold_physical",
      "fam1": null,
      "fam2": "gold"
    },
    {
      "t1": "KO",
      "t2": "NVDA",
      "corr_hybrid": 0.0095,
      "corr_structured": null,
      "cat1": "Act",
      "cat2": "Act",
      "exp1": null,
      "exp2": null,
      "fam1": null,
      "fam2": null
    },
    {
      "t1": "CDE",
      "t2": "CIPLA",
      "corr_hybrid": 0.0088,
      "corr_structured": null,
      "cat1": "Act",
      "cat2": "Act",
      "exp1": null,
      "exp2": null,
      "fam1": null,
      "fam2": null
    },
    {
      "t1": "HEN",
      "t2": "NVDA",
      "corr_hybrid": 0.0062,
      "corr_structured": null,
      "cat1": "Act",
      "cat2": "Act",
      "exp1": null,
      "exp2": null,
      "fam1": null,
      "fam2": null
    },
    {
      "t1": "CIPLA",
      "t2": "VSS",
      "corr_hybrid": -0.0061,
      "corr_structured": null,
      "cat1": "Act",
      "cat2": "ETF",
      "exp1": null,
      "exp2": "intl_small_cap",
      "fam1": null,
      "fam2": null
    },
    {
      "t1": "GLD",
      "t2": "UCB",
      "corr_hybrid": -0.001,
      "corr_structured": null,
      "cat1": "ETF",
      "cat2": "Act",
      "exp1": "gold_physical",
      "exp2": null,
      "fam1": "gold",
      "fam2": null
    }
  ],
  "correlation_matrix": {
    "tickers": [
      "2345",
      "402340",
      "ACWV",
      "AGS",
      "BSV",
      "CDE",
      "CIPLA",
      "CLTL",
      "CS",
      "EICHERMOT",
      "FCX",
      "FLKR",
      "FLTR",
      "GBIL",
      "GCOW",
      "GLD",
      "HEN",
      "ITX",
      "KO",
      "LI",
      "NOVN",
      "NVDA",
      "PAAA",
      "PICK",
      "RIO",
      "SCHD",
      "SCHY",
      "SHEL",
      "SILJ",
      "SOXX",
      "SPLV",
      "SPYV",
      "STIP",
      "UCB",
      "USFR",
      "VGSH",
      "VSS",
      "XBI",
      "XLE",
      "XLV"
    ],
    "matrix": [
      [
        1.0,
        0.5866,
        0.3101,
        0.3082,
        0.078,
        0.1225,
        0.3264,
        0.078,
        0.1939,
        0.5866,
        0.2236,
        0.108,
        0.078,
        0.078,
        0.3114,
        0.0938,
        0.3707,
        0.402,
        0.3958,
        0.2433,
        0.3918,
        0.1774,
        0.078,
        0.2157,
        0.3136,
        0.3184,
        0.2822,
        0.3561,
        0.0954,
        0.1203,
        0.2921,
        0.2964,
        0.078,
        0.347,
        0.078,
        0.078,
        0.2538,
        0.1634,
        0.2185,
        0.236
      ],
      [
        0.5866,
        1.0,
        0.3101,
        0.3082,
        0.078,
        0.1225,
        0.3264,
        0.078,
        0.1939,
        0.5866,
        0.2236,
        0.108,
        0.078,
        0.078,
        0.3114,
        0.0938,
        0.3707,
        0.402,
        0.3958,
        0.2433,
        0.3918,
        0.1774,
        0.078,
        0.2157,
        0.3136,
        0.3184,
        0.2822,
        0.3561,
        0.0954,
        0.1203,
        0.2921,
        0.2964,
        0.078,
        0.347,
        0.078,
        0.078,
        0.2538,
        0.1634,
        0.2185,
        0.236
      ],
      [
        0.3101,
        0.3101,
        1.0,
        0.1761,
        0.0597,
        0.1728,
        0.1076,
        0.0597,
        0.3121,
        0.3101,
        0.3254,
        0.2897,
        0.0597,
        0.0597,
        0.2988,
        0.1377,
        0.1682,
        0.1774,
        0.1749,
        0.2405,
        0.1763,
        0.2692,
        0.0597,
        0.3675,
        0.3481,
        0.278,
        0.3102,
        0.2338,
        0.1919,
        0.3159,
        0.2004,
        0.3279,
        0.0597,
        0.2766,
        0.0597,
        0.0597,
        0.3575,
        0.2474,
        0.1468,
        0.2311
      ],
      [
        0.3082,
        0.3082,
        0.1761,
        1.0,
        0.0391,
        0.0818,
        0.1749,
        0.0391,
        0.211,
        0.3082,
        0.1222,
        0.0588,
        0.0391,
        0.0391,
        0.1867,
        0.0715,
        0.2054,
        0.189,
        0.224,
        0.1308,
        0.2099,
        0.0694,
        0.0391,
        0.1436,
        0.1931,
        0.1761,
        0.1711,
        0.1983,
        0.0709,
        0.0517,
        0.1703,
        0.1578,
        0.0391,
        0.1894,
        0.0391,
        0.0391,
        0.1495,
        0.0901,
        0.1142,
        0.131
      ],
      [
        0.078,
        0.078,
        0.0597,
        0.0391,
        1.0,
        0.0249,
        0.0284,
        0.015,
        0.0384,
        0.078,
        0.0697,
        0.063,
        0.015,
        0.015,
        0.0631,
        0.018,
        0.0391,
        0.0525,
        0.0416,
        0.0547,
        0.0441,
        0.0695,
        0.015,
        0.0709,
        0.0699,
        0.0644,
        0.0642,
        0.0535,
        0.0281,
        0.0734,
        0.0442,
        0.0761,
        0.015,
        0.0661,
        0.015,
        0.015,
        0.0748,
        0.055,
        0.0364,
        0.0532
      ],
      [
        0.1225,
        0.1225,
        0.1728,
        0.0818,
        0.0249,
        1.0,
        0.0088,
        0.0249,
        0.2768,
        0.1225,
        0.5115,
        0.2949,
        0.0249,
        0.0249,
        0.2207,
        0.6935,
        0.1436,
        0.043,
        -0.0396,
        0.2241,
        0.0655,
        0.0885,
        0.0249,
        0.5704,
        0.4634,
        0.0745,
        0.3135,
        0.1473,
        0.9107,
        0.2698,
        0.0693,
        0.1715,
        0.0249,
        -0.0139,
        0.0249,
        0.0249,
        0.4464,
        0.1894,
        0.0355,
        0.0597
      ],
      [
        0.3264,
        0.3264,
        0.1076,
        0.1749,
        0.0284,
        0.0088,
        1.0,
        0.0284,
        0.0459,
        0.3264,
        -0.0201,
        -0.1062,
        0.0284,
        0.0284,
        0.0953,
        0.0098,
        0.2356,
        0.2308,
        0.2578,
        0.0573,
        0.2437,
        -0.0483,
        0.0284,
        -0.037,
        0.0671,
        0.1045,
        0.0598,
        0.1745,
        -0.0281,
        -0.125,
        0.1428,
        0.0425,
        0.0284,
        0.1306,
        0.0284,
        0.0284,
        -0.0061,
        -0.022,
        0.0982,
        0.0597
      ],
      [
        0.078,
        0.078,
        0.0597,
        0.0391,
        0.015,
        0.0249,
        0.0284,
        1.0,
        0.0384,
        0.078,
        0.0697,
        0.063,
        0.015,
        0.015,
        0.0631,
        0.018,
        0.0391,
        0.0525,
        0.0416,
        0.0547,
        0.0441,
        0.0695,
        0.015,
        0.0709,
        0.0699,
        0.0644,
        0.0642,
        0.0535,
        0.0281,
        0.0734,
        0.0442,
        0.0761,
        0.015,
        0.0661,
        0.015,
        0.015,
        0.0748,
        0.055,
        0.0364,
        0.0532
      ],
      [
        0.1939,
        0.1939,
        0.3121,
        0.211,
        0.0384,
        0.2768,
        0.0459,
        0.0384,
        1.0,
        0.1939,
        0.3624,
        0.3416,
        0.0384,
        0.0384,
        0.4078,
        0.271,
        0.1496,
        -0.0417,
        0.1818,
        0.2393,
        0.1144,
        0.141,
        0.0384,
        0.5681,
        0.4993,
        0.2957,
        0.4304,
        0.2409,
        0.3305,
        0.2909,
        0.2531,
        0.3269,
        0.0384,
        0.2743,
        0.0384,
        0.0384,
        0.4604,
        0.2828,
        0.1086,
        0.2539
      ],
      [
        0.5866,
        0.5866,
        0.3101,
        0.3082,
        0.078,
        0.1225,
        0.3264,
        0.078,
        0.1939,
        1.0,
        0.2236,
        0.108,
        0.078,
        0.078,
        0.3114,
        0.0938,
        0.3707,
        0.402,
        0.3958,
        0.2433,
        0.3918,
        0.1774,
        0.078,
        0.2157,
        0.3136,
        0.3184,
        0.2822,
        0.3561,
        0.0954,
        0.1203,
        0.2921,
        0.2964,
        0.078,
        0.347,
        0.078,
        0.078,
        0.2538,
        0.1634,
        0.2185,
        0.236
      ],
      [
        0.2236,
        0.2236,
        0.3254,
        0.1222,
        0.0697,
        0.5115,
        -0.0201,
        0.0697,
        0.3624,
        0.2236,
        1.0,
        0.5553,
        0.0697,
        0.0697,
        0.3798,
        0.3795,
        0.0941,
        0.1109,
        0.0224,
        0.3503,
        0.0806,
        0.4467,
        0.0697,
        0.6711,
        0.5389,
        0.3125,
        0.4504,
        0.2255,
        0.5505,
        0.6093,
        0.1722,
        0.4614,
        0.0697,
        0.2655,
        0.0697,
        0.0697,
        0.61,
        0.403,
        0.1388,
        0.2786
      ],
      [
        0.108,
        0.108,
        0.2897,
        0.0588,
        0.063,
        0.2949,
        -0.1062,
        0.063,
        0.3416,
        0.108,
        0.5553,
        1.0,
        0.063,
        0.063,
        0.3442,
        0.2205,
        -0.0163,
        0.0304,
        -0.0472,
        0.3175,
        -0.011,
        0.5049,
        0.063,
        0.619,
        0.4626,
        0.3066,
        0.409,
        0.1575,
        0.363,
        0.6657,
        0.1327,
        0.4693,
        0.063,
        0.2707,
        0.063,
        0.063,
        0.574,
        0.4182,
        0.1164,
        0.2869
      ],
      [
        0.078,
        0.078,
        0.0597,
        0.0391,
        0.015,
        0.0249,
        0.0284,
        0.015,
        0.0384,
        0.078,
        0.0697,
        0.063,
        1.0,
        0.015,
        0.0631,
        0.018,
        0.0391,
        0.0525,
        0.0416,
        0.0547,
        0.0441,
        0.0695,
        0.015,
        0.0709,
        0.0699,
        0.0644,
        0.0642,
        0.0535,
        0.0281,
        0.0734,
        0.0442,
        0.0761,
        0.015,
        0.0661,
        0.015,
        0.015,
        0.0748,
        0.055,
        0.0364,
        0.0532
      ],
      [
        0.078,
        0.078,
        0.0597,
        0.0391,
        0.015,
        0.0249,
        0.0284,
        0.015,
        0.0384,
        0.078,
        0.0697,
        0.063,
        0.015,
        1.0,
        0.0631,
        0.018,
        0.0391,
        0.0525,
        0.0416,
        0.0547,
        0.0441,
        0.0695,
        0.015,
        0.0709,
        0.0699,
        0.0644,
        0.0642,
        0.0535,
        0.0281,
        0.0734,
        0.0442,
        0.0761,
        0.015,
        0.0661,
        0.015,
        0.015,
        0.0748,
        0.055,
        0.0364,
        0.0532
      ],
      [
        0.3114,
        0.3114,
        0.2988,
        0.1867,
        0.0631,
        0.2207,
        0.0953,
        0.0631,
        0.4078,
        0.3114,
        0.3798,
        0.3442,
        0.0631,
        0.0631,
        1.0,
        0.1789,
        0.1692,
        0.1607,
        0.1733,
        0.2688,
        0.1723,
        0.2966,
        0.0631,
        0.4438,
        0.4065,
        0.3053,
        0.359,
        0.2504,
        0.2478,
        0.3681,
        0.2181,
        0.3671,
        0.0631,
        0.298,
        0.0631,
        0.0631,
        0.4189,
        0.286,
        0.1533,
        0.2568
      ],
      [
        0.0938,
        0.0938,
        0.1377,
        0.0715,
        0.018,
        0.6935,
        0.0098,
        0.018,
        0.271,
        0.0938,
        0.3795,
        0.2205,
        0.018,
        0.018,
        0.1789,
        1.0,
        0.1129,
        0.0207,
        -0.0165,
        0.1685,
        0.0526,
        0.0551,
        0.018,
        0.4381,
        0.3589,
        0.0641,
        0.2463,
        0.1173,
        0.6758,
        0.1948,
        0.0635,
        0.1315,
        0.018,
        -0.001,
        0.018,
        0.018,
        0.3397,
        0.1444,
        0.0279,
        0.0515
      ],
      [
        0.3707,
        0.3707,
        0.1682,
        0.2054,
        0.0391,
        0.1436,
        0.2356,
        0.0391,
        0.1496,
        0.3707,
        0.0941,
        -0.0163,
        0.0391,
        0.0391,
        0.1692,
        0.1129,
        1.0,
        0.2455,
        0.2692,
        0.1199,
        0.2652,
        0.0062,
        0.0391,
        0.0974,
        0.1789,
        0.1553,
        0.1482,
        0.2212,
        0.1103,
        -0.0348,
        0.1786,
        0.1153,
        0.0391,
        0.1693,
        0.0391,
        0.0391,
        0.108,
        0.0437,
        0.1205,
        0.1034
      ],
      [
        0.402,
        0.402,
        0.1774,
        0.189,
        0.0525,
        0.043,
        0.2308,
        0.0525,
        -0.0417,
        0.402,
        0.1109,
        0.0304,
        0.0525,
        0.0525,
        0.1607,
        0.0207,
        0.2455,
        1.0,
        0.2571,
        0.1432,
        0.2688,
        0.1208,
        0.0525,
        0.065,
        0.1471,
        0.1877,
        0.1362,
        0.2219,
        0.0141,
        0.0526,
        0.1709,
        0.1703,
        0.0525,
        0.2125,
        0.0525,
        0.0525,
        0.1142,
        0.0782,
        0.1449,
        0.1341
      ],
      [
        0.3958,
        0.3958,
        0.1749,
        0.224,
        0.0416,
        -0.0396,
        0.2578,
        0.0416,
        0.1818,
        0.3958,
        0.0224,
        -0.0472,
        0.0416,
        0.0416,
        0.1733,
        -0.0165,
        0.2692,
        0.2571,
        1.0,
        0.1045,
        0.2844,
        0.0095,
        0.0416,
        0.0295,
        0.1355,
        0.1837,
        0.1312,
        0.2304,
        -0.0635,
        -0.0635,
        0.2027,
        0.1229,
        0.0416,
        0.2178,
        0.0416,
        0.0416,
        0.0616,
        0.0352,
        0.1354,
        0.1265
      ],
      [
        0.2433,
        0.2433,
        0.2405,
        0.1308,
        0.0547,
        0.2241,
        0.0573,
        0.0547,
        0.2393,
        0.2433,
        0.3503,
        0.3175,
        0.0547,
        0.0547,
        0.2688,
        0.1685,
        0.1199,
        0.1432,
        0.1045,
        1.0,
        0.1244,
        0.288,
        0.0547,
        0.3816,
        0.3364,
        0.2452,
        0.2937,
        0.194,
        0.245,
        0.353,
        0.1585,
        0.3164,
        0.0547,
        0.2332,
        0.0547,
        0.0547,
        0.3658,
        0.2518,
        0.1244,
        0.2089
      ],
      [
        0.3918,
        0.3918,
        0.1763,
        0.2099,
        0.0441,
        0.0655,
        0.2437,
        0.0441,
        0.1144,
        0.3918,
        0.0806,
        -0.011,
        0.0441,
        0.0441,
        0.1723,
        0.0526,
        0.2652,
        0.2688,
        0.2844,
        0.1244,
        1.0,
        0.0391,
        0.0441,
        0.0729,
        0.1623,
        0.1759,
        0.144,
        0.2279,
        0.0361,
        -0.0183,
        0.1871,
        0.1356,
        0.0441,
        0.1988,
        0.0441,
        0.0441,
        0.0998,
        0.0526,
        0.1335,
        0.1211
      ],
      [
        0.1774,
        0.1774,
        0.2692,
        0.0694,
        0.0695,
        0.0885,
        -0.0483,
        0.0695,
        0.141,
        0.1774,
        0.4467,
        0.5049,
        0.0695,
        0.0695,
        0.2966,
        0.0551,
        0.0062,
        0.1208,
        0.0095,
        0.288,
        0.0391,
        1.0,
        0.0695,
        0.4566,
        0.3523,
        0.3114,
        0.3339,
        0.1627,
        0.1473,
        0.6004,
        0.1359,
        0.4488,
        0.0695,
        0.3026,
        0.0695,
        0.0695,
        0.4654,
        0.372,
        0.1392,
        0.2843
      ],
      [
        0.078,
        0.078,
        0.0597,
        0.0391,
        0.015,
        0.0249,
        0.0284,
        0.015,
        0.0384,
        0.078,
        0.0697,
        0.063,
        0.015,
        0.015,
        0.0631,
        0.018,
        0.0391,
        0.0525,
        0.0416,
        0.0547,
        0.0441,
        0.0695,
        1.0,
        0.0709,
        0.0699,
        0.0644,
        0.0642,
        0.0535,
        0.0281,
        0.0734,
        0.0442,
        0.0761,
        0.015,
        0.0661,
        0.015,
        0.015,
        0.0748,
        0.055,
        0.0364,
        0.0532
      ],
      [
        0.2157,
        0.2157,
        0.3675,
        0.1436,
        0.0709,
        0.5704,
        -0.037,
        0.0709,
        0.5681,
        0.2157,
        0.6711,
        0.619,
        0.0709,
        0.0709,
        0.4438,
        0.4381,
        0.0974,
        0.065,
        0.0295,
        0.3816,
        0.0729,
        0.4566,
        0.0709,
        1.0,
        0.6247,
        0.3488,
        0.5222,
        0.2487,
        0.623,
        0.6588,
        0.2036,
        0.5054,
        0.0709,
        0.2938,
        0.0709,
        0.0709,
        0.6902,
        0.4496,
        0.143,
        0.3126
      ],
      [
        0.3136,
        0.3136,
        0.3481,
        0.1931,
        0.0699,
        0.4634,
        0.0671,
        0.0699,
        0.4993,
        0.3136,
        0.5389,
        0.4626,
        0.0699,
        0.0699,
        0.4065,
        0.3589,
        0.1789,
        0.1471,
        0.1355,
        0.3364,
        0.1623,
        0.3523,
        0.0699,
        0.6247,
        1.0,
        0.3321,
        0.455,
        0.2782,
        0.4922,
        0.486,
        0.2294,
        0.4331,
        0.0699,
        0.2987,
        0.0699,
        0.0699,
        0.5632,
        0.3599,
        0.1588,
        0.2834
      ],
      [
        0.3184,
        0.3184,
        0.278,
        0.1761,
        0.0644,
        0.0745,
        0.1045,
        0.0644,
        0.2957,
        0.3184,
        0.3125,
        0.3066,
        0.0644,
        0.0644,
        0.3053,
        0.0641,
        0.1553,
        0.1877,
        0.1837,
        0.2452,
        0.1759,
        0.3114,
        0.0644,
        0.3488,
        0.3321,
        1.0,
        0.3095,
        0.2359,
        0.1025,
        0.3453,
        0.2083,
        0.3551,
        0.0644,
        0.311,
        0.0644,
        0.0644,
        0.3542,
        0.2638,
        0.1583,
        0.2543
      ],
      [
        0.2822,
        0.2822,
        0.3102,
        0.1711,
        0.0642,
        0.3135,
        0.0598,
        0.0642,
        0.4304,
        0.2822,
        0.4504,
        0.409,
        0.0642,
        0.0642,
        0.359,
        0.2463,
        0.1482,
        0.1362,
        0.1312,
        0.2937,
        0.144,
        0.3339,
        0.0642,
        0.5222,
        0.455,
        0.3095,
        1.0,
        0.2451,
        0.3456,
        0.4375,
        0.2087,
        0.3956,
        0.0642,
        0.2895,
        0.0642,
        0.0642,
        0.4815,
        0.3226,
        0.1479,
        0.2651
      ],
      [
        0.3561,
        0.3561,
        0.2338,
        0.1983,
        0.0535,
        0.1473,
        0.1745,
        0.0535,
        0.2409,
        0.3561,
        0.2255,
        0.1575,
        0.0535,
        0.0535,
        0.2504,
        0.1173,
        0.2212,
        0.2219,
        0.2304,
        0.194,
        0.2279,
        0.1627,
        0.0535,
        0.2487,
        0.2782,
        0.2359,
        0.2451,
        1.0,
        0.1434,
        0.166,
        0.2003,
        0.2451,
        0.0535,
        0.2439,
        0.0535,
        0.0535,
        0.2518,
        0.1629,
        0.1433,
        0.1841
      ],
      [
        0.0954,
        0.0954,
        0.1919,
        0.0709,
        0.0281,
        0.9107,
        -0.0281,
        0.0281,
        0.3305,
        0.0954,
        0.5505,
        0.363,
        0.0281,
        0.0281,
        0.2478,
        0.6758,
        0.1103,
        0.0141,
        -0.0635,
        0.245,
        0.0361,
        0.1473,
        0.0281,
        0.623,
        0.4922,
        0.1025,
        0.3456,
        0.1434,
        1.0,
        0.3476,
        0.0729,
        0.218,
        0.0281,
        0.0129,
        0.0281,
        0.0281,
        0.4951,
        0.2347,
        0.0386,
        0.09
      ],
      [
        0.1203,
        0.1203,
        0.3159,
        0.0517,
        0.0734,
        0.2698,
        -0.125,
        0.0734,
        0.2909,
        0.1203,
        0.6093,
        0.6657,
        0.0734,
        0.0734,
        0.3681,
        0.1948,
        -0.0348,
        0.0526,
        -0.0635,
        0.353,
        -0.0183,
        0.6004,
        0.0734,
        0.6588,
        0.486,
        0.3453,
        0.4375,
        0.166,
        0.3476,
        1.0,
        0.1373,
        0.5333,
        0.0734,
        0.3107,
        0.0734,
        0.0734,
        0.6259,
        0.4704,
        0.1342,
        0.3244
      ],
      [
        0.2921,
        0.2921,
        0.2004,
        0.1703,
        0.0442,
        0.0693,
        0.1428,
        0.0442,
        0.2531,
        0.2921,
        0.1722,
        0.1327,
        0.0442,
        0.0442,
        0.2181,
        0.0635,
        0.1786,
        0.1709,
        0.2027,
        0.1585,
        0.1871,
        0.1359,
        0.0442,
        0.2036,
        0.2294,
        0.2083,
        0.2087,
        0.2003,
        0.0729,
        0.1373,
        1.0,
        0.211,
        0.0442,
        0.2196,
        0.0442,
        0.0442,
        0.2065,
        0.14,
        0.1212,
        0.1644
      ],
      [
        0.2964,
        0.2964,
        0.3279,
        0.1578,
        0.0761,
        0.1715,
        0.0425,
        0.0761,
        0.3269,
        0.2964,
        0.4614,
        0.4693,
        0.0761,
        0.0761,
        0.3671,
        0.1315,
        0.1153,
        0.1703,
        0.1229,
        0.3164,
        0.1356,
        0.4488,
        0.0761,
        0.5054,
        0.4331,
        0.3551,
        0.3956,
        0.2451,
        0.218,
        0.5333,
        0.211,
        1.0,
        0.0761,
        0.348,
