{
  "_meta": {
    "generated": "2026-05-29T14:07:46",
    "portfolio_generated": "2026-05-29T14:02:52.346346",
    "n_assets": 44,
    "n_with_returns": 32,
    "covariance_method": "hybrid_shrunk",
    "condition_number": 285.15,
    "pca_factors": 5
  },
  "profiles": {
    "Agressif": {
      "n_assets": 16,
      "weighted_avg_correlation": 0.2785,
      "most_correlated": [
        {
          "t1": "XCEM",
          "t2": "SOXX",
          "corr": 0.7811,
          "w1": 8.5,
          "w2": 6.5,
          "combined_weight": 15.1
        },
        {
          "t1": "XLK",
          "t2": "SOXX",
          "corr": 0.7733,
          "w1": 4.1,
          "w2": 6.5,
          "combined_weight": 10.7
        },
        {
          "t1": "FLKR",
          "t2": "SOXX",
          "corr": 0.7718,
          "w1": 5.0,
          "w2": 6.5,
          "combined_weight": 11.6
        },
        {
          "t1": "FLKR",
          "t2": "XCEM",
          "corr": 0.7645,
          "w1": 5.0,
          "w2": 8.5,
          "combined_weight": 13.6
        },
        {
          "t1": "XCEM",
          "t2": "XLK",
          "corr": 0.7457,
          "w1": 8.5,
          "w2": 4.1,
          "combined_weight": 12.6
        },
        {
          "t1": "FLKR",
          "t2": "XLK",
          "corr": 0.7375,
          "w1": 5.0,
          "w2": 4.1,
          "combined_weight": 9.1
        },
        {
          "t1": "PICK",
          "t2": "XCEM",
          "corr": 0.7255,
          "w1": 8.3,
          "w2": 8.5,
          "combined_weight": 16.9
        },
        {
          "t1": "FLKR",
          "t2": "PICK",
          "corr": 0.6794,
          "w1": 5.0,
          "w2": 8.3,
          "combined_weight": 13.4
        },
        {
          "t1": "PICK",
          "t2": "SOXX",
          "corr": 0.6707,
          "w1": 8.3,
          "w2": 6.5,
          "combined_weight": 14.9
        },
        {
          "t1": "ICLN",
          "t2": "SOXX",
          "corr": 0.646,
          "w1": 4.7,
          "w2": 6.5,
          "combined_weight": 11.3
        }
      ],
      "least_correlated": [
        {
          "t1": "FLTR",
          "t2": "GLD",
          "corr": 0.0407,
          "w1": 5.5,
          "w2": 9.2,
          "combined_weight": 14.8
        },
        {
          "t1": "PAAA",
          "t2": "GLD",
          "corr": 0.0407,
          "w1": 5.5,
          "w2": 9.2,
          "combined_weight": 14.8
        },
        {
          "t1": "FSLR",
          "t2": "FLTR",
          "corr": 0.0286,
          "w1": 5.7,
          "w2": 5.5,
          "combined_weight": 11.2
        },
        {
          "t1": "FSLR",
          "t2": "PAAA",
          "corr": 0.0286,
          "w1": 5.7,
          "w2": 5.5,
          "combined_weight": 11.2
        },
        {
          "t1": "FLTR",
          "t2": "PAAA",
          "corr": 0.0187,
          "w1": 5.5,
          "w2": 5.5,
          "combined_weight": 11.1
        }
      ],
      "high_corr_high_weight": [
        {
          "t1": "XCEM",
          "t2": "SOXX",
          "corr": 0.7811,
          "w1": 8.5,
          "w2": 6.5,
          "combined_weight": 15.1
        },
        {
          "t1": "XLK",
          "t2": "SOXX",
          "corr": 0.7733,
          "w1": 4.1,
          "w2": 6.5,
          "combined_weight": 10.7
        },
        {
          "t1": "FLKR",
          "t2": "SOXX",
          "corr": 0.7718,
          "w1": 5.0,
          "w2": 6.5,
          "combined_weight": 11.6
        },
        {
          "t1": "FLKR",
          "t2": "XCEM",
          "corr": 0.7645,
          "w1": 5.0,
          "w2": 8.5,
          "combined_weight": 13.6
        },
        {
          "t1": "XCEM",
          "t2": "XLK",
          "corr": 0.7457,
          "w1": 8.5,
          "w2": 4.1,
          "combined_weight": 12.6
        }
      ]
    },
    "Mod\u00e9r\u00e9": {
      "n_assets": 16,
      "weighted_avg_correlation": 0.1404,
      "most_correlated": [
        {
          "t1": "FNDF",
          "t2": "RIO",
          "corr": 0.6084,
          "w1": 8.3,
          "w2": 2.6,
          "combined_weight": 10.9
        },
        {
          "t1": "FNDX",
          "t2": "FNDF",
          "corr": 0.5815,
          "w1": 8.8,
          "w2": 8.3,
          "combined_weight": 17.1
        },
        {
          "t1": "FNDX",
          "t2": "RIO",
          "corr": 0.5152,
          "w1": 8.8,
          "w2": 2.6,
          "combined_weight": 11.4
        },
        {
          "t1": "SCHD",
          "t2": "FNDX",
          "corr": 0.3833,
          "w1": 9.0,
          "w2": 8.8,
          "combined_weight": 17.8
        },
        {
          "t1": "SCHD",
          "t2": "RIO",
          "corr": 0.3791,
          "w1": 9.0,
          "w2": 2.6,
          "combined_weight": 11.6
        },
        {
          "t1": "SCHD",
          "t2": "FNDF",
          "corr": 0.3763,
          "w1": 9.0,
          "w2": 8.3,
          "combined_weight": 17.3
        },
        {
          "t1": "FNDF",
          "t2": "GLD",
          "corr": 0.3739,
          "w1": 8.3,
          "w2": 5.1,
          "combined_weight": 13.4
        },
        {
          "t1": "RIO",
          "t2": "GLD",
          "corr": 0.3507,
          "w1": 2.6,
          "w2": 5.1,
          "combined_weight": 7.6
        },
        {
          "t1": "FNDF",
          "t2": "XLV",
          "corr": 0.3401,
          "w1": 8.3,
          "w2": 3.0,
          "combined_weight": 11.3
        },
        {
          "t1": "RIO",
          "t2": "XLV",
          "corr": 0.3392,
          "w1": 2.6,
          "w2": 3.0,
          "combined_weight": 5.6
        }
      ],
      "least_correlated": [
        {
          "t1": "EOG",
          "t2": "ITX",
          "corr": -0.044,
          "w1": 5.9,
          "w2": 2.6,
          "combined_weight": 8.5
        },
        {
          "t1": "FNDX",
          "t2": "ITX",
          "corr": -0.0553,
          "w1": 8.8,
          "w2": 2.6,
          "combined_weight": 11.4
        },
        {
          "t1": "FNDF",
          "t2": "ITX",
          "corr": -0.0613,
          "w1": 8.3,
          "w2": 2.6,
          "combined_weight": 11.0
        },
        {
          "t1": "ITX",
          "t2": "XLV",
          "corr": -0.0632,
          "w1": 2.6,
          "w2": 3.0,
          "combined_weight": 5.7
        },
        {
          "t1": "SCHD",
          "t2": "ITX",
          "corr": -0.1265,
          "w1": 9.0,
          "w2": 2.6,
          "combined_weight": 11.6
        }
      ],
      "high_corr_high_weight": []
    },
    "Stable": {
      "n_assets": 17,
      "weighted_avg_correlation": 0.119,
      "most_correlated": [
        {
          "t1": "SCHP",
          "t2": "SUNPHARMA",
          "corr": 0.5725,
          "w1": 5.6,
          "w2": 4.5,
          "combined_weight": 10.1
        },
        {
          "t1": "VICI",
          "t2": "SUNPHARMA",
          "corr": 0.4245,
          "w1": 4.6,
          "w2": 4.5,
          "combined_weight": 9.0
        },
        {
          "t1": "SUNPHARMA",
          "t2": "SHEL",
          "corr": 0.4214,
          "w1": 4.5,
          "w2": 3.4,
          "combined_weight": 7.8
        },
        {
          "t1": "VICI",
          "t2": "SCHP",
          "corr": 0.4164,
          "w1": 4.6,
          "w2": 5.6,
          "combined_weight": 10.2
        },
        {
          "t1": "SCHP",
          "t2": "SHEL",
          "corr": 0.4063,
          "w1": 5.6,
          "w2": 3.4,
          "combined_weight": 9.0
        },
        {
          "t1": "SCHP",
          "t2": "KO",
          "corr": 0.4037,
          "w1": 5.6,
          "w2": 4.2,
          "combined_weight": 9.8
        },
        {
          "t1": "CS",
          "t2": "GLD",
          "corr": 0.3981,
          "w1": 3.5,
          "w2": 4.0,
          "combined_weight": 7.5
        },
        {
          "t1": "SUNPHARMA",
          "t2": "KO",
          "corr": 0.397,
          "w1": 4.5,
          "w2": 4.2,
          "combined_weight": 8.7
        },
        {
          "t1": "GD",
          "t2": "SUNPHARMA",
          "corr": 0.3923,
          "w1": 4.6,
          "w2": 4.5,
          "combined_weight": 9.0
        },
        {
          "t1": "GD",
          "t2": "SCHP",
          "corr": 0.3739,
          "w1": 4.6,
          "w2": 5.6,
          "combined_weight": 10.2
        }
      ],
      "least_correlated": [
        {
          "t1": "VGSH",
          "t2": "BSV",
          "corr": 0.0187,
          "w1": 9.3,
          "w2": 11.1,
          "combined_weight": 20.4
        },
        {
          "t1": "VGSH",
          "t2": "STIP",
          "corr": 0.0187,
          "w1": 9.3,
          "w2": 13.0,
          "combined_weight": 22.3
        },
        {
          "t1": "CLTL",
          "t2": "BSV",
          "corr": 0.0187,
          "w1": 10.3,
          "w2": 11.1,
          "combined_weight": 21.4
        },
        {
          "t1": "CLTL",
          "t2": "STIP",
          "corr": 0.0187,
          "w1": 10.3,
          "w2": 13.0,
          "combined_weight": 23.3
        },
        {
          "t1": "BSV",
          "t2": "STIP",
          "corr": 0.0187,
          "w1": 11.1,
          "w2": 13.0,
          "combined_weight": 24.1
        }
      ],
      "high_corr_high_weight": []
    }
  },
  "all_pairs_top_30": [
    {
      "t1": "SOXX",
      "t2": "XCEM",
      "corr_hybrid": 0.7811,
      "corr_structured": 0.2,
      "cat1": "ETF",
      "cat2": "ETF",
      "exp1": "semiconductor",
      "exp2": "emerging_markets",
      "fam1": "sector_tech",
      "fam2": "em_equity"
    },
    {
      "t1": "SOXX",
      "t2": "XLK",
      "corr_hybrid": 0.7733,
      "corr_structured": 0.9,
      "cat1": "ETF",
      "cat2": "ETF",
      "exp1": "semiconductor",
      "exp2": "tech",
      "fam1": "sector_tech",
      "fam2": "sector_tech"
    },
    {
      "t1": "FLKR",
      "t2": "SOXX",
      "corr_hybrid": 0.7718,
      "corr_structured": 0.2,
      "cat1": "ETF",
      "cat2": "ETF",
      "exp1": "south_korea",
      "exp2": "semiconductor",
      "fam1": "em_equity",
      "fam2": "sector_tech"
    },
    {
      "t1": "FLKR",
      "t2": "XCEM",
      "corr_hybrid": 0.7645,
      "corr_structured": 0.9,
      "cat1": "ETF",
      "cat2": "ETF",
      "exp1": "south_korea",
      "exp2": "emerging_markets",
      "fam1": "em_equity",
      "fam2": "em_equity"
    },
    {
      "t1": "XCEM",
      "t2": "XLK",
      "corr_hybrid": 0.7457,
      "corr_structured": 0.2,
      "cat1": "ETF",
      "cat2": "ETF",
      "exp1": "emerging_markets",
      "exp2": "tech",
      "fam1": "em_equity",
      "fam2": "sector_tech"
    },
    {
      "t1": "FLKR",
      "t2": "XLK",
      "corr_hybrid": 0.7375,
      "corr_structured": 0.2,
      "cat1": "ETF",
      "cat2": "ETF",
      "exp1": "south_korea",
      "exp2": "tech",
      "fam1": "em_equity",
      "fam2": "sector_tech"
    },
    {
      "t1": "PICK",
      "t2": "XCEM",
      "corr_hybrid": 0.7255,
      "corr_structured": 0.2,
      "cat1": "ETF",
      "cat2": "ETF",
      "exp1": "metals_mining",
      "exp2": "emerging_markets",
      "fam1": null,
      "fam2": "em_equity"
    },
    {
      "t1": "FNDF",
      "t2": "PICK",
      "corr_hybrid": 0.7051,
      "corr_structured": 0.2,
      "cat1": "ETF",
      "cat2": "ETF",
      "exp1": "international",
      "exp2": "metals_mining",
      "fam1": "intl_equity",
      "fam2": null
    },
    {
      "t1": "FNDF",
      "t2": "XCEM",
      "corr_hybrid": 0.7023,
      "corr_structured": 0.62,
      "cat1": "ETF",
      "cat2": "ETF",
      "exp1": "international",
      "exp2": "emerging_markets",
      "fam1": "intl_equity",
      "fam2": "em_equity"
    },
    {
      "t1": "FLKR",
      "t2": "PICK",
      "corr_hybrid": 0.6794,
      "corr_structured": 0.2,
      "cat1": "ETF",
      "cat2": "ETF",
      "exp1": "south_korea",
      "exp2": "metals_mining",
      "fam1": "em_equity",
      "fam2": null
    },
    {
      "t1": "PICK",
      "t2": "SOXX",
      "corr_hybrid": 0.6707,
      "corr_structured": 0.2,
      "cat1": "ETF",
      "cat2": "ETF",
      "exp1": "metals_mining",
      "exp2": "semiconductor",
      "fam1": null,
      "fam2": "sector_tech"
    },
    {
      "t1": "FLKR",
      "t2": "FNDF",
      "corr_hybrid": 0.6563,
      "corr_structured": 0.62,
      "cat1": "ETF",
      "cat2": "ETF",
      "exp1": "south_korea",
      "exp2": "international",
      "fam1": "em_equity",
      "fam2": "intl_equity"
    },
    {
      "t1": "FNDF",
      "t2": "SOXX",
      "corr_hybrid": 0.6504,
      "corr_structured": 0.2,
      "cat1": "ETF",
      "cat2": "ETF",
      "exp1": "international",
      "exp2": "semiconductor",
      "fam1": "intl_equity",
      "fam2": "sector_tech"
    },
    {
      "t1": "ICLN",
      "t2": "SOXX",
      "corr_hybrid": 0.646,
      "corr_structured": 0.2,
      "cat1": "ETF",
      "cat2": "ETF",
      "exp1": "clean_energy",
      "exp2": "semiconductor",
      "fam1": null,
      "fam2": "sector_tech"
    },
    {
      "t1": "ICLN",
      "t2": "XCEM",
      "corr_hybrid": 0.6432,
      "corr_structured": 0.2,
      "cat1": "ETF",
      "cat2": "ETF",
      "exp1": "clean_energy",
      "exp2": "emerging_markets",
      "fam1": null,
      "fam2": "em_equity"
    },
    {
      "t1": "FSLR",
      "t2": "ICLN",
      "corr_hybrid": 0.628,
      "corr_structured": null,
      "cat1": "Act",
      "cat2": "ETF",
      "exp1": null,
      "exp2": "clean_energy",
      "fam1": null,
      "fam2": null
    },
    {
      "t1": "PICK",
      "t2": "RIO",
      "corr_hybrid": 0.6277,
      "corr_structured": null,
      "cat1": "ETF",
      "cat2": "Act",
      "exp1": "metals_mining",
      "exp2": null,
      "fam1": null,
      "fam2": null
    },
    {
      "t1": "CS",
      "t2": "PICK",
      "corr_hybrid": 0.6242,
      "corr_structured": null,
      "cat1": "Act",
      "cat2": "ETF",
      "exp1": null,
      "exp2": "metals_mining",
      "fam1": null,
      "fam2": null
    },
    {
      "t1": "PICK",
      "t2": "XLK",
      "corr_hybrid": 0.6217,
      "corr_structured": 0.2,
      "cat1": "ETF",
      "cat2": "ETF",
      "exp1": "metals_mining",
      "exp2": "tech",
      "fam1": null,
      "fam2": "sector_tech"
    },
    {
      "t1": "FLKR",
      "t2": "ICLN",
      "corr_hybrid": 0.6189,
      "corr_structured": 0.2,
      "cat1": "ETF",
      "cat2": "ETF",
      "exp1": "south_korea",
      "exp2": "clean_energy",
      "fam1": "em_equity",
      "fam2": null
    },
    {
      "t1": "FNDF",
      "t2": "XLK",
      "corr_hybrid": 0.6106,
      "corr_structured": 0.2,
      "cat1": "ETF",
      "cat2": "ETF",
      "exp1": "international",
      "exp2": "tech",
      "fam1": "intl_equity",
      "fam2": "sector_tech"
    },
    {
      "t1": "FNDF",
      "t2": "RIO",
      "corr_hybrid": 0.6084,
      "corr_structured": null,
      "cat1": "ETF",
      "cat2": "Act",
      "exp1": "international",
      "exp2": null,
      "fam1": "intl_equity",
      "fam2": null
    },
    {
      "t1": "NVDA",
      "t2": "XLK",
      "corr_hybrid": 0.6055,
      "corr_structured": null,
      "cat1": "Act",
      "cat2": "ETF",
      "exp1": null,
      "exp2": "tech",
      "fam1": null,
      "fam2": "sector_tech"
    },
    {
      "t1": "ICLN",
      "t2": "XLK",
      "corr_hybrid": 0.605,
      "corr_structured": 0.2,
      "cat1": "ETF",
      "cat2": "ETF",
      "exp1": "clean_energy",
      "exp2": "tech",
      "fam1": null,
      "fam2": "sector_tech"
    },
    {
      "t1": "NVDA",
      "t2": "SOXX",
      "corr_hybrid": 0.5856,
      "corr_structured": null,
      "cat1": "Act",
      "cat2": "ETF",
      "exp1": null,
      "exp2": "semiconductor",
      "fam1": null,
      "fam2": "sector_tech"
    },
    {
      "t1": "000660",
      "t2": "2059",
      "corr_hybrid": 0.5854,
      "corr_structured": null,
      "cat1": "Act",
      "cat2": "Act",
      "exp1": null,
      "exp2": null,
      "fam1": null,
      "fam2": null
    },
    {
      "t1": "000660",
      "t2": "GVT&D",
      "corr_hybrid": 0.5854,
      "corr_structured": null,
      "cat1": "Act",
      "cat2": "Act",
      "exp1": null,
      "exp2": null,
      "fam1": null,
      "fam2": null
    },
    {
      "t1": "000660",
      "t2": "SUNPHARMA",
      "corr_hybrid": 0.5854,
      "corr_structured": null,
      "cat1": "Act",
      "cat2": "Act",
      "exp1": null,
      "exp2": null,
      "fam1": null,
      "fam2": null
    },
    {
      "t1": "2059",
      "t2": "GVT&D",
      "corr_hybrid": 0.5854,
      "corr_structured": null,
      "cat1": "Act",
      "cat2": "Act",
      "exp1": null,
      "exp2": null,
      "fam1": null,
      "fam2": null
    },
    {
      "t1": "2059",
      "t2": "SUNPHARMA",
      "corr_hybrid": 0.5854,
      "corr_structured": null,
      "cat1": "Act",
      "cat2": "Act",
      "exp1": null,
      "exp2": null,
      "fam1": null,
      "fam2": null
    }
  ],
  "all_pairs_bottom_10": [
    {
      "t1": "VICI",
      "t2": "XLK",
      "corr_hybrid": 0.0097,
      "corr_structured": null,
      "cat1": "Act",
      "cat2": "ETF",
      "exp1": null,
      "exp2": "tech",
      "fam1": null,
      "fam2": "sector_tech"
    },
    {
      "t1": "SCHN",
      "t2": "XCEM",
      "corr_hybrid": 0.0093,
      "corr_structured": null,
      "cat1": "Act",
      "cat2": "ETF",
      "exp1": null,
      "exp2": "emerging_markets",
      "fam1": null,
      "fam2": "em_equity"
    },
    {
      "t1": "BKR",
      "t2": "ITX",
      "corr_hybrid": 0.0087,
      "corr_structured": null,
      "cat1": "Act",
      "cat2": "Act",
      "exp1": null,
      "exp2": null,
      "fam1": null,
      "fam2": null
    },
    {
      "t1": "SPLV",
      "t2": "XLK",
      "corr_hybrid": 0.007,
      "corr_structured": 0.85,
      "cat1": "ETF",
      "cat2": "ETF",
      "exp1": "sp500",
      "exp2": "tech",
      "fam1": "us_equity_large",
      "fam2": "sector_tech"
    },
    {
      "t1": "GLD",
      "t2": "SCHN",
      "corr_hybrid": 0.0061,
      "corr_structured": null,
      "cat1": "ETF",
      "cat2": "Act",
      "exp1": "gold_physical",
      "exp2": null,
      "fam1": "gold",
      "fam2": null
    },
    {
      "t1": "PICK",
      "t2": "SCHN",
      "corr_hybrid": 0.0043,
      "corr_structured": null,
      "cat1": "ETF",
      "cat2": "Act",
      "exp1": "metals_mining",
      "exp2": null,
      "fam1": null,
      "fam2": null
    },
    {
      "t1": "FLKR",
      "t2": "ITX",
      "corr_hybrid": -0.0022,
      "corr_structured": null,
      "cat1": "ETF",
      "cat2": "Act",
      "exp1": "south_korea",
      "exp2": null,
      "fam1": "em_equity",
      "fam2": null
    },
    {
      "t1": "SOXX",
      "t2": "VICI",
      "corr_hybrid": 0.0022,
      "corr_structured": null,
      "cat1": "ETF",
      "cat2": "Act",
      "exp1": "semiconductor",
      "exp2": null,
      "fam1": "sector_tech",
      "fam2": null
    },
    {
      "t1": "EOG",
      "t2": "XBI",
      "corr_hybrid": -0.0015,
      "corr_structured": null,
      "cat1": "Act",
      "cat2": "ETF",
      "exp1": null,
      "exp2": "biotech",
      "fam1": null,
      "fam2": "sector_healthcare"
    },
    {
      "t1": "FSLR",
      "t2": "SHEL",
      "corr_hybrid": 0.0003,
      "corr_structured": null,
      "cat1": "Act",
      "cat2": "Act",
      "exp1": null,
      "exp2": null,
      "fam1": null,
      "fam2": null
    }
  ],
  "correlation_matrix": {
    "tickers": [
      "000660",
      "2059",
      "ACWV",
      "BKR",
      "BSV",
      "CLTL",
      "CS",
      "DIVB",
      "EOG",
      "FLKR",
      "FLTR",
      "FNDF",
      "FNDX",
      "FSLR",
      "GBIL",
      "GD",
      "GLD",
      "GVT&D",
      "ICLN",
      "ITX",
      "KO",
      "NOVN",
      "NVDA",
      "PAAA",
      "PEG",
      "PG",
      "PICK",
      "RIO",
      "SCHD",
      "SCHN",
      "SCHP",
      "SHEL",
      "SOXX",
      "SPLV",
      "SPYV",
      "STIP",
      "SUNPHARMA",
      "USFR",
      "VGSH",
      "VICI",
      "XBI",
      "XCEM",
      "XLK",
      "XLV"
    ],
    "matrix": [
      [
        1.0,
        0.5854,
        0.327,
        0.3644,
        0.0803,
        0.0803,
        0.1727,
        0.1726,
        0.3845,
        0.104,
        0.0803,
        0.2649,
        0.3168,
        0.1617,
        0.0803,
        0.3923,
        0.1287,
        0.5854,
        0.1659,
        0.3081,
        0.397,
        0.3335,
        0.1782,
        0.0803,
        0.3743,
        0.3623,
        0.1999,
        0.309,
        0.3515,
        0.3124,
        0.5725,
        0.4214,
        0.102,
        0.3134,
        0.3152,
        0.0803,
        0.5854,
        0.0803,
        0.0803,
        0.4245,
        0.1464,
        0.1727,
        0.1299,
        0.25
      ],
      [
        0.5854,
        1.0,
        0.327,
        0.3644,
        0.0803,
        0.0803,
        0.1727,
        0.1726,
        0.3845,
        0.104,
        0.0803,
        0.2649,
        0.3168,
        0.1617,
        0.0803,
        0.3923,
        0.1287,
        0.5854,
        0.1659,
        0.3081,
        0.397,
        0.3335,
        0.1782,
        0.0803,
        0.3743,
        0.3623,
        0.1999,
        0.309,
        0.3515,
        0.3124,
        0.5725,
        0.4214,
        0.102,
        0.3134,
        0.3152,
        0.0803,
        0.5854,
        0.0803,
        0.0803,
        0.4245,
        0.1464,
        0.1727,
        0.1299,
        0.25
      ],
      [
        0.327,
        0.327,
        1.0,
        0.3078,
        0.069,
        0.069,
        0.3234,
        0.0733,
        0.2009,
        0.2918,
        0.069,
        0.4048,
        0.3814,
        0.1432,
        0.069,
        0.2589,
        0.2198,
        0.327,
        0.2828,
        -0.0237,
        0.2061,
        0.1627,
        0.1712,
        0.069,
        0.2402,
        0.239,
        0.3896,
        0.3986,
        0.3387,
        0.1301,
        0.2905,
        0.3106,
        0.2755,
        0.2533,
        0.3588,
        0.069,
        0.327,
        0.069,
        0.069,
        0.2645,
        0.2568,
        0.343,
        0.2558,
        0.2698
      ],
      [
        0.3644,
        0.3644,
        0.3078,
        1.0,
        0.0839,
        0.0839,
        0.108,
        0.1114,
        0.2915,
        0.3121,
        0.0839,
        0.3907,
        0.3936,
        0.0472,
        0.0839,
        0.2806,
        0.1637,
        0.3644,
        0.2516,
        0.0087,
        0.1856,
        0.1603,
        0.2513,
        0.0839,
        0.2536,
        0.1939,
        0.3301,
        0.3483,
        0.3359,
        0.1897,
        0.3344,
        0.3638,
        0.3091,
        0.2241,
        0.3703,
        0.0839,
        0.3644,
        0.0839,
        0.0839,
        0.2717,
        0.2463,
        0.3504,
        0.3075,
        0.2401
      ],
      [
        0.0803,
        0.0803,
        0.069,
        0.0839,
        1.0,
        0.0187,
        0.0304,
        0.0255,
        0.0566,
        0.0788,
        0.0187,
        0.0922,
        0.0911,
        0.0286,
        0.0187,
        0.0619,
        0.0407,
        0.0803,
        0.0698,
        0.0105,
        0.0374,
        0.032,
        0.0636,
        0.0187,
        0.0553,
        0.0404,
        0.0807,
        0.0814,
        0.0727,
        0.0394,
        0.0723,
        0.0749,
        0.0794,
        0.0468,
        0.0854,
        0.0187,
        0.0803,
        0.0187,
        0.0187,
        0.0573,
        0.0595,
        0.0873,
        0.0787,
        0.0541
      ],
      [
        0.0803,
        0.0803,
        0.069,
        0.0839,
        0.0187,
        1.0,
        0.0304,
        0.0255,
        0.0566,
        0.0788,
        0.0187,
        0.0922,
        0.0911,
        0.0286,
        0.0187,
        0.0619,
        0.0407,
        0.0803,
        0.0698,
        0.0105,
        0.0374,
        0.032,
        0.0636,
        0.0187,
        0.0553,
        0.0404,
        0.0807,
        0.0814,
        0.0727,
        0.0394,
        0.0723,
        0.0749,
        0.0794,
        0.0468,
        0.0854,
        0.0187,
        0.0803,
        0.0187,
        0.0187,
        0.0573,
        0.0595,
        0.0873,
        0.0787,
        0.0541
      ],
      [
        0.1727,
        0.1727,
        0.3234,
        0.108,
        0.0304,
        0.0304,
        1.0,
        0.0124,
        -0.1608,
        0.3694,
        0.0304,
        0.5107,
        0.3469,
        0.1162,
        0.0304,
        0.138,
        0.3981,
        0.1727,
        0.3091,
        0.0377,
        0.1742,
        0.1392,
        0.1764,
        0.0304,
        0.1654,
        0.2653,
        0.6242,
        0.5642,
        0.2524,
        -0.0336,
        0.1308,
        0.0836,
        0.3285,
        0.238,
        0.3172,
        0.0304,
        0.1727,
        0.0304,
        0.0304,
        0.1594,
        0.3462,
        0.4421,
        0.283,
        0.3
      ],
      [
        0.1726,
        0.1726,
        0.0733,
        0.1114,
        0.0255,
        0.0255,
        0.0124,
        1.0,
        0.0837,
        0.0704,
        0.0255,
        0.0797,
        0.0864,
        0.0219,
        0.0255,
        0.104,
        0.0297,
        0.1726,
        0.0564,
        0.1894,
        0.0853,
        0.0843,
        0.1405,
        0.0255,
        0.1007,
        0.065,
        0.0558,
        0.0756,
        0.0606,
        0.1037,
        0.1715,
        0.0911,
        0.0817,
        0.0475,
        0.0846,
        0.0255,
        0.1726,
        0.0255,
        0.0255,
        0.0976,
        0.0511,
        0.0838,
        0.1026,
        0.0448
      ],
      [
        0.3845,
        0.3845,
        0.2009,
        0.2915,
        0.0566,
        0.0566,
        -0.1608,
        0.0837,
        1.0,
        -0.0956,
        0.0566,
        0.0611,
        0.1659,
        -0.0454,
        0.0566,
        0.2778,
        -0.0245,
        0.3845,
        -0.0526,
        -0.044,
        0.298,
        0.2399,
        -0.0668,
        0.0566,
        0.2543,
        0.2584,
        -0.037,
        0.092,
        0.2929,
        0.2453,
        0.3895,
        0.4096,
        -0.1123,
        0.255,
        0.1733,
        0.0566,
        0.3845,
        0.0566,
        0.0566,
        0.3304,
        -0.0015,
        -0.0588,
        -0.0984,
        0.1523
      ],
      [
        0.104,
        0.104,
        0.2918,
        0.3121,
        0.0788,
        0.0788,
        0.3694,
        0.0704,
        -0.0956,
        1.0,
        0.0788,
        0.6563,
        0.5255,
        0.2639,
        0.0788,
        0.1248,
        0.339,
        0.104,
        0.6189,
        -0.0022,
        -0.1135,
        -0.0845,
        0.5443,
        0.0788,
        0.0944,
        -0.0312,
        0.6794,
        0.5156,
        0.2273,
        -0.0195,
        0.0301,
        0.0991,
        0.7718,
        0.0488,
        0.4682,
        0.0788,
        0.104,
        0.0788,
        0.0788,
        0.0205,
        0.4732,
        0.7645,
        0.7375,
        0.2393
      ],
      [
        0.0803,
        0.0803,
        0.069,
        0.0839,
        0.0187,
        0.0187,
        0.0304,
        0.0255,
        0.0566,
        0.0788,
        1.0,
        0.0922,
        0.0911,
        0.0286,
        0.0187,
        0.0619,
        0.0407,
        0.0803,
        0.0698,
        0.0105,
        0.0374,
        0.032,
        0.0636,
        0.0187,
        0.0553,
        0.0404,
        0.0807,
        0.0814,
        0.0727,
        0.0394,
        0.0723,
        0.0749,
        0.0794,
        0.0468,
        0.0854,
        0.0187,
        0.0803,
        0.0187,
        0.0187,
        0.0573,
        0.0595,
        0.0873,
        0.0787,
        0.0541
      ],
      [
        0.2649,
        0.2649,
        0.4048,
        0.3907,
        0.0922,
        0.0922,
        0.5107,
        0.0797,
        0.0611,
        0.6563,
        0.0922,
        1.0,
        0.5815,
        0.2043,
        0.0922,
        0.2405,
        0.3739,
        0.2649,
        0.5469,
        -0.0613,
        0.0731,
        0.0615,
        0.4291,
        0.0922,
        0.2152,
        0.1538,
        0.7051,
        0.6084,
        0.3763,
        0.0601,
        0.1961,
        0.2694,
        0.6504,
        0.2138,
        0.53,
        0.0922,
        0.2649,
        0.0922,
        0.0922,
        0.1887,
        0.4729,
        0.7023,
        0.6106,
        0.3401
      ],
      [
        0.3168,
        0.3168,
        0.3814,
        0.3936,
        0.0911,
        0.0911,
        0.3469,
        0.0864,
        0.1659,
        0.5255,
        0.0911,
        0.5815,
        1.0,
        0.2384,
        0.0911,
        0.2723,
        0.2974,
        0.3168,
        0.4798,
        -0.0553,
        0.1255,
        0.0974,
        0.3374,
        0.0911,
        0.2387,
        0.1825,
        0.5662,
        0.5152,
        0.3833,
        0.1081,
        0.2566,
        0.3196,
        0.5213,
        0.2332,
        0.4858,
        0.0911,
        0.3168,
        0.0911,
        0.0911,
        0.235,
        0.3884,
        0.571,
        0.4904,
        0.3172
      ],
      [
        0.1617,
        0.1617,
        0.1432,
        0.0472,
        0.0286,
        0.0286,
        0.1162,
        0.0219,
        -0.0454,
        0.2639,
        0.0286,
        0.2043,
        0.2384,
        1.0,
        0.0286,
        0.1469,
        0.147,
        0.1617,
        0.628,
        0.1604,
        0.0182,
        -0.0476,
        0.1066,
        0.0286,
        0.0847,
        0.0606,
        0.2397,
        0.1822,
        0.1297,
        -0.0195,
        0.089,
        0.0003,
        0.3011,
        0.0563,
        0.2246,
        0.0286,
        0.1617,
        0.0286,
        0.0286,
        0.0733,
        0.1567,
        0.2877,
        0.2679,
        0.1418
      ],
      [
        0.0803,
        0.0803,
        0.069,
        0.0839,
        0.0187,
        0.0187,
        0.0304,
        0.0255,
        0.0566,
        0.0788,
        0.0187,
        0.0922,
        0.0911,
        0.0286,
        1.0,
        0.0619,
        0.0407,
        0.0803,
        0.0698,
        0.0105,
        0.0374,
        0.032,
        0.0636,
        0.0187,
        0.0553,
        0.0404,
        0.0807,
        0.0814,
        0.0727,
        0.0394,
        0.0723,
        0.0749,
        0.0794,
        0.0468,
        0.0854,
        0.0187,
        0.0803,
        0.0187,
        0.0187,
        0.0573,
        0.0595,
        0.0873,
        0.0787,
        0.0541
      ],
      [
        0.3923,
        0.3923,
        0.2589,
        0.2806,
        0.0619,
        0.0619,
        0.138,
        0.104,
        0.2778,
        0.1248,
        0.0619,
        0.2405,
        0.2723,
        0.1469,
        0.0619,
        1.0,
        0.1166,
        0.3923,
        0.1705,
        0.1177,
        0.2613,
        0.2121,
        0.1173,
        0.0619,
        0.2598,
        0.2527,
        0.1964,
        0.2587,
        0.2868,
        0.1982,
        0.3739,
        0.3186,
        0.1191,
        0.2371,
        0.2656,
        0.0619,
        0.3923,
        0.0619,
        0.0619,
        0.2973,
        0.1393,
        0.1731,
        0.1253,
        0.2058
      ],
      [
        0.1287,
        0.1287,
        0.2198,
        0.1637,
        0.0407,
        0.0407,
        0.3981,
        0.0297,
        -0.0245,
        0.339,
        0.0407,
        0.3739,
        0.2974,
        0.147,
        0.0407,
        0.1166,
        1.0,
        0.1287,
        0.3004,
        -0.0141,
        0.0535,
        0.0406,
        0.2028,
        0.0407,
        0.1102,
        0.1063,
        0.4065,
        0.3507,
        0.1921,
        0.0061,
        0.0905,
        0.1075,
        0.3303,
        0.1246,
        0.2709,
        0.0407,
        0.1287,
        0.0407,
        0.0407,
        0.0965,
        0.257,
        0.371,
        0.3034,
        0.1922
      ],
      [
        0.5854,
        0.5854,
        0.327,
        0.3644,
        0.0803,
        0.0803,
        0.1727,
        0.1726,
        0.3845,
        0.104,
        0.0803,
        0.2649,
        0.3168,
        0.1617,
        0.0803,
        0.3923,
        0.1287,
        1.0,
        0.1659,
        0.3081,
        0.397,
        0.3335,
        0.1782,
        0.0803,
        0.3743,
        0.3623,
        0.1999,
        0.309,
        0.3515,
        0.3124,
        0.5725,
        0.4214,
        0.102,
        0.3134,
        0.3152,
        0.0803,
        0.5854,
        0.0803,
        0.0803,
        0.4245,
        0.1464,
        0.1727,
        0.1299,
        0.25
      ],
      [
        0.1659,
        0.1659,
        0.2828,
        0.2516,
        0.0698,
        0.0698,
        0.3091,
        0.0564,
        -0.0526,
        0.6189,
        0.0698,
        0.5469,
        0.4798,
        0.628,
        0.0698,
        0.1705,
        0.3004,
        0.1659,
        1.0,
        0.0417,
        -0.0443,
        -0.0616,
        0.3956,
        0.0698,
        0.1201,
        0.0318,
        0.5744,
        0.4465,
        0.2427,
        -0.0112,
        0.0822,
        0.1006,
        0.646,
        0.0855,
        0.435,
        0.0698,
        0.1659,
        0.0698,
        0.0698,
        0.0732,
        0.394,
        0.6432,
        0.605,
        0.2447
      ],
      [
        0.3081,
        0.3081,
        -0.0237,
        0.0087,
        0.0105,
        0.0105,
        0.0377,
        0.1894,
        -0.044,
        -0.0022,
        0.0105,
        -0.0613,
        -0.0553,
        0.1604,
        0.0105,
        0.1177,
        -0.0141,
        0.3081,
        0.0417,
        1.0,
        0.139,
        0.1591,
        0.3333,
        0.0105,
        0.1334,
        0.0581,
        -0.0691,
        -0.0276,
        -0.1265,
        0.1933,
        0.3267,
        -0.0678,
        0.0512,
        -0.0554,
        -0.0399,
        0.0105,
        0.3081,
        0.0105,
        0.0105,
        0.091,
        -0.0267,
        0.0163,
        0.1338,
        -0.0632
      ],
      [
        0.397,
        0.397,
        0.2061,
        0.1856,
        0.0374,
        0.0374,
        0.1742,
        0.0853,
        0.298,
        -0.1135,
        0.0374,
        0.0731,
        0.1255,
        0.0182,
        0.0374,
        0.2613,
        0.0535,
        0.397,
        -0.0443,
        0.139,
        1.0,
        0.2867,
        -0.0601,
        0.0374,
        0.2622,
        0.3235,
        0.0376,
        0.1603,
        0.2458,
        0.2126,
        0.4037,
        0.3063,
        -0.1367,
        0.2681,
        0.1367,
        0.0374,
        0.397,
        0.0374,
        0.0374,
        0.3292,
        0.013,
        -0.056,
        -0.1217,
        0.1666
      ],
      [
        0.3335,
        0.3335,
        0.1627,
        0.1603,
        0.032,
        0.032,
        0.1392,
        0.0843,
        0.2399,
        -0.0845,
        0.032,
        0.0615,
        0.0974,
        -0.0476,
        0.032,
        0.2121,
        0.0406,
        0.3335,
        -0.0616,
        0.1591,
        0.2867,
        1.0,
        -0.0102,
        0.032,
        0.2175,
        0.2567,
        0.0287,
        0.1293,
        0.1864,
        0.1879,
        0.3436,
        0.2469,
        -0.101,
        0.2078,
        0.1066,
        0.032,
        0.3335,
        0.032,
        0.032,
        0.2664,
        0.0129,
        -0.0387,
        -0.0809,
        0.1257
      ],
      [
        0.1782,
        0.1782,
        0.1712,
        0.2513,
        0.0636,
        0.0636,
        0.1764,
        0.1405,
        -0.0668,
        0.5443,
        0.0636,
        0.4291,
        0.3374,
        0.1066,
        0.0636,
        0.1173,
        0.2028,
        0.1782,
        0.3956,
        0.3333,
        -0.0601,
        -0.0102,
        1.0,
        0.0636,
        0.1051,
        -0.0463,
        0.4223,
        0.32,
        0.0831,
        0.0804,
        0.1418,
        0.0469,
        0.5856,
        -0.0239,
        0.3018,
        0.0636,
        0.1782,
        0.0636,
        0.0636,
        0.0262,
        0.3182,
        0.5505,
        0.6055,
        0.1115
      ],
      [
        0.0803,
        0.0803,
        0.069,
        0.0839,
        0.0187,
        0.0187,
        0.0304,
        0.0255,
        0.0566,
        0.0788,
        0.0187,
        0.0922,
        0.0911,
        0.0286,
        0.0187,
        0.0619,
        0.0407,
        0.0803,
        0.0698,
        0.0105,
        0.0374,
        0.032,
        0.0636,
        1.0,
        0.0553,
        0.0404,
        0.0807,
        0.0814,
        0.0727,
        0.0394,
        0.0723,
        0.0749,
        0.0794,
        0.0468,
        0.0854,
        0.0187,
        0.0803,
        0.0187,
        0.0187,
        0.0573,
        0.0595,
        0.0873,
        0.0787,
        0.0541
      ],
      [
        0.3743,
        0.3743,
        0.2402,
        0.2536,
        0.0553,
        0.0553,
        0.1654,
        0.1007,
        0.2543,
        0.0944,
        0.0553,
        0.2152,
        0.2387,
        0.0847,
        0.0553,
        0.2598,
        0.1102,
        0.3743,
        0.1201,
        0.1334,
        0.2622,
        0.2175,
        0.1051,
        0.0553,
        1.0,
        0.251,
        0.1775,
        0.2431,
        0.2615,
        0.1917,
        0.3622,
        0.2956,
        0.0858,
        0.2279,
        0.2342,
        0.0553,
        0.3743,
        0.0553,
        0.0553,
        0.285,
        0.1222,
        0.1425,
        0.0951,
        0.19
      ],
      [
        0.3623,
        0.3623,
        0.239,
        0.1939,
        0.0404,
        0.0404,
        0.2653,
        0.065,
        0.2584,
        -0.0312,
        0.0404,
        0.1538,
        0.1825,
        0.0606,
        0.0404,
        0.2527,
        0.1063,
        0.3623,
        0.0318,
        0.0581,
        0.3235,
        0.2567,
        -0.0463,
        0.0404,
        0.251,
        1.0,
        0.1346,
        0.2296,
        0.2759,
        0.1726,
        0.3572,
        0.3003,
        -0.0592,
        0.2786,
        0.1859,
        0.0404,
        0.3623,
        0.0404,
        0.0404,
        0.313,
        0.0709,
        0.0283,
        -0.0602,
        0.2021
      ],
      [
        0.1999,
        0.1999,
        0.3896,
        0.3301,
        0.0807,
        0.0807,
        0.6242,
        0.0558,
        -0.037,
        0.6794,
        0.0807,
        0.7051,
        0.5662,
        0.2397,
        0.0807,
        0.1964,
        0.4065,
        0.1999,
        0.5744,
        -0.0691,
        0.0376,
        0.0287,
        0.4223,
        0.0807,
        0.1775,
        0.1346,
        1.0,
        0.6277,
        0.3426,
        0.0043,
        0.1269,
        0.1967,
        0.6707,
        0.1913,
        0.5125,
        0.0807,
        0.1999,
        0.0807,
        0.0807,
        0.1412,
        0.4886,
        0.7255,
        0.6217,
        0.3358
      ],
      [
        0.309,
        0.309,
        0.3986,
        0.3483,
        0.0814,
        0.0814,
        0.5642,
        0.0756,
        0.092,
        0.5156,
        0.0814,
        0.6084,
        0.5152,
        0.1822,
        0.0814,
        0.2587,
        0.3507,
        0.309,
        0.4465,
        -0.0276,
        0.1603,
        0.1293,
        0.32,
